fitErrPi Mean = 0.318282
fitErrTh Mean = 0.0217462
fitErrWr Mean = 0.0140391
fitErrLA Mean = 0.269145
fitErrEl Mean = 0.0430174
fitErrUA Mean = 0.0773708
efPts = {
{0.7041206,0.3542802,0.2869359,0.7170226,0.2849603,0.2913940,0.7132510,0.4023556,0.2928764,0.6161127,0.6469252,0.3722847,0.7695807,0.7132930,0.6421686,0.7472000,0.7145000,0.5466000,0.7391000,0.5990000,0.3963000,0.7375000,0.5945000,0.2734000,0.7913000,0.5179000,0.3665000,0.9112000,0.4121000,0.4434000,0.3182824,0.0000000,0.0000000},
{0.7038710,0.3545835,0.2870792,0.7164716,0.2855656,0.2917131,0.7135214,0.4028618,0.2926091,0.6160139,0.6473037,0.3719776,0.6537521,0.6896910,0.4314716,0.7478000,0.7143000,0.5467000,0.7397000,0.5986000,0.3964000,0.7380000,0.5942000,0.2733000,0.7916000,0.5174000,0.3663000,0.9110000,0.4116000,0.4434000,0.3182824,0.0000000,0.0000000},
{0.7035052,0.3550295,0.2872877,0.7158203,0.2862848,0.2920861,0.7137816,0.4033488,0.2923518,0.6158682,0.6478666,0.3715223,0.6539566,0.6901121,0.4315397,0.7483000,0.7142000,0.5468000,0.7403000,0.5981000,0.3964000,0.7386000,0.5940000,0.2733000,0.7919000,0.5169000,0.3661000,0.9108000,0.4112000,0.4434000,0.3182824,0.0000000,0.0000000},
{0.7030055,0.3556419,0.2875699,0.7149939,0.2872031,0.2925528,0.7141472,0.4040325,0.2919905,0.6156891,0.6485677,0.3709574,0.6542041,0.6906213,0.4316225,0.7488000,0.7141000,0.5468000,0.7409000,0.5976000,0.3965000,0.7392000,0.5937000,0.2732000,0.7922000,0.5164000,0.3659000,0.9105000,0.4108000,0.4434000,0.3182824,0.0000000,0.0000000},
{0.7024351,0.3563450,0.2878884,0.7139192,0.2884066,0.2931488,0.7145436,0.4047731,0.2915989,0.6154792,0.6494016,0.3702887,0.6544606,0.6911486,0.4317087,0.7492000,0.7140000,0.5468000,0.7415000,0.5971000,0.3965000,0.7397000,0.5935000,0.2731000,0.7925000,0.5159000,0.3658000,0.9103000,0.4104000,0.4433000,0.3182824,0.0000000,0.0000000},
{0.7016398,0.3573327,0.2883258,0.7126911,0.2897949,0.2938149,0.7149751,0.4055783,0.2911729,0.6152396,0.6503702,0.3695165,0.6547428,0.6917281,0.4318040,0.7496000,0.7141000,0.5467000,0.7421000,0.5966000,0.3966000,0.7403000,0.5932000,0.2731000,0.7928000,0.5154000,0.3656000,0.9100000,0.4100000,0.4433000,0.3182824,0.0000000,0.0000000},
{0.7007471,0.3584515,0.2888078,0.7113039,0.2913795,0.2945483,0.7154795,0.4065189,0.2906750,0.6149644,0.6515064,0.3686164,0.6550628,0.6923844,0.4319127,0.7499000,0.7142000,0.5466000,0.7427000,0.5962000,0.3966000,0.7409000,0.5929000,0.2730000,0.7931000,0.5149000,0.3654000,0.9098000,0.4096000,0.4433000,0.3182824,0.0000000,0.0000000},
{0.6996930,0.3597865,0.2893647,0.7097319,0.2931959,0.2953553,0.7160408,0.4075640,0.2901214,0.6146403,0.6528775,0.3675384,0.6553964,0.6930678,0.4320268,0.7502000,0.7143000,0.5464000,0.7433000,0.5957000,0.3966000,0.7414000,0.5927000,0.2730000,0.7934000,0.5144000,0.3652000,0.9095000,0.4093000,0.4433000,0.3182824,0.0000000,0.0000000},
{0.6985568,0.3612420,0.2899503,0.7081362,0.2950620,0.2961487,0.7166728,0.4087392,0.2894986,0.6142950,0.6543806,0.3663668,0.6558072,0.6939080,0.4321682,0.7504000,0.7146000,0.5462000,0.7439000,0.5952000,0.3967000,0.7420000,0.5924000,0.2729000,0.7937000,0.5139000,0.3651000,0.9093000,0.4091000,0.4433000,0.3182824,0.0000000,0.0000000},
{0.6973135,0.3628542,0.2905738,0.7064666,0.2970381,0.2969514,0.7174210,0.4101281,0.2887618,0.6139185,0.6560713,0.3650613,0.6563200,0.6949551,0.4323461,0.7505000,0.7149000,0.5460000,0.7445000,0.5947000,0.3967000,0.7426000,0.5921000,0.2728000,0.7940000,0.5134000,0.3649000,0.9090000,0.4089000,0.4434000,0.3182824,0.0000000,0.0000000},
{0.6960294,0.3645405,0.2911989,0.7046595,0.2992041,0.2977891,0.7179542,0.4111165,0.2882370,0.6135337,0.6578600,0.3636937,0.6567747,0.6958820,0.4325053,0.7506000,0.7154000,0.5457000,0.7451000,0.5943000,0.3968000,0.7431000,0.5919000,0.2728000,0.7940000,0.5134000,0.3649000,0.9087000,0.4088000,0.4435000,0.3182824,0.0000000,0.0000000},
{0.6947449,0.3662488,0.2918052,0.7028849,0.3013579,0.2985804,0.7187469,0.4125836,0.2874575,0.6131600,0.6596605,0.3623310,0.6572991,0.6969488,0.4326905,0.7507000,0.7160000,0.5454000,0.7457000,0.5938000,0.3968000,0.7437000,0.5916000,0.2727000,0.7941000,0.5136000,0.3649000,0.9083000,0.4087000,0.4437000,0.3182824,0.0000000,0.0000000},
{0.6933102,0.3681819,0.2924602,0.7010930,0.3035595,0.2993486,0.7195358,0.4140410,0.2866825,0.6127939,0.6614887,0.3609610,0.6578485,0.6980641,0.4328863,0.7508000,0.7166000,0.5451000,0.7463000,0.5933000,0.3969000,0.7443000,0.5913000,0.2726000,0.7941000,0.5138000,0.3648000,0.9079000,0.4087000,0.4438000,0.3182824,0.0000000,0.0000000},
{0.6919592,0.3700263,0.2930557,0.6992181,0.3058914,0.3001195,0.7204069,0.4156471,0.2858275,0.6124266,0.6633931,0.3595481,0.6583884,0.6991582,0.4330806,0.7508000,0.7172000,0.5447000,0.7469000,0.5928000,0.3969000,0.7448000,0.5911000,0.2726000,0.7939000,0.5140000,0.3647000,0.9074000,0.4087000,0.4440000,0.3182824,0.0000000,0.0000000},
{0.6904607,0.3720990,0.2936921,0.6973882,0.3081951,0.3008399,0.7212516,0.4172014,0.2849992,0.6120564,0.6653900,0.3580818,0.6588974,0.7001874,0.4332653,0.7509000,0.7178000,0.5443000,0.7475000,0.5923000,0.3970000,0.7454000,0.5908000,0.2725000,0.7937000,0.5142000,0.3646000,0.9069000,0.4087000,0.4442000,0.3182824,0.0000000,0.0000000},
{0.6889871,0.3741648,0.2942937,0.6955058,0.3105930,0.3015483,0.7222410,0.4190182,0.2840299,0.6116673,0.6675804,0.3564907,0.6594569,0.7013166,0.4334702,0.7510000,0.7185000,0.5439000,0.7481000,0.5919000,0.3970000,0.7460000,0.5906000,0.2724000,0.7934000,0.5145000,0.3646000,0.9063000,0.4088000,0.4445000,0.3182824,0.0000000,0.0000000},
{0.6873814,0.3764467,0.2949218,0.6935753,0.3130816,0.3022408,0.7233297,0.4210124,0.2829647,0.6112810,0.6698574,0.3548554,0.6600665,0.7025441,0.4336955,0.7510000,0.7193000,0.5435000,0.7487000,0.5914000,0.3971000,0.7465000,0.5903000,0.2724000,0.7932000,0.5148000,0.3647000,0.9058000,0.4089000,0.4447000,0.3182824,0.0000000,0.0000000},
{0.6858022,0.3787220,0.2955120,0.6915574,0.3157143,0.3029283,0.7243887,0.4229475,0.2819298,0.6108999,0.6722154,0.3531811,0.6607094,0.7038358,0.4339356,0.7511000,0.7201000,0.5429000,0.7493000,0.5909000,0.3971000,0.7471000,0.5900000,0.2723000,0.7929000,0.5151000,0.3647000,0.9053000,0.4091000,0.4450000,0.3182824,0.0000000,0.0000000},
{0.6841547,0.3811284,0.2960987,0.6894665,0.3184757,0.3036017,0.7255082,0.4249880,0.2808371,0.6105188,0.6746987,0.3514384,0.6614167,0.7052533,0.4342025,0.7511000,0.7211000,0.5424000,0.7498000,0.5904000,0.3972000,0.7477000,0.5898000,0.2722000,0.7926000,0.5154000,0.3648000,0.9048000,0.4093000,0.4454000,0.3182824,0.0000000,0.0000000},
{0.6823651,0.3837798,0.2967026,0.6873538,0.3213003,0.3042424,0.7265894,0.4269536,0.2797830,0.6101440,0.6772788,0.3496493,0.6621464,0.7067117,0.4344810,0.7511000,0.7221000,0.5417000,0.7504000,0.5899000,0.3972000,0.7482000,0.5895000,0.2722000,0.7923000,0.5156000,0.3648000,0.9043000,0.4095000,0.4457000,0.3182824,0.0000000,0.0000000},
{0.6805045,0.3865778,0.2972939,0.6853024,0.3240759,0.3048266,0.7278065,0.4291603,0.2785981,0.6097560,0.6801151,0.3477070,0.6628917,0.7081976,0.4347686,0.7511000,0.7232000,0.5410000,0.7510000,0.5895000,0.3972000,0.7488000,0.5892000,0.2721000,0.7920000,0.5159000,0.3649000,0.9039000,0.4097000,0.4461000,0.3182824,0.0000000,0.0000000},
{0.6785936,0.3894951,0.2978626,0.6828669,0.3274126,0.3054721,0.7289476,0.4312239,0.2774884,0.6093818,0.6830360,0.3457328,0.6637129,0.7098299,0.4350893,0.7511000,0.7243000,0.5403000,0.7510000,0.5895000,0.3972000,0.7494000,0.5890000,0.2720000,0.7917000,0.5162000,0.3649000,0.9035000,0.4100000,0.4465000,0.3182824,0.0000000,0.0000000},
{0.6765437,0.3926731,0.2984293,0.6803362,0.3309270,0.3060879,0.7302101,0.4335006,0.2762624,0.6090031,0.6862126,0.3436144,0.6644882,0.7113666,0.4353955,0.7510000,0.7254000,0.5396000,0.7509000,0.5908000,0.3966000,0.7499000,0.5887000,0.2720000,0.7914000,0.5164000,0.3650000,0.9030000,0.4103000,0.4468000,0.3182824,0.0000000,0.0000000},
{0.6743416,0.3961435,0.2989884,0.6778052,0.3344898,0.3066483,0.7318240,0.4364013,0.2746977,0.6086236,0.6896666,0.3413439,0.6653225,0.7130154,0.4357289,0.7508000,0.7265000,0.5388000,0.7506000,0.5922000,0.3960000,0.7505000,0.5884000,0.2719000,0.7910000,0.5167000,0.3650000,0.9027000,0.4106000,0.4471000,0.3182824,0.0000000,0.0000000},
{0.6720296,0.3998492,0.2995201,0.6751116,0.3383336,0.3071843,0.7333822,0.4391919,0.2731896,0.6082529,0.6933647,0.3389491,0.6662047,0.7147536,0.4360858,0.7507000,0.7277000,0.5380000,0.7502000,0.5934000,0.3954000,0.7511000,0.5882000,0.2718000,0.7907000,0.5170000,0.3650000,0.9022000,0.4109000,0.4474000,0.3182824,0.0000000,0.0000000},
{0.6696484,0.4037324,0.3000087,0.6722536,0.3424707,0.3076852,0.7351553,0.4423553,0.2714766,0.6079042,0.6972201,0.3364911,0.6671028,0.7165175,0.4364535,0.7505000,0.7288000,0.5373000,0.7496000,0.5947000,0.3948000,0.7516000,0.5879000,0.2718000,0.7904000,0.5173000,0.3650000,0.9018000,0.4112000,0.4477000,0.3182824,0.0000000,0.0000000},
{0.6672213,0.4077601,0.3004451,0.6694564,0.3465778,0.3081082,0.7369537,0.4455508,0.2697425,0.6075710,0.7013610,0.3338932,0.6680762,0.7184231,0.4368571,0.7502000,0.7300000,0.5366000,0.7489000,0.5960000,0.3942000,0.7522000,0.5877000,0.2717000,0.7900000,0.5176000,0.3651000,0.9013000,0.4115000,0.4480000,0.3182824,0.0000000,0.0000000},
{0.6646295,0.4121385,0.3008425,0.6664056,0.3511226,0.3084942,0.7387565,0.4487411,0.2680076,0.6072660,0.7057000,0.3312158,0.6690401,0.7203035,0.4372620,0.7500000,0.7313000,0.5359000,0.7482000,0.5972000,0.3937000,0.7528000,0.5874000,0.2716000,0.7897000,0.5180000,0.3651000,0.9008000,0.4119000,0.4483000,0.3182824,0.0000000,0.0000000},
{0.6619274,0.4167883,0.3011810,0.6632689,0.3558658,0.3088091,0.7406305,0.4520437,0.2662076,0.6069964,0.7101836,0.3284956,0.6701212,0.7224051,0.4377221,0.7497000,0.7327000,0.5352000,0.7474000,0.5986000,0.3932000,0.7533000,0.5871000,0.2716000,0.7893000,0.5185000,0.3651000,0.9002000,0.4122000,0.4486000,0.3182824,0.0000000,0.0000000},
{0.6592455,0.4214900,0.3014403,0.6601507,0.3606522,0.3090401,0.7424997,0.4553238,0.2644158,0.6067665,0.7147720,0.3257587,0.6711799,0.7244555,0.4381788,0.7495000,0.7342000,0.5345000,0.7467000,0.6000000,0.3926000,0.7539000,0.5869000,0.2715000,0.7889000,0.5189000,0.3651000,0.8995000,0.4126000,0.4490000,0.3182824,0.0000000,0.0000000},
{0.6564881,0.4264144,0.3016269,0.6568960,0.3657234,0.3091939,0.7444405,0.4587150,0.2625593,0.6065773,0.7194791,0.3229986,0.6723005,0.7266175,0.4386687,0.7492000,0.7357000,0.5338000,0.7460000,0.6015000,0.3921000,0.7545000,0.5866000,0.2714000,0.7885000,0.5193000,0.3651000,0.8989000,0.4130000,0.4494000,0.3182824,0.0000000,0.0000000},
{0.6537036,0.4314807,0.3017323,0.6536367,0.3708790,0.3092585,0.7464260,0.4621690,0.2606639,0.6064319,0.7242521,0.3202470,0.6733991,0.7287290,0.4391555,0.7488000,0.7372000,0.5331000,0.7453000,0.6031000,0.3916000,0.7550000,0.5863000,0.2714000,0.7880000,0.5198000,0.3651000,0.8981000,0.4135000,0.4499000,0.3182824,0.0000000,0.0000000},
{0.6508953,0.4366864,0.3017534,0.6502882,0.3762565,0.3092313,0.7484529,0.4656792,0.2587331,0.6063285,0.7292212,0.3174313,0.6745078,0.7308518,0.4396532,0.7486000,0.7388000,0.5324000,0.7445000,0.6047000,0.3912000,0.7556000,0.5861000,0.2713000,0.7875000,0.5204000,0.3652000,0.8973000,0.4140000,0.4504000,0.3182824,0.0000000,0.0000000},
{0.6479472,0.4422564,0.3016824,0.6468939,0.3817915,0.3091066,0.7505908,0.4693645,0.2567009,0.6062710,0.7343831,0.3145572,0.6756208,0.7329749,0.4401594,0.7483000,0.7404000,0.5316000,0.7438000,0.6062000,0.3907000,0.7562000,0.5858000,0.2712000,0.7870000,0.5209000,0.3652000,0.8964000,0.4145000,0.4510000,0.3182824,0.0000000,0.0000000},
{0.6450034,0.4479269,0.3015151,0.6433600,0.3876446,0.3088721,0.7526727,0.4729362,0.2547265,0.6062632,0.7396606,0.3116706,0.6768171,0.7352478,0.4407106,0.7480000,0.7419000,0.5310000,0.7431000,0.6078000,0.3903000,0.7567000,0.5856000,0.2712000,0.7864000,0.5216000,0.3654000,0.8955000,0.4151000,0.4515000,0.3182824,0.0000000,0.0000000},
{0.6420149,0.4537966,0.3012449,0.6397546,0.3937120,0.3085218,0.7549374,0.4768027,0.2525835,0.6063070,0.7450835,0.3087572,0.6780490,0.7375789,0.4412859,0.7477000,0.7436000,0.5303000,0.7423000,0.6095000,0.3898000,0.7573000,0.5853000,0.2711000,0.7859000,0.5223000,0.3656000,0.8947000,0.4157000,0.4522000,0.3182824,0.0000000,0.0000000},
{0.6389963,0.4598430,0.3008676,0.6361699,0.3998416,0.3080611,0.7571378,0.4805409,0.2505061,0.6064059,0.7506917,0.3057990,0.6793216,0.7399767,0.4418884,0.7475000,0.7453000,0.5296000,0.7416000,0.6112000,0.3892000,0.7579000,0.5850000,0.2711000,0.7853000,0.5229000,0.3658000,0.8937000,0.4163000,0.4528000,0.3182824,0.0000000,0.0000000},
{0.6360253,0.4659121,0.3003916,0.6324874,0.4062406,0.3074696,0.7592153,0.4840535,0.2485491,0.6065566,0.7562719,0.3029087,0.6806565,0.7424809,0.4425292,0.7474000,0.7471000,0.5289000,0.7407000,0.6129000,0.3887000,0.7584000,0.5848000,0.2710000,0.7847000,0.5235000,0.3659000,0.8928000,0.4169000,0.4536000,0.3182824,0.0000000,0.0000000},
{0.6330587,0.4720920,0.2998102,0.6288311,0.4126980,0.3067620,0.7616809,0.4882012,0.2462320,0.6067602,0.7619033,0.3000444,0.6821501,0.7452695,0.4432567,0.7473000,0.7491000,0.5282000,0.7399000,0.6147000,0.3882000,0.7590000,0.5845000,0.2709000,0.7841000,0.5242000,0.3660000,0.8918000,0.4176000,0.4542000,0.3182824,0.0000000,0.0000000},
{0.6300621,0.4784590,0.2991125,0.6252219,0.4191759,0.3059436,0.7639273,0.4919604,0.2441260,0.6070190,0.7676336,0.2971824,0.6836569,0.7480687,0.4440019,0.7473000,0.7512000,0.5275000,0.7392000,0.6165000,0.3878000,0.7590000,0.5845000,0.2709000,0.7833000,0.5248000,0.3661000,0.8907000,0.4183000,0.4549000,0.3182824,0.0000000,0.0000000},
{0.6270867,0.4849082,0.2983067,0.6215154,0.4259376,0.3049767,0.7663494,0.4959928,0.2418606,0.6073335,0.7734482,0.2943311,0.6851411,0.7508123,0.4447470,0.7473000,0.7533000,0.5267000,0.7383000,0.6182000,0.3874000,0.7594000,0.5863000,0.2704000,0.7826000,0.5257000,0.3663000,0.8895000,0.4190000,0.4557000,0.3182824,0.0000000,0.0000000},
{0.6241423,0.4914195,0.2973947,0.6179025,0.4326373,0.3039081,0.7686435,0.4997922,0.2397201,0.6077069,0.7793805,0.2914756,0.6867199,0.7537159,0.4455514,0.7474000,0.7554000,0.5259000,0.7375000,0.6201000,0.3871000,0.7590000,0.5874000,0.2704000,0.7818000,0.5264000,0.3665000,0.8884000,0.4197000,0.4564000,0.3182824,0.0000000,0.0000000},
{0.6211331,0.4982113,0.2963408,0.6141655,0.4396836,0.3026683,0.7711265,0.5038827,0.2374090,0.6081509,0.7855588,0.2885579,0.6882354,0.7564888,0.4463350,0.7474000,0.7576000,0.5252000,0.7366000,0.6220000,0.3868000,0.7583000,0.5883000,0.2705000,0.7810000,0.5272000,0.3666000,0.8872000,0.4205000,0.4570000,0.3182824,0.0000000,0.0000000},
{0.6181506,0.5050856,0.2951699,0.6103878,0.4469299,0.3012721,0.7736958,0.5080917,0.2350237,0.6086501,0.7917406,0.2856945,0.6899007,0.7595198,0.4472088,0.7475000,0.7597000,0.5245000,0.7358000,0.6239000,0.3864000,0.7575000,0.5895000,0.2705000,0.7802000,0.5280000,0.3668000,0.8860000,0.4212000,0.4577000,0.3182824,0.0000000,0.0000000},
{0.6151302,0.5121977,0.2938505,0.6065519,0.4544191,0.2997024,0.7762974,0.5123292,0.2326146,0.6092690,0.7986184,0.2825732,0.6915271,0.7624641,0.4480751,0.7475000,0.7618000,0.5238000,0.7349000,0.6259000,0.3860000,0.7567000,0.5905000,0.2706000,0.7795000,0.5288000,0.3669000,0.8847000,0.4218000,0.4584000,0.3182824,0.0000000,0.0000000},
{0.6121289,0.5194223,0.2923999,0.6026904,0.4620969,0.2979618,0.7788886,0.5165257,0.2302215,0.6099171,0.8051490,0.2796712,0.6931170,0.7653267,0.4489341,0.7476000,0.7640000,0.5230000,0.7340000,0.6280000,0.3855000,0.7559000,0.5916000,0.2707000,0.7787000,0.5297000,0.3671000,0.8837000,0.4227000,0.4590000,0.3182824,0.0000000,0.0000000},
{0.6090862,0.5269149,0.2907799,0.5988715,0.4698321,0.2960759,0.7815318,0.5207815,0.2277867,0.6106167,0.8116219,0.2768530,0.6947463,0.7682451,0.4498269,0.7476000,0.7661000,0.5222000,0.7332000,0.6300000,0.3850000,0.7551000,0.5926000,0.2708000,0.7780000,0.5305000,0.3673000,0.8825000,0.4235000,0.4598000,0.3182824,0.0000000,0.0000000},
{0.6061094,0.5344189,0.2890411,0.5949773,0.4778720,0.2939766,0.7842534,0.5251377,0.2252864,0.6113823,0.8181786,0.2740565,0.6964291,0.7712427,0.4507621,0.7476000,0.7681000,0.5214000,0.7324000,0.6320000,0.3844000,0.7541000,0.5937000,0.2710000,0.7772000,0.5314000,0.3674000,0.8813000,0.4242000,0.4605000,0.3182824,0.0000000,0.0000000},
{0.6031029,0.5421825,0.2871210,0.5911431,0.4859456,0.2917273,0.7869168,0.5293752,0.2228462,0.6122121,0.8247928,0.2712938,0.6980367,0.7740909,0.4516681,0.7476000,0.7701000,0.5206000,0.7317000,0.6339000,0.3839000,0.7531000,0.5947000,0.2712000,0.7765000,0.5322000,0.3675000,0.8801000,0.4251000,0.4613000,0.3182824,0.0000000,0.0000000},
{0.6001874,0.5499005,0.2850910,0.5873323,0.4941332,0.2893027,0.7896847,0.5337527,0.2203170,0.6130942,0.8313744,0.2686023,0.6996360,0.7769093,0.4525813,0.7476000,0.7721000,0.5199000,0.7310000,0.6357000,0.3833000,0.7520000,0.5956000,0.2714000,0.7757000,0.5331000,0.3677000,0.8789000,0.4259000,0.4620000,0.3182824,0.0000000,0.0000000},
{0.5973279,0.5576646,0.2829277,0.5835471,0.5024364,0.2866969,0.7922212,0.5377406,0.2180054,0.6140225,0.8378908,0.2659933,0.7012899,0.7798084,0.4535382,0.7476000,0.7741000,0.5191000,0.7305000,0.6375000,0.3827000,0.7507000,0.5967000,0.2716000,0.7750000,0.5340000,0.3678000,0.8777000,0.4267000,0.4627000,0.3182824,0.0000000,0.0000000},
{0.5945198,0.5654909,0.2806243,0.5798437,0.5107351,0.2839448,0.7948280,0.5418156,0.2156357,0.6150244,0.8445335,0.2633905,0.7028571,0.7825408,0.4544567,0.7475000,0.7760000,0.5184000,0.7300000,0.6393000,0.3822000,0.7494000,0.5976000,0.2718000,0.7742000,0.5349000,0.3679000,0.8763000,0.4275000,0.4635000,0.3182824,0.0000000,0.0000000},
{0.5917306,0.5734794,0.2781459,0.5761640,0.5191643,0.2809979,0.7976206,0.5461550,0.2131040,0.6160648,0.8510701,0.2608847,0.7045116,0.7854100,0.4554387,0.7475000,0.7780000,0.5178000,0.7295000,0.6410000,0.3817000,0.7479000,0.5987000,0.2720000,0.7734000,0.5358000,0.3680000,0.8750000,0.4284000,0.4643000,0.3182824,0.0000000,0.0000000},
{0.5890383,0.5814116,0.2755573,0.5725791,0.5275651,0.2779083,0.8003692,0.5503994,0.2106190,0.6171489,0.8575489,0.2584550,0.7061485,0.7882332,0.4564227,0.7475000,0.7799000,0.5171000,0.7289000,0.6429000,0.3812000,0.7465000,0.5998000,0.2723000,0.7726000,0.5367000,0.3680000,0.8737000,0.4292000,0.4651000,0.3182824,0.0000000,0.0000000},
{0.5864040,0.5894045,0.2728193,0.5690249,0.5360931,0.2746146,0.8029846,0.5544142,0.2082605,0.6182946,0.8640782,0.2560604,0.7078172,0.7910952,0.4574385,0.7475000,0.7818000,0.5164000,0.7283000,0.6446000,0.3808000,0.7452000,0.6008000,0.2725000,0.7717000,0.5376000,0.3681000,0.8724000,0.4301000,0.4657000,0.3182824,0.0000000,0.0000000},
{0.5838642,0.5973499,0.2699672,0.5655271,0.5446963,0.2711295,0.8058335,0.5587607,0.2056985,0.6194761,0.8705156,0.2537525,0.7094653,0.7939062,0.4584544,0.7475000,0.7837000,0.5158000,0.7276000,0.6464000,0.3804000,0.7442000,0.6020000,0.2726000,0.7709000,0.5386000,0.3682000,0.8710000,0.4308000,0.4666000,0.3182824,0.0000000,0.0000000},
{0.5813934,0.6053310,0.2669696,0.5621775,0.5531492,0.2675439,0.8084611,0.5627451,0.2033417,0.6207179,0.8769969,0.2514819,0.7110970,0.7966738,0.4594726,0.7475000,0.7856000,0.5151000,0.7268000,0.6483000,0.3799000,0.7433000,0.6031000,0.2727000,0.7701000,0.5395000,0.3683000,0.8697000,0.4317000,0.4673000,0.3182824,0.0000000,0.0000000},
{0.5790295,0.6132270,0.2638707,0.5589755,0.5614458,0.2638661,0.8110438,0.5666384,0.2010312,0.6219682,0.8832637,0.2493371,0.7126851,0.7993529,0.4604753,0.7474000,0.7875000,0.5144000,0.7260000,0.6500000,0.3795000,0.7427000,0.6043000,0.2728000,0.7692000,0.5405000,0.3684000,0.8684000,0.4326000,0.4681000,0.3182824,0.0000000,0.0000000},
{0.5767823,0.6210004,0.2606880,0.5558056,0.5698901,0.2599581,0.8135666,0.5704196,0.1987800,0.6232678,0.8895322,0.2472416,0.7142968,0.8020568,0.4615047,0.7475000,0.7894000,0.5137000,0.7252000,0.6518000,0.3791000,0.7423000,0.6054000,0.2728000,0.7683000,0.5415000,0.3684000,0.8670000,0.4334000,0.4689000,0.3182824,0.0000000,0.0000000},
{0.5745829,0.6288963,0.2573176,0.5527169,0.5783650,0.2558642,0.8162925,0.5744809,0.1963537,0.6245711,0.8955931,0.2452630,0.7158698,0.8046816,0.4625210,0.7475000,0.7913000,0.5131000,0.7243000,0.6535000,0.3787000,0.7418000,0.6066000,0.2729000,0.7674000,0.5424000,0.3685000,0.8657000,0.4343000,0.4696000,0.3182824,0.0000000,0.0000000},
{0.5725474,0.6364962,0.2539391,0.5498101,0.5865919,0.2517208,0.8187494,0.5781200,0.1941724,0.6259076,0.9015972,0.2433492,0.7174230,0.8072591,0.4635356,0.7475000,0.7932000,0.5125000,0.7232000,0.6553000,0.3783000,0.7414000,0.6078000,0.2730000,0.7666000,0.5433000,0.3685000,0.8644000,0.4352000,0.4704000,0.3182824,0.0000000,0.0000000},
{0.5705616,0.6442263,0.2503631,0.5470129,0.5947700,0.2474307,0.8212432,0.5817929,0.1919638,0.6272708,0.9075214,0.2415063,0.7189634,0.8098019,0.4645529,0.7476000,0.7951000,0.5119000,0.7222000,0.6571000,0.3779000,0.7411000,0.6090000,0.2731000,0.7658000,0.5440000,0.3686000,0.8630000,0.4361000,0.4711000,0.3182824,0.0000000,0.0000000},
{0.5687911,0.6514276,0.2469005,0.5443375,0.6028681,0.2430082,0.8237539,0.5854697,0.1897456,0.6286391,0.9132820,0.2397577,0.7204111,0.8121790,0.4655190,0.7477000,0.7969000,0.5113000,0.7213000,0.6589000,0.3775000,0.7406000,0.6101000,0.2733000,0.7649000,0.5450000,0.3688000,0.8617000,0.4370000,0.4719000,0.3182824,0.0000000,0.0000000},
{0.5671073,0.6585978,0.2433222,0.5418557,0.6106590,0.2385827,0.8262602,0.5891190,0.1875367,0.6300275,0.9189525,0.2380787,0.7218361,0.8145070,0.4664794,0.7477000,0.7988000,0.5108000,0.7189000,0.6602000,0.3770000,0.7403000,0.6113000,0.2734000,0.7639000,0.5459000,0.3690000,0.8603000,0.4379000,0.4725000,0.3182824,0.0000000,0.0000000},
{0.5655432,0.6655952,0.2396994,0.5395349,0.6182291,0.2341149,0.8284454,0.5922836,0.1856154,0.6314333,0.9245289,0.2364688,0.7232654,0.8168304,0.4674523,0.7477000,0.8007000,0.5101000,0.7184000,0.6622000,0.3766000,0.7397000,0.6125000,0.2736000,0.7630000,0.5470000,0.3691000,0.8590000,0.4388000,0.4733000,0.3182824,0.0000000,0.0000000},
{0.5641076,0.6723666,0.2360651,0.5373817,0.6255427,0.2296338,0.8308756,0.5957843,0.1834833,0.6328362,0.9299406,0.2349459,0.7245876,0.8189688,0.4683606,0.7477000,0.8026000,0.5095000,0.7178000,0.6640000,0.3760000,0.7393000,0.6136000,0.2737000,0.7621000,0.5479000,0.3694000,0.8576000,0.4398000,0.4739000,0.3182824,0.0000000,0.0000000},
{0.5627943,0.6789214,0.2324208,0.5354216,0.6324896,0.2252197,0.8333173,0.5992818,0.1813463,0.6342540,0.9352644,0.2334860,0.7258649,0.8210251,0.4692459,0.7477000,0.8044000,0.5088000,0.7170000,0.6658000,0.3755000,0.7388000,0.6147000,0.2739000,0.7611000,0.5489000,0.3695000,0.8563000,0.4407000,0.4746000,0.3182824,0.0000000,0.0000000},
{0.5616076,0.6852154,0.2287986,0.5336210,0.6391635,0.2208266,0.8355988,0.6025317,0.1793542,0.6356749,0.9404628,0.2320976,0.7271996,0.8231636,0.4701792,0.7476000,0.8062000,0.5082000,0.7162000,0.6676000,0.3750000,0.7383000,0.6159000,0.2740000,0.7602000,0.5499000,0.3698000,0.8550000,0.4416000,0.4754000,0.3182824,0.0000000,0.0000000},
{0.5605504,0.6912001,0.2252369,0.5319999,0.6454619,0.2165358,0.8379038,0.6057977,0.1773461,0.6371055,0.9455673,0.2307704,0.7283598,0.8250139,0.4709972,0.7474000,0.8080000,0.5075000,0.7153000,0.6693000,0.3745000,0.7377000,0.6170000,0.2741000,0.7593000,0.5509000,0.3699000,0.8536000,0.4426000,0.4761000,0.3182824,0.0000000,0.0000000},
{0.5596221,0.6968337,0.2217737,0.5305268,0.6514772,0.2122987,0.8400811,0.6088665,0.1754534,0.6385454,0.9505814,0.2295019,0.7295024,0.8268285,0.4718091,0.7473000,0.8098000,0.5068000,0.7142000,0.6710000,0.3741000,0.7372000,0.6182000,0.2742000,0.7585000,0.5519000,0.3701000,0.8523000,0.4437000,0.4769000,0.3182824,0.0000000,0.0000000},
{0.5587873,0.7022975,0.2183067,0.5292131,0.6571315,0.2081845,0.8422907,0.6119648,0.1735368,0.6399546,0.9553752,0.2283224,0.7306275,0.8286076,0.4726145,0.7471000,0.8115000,0.5061000,0.7130000,0.6727000,0.3737000,0.7365000,0.6193000,0.2744000,0.7574000,0.5529000,0.3704000,0.8509000,0.4447000,0.4776000,0.3182824,0.0000000,0.0000000},
{0.5580793,0.7073268,0.2150157,0.5280501,0.6624219,0.2042127,0.8444155,0.6149290,0.1716977,0.6413385,0.9599793,0.2272205,0.7316938,0.8302870,0.4733835,0.7469000,0.8133000,0.5054000,0.7117000,0.6745000,0.3733000,0.7360000,0.6204000,0.2744000,0.7565000,0.5540000,0.3706000,0.8495000,0.4458000,0.4784000,0.3182824,0.0000000,0.0000000},
{0.5574515,0.7122023,0.2117286,0.5270075,0.6674516,0.2003199,0.8463373,0.6175970,0.1700376,0.6427256,0.9644963,0.2261694,0.7327576,0.8319556,0.4741560,0.7466000,0.8150000,0.5047000,0.7105000,0.6761000,0.3729000,0.7354000,0.6214000,0.2745000,0.7556000,0.5550000,0.3708000,0.8482000,0.4469000,0.4792000,0.3182824,0.0000000,0.0000000},
{0.5569149,0.7168046,0.2085331,0.5260935,0.6721448,0.1965785,0.8485220,0.6206152,0.1681543,0.6440687,0.9687812,0.2252002,0.7337839,0.8335589,0.4749064,0.7464000,0.8168000,0.5040000,0.7093000,0.6777000,0.3725000,0.7348000,0.6225000,0.2746000,0.7545000,0.5561000,0.3711000,0.8467000,0.4480000,0.4799000,0.3182824,0.0000000,0.0000000},
{0.5564676,0.7210875,0.2054735,0.5252965,0.6765171,0.1929922,0.8504688,0.6232914,0.1664795,0.6454424,0.9730770,0.2242561,0.7347054,0.8349931,0.4755845,0.7463000,0.8186000,0.5033000,0.7080000,0.6793000,0.3721000,0.7342000,0.6236000,0.2747000,0.7535000,0.5573000,0.3714000,0.8453000,0.4491000,0.4807000,0.3182824,0.0000000,0.0000000},
{0.5560976,0.7250903,0.2025345,0.5246061,0.6805790,0.1895677,0.8523645,0.6258853,0.1648518,0.6467430,0.9770669,0.2234044,0.7356423,0.8364460,0.4762782,0.7461000,0.8203000,0.5025000,0.7069000,0.6807000,0.3717000,0.7324000,0.6243000,0.2748000,0.7525000,0.5584000,0.3716000,0.8439000,0.4503000,0.4814000,0.3182824,0.0000000,0.0000000},
{0.5557904,0.7289140,0.1996508,0.5240010,0.6844167,0.1862450,0.8543242,0.6285544,0.1631723,0.6480096,0.9808830,0.2226129,0.7365279,0.8378145,0.4769378,0.7458000,0.8220000,0.5018000,0.7058000,0.6821000,0.3713000,0.7323000,0.6254000,0.2747000,0.7515000,0.5595000,0.3719000,0.8425000,0.4514000,0.4822000,0.3182824,0.0000000,0.0000000},
{0.5555423,0.7325558,0.1968307,0.5234921,0.6879127,0.1831397,0.8560720,0.6309242,0.1616771,0.6492578,0.9845790,0.2218682,0.7373072,0.8390148,0.4775213,0.7456000,0.8238000,0.5011000,0.7047000,0.6834000,0.3709000,0.7322000,0.6266000,0.2745000,0.7505000,0.5606000,0.3721000,0.8411000,0.4526000,0.4830000,0.3182824,0.0000000,0.0000000},
{0.5553608,0.7357889,0.1942630,0.5230499,0.6912219,0.1801271,0.8576672,0.6330782,0.1603148,0.6504388,0.9880186,0.2211948,0.7380906,0.8402176,0.4781110,0.7454000,0.8255000,0.5003000,0.7037000,0.6848000,0.3706000,0.7319000,0.6277000,0.2745000,0.7494000,0.5617000,0.3724000,0.8397000,0.4538000,0.4838000,0.3182824,0.0000000,0.0000000},
{0.5552244,0.7388556,0.1917687,0.5226753,0.6942994,0.1772577,0.8593634,0.6353593,0.1588687,0.6515638,0.9912456,0.2205805,0.7388086,0.8413169,0.4786541,0.7451000,0.8271000,0.4995000,0.7027000,0.6861000,0.3701000,0.7315000,0.6288000,0.2745000,0.7486000,0.5628000,0.3725000,0.8382000,0.4550000,0.4846000,0.3182824,0.0000000,0.0000000},
{0.5551265,0.7418596,0.1892660,0.5223670,0.6971002,0.1745861,0.8609931,0.6375421,0.1574816,0.6526994,0.9944546,0.2199867,0.7394103,0.8422355,0.4791111,0.7449000,0.8288000,0.4987000,0.7018000,0.6874000,0.3697000,0.7309000,0.6298000,0.2745000,0.7476000,0.5640000,0.3727000,0.8368000,0.4563000,0.4854000,0.3182824,0.0000000,0.0000000},
{0.5550713,0.7445192,0.1869986,0.5221014,0.6997942,0.1719590,0.8624664,0.6395079,0.1562295,0.6537584,0.9974046,0.2194561,0.7400352,0.8431873,0.4795877,0.7446000,0.8304000,0.4979000,0.7009000,0.6888000,0.3693000,0.7304000,0.6309000,0.2745000,0.7466000,0.5651000,0.3730000,0.8353000,0.4576000,0.4862000,0.3182824,0.0000000,0.0000000},
{0.5550470,0.7472801,0.1845901,0.5218769,0.7023771,0.1693842,0.8639109,0.6414282,0.1550037,0.6547049,1.0000076,0.2190003,0.7406289,0.8440892,0.4800423,0.7443000,0.8320000,0.4970000,0.7001000,0.6902000,0.3688000,0.7299000,0.6319000,0.2744000,0.7456000,0.5663000,0.3731000,0.8338000,0.4588000,0.4869000,0.3182824,0.0000000,0.0000000},
{0.5550558,0.7497619,0.1823746,0.5217037,0.7046734,0.1670465,0.8652267,0.6431715,0.1538887,0.6556806,1.0026585,0.2185481,0.7411302,0.8448490,0.4804275,0.7440000,0.8337000,0.4962000,0.6994000,0.6918000,0.3683000,0.7293000,0.6329000,0.2743000,0.7445000,0.5675000,0.3733000,0.8323000,0.4600000,0.4876000,0.3182824,0.0000000,0.0000000},
{0.5550986,0.7523859,0.1799768,0.5215540,0.7070161,0.1646116,0.8666367,0.6450332,0.1526955,0.6565100,1.0048865,0.2181776,0.7415363,0.8454636,0.4807405,0.7437000,0.8353000,0.4953000,0.6987000,0.6932000,0.3678000,0.7288000,0.6340000,0.2742000,0.7435000,0.5687000,0.3734000,0.8308000,0.4613000,0.4883000,0.3182824,0.0000000,0.0000000},
{0.5551683,0.7547445,0.1777699,0.5214375,0.7092619,0.1622272,0.8677530,0.6465025,0.1517520,0.6571290,1.0065342,0.2179093,0.7419260,0.8460521,0.4810415,0.7434000,0.8369000,0.4945000,0.6981000,0.6946000,0.3672000,0.7283000,0.6350000,0.2741000,0.7425000,0.5699000,0.3735000,0.8293000,0.4625000,0.4890000,0.3182824,0.0000000,0.0000000},
{0.5552577,0.7568611,0.1757450,0.5213530,0.7113925,0.1599171,0.8689109,0.6480221,0.1507745,0.6580669,1.0090067,0.2175158,0.7422851,0.8465937,0.4813196,0.7431000,0.8384000,0.4936000,0.6975000,0.6960000,0.3667000,0.7277000,0.6360000,0.2740000,0.7417000,0.5710000,0.3735000,0.8278000,0.4637000,0.4896000,0.3182824,0.0000000,0.0000000},
{0.5553802,0.7590744,0.1735798,0.5212945,0.7135648,0.1575106,0.8700188,0.6494719,0.1498403,0.6586324,1.0104840,0.2172860,0.7426021,0.8470712,0.4815657,0.7429000,0.8399000,0.4927000,0.6969000,0.6973000,0.3662000,0.7272000,0.6369000,0.2739000,0.7406000,0.5720000,0.3736000,0.8264000,0.4649000,0.4903000,0.3182824,0.0000000,0.0000000},
{0.5555313,0.7612489,0.1714018,0.5212659,0.7156963,0.1550958,0.8711182,0.6509066,0.1489144,0.6591837,1.0119142,0.2170674,0.7428985,0.8475170,0.4817963,0.7425000,0.8414000,0.4918000,0.6964000,0.6986000,0.3656000,0.7266000,0.6379000,0.2738000,0.7397000,0.5731000,0.3736000,0.8250000,0.4661000,0.4909000,0.3182824,0.0000000,0.0000000},
{0.5557169,0.7634426,0.1691499,0.5212677,0.7177961,0.1526617,0.8718692,0.6518844,0.1482824,0.6597014,1.0132484,0.2168669,0.7430899,0.8478046,0.4819453,0.7422000,0.8428000,0.4909000,0.6958000,0.6999000,0.3651000,0.7261000,0.6388000,0.2737000,0.7389000,0.5742000,0.3736000,0.8237000,0.4673000,0.4916000,0.3182824,0.0000000,0.0000000},
{0.5559435,0.7656853,0.1667866,0.5213020,0.7199359,0.1501209,0.8728033,0.6530979,0.1474970,0.6602105,1.0145524,0.2166741,0.7432271,0.8480106,0.4820523,0.7419000,0.8442000,0.4900000,0.6953000,0.7011000,0.3647000,0.7255000,0.6398000,0.2736000,0.7380000,0.5752000,0.3737000,0.8222000,0.4685000,0.4922000,0.3182824,0.0000000,0.0000000},
{0.5562034,0.7678711,0.1644190,0.5213726,0.7220973,0.1474880,0.8736806,0.6542350,0.1467601,0.6606953,1.0157868,0.2164946,0.7433858,0.8482487,0.4821762,0.7415000,0.8456000,0.4891000,0.6947000,0.7023000,0.3642000,0.7249000,0.6407000,0.2734000,0.7371000,0.5764000,0.3738000,0.8209000,0.4698000,0.4929000,0.3182824,0.0000000,0.0000000},
{0.5565548,0.7703896,0.1616051,0.5214877,0.7243486,0.1446687,0.8744353,0.6552111,0.1461267,0.6607692,1.0159743,0.2164676,0.7434345,0.8483218,0.4822143,0.7411000,0.8469000,0.4882000,0.6942000,0.7035000,0.3637000,0.7244000,0.6415000,0.2734000,0.7363000,0.5773000,0.3739000,0.8195000,0.4710000,0.4937000,0.3182824,0.0000000,0.0000000},
{0.5568757,0.7723803,0.1593096,0.5216519,0.7266345,0.1417185,0.8749855,0.6559216,0.1456652,0.6608599,1.0162044,0.2164345,0.7434418,0.8483328,0.4822200,0.7407000,0.8481000,0.4873000,0.6937000,0.7045000,0.3632000,0.7238000,0.6424000,0.2733000,0.7354000,0.5784000,0.3740000,0.8182000,0.4722000,0.4944000,0.3182824,0.0000000,0.0000000},
{0.5572842,0.7746054,0.1566616,0.5218773,0.7290048,0.1385571,0.8757404,0.6568948,0.1450325,0.6612677,1.0172349,0.2162877,0.7434969,0.8484153,0.4822630,0.7402000,0.8493000,0.4864000,0.6931000,0.7057000,0.3627000,0.7232000,0.6431000,0.2733000,0.7345000,0.5794000,0.3742000,0.8169000,0.4735000,0.4951000,0.3182824,0.0000000,0.0000000},
{0.5577643,0.7768909,0.1538417,0.5221797,0.7314806,0.1351311,0.8764915,0.6578612,0.1444034,0.6613053,1.0173298,0.2162743,0.7434020,0.8482731,0.4821889,0.7396000,0.8505000,0.4856000,0.6926000,0.7067000,0.3623000,0.7226000,0.6439000,0.2732000,0.7337000,0.5804000,0.3743000,0.8156000,0.4747000,0.4958000,0.3182824,0.0000000,0.0000000},
{0.5583216,0.7792075,0.1508669,0.5225631,0.7339803,0.1315277,0.8770107,0.6585281,0.1439688,0.6616870,1.0182893,0.2161396,0.7434709,0.8483763,0.4822427,0.7390000,0.8517000,0.4847000,0.6920000,0.7076000,0.3618000,0.7220000,0.6446000,0.2732000,0.7329000,0.5813000,0.3745000,0.8144000,0.4759000,0.4965000,0.3182824,0.0000000,0.0000000},
{0.5589816,0.7815984,0.1476564,0.5230443,0.7365192,0.1276977,0.8777497,0.6594758,0.1433507,0.6617167,1.0183640,0.2161291,0.7434076,0.8482815,0.4821933,0.7384000,0.8528000,0.4838000,0.6914000,0.7086000,0.3614000,0.7214000,0.6452000,0.2731000,0.7321000,0.5822000,0.3747000,0.8131000,0.4771000,0.4972000,0.3182824,0.0000000,0.0000000},
{0.5598512,0.7843069,0.1438182,0.5237108,0.7393586,0.1231769,0.8781414,0.6599773,0.1430233,0.6616850,1.0182844,0.2161402,0.7433243,0.8481566,0.4821282,0.7378000,0.8539000,0.4830000,0.6908000,0.7094000,0.3609000,0.7209000,0.6457000,0.2730000,0.7312000,0.5831000,0.3748000,0.8119000,0.4781000,0.4979000,0.3182824,0.0000000,0.0000000},
{0.5608236,0.7868851,0.1399258,0.5243264,0.7415229,0.1195318,0.8787452,0.6607494,0.1425188,0.6616839,1.0182818,0.2161406,0.7433243,0.8481566,0.4821282,0.7371000,0.8549000,0.4822000,0.6902000,0.7102000,0.3605000,0.7204000,0.6463000,0.2729000,0.7304000,0.5839000,0.3749000,0.8107000,0.4793000,0.4985000,0.3182824,0.0000000,0.0000000},
{0.5617282,0.7889538,0.1365972,0.5248101,0.7430022,0.1169238,0.8794880,0.6616978,0.1418986,0.6616723,1.0182525,0.2161447,0.7432276,0.8480113,0.4820527,0.7364000,0.8560000,0.4815000,0.6895000,0.7110000,0.3602000,0.7198000,0.6468000,0.2728000,0.7295000,0.5847000,0.3751000,0.8094000,0.4804000,0.4992000,0.3182824,0.0000000,0.0000000},
{0.5626331,0.7907677,0.1334940,0.5252418,0.7441925,0.1147467,0.8803629,0.6628123,0.1411688,0.6620362,1.0191635,0.2160184,0.7432191,0.8479986,0.4820461,0.7358000,0.8570000,0.4807000,0.6889000,0.7118000,0.3598000,0.7192000,0.6472000,0.2727000,0.7286000,0.5855000,0.3752000,0.8081000,0.4814000,0.4998000,0.3182824,0.0000000,0.0000000}
};
