fitErrPi Mean = 0.0252166
fitErrTh Mean = 0.350656
fitErrWr Mean = 0.354358
fitErrLA Mean = 0.116472
fitErrEl Mean = 0.0121989
fitErrUA Mean = 0.03594
efPts = {
{0.6704161,0.7763720,0.0706481,0.6213446,0.7748381,-0.0005080,0.6328720,0.9529261,0.2401815,0.4826355,0.4670749,0.0557113,0.7804154,0.9881459,0.3402110,0.7176000,0.8372000,0.5046000,0.7200000,0.7289000,0.3988000,0.7264000,0.6302000,0.4155000,0.7497000,0.5668000,0.3678000,0.8249000,0.4395000,0.5213000,0.5559378,0.7678455,0.1293950},
{0.6699240,0.7760717,0.0703107,0.6202517,0.7744050,-0.0011418,0.6313523,0.9521030,0.2400493,0.7891777,0.9839607,0.1858998,0.7781380,0.9878908,0.3407941,0.7166000,0.8369000,0.5045000,0.7197000,0.7287000,0.3985000,0.7260000,0.6300000,0.4153000,0.7494000,0.5666000,0.3675000,0.8247000,0.4395000,0.5212000,0.5542327,0.7684692,0.1311115},
{0.6695134,0.7758209,0.0700289,0.6190412,0.7739249,-0.0018446,0.6296564,0.9511791,0.2398969,0.7861199,0.9852380,0.1873230,0.7755202,0.9875727,0.3414471,0.7155000,0.8366000,0.5044000,0.7192000,0.7285000,0.3982000,0.7256000,0.6298000,0.4150000,0.7493000,0.5664000,0.3673000,0.8244000,0.4394000,0.5211000,0.5523355,0.7691282,0.1329464},
{0.6689653,0.7754860,0.0696526,0.6176965,0.7733910,-0.0026266,0.6278446,0.9501858,0.2397284,0.7828428,0.9865579,0.1888277,0.7729952,0.9872410,0.3420598,0.7145000,0.8363000,0.5042000,0.7187000,0.7283000,0.3979000,0.7253000,0.6295000,0.4147000,0.7491000,0.5662000,0.3671000,0.8241000,0.4394000,0.5210000,0.5502227,0.7698230,0.1349061},
{0.6683774,0.7751266,0.0692486,0.6161151,0.7727623,-0.0035478,0.6257481,0.9490283,0.2395260,0.7793321,0.9879169,0.1904163,0.7700807,0.9868284,0.3427462,0.7134000,0.8358000,0.5041000,0.7183000,0.7281000,0.3977000,0.7249000,0.6292000,0.4144000,0.7488000,0.5660000,0.3668000,0.8238000,0.4393000,0.5209000,0.5477634,0.7705850,0.1370870},
{0.6675744,0.7746353,0.0686962,0.6144431,0.7720967,-0.0045238,0.6234188,0.9477323,0.2392920,0.7756507,0.9892823,0.1920569,0.7670058,0.9863589,0.3434468,0.7123000,0.8353000,0.5040000,0.7177000,0.7279000,0.3975000,0.7245000,0.6289000,0.4141000,0.7486000,0.5658000,0.3666000,0.8237000,0.4392000,0.5208000,0.5451548,0.7713440,0.1392949},
{0.6665539,0.7740104,0.0679932,0.6127059,0.7714041,-0.0055398,0.6210035,0.9463771,0.2390392,0.7718755,0.9906202,0.1937129,0.7638744,0.9858454,0.3441356,0.7112000,0.8348000,0.5038000,0.7174000,0.7276000,0.3972000,0.7242000,0.6287000,0.4138000,0.7485000,0.5657000,0.3664000,0.8235000,0.4392000,0.5208000,0.5420704,0.7721830,0.1417805},
{0.6653149,0.7732508,0.0671382,0.6107185,0.7706106,-0.0067048,0.6186105,0.9450233,0.2387785,0.7678529,0.9919779,0.1954488,0.7605622,0.9852639,0.3448377,0.7100000,0.8343000,0.5037000,0.7168000,0.7273000,0.3969000,0.7237000,0.6284000,0.4136000,0.7482000,0.5654000,0.3662000,0.8233000,0.4391000,0.5207000,0.5386969,0.7730362,0.1443611},
{0.6642316,0.7725858,0.0663894,0.6088219,0.7698520,-0.0078191,0.6156845,0.9433528,0.2384460,0.7634414,0.9933883,0.1973193,0.7570368,0.9846024,0.3455555,0.7088000,0.8337000,0.5035000,0.7160000,0.7270000,0.3967000,0.7233000,0.6281000,0.4133000,0.7480000,0.5651000,0.3660000,0.8232000,0.4390000,0.5207000,0.5348906,0.7739271,0.1471189},
{0.6629506,0.7717985,0.0655024,0.6065818,0.7689545,-0.0091386,0.6126770,0.9416184,0.2380885,0.7587361,0.9948039,0.1992767,0.7534807,0.9838914,0.3462492,0.7076000,0.8332000,0.5035000,0.7158000,0.7267000,0.3963000,0.7229000,0.6278000,0.4130000,0.7478000,0.5649000,0.3658000,0.8230000,0.4390000,0.5206000,0.5308602,0.7747967,0.1498813},
{0.6612709,0.7707646,0.0643367,0.6042153,0.7680044,-0.0105363,0.6095173,0.9397774,0.2376958,0.7535770,0.9962534,0.2013795,0.7497014,0.9830884,0.3469535,0.7063000,0.8326000,0.5033000,0.7153000,0.7264000,0.3960000,0.7225000,0.6275000,0.4128000,0.7477000,0.5647000,0.3656000,0.8229000,0.4389000,0.5206000,0.5264139,0.7756779,0.1527614},
{0.6596066,0.7697384,0.0631788,0.6016230,0.7669615,-0.0120719,0.6059786,0.9376928,0.2372353,0.7482424,0.9976417,0.2035072,0.7457059,0.9821871,0.3476617,0.7050000,0.8321000,0.5033000,0.7147000,0.7260000,0.3957000,0.7221000,0.6271000,0.4125000,0.7474000,0.5643000,0.3654000,0.8228000,0.4388000,0.5206000,0.5216029,0.7765491,0.1557016},
{0.6576504,0.7685300,0.0618142,0.5987707,0.7658114,-0.0137670,0.6023783,0.9355471,0.2367442,0.7424084,0.9990346,0.2057809,0.7416688,0.9812224,0.3483400,0.7037000,0.8316000,0.5033000,0.7143000,0.7256000,0.3953000,0.7217000,0.6267000,0.4122000,0.7472000,0.5640000,0.3652000,0.8227000,0.4387000,0.5206000,0.5163262,0.7774169,0.1587384},
{0.6558126,0.7673924,0.0605286,0.5959843,0.7646851,-0.0154286,0.5985112,0.9332146,0.2361915,0.7362934,1.0003573,0.2081061,0.7374241,0.9801506,0.3490133,0.7023000,0.8311000,0.5032000,0.7137000,0.7253000,0.3951000,0.7214000,0.6264000,0.4119000,0.7471000,0.5637000,0.3650000,0.8225000,0.4387000,0.5206000,0.5105844,0.7782681,0.1618436},
{0.6536820,0.7660709,0.0590337,0.5927639,0.7633801,-0.0173558,0.5944711,0.9307471,0.2355863,0.7302167,1.0015355,0.2103591,0.7329624,0.9789612,0.3496774,0.7009000,0.8304000,0.5031000,0.7133000,0.7249000,0.3946000,0.7210000,0.6261000,0.4115000,0.7469000,0.5634000,0.3648000,0.8224000,0.4387000,0.5206000,0.5043144,0.7790983,0.1650218},
{0.6514053,0.7646556,0.0574311,0.5897162,0.7621418,-0.0191865,0.5904143,0.9282379,0.2349499,0.7237734,1.0026398,0.2126866,0.7284800,0.9777023,0.3503001,0.6995000,0.8296000,0.5030000,0.7127000,0.7245000,0.3943000,0.7207000,0.6258000,0.4113000,0.7468000,0.5631000,0.3646000,0.8223000,0.4387000,0.5205000,0.4975670,0.7798878,0.1682197},
{0.6491230,0.7632334,0.0558191,0.5864551,0.7608132,-0.0211527,0.5860915,0.9255296,0.2342404,0.7172313,1.0036116,0.2149866,0.7239447,0.9763638,0.3508854,0.6980000,0.8289000,0.5030000,0.7120000,0.7242000,0.3940000,0.7204000,0.6254000,0.4109000,0.7467000,0.5628000,0.3644000,0.8221000,0.4387000,0.5205000,0.4903029,0.7806295,0.1714306},
{0.6467482,0.7617500,0.0541360,0.5829449,0.7593791,-0.0232776,0.5817399,0.9227670,0.2334932,0.7105503,1.0044515,0.2172710,0.7192016,0.9748953,0.3514499,0.6966000,0.8282000,0.5030000,0.7114000,0.7238000,0.3937000,0.7201000,0.6250000,0.4106000,0.7466000,0.5625000,0.3642000,0.8220000,0.4387000,0.5205000,0.4825707,0.7813075,0.1746095},
{0.6443928,0.7602751,0.0524607,0.5795190,0.7579751,-0.0253602,0.5773469,0.9199413,0.2327054,0.7036245,1.0051624,0.2195714,0.7144020,0.9733383,0.3519718,0.6950000,0.8274000,0.5030000,0.7106000,0.7234000,0.3934000,0.7197000,0.6246000,0.4104000,0.7463000,0.5621000,0.3641000,0.8220000,0.4388000,0.5206000,0.4743172,0.7819159,0.1777560},
{0.6418060,0.7586511,0.0506141,0.5762707,0.7566402,-0.0273425,0.5727701,0.9169580,0.2318489,0.6965517,1.0057235,0.2218509,0.7095833,0.9717039,0.3524464,0.6936000,0.8266000,0.5031000,0.7100000,0.7229000,0.3931000,0.7193000,0.6242000,0.4101000,0.7463000,0.5619000,0.3639000,0.8219000,0.4388000,0.5207000,0.4656797,0.7824364,0.1808000},
{0.6392262,0.7570272,0.0487656,0.5726963,0.7551670,-0.0295328,0.5681769,0.9139233,0.2309524,0.6891988,1.0061327,0.2241470,0.7048485,0.9700289,0.3528649,0.6920000,0.8259000,0.5032000,0.7087000,0.7224000,0.3933000,0.7189000,0.6239000,0.4098000,0.7462000,0.5616000,0.3637000,0.8219000,0.4388000,0.5207000,0.4566944,0.7828621,0.1837186},
{0.6365205,0.7553194,0.0468192,0.5689326,0.7536109,-0.0318490,0.5634785,0.9107770,0.2299971,0.6815877,1.0063720,0.2264457,0.7000229,0.9682515,0.3532427,0.6908000,0.8252000,0.5031000,0.7080000,0.7220000,0.3929000,0.7184000,0.6235000,0.4096000,0.7460000,0.5614000,0.3635000,0.8218000,0.4389000,0.5208000,0.4473214,0.7831899,0.1865143},
{0.6337932,0.7535930,0.0448493,0.5651667,0.7520489,-0.0341771,0.5587438,0.9075630,0.2289950,0.6737775,1.0064250,0.2287231,0.6950632,0.9663513,0.3535800,0.6889000,0.8245000,0.5035000,0.7074000,0.7217000,0.3926000,0.7180000,0.6232000,0.4093000,0.7458000,0.5611000,0.3634000,0.8217000,0.4390000,0.5209000,0.4377672,0.7834106,0.1891210},
{0.6307798,0.7516798,0.0426635,0.5611622,0.7503823,-0.0366641,0.5538585,0.9042010,0.2279195,0.6660101,1.0062865,0.2309071,0.6902091,0.9644195,0.3538602,0.6877000,0.8237000,0.5035000,0.7067000,0.7213000,0.3923000,0.7175000,0.6229000,0.4091000,0.7456000,0.5608000,0.3632000,0.8216000,0.4391000,0.5210000,0.4278215,0.7835263,0.1915905},
{0.6278115,0.7497893,0.0405009,0.5570194,0.7486522,-0.0392495,0.5489272,0.9007599,0.2267906,0.6581125,1.0059516,0.2330457,0.6851857,0.9623454,0.3540982,0.6857000,0.8231000,0.5039000,0.7060000,0.7210000,0.3920000,0.7170000,0.6227000,0.4088000,0.7454000,0.5606000,0.3630000,0.8214000,0.4392000,0.5210000,0.4176736,0.7835317,0.1938687},
{0.6245715,0.7477192,0.0381295,0.5529433,0.7469439,-0.0418057,0.5439354,0.8972276,0.2256035,0.6502238,1.0054231,0.2350997,0.6801726,0.9601994,0.3542829,0.6844000,0.8221000,0.5040000,0.7052000,0.7206000,0.3917000,0.7165000,0.6224000,0.4085000,0.7451000,0.5604000,0.3629000,0.8212000,0.4393000,0.5211000,0.4073262,0.7834260,0.1959538},
{0.6213343,0.7456437,0.0357488,0.5486082,0.7451204,-0.0445381,0.5390081,0.8936923,0.2243876,0.6422809,1.0046960,0.2370854,0.6751195,0.9579593,0.3544157,0.6825000,0.8213000,0.5045000,0.7042000,0.7203000,0.3915000,0.7160000,0.6222000,0.4083000,0.7448000,0.5603000,0.3627000,0.8210000,0.4395000,0.5211000,0.3968292,0.7832095,0.1978350},
{0.6179317,0.7434547,0.0332342,0.5441776,0.7432497,-0.0473452,0.5338956,0.8899725,0.2230790,0.6340928,1.0037421,0.2390459,0.6699418,0.9555833,0.3544958,0.6812000,0.8204000,0.5047000,0.7029000,0.7198000,0.3914000,0.7155000,0.6220000,0.4081000,0.7446000,0.5602000,0.3625000,0.8207000,0.4397000,0.5212000,0.3862945,0.7828859,0.1994954},
{0.6144400,0.7412002,0.0306406,0.5398692,0.7414237,-0.0500892,0.5287898,0.8862048,0.2217241,0.6259162,1.0025825,0.2409160,0.6646779,0.9530837,0.3545190,0.6793000,0.8195000,0.5053000,0.7030000,0.7197000,0.3911000,0.7149000,0.6217000,0.4078000,0.7443000,0.5601000,0.3624000,0.8204000,0.4399000,0.5213000,0.3757249,0.7824581,0.2009403},
{0.6109975,0.7389693,0.0280702,0.5355691,0.7395943,-0.0528421,0.5236133,0.8823301,0.2203009,0.6174874,1.0011702,0.2427521,0.6594260,0.9505047,0.3544831,0.6778000,0.8185000,0.5056000,0.7022000,0.7194000,0.3909000,0.7143000,0.6216000,0.4076000,0.7439000,0.5600000,0.3622000,0.8201000,0.4401000,0.5214000,0.3652647,0.7819357,0.2021583},
{0.6072622,0.7365395,0.0252665,0.5312494,0.7377497,-0.0556218,0.5184403,0.8784024,0.2188280,0.6089640,0.9995171,0.2445135,0.6542188,0.9478629,0.3543887,0.6765000,0.8175000,0.5057000,0.7014000,0.7191000,0.3907000,0.7137000,0.6213000,0.4074000,0.7435000,0.5598000,0.3622000,0.8199000,0.4403000,0.5216000,0.3549386,0.7813257,0.2031588},
{0.6038019,0.7342800,0.0226552,0.5271173,0.7359786,-0.0582944,0.5133393,0.8744743,0.2173254,0.6003695,0.9976196,0.2461921,0.6489806,0.9451194,0.3542342,0.6745000,0.8167000,0.5062000,0.7005000,0.7187000,0.3905000,0.7127000,0.6209000,0.4073000,0.7432000,0.5598000,0.3621000,0.8196000,0.4406000,0.5218000,0.3448078,0.7806377,0.2039486},
{0.6001619,0.7318943,0.0198939,0.5229054,0.7341668,-0.0610322,0.5083304,0.8705630,0.2158009,0.5919032,0.9955218,0.2477490,0.6439410,0.9423975,0.3540283,0.6729000,0.8157000,0.5064000,0.6996000,0.7183000,0.3902000,0.7117000,0.6205000,0.4072000,0.7429000,0.5596000,0.3620000,0.8194000,0.4409000,0.5220000,0.3347431,0.7798674,0.2045475},
{0.5965551,0.7295211,0.0171428,0.5187204,0.7323597,-0.0637664,0.5033081,0.8665864,0.2142225,0.5835397,0.9932241,0.2491915,0.6387509,0.9395086,0.3537569,0.6709000,0.8148000,0.5068000,0.6987000,0.7180000,0.3899000,0.7121000,0.6205000,0.4066000,0.7426000,0.5594000,0.3619000,0.8191000,0.4411000,0.5223000,0.3248803,0.7790293,0.2049560},
{0.5929670,0.7271512,0.0143915,0.5142217,0.7304098,-0.0667211,0.4984231,0.8626652,0.2126389,0.5754684,0.9907913,0.2504926,0.6336013,0.9365549,0.3534270,0.6691000,0.8138000,0.5069000,0.6980000,0.7177000,0.3896000,0.7116000,0.6202000,0.4063000,0.7423000,0.5592000,0.3619000,0.8189000,0.4414000,0.5226000,0.3151114,0.7781181,0.2051870},
{0.5892991,0.7247191,0.0115636,0.5101142,0.7286226,-0.0694329,0.4937711,0.8588812,0.2110854,0.5675036,0.9881798,0.2516873,0.6286422,0.9336268,0.3530513,0.6672000,0.8128000,0.5070000,0.6971000,0.7174000,0.3893000,0.7110000,0.6199000,0.4061000,0.7421000,0.5591000,0.3617000,0.8186000,0.4418000,0.5229000,0.3054554,0.7771380,0.2052452},
{0.5856112,0.7222642,0.0087047,0.5059967,0.7268244,-0.0721651,0.4889860,0.8549373,0.2094407,0.5596347,0.9853902,0.2527790,0.6236536,0.9305969,0.3526148,0.6652000,0.8118000,0.5071000,0.6964000,0.7171000,0.3889000,0.7105000,0.6196000,0.4058000,0.7419000,0.5589000,0.3617000,0.8184000,0.4421000,0.5233000,0.2958910,0.7760888,0.2051351},
{0.5821786,0.7199704,0.0060295,0.5017504,0.7249630,-0.0749971,0.4843862,0.8510957,0.2078139,0.5517519,0.9823827,0.2537824,0.6187770,0.9275514,0.3521302,0.6633000,0.8107000,0.5073000,0.6955000,0.7168000,0.3886000,0.7099000,0.6193000,0.4055000,0.7416000,0.5587000,0.3616000,0.8182000,0.4424000,0.5236000,0.2865469,0.7749876,0.2048645},
{0.5785780,0.7175551,0.0032084,0.4972538,0.7229841,-0.0780121,0.4799357,0.8473311,0.2061964,0.5440778,0.9792451,0.2546706,0.6139464,0.9244512,0.3515923,0.6614000,0.8095000,0.5074000,0.6946000,0.7164000,0.3884000,0.7094000,0.6191000,0.4053000,0.7414000,0.5586000,0.3615000,0.8180000,0.4428000,0.5239000,0.2774164,0.7738379,0.2044421},
{0.5752548,0.7153175,0.0005911,0.4936538,0.7213939,-0.0804381,0.4755530,0.8435768,0.2045610,0.5365837,0.9759766,0.2554514,0.6091576,0.9212942,0.3510009,0.6595000,0.8083000,0.5075000,0.6935000,0.7160000,0.3881000,0.7089000,0.6187000,0.4049000,0.7411000,0.5584000,0.3615000,0.8179000,0.4432000,0.5243000,0.2684023,0.7726300,0.2038692},
{0.5717866,0.7129737,-0.0021544,0.4894842,0.7195456,-0.0832614,0.4713191,0.8399049,0.2029400,0.5293009,0.9726011,0.2561260,0.6044905,0.9181348,0.3503674,0.6575000,0.8071000,0.5076000,0.6924000,0.7156000,0.3878000,0.7085000,0.6184000,0.4047000,0.7408000,0.5582000,0.3615000,0.8177000,0.4436000,0.5247000,0.2596965,0.7713931,0.2031654},
{0.5683865,0.7106672,-0.0048601,0.4854144,0.7177347,-0.0860312,0.4672673,0.8363484,0.2013502,0.5223508,0.9691917,0.2566901,0.5998497,0.9149103,0.3496799,0.6555000,0.8059000,0.5077000,0.6911000,0.7151000,0.3876000,0.7079000,0.6181000,0.4044000,0.7405000,0.5581000,0.3615000,0.8175000,0.4440000,0.5251000,0.2513620,0.7701426,0.2023496},
{0.5653776,0.7086188,-0.0072661,0.4817490,0.7160979,-0.0885379,0.4634094,0.8329226,0.1998006,0.5156380,0.9657187,0.2571588,0.5954128,0.9117480,0.3489675,0.6535000,0.8045000,0.5078000,0.6900000,0.7147000,0.3873000,0.7075000,0.6179000,0.4041000,0.7403000,0.5580000,0.3614000,0.8174000,0.4445000,0.5255000,0.2433356,0.7688753,0.2014288},
{0.5620892,0.7063724,-0.0099082,0.4780196,0.7144267,-0.0911002,0.4596892,0.8295820,0.1982726,0.5092328,0.9622350,0.2575342,0.5910443,0.9085560,0.3482117,0.6515000,0.8034000,0.5078000,0.6888000,0.7143000,0.3870000,0.7069000,0.6176000,0.4039000,0.7401000,0.5580000,0.3614000,0.8172000,0.4450000,0.5260000,0.2355336,0.7675821,0.2004024},
{0.5590267,0.7042729,-0.0123809,0.4741579,0.7126902,-0.0937662,0.4560933,0.8263175,0.1967633,0.5030162,0.9586899,0.2578291,0.5869271,0.9054743,0.3474485,0.6495000,0.8021000,0.5077000,0.6876000,0.7140000,0.3868000,0.7064000,0.6173000,0.4036000,0.7398000,0.5579000,0.3614000,0.8171000,0.4454000,0.5264000,0.2281658,0.7663035,0.1993104},
{0.5559820,0.7021785,-0.0148507,0.4708514,0.7111983,-0.0960591,0.4526368,0.8231459,0.1952821,0.4970141,0.9551087,0.2580469,0.5829036,0.9023917,0.3466534,0.6475000,0.8010000,0.5076000,0.6863000,0.7136000,0.3865000,0.7058000,0.6170000,0.4033000,0.7395000,0.5578000,0.3614000,0.8169000,0.4458000,0.5269000,0.2211228,0.7650272,0.1981508},
{0.5530866,0.7001802,-0.0172101,0.4674811,0.7096729,-0.0984063,0.4491988,0.8199579,0.1937784,0.4912076,0.9514908,0.2581926,0.5790477,0.8993694,0.3458442,0.6455000,0.7998000,0.5074000,0.6849000,0.7132000,0.3861000,0.7052000,0.6168000,0.4030000,0.7391000,0.5577000,0.3614000,0.8168000,0.4463000,0.5273000,0.2143970,0.7637571,0.1969337},
{0.5503879,0.6983118,-0.0194187,0.4639623,0.7080749,-0.1008676,0.4460152,0.8169754,0.1923584,0.4856734,0.9478972,0.2582700,0.5753936,0.8964418,0.3450333,0.6434000,0.7986000,0.5072000,0.6837000,0.7127000,0.3858000,0.7044000,0.6165000,0.4027000,0.7388000,0.5576000,0.3613000,0.8165000,0.4467000,0.5277000,0.2080989,0.7625206,0.1956929},
{0.5476532,0.6964126,-0.0216662,0.4608342,0.7066499,-0.1030651,0.4428758,0.8140051,0.1909316,0.4803311,0.9442885,0.2582856,0.5717852,0.8934879,0.3441890,0.6414000,0.7974000,0.5069000,0.6824000,0.7120000,0.3853000,0.7038000,0.6162000,0.4024000,0.7384000,0.5574000,0.3613000,0.8162000,0.4471000,0.5280000,0.2022223,0.7613240,0.1944432},
{0.5450186,0.6945773,-0.0238405,0.4580009,0.7053555,-0.1050630,0.4398906,0.8111532,0.1895499,0.4751753,0.9406708,0.2582435,0.5682447,0.8905270,0.3433171,0.6394000,0.7962000,0.5066000,0.6810000,0.7112000,0.3849000,0.7030000,0.6159000,0.4019000,0.7380000,0.5573000,0.3612000,0.8159000,0.4475000,0.5284000,0.1966486,0.7601491,0.1931725},
{0.5424901,0.6928108,-0.0259356,0.4548723,0.7039221,-0.1072777,0.4371206,0.8084824,0.1882455,0.4702002,0.9370492,0.2581477,0.5649333,0.8876992,0.3424611,0.6373000,0.7950000,0.5063000,0.6798000,0.7105000,0.3844000,0.7022000,0.6155000,0.4016000,0.7376000,0.5570000,0.3610000,0.8156000,0.4480000,0.5286000,0.1914234,0.7590109,0.1919024},
{0.5401641,0.6911812,-0.0278704,0.4522238,0.7027052,-0.1091597,0.4342940,0.8057321,0.1868918,0.4655141,0.9335161,0.2580058,0.5616232,0.8848141,0.3415649,0.6353000,0.7939000,0.5059000,0.6786000,0.7098000,0.3839000,0.7014000,0.6151000,0.4013000,0.7372000,0.5567000,0.3609000,0.8152000,0.4484000,0.5290000,0.1865826,0.7579232,0.1906548},
{0.5376945,0.6894463,-0.0299322,0.4495130,0.7014565,-0.1110926,0.4316990,0.8031846,0.1856286,0.4609980,0.9299948,0.2578198,0.5584204,0.8819649,0.3406578,0.6333000,0.7928000,0.5055000,0.6773000,0.7092000,0.3834000,0.7006000,0.6148000,0.4010000,0.7368000,0.5565000,0.3608000,0.8149000,0.4488000,0.5293000,0.1819872,0.7568600,0.1894045},
{0.5352525,0.6877258,-0.0319790,0.4468085,0.7002073,-0.1130279,0.4290888,0.8005999,0.1843377,0.4566349,0.9264799,0.2575924,0.5553734,0.8791996,0.3397569,0.6314000,0.7918000,0.5051000,0.6760000,0.7085000,0.3829000,0.6998000,0.6144000,0.4007000,0.7364000,0.5563000,0.3608000,0.8144000,0.4493000,0.5296000,0.1776453,0.7558265,0.1881616},
{0.5330576,0.6861753,-0.0338253,0.4446367,0.6992017,-0.1145870,0.4265939,0.7981080,0.1830844,0.4524307,0.9229838,0.2573271,0.5525449,0.8765830,0.3388862,0.6295000,0.7908000,0.5046000,0.6748000,0.7080000,0.3825000,0.6990000,0.6140000,0.4005000,0.7359000,0.5562000,0.3606000,0.8140000,0.4496000,0.5299000,0.1734694,0.7548052,0.1869074},
{0.5309323,0.6846702,-0.0356192,0.4421495,0.6980475,-0.1163781,0.4242397,0.7957370,0.1818840,0.4484434,0.9195650,0.2570318,0.5498416,0.8740359,0.3380219,0.6276000,0.7898000,0.5042000,0.6735000,0.7074000,0.3821000,0.6981000,0.6137000,0.4003000,0.7354000,0.5560000,0.3605000,0.8136000,0.4501000,0.5302000,0.1695890,0.7538308,0.1856878},
{0.5285225,0.6829590,-0.0376606,0.4398571,0.6969811,-0.1180341,0.4219369,0.7933992,0.1806929,0.4445572,0.9161323,0.2567015,0.5472568,0.8715566,0.3371651,0.6257000,0.7890000,0.5037000,0.6722000,0.7068000,0.3817000,0.6973000,0.6134000,0.3999000,0.7349000,0.5558000,0.3604000,0.8131000,0.4504000,0.5305000,0.1658510,0.7528682,0.1844616},
{0.5261875,0.6812963,-0.0396462,0.4374165,0.6958431,-0.1198027,0.4197092,0.7911195,0.1795242,0.4409790,0.9128802,0.2563586,0.5448056,0.8691643,0.3363240,0.6238000,0.7880000,0.5033000,0.6708000,0.7062000,0.3812000,0.6965000,0.6132000,0.3996000,0.7345000,0.5556000,0.3603000,0.8127000,0.4508000,0.5308000,0.1623417,0.7519421,0.1832624},
{0.5242329,0.6799009,-0.0413141,0.4351938,0.6948042,-0.1214184,0.4175943,0.7889385,0.1783995,0.4376609,0.9097829,0.2560062,0.5424257,0.8668018,0.3354798,0.6220000,0.7871000,0.5028000,0.6694000,0.7057000,0.3809000,0.6956000,0.6128000,0.3993000,0.7340000,0.5555000,0.3603000,0.8123000,0.4512000,0.5311000,0.1589261,0.7510190,0.1820487},
{0.5219439,0.6782628,-0.0432738,0.4327990,0.6936824,-0.1231647,0.4156132,0.7868804,0.1773322,0.4345420,0.9067972,0.2556434,0.5402289,0.8645850,0.3346756,0.6201000,0.7863000,0.5024000,0.6680000,0.7050000,0.3804000,0.6948000,0.6125000,0.3991000,0.7335000,0.5554000,0.3602000,0.8119000,0.4516000,0.5314000,0.1556402,0.7501097,0.1808358},
{0.5200251,0.6768860,-0.0449224,0.4306393,0.6926682,-0.1247445,0.4137345,0.7849150,0.1763076,0.4315170,0.9038299,0.2552613,0.5380756,0.8623772,0.3338631,0.6182000,0.7854000,0.5019000,0.6666000,0.7043000,0.3800000,0.6940000,0.6121000,0.3986000,0.7330000,0.5553000,0.3601000,0.8115000,0.4519000,0.5317000,0.1525911,0.7492466,0.1796688},
{0.5182502,0.6756098,-0.0464517,0.4285416,0.6916811,-0.1262832,0.4118256,0.7829039,0.1752538,0.4287303,0.9010316,0.2548820,0.5360091,0.8602249,0.3330601,0.6164000,0.7846000,0.5014000,0.6652000,0.7037000,0.3795000,0.6932000,0.6118000,0.3984000,0.7326000,0.5551000,0.3600000,0.8112000,0.4523000,0.5319000,0.1496700,0.7484015,0.1785117},
{0.5162465,0.6741657,-0.0481836,0.4266491,0.6907887,-0.1276752,0.4101065,0.7810806,0.1742937,0.4261371,0.8983698,0.2545045,0.5341076,0.8582143,0.3323003,0.6145000,0.7838000,0.5009000,0.6638000,0.7030000,0.3791000,0.6924000,0.6113000,0.3980000,0.7322000,0.5549000,0.3599000,0.8109000,0.4526000,0.5321000,0.1470030,0.7476136,0.1774202},
{0.5145882,0.6729679,-0.0496212,0.4249087,0.6899665,-0.1289586,0.4083472,0.7792023,0.1732999,0.4236547,0.8957676,0.2541202,0.5322363,0.8562065,0.3315323,0.6127000,0.7830000,0.5003000,0.6623000,0.7022000,0.3787000,0.6916000,0.6110000,0.3977000,0.7318000,0.5546000,0.3598000,0.8105000,0.4529000,0.5323000,0.1443766,0.7468217,0.1763114},
{0.5129285,0.6717667,-0.0510639,0.4228788,0.6890056,-0.1304593,0.4068146,0.7775557,0.1724248,0.4213959,0.8933522,0.2537504,0.5304918,0.8543077,0.3307976,0.6110000,0.7821000,0.4997000,0.6609000,0.7013000,0.3782000,0.6909000,0.6106000,0.3973000,0.7313000,0.5544000,0.3596000,0.8102000,0.4532000,0.5324000,0.1419542,0.7460769,0.1752575},
{0.5113209,0.6706009,-0.0524651,0.4209598,0.6880953,-0.1318819,0.4052577,0.7758731,0.1715268,0.4192922,0.8910605,0.2533882,0.5288586,0.8525055,0.3300929,0.6092000,0.7814000,0.4991000,0.6594000,0.7004000,0.3779000,0.6902000,0.6102000,0.3970000,0.7309000,0.5542000,0.3594000,0.8098000,0.4534000,0.5326000,0.1396802,0.7453644,0.1742398},
{0.5096851,0.6694122,-0.0538947,0.4196124,0.6874551,-0.1328830,0.4037630,0.7742479,0.1706558,0.4173108,0.8888635,0.2530307,0.5272717,0.8507311,0.3293919,0.6075000,0.7807000,0.4985000,0.6579000,0.6995000,0.3775000,0.6895000,0.6098000,0.3967000,0.7305000,0.5539000,0.3592000,0.8095000,0.4537000,0.5327000,0.1374705,0.7446592,0.1732235},
{0.5083091,0.6684106,-0.0551002,0.4178626,0.6866223,-0.1341859,0.4024382,0.7727995,0.1698766,0.4154219,0.8867333,0.2526748,0.5258662,0.8491397,0.3287573,0.6058000,0.7800000,0.4979000,0.6566000,0.6985000,0.3771000,0.6888000,0.6095000,0.3963000,0.7301000,0.5537000,0.3590000,0.8090000,0.4539000,0.5327000,0.1354946,0.7440175,0.1722909},
{0.5070610,0.6675005,-0.0561961,0.4162665,0.6858614,-0.1353771,0.4011815,0.7714185,0.1691309,0.4136936,0.8847527,0.2523358,0.5245464,0.8476278,0.3281492,0.6041000,0.7792000,0.4972000,0.6552000,0.6978000,0.3767000,0.6881000,0.6092000,0.3960000,0.7297000,0.5535000,0.3588000,0.8086000,0.4541000,0.5328000,0.1335513,0.7433758,0.1713509},
{0.5057214,0.6665222,-0.0573748,0.4149304,0.6852234,-0.1363763,0.4000134,0.7701284,0.1684321,0.4121625,0.8829722,0.2520246,0.5232732,0.8461527,0.3275511,0.6025000,0.7786000,0.4966000,0.6540000,0.6970000,0.3763000,0.6874000,0.6088000,0.3956000,0.7293000,0.5534000,0.3585000,0.8081000,0.4543000,0.5329000,0.1317583,0.7427741,0.1704628},
{0.5044439,0.6655877,-0.0585013,0.4135036,0.6845411,-0.1374454,0.3988414,0.7688280,0.1677254,0.4107684,0.8813294,0.2517320,0.5221243,0.8448073,0.3270015,0.6009000,0.7780000,0.4959000,0.6528000,0.6963000,0.3758000,0.6867000,0.6085000,0.3951000,0.7290000,0.5532000,0.3583000,0.8076000,0.4545000,0.5329000,0.1301681,0.7422322,0.1696578},
{0.5031165,0.6646151,-0.0596744,0.4119972,0.6838196,-0.1385765,0.3977790,0.7676437,0.1670799,0.4094747,0.8797858,0.2514524,0.5210439,0.8435293,0.3264758,0.5994000,0.7775000,0.4952000,0.6516000,0.6956000,0.3753000,0.6860000,0.6082000,0.3948000,0.7286000,0.5531000,0.3581000,0.8070000,0.4547000,0.5330000,0.1285487,0.7416724,0.1688208},
{0.5020190,0.6638098,-0.0606463,0.4107317,0.6832126,-0.1395286,0.3968027,0.7665508,0.1664825,0.4083109,0.8783813,0.2511942,0.5200425,0.8423335,0.3259806,0.5979000,0.7769000,0.4944000,0.6505000,0.6950000,0.3749000,0.6854000,0.6079000,0.3944000,0.7281000,0.5530000,0.3579000,0.8065000,0.4549000,0.5330000,0.1270888,0.7411604,0.1680506},
{0.5012035,0.6632106,-0.0613696,0.4095191,0.6826302,-0.1404425,0.3958796,0.7655134,0.1659139,0.4071831,0.8770056,0.2509377,0.5191661,0.8412778,0.3255409,0.5965000,0.7764000,0.4937000,0.6491000,0.6945000,0.3740000,0.6848000,0.6076000,0.3940000,0.7278000,0.5529000,0.3576000,0.8059000,0.4551000,0.5330000,0.1258304,0.7407134,0.1673746},
{0.4999799,0.6623106,-0.0624567,0.4080937,0.6819446,-0.1415187,0.3950678,0.7645976,0.1654108,0.4061101,0.8756829,0.2506879,0.5183052,0.8402322,0.3251031,0.5951000,0.7760000,0.4930000,0.6481000,0.6938000,0.3738000,0.6842000,0.6074000,0.3936000,0.7273000,0.5527000,0.3574000,0.8054000,0.4552000,0.5330000,0.1244873,0.7402303,0.1666402},
{0.4989724,0.6615684,-0.0633536,0.4069162,0.6813775,-0.1424094,0.3942311,0.7636505,0.1648893,0.4051786,0.8745235,0.2504663,0.5175992,0.8393683,0.3247396,0.5938000,0.7755000,0.4922000,0.6471000,0.6934000,0.3731000,0.6836000,0.6071000,0.3933000,0.7268000,0.5525000,0.3572000,0.8048000,0.4553000,0.5330000,0.1234000,0.7398346,0.1660357},
{0.4980778,0.6609086,-0.0641512,0.4060047,0.6809380,-0.1430999,0.3934893,0.7628081,0.1644244,0.4042806,0.8733960,0.2502485,0.5168528,0.8384486,0.3243509,0.5925000,0.7752000,0.4915000,0.6461000,0.6929000,0.3725000,0.6830000,0.6069000,0.3928000,0.7264000,0.5524000,0.3569000,0.8042000,0.4555000,0.5329000,0.1222780,0.7394217,0.1654023},
{0.4970410,0.6601430,-0.0650770,0.4050516,0.6804779,-0.1438230,0.3927346,0.7619481,0.1639488,0.4034824,0.8723854,0.2500514,0.5161284,0.8375496,0.3239691,0.5912000,0.7748000,0.4908000,0.6452000,0.6925000,0.3720000,0.6824000,0.6067000,0.3924000,0.7259000,0.5522000,0.3566000,0.8037000,0.4555000,0.5329000,0.1213128,0.7390628,0.1648493},
{0.4964898,0.6597355,-0.0655700,0.4040268,0.6799827,-0.1446015,0.3919997,0.7611080,0.1634833,0.4027456,0.8714455,0.2498665,0.5154897,0.8367515,0.3236288,0.5901000,0.7745000,0.4902000,0.6441000,0.6918000,0.3717000,0.6818000,0.6064000,0.3921000,0.7255000,0.5521000,0.3564000,0.8030000,0.4556000,0.5328000,0.1203274,0.7386926,0.1642768},
{0.4954720,0.6589825,-0.0664813,0.4028268,0.6794021,-0.1455146,0.3912033,0.7601947,0.1629761,0.4020581,0.8705623,0.2496913,0.5149175,0.8360322,0.3233209,0.5889000,0.7741000,0.4895000,0.6433000,0.6910000,0.3715000,0.6812000,0.6062000,0.3916000,0.7252000,0.5520000,0.3561000,0.8025000,0.4557000,0.5327000,0.1193995,0.7383406,0.1637303},
{0.4944621,0.6582343,-0.0673872,0.4020954,0.6790478,-0.1460719,0.3904797,0.7593620,0.1625127,0.4013457,0.8696407,0.2495070,0.5143081,0.8352616,0.3229899,0.5878000,0.7738000,0.4888000,0.6427000,0.6913000,0.3705000,0.6805000,0.6059000,0.3912000,0.7247000,0.5518000,0.3558000,0.8018000,0.4557000,0.5326000,0.1185722,0.7380238,0.1632368},
{0.4940356,0.6579180,-0.0677703,0.4012201,0.6786236,-0.1467396,0.3899071,0.7587011,0.1621443,0.4007683,0.8688889,0.2493557,0.5137304,0.8345265,0.3226729,0.5868000,0.7735000,0.4882000,0.6421000,0.6909000,0.3702000,0.6799000,0.6057000,0.3909000,0.7243000,0.5516000,0.3556000,0.8013000,0.4558000,0.5326000,0.1177487,0.7377057,0.1627395},
{0.4929620,0.6571211,-0.0687357,0.4004950,0.6782718,-0.1472934,0.3891927,0.7578743,0.1616825,0.4002030,0.8681485,0.2492056,0.5132080,0.8338581,0.3223837,0.5859000,0.7732000,0.4876000,0.6410000,0.6901000,0.3700000,0.6793000,0.6055000,0.3905000,0.7240000,0.5515000,0.3553000,0.8006000,0.4558000,0.5325000,0.1169505,0.7373946,0.1622518},
{0.4921014,0.6564816,-0.0695109,0.3998595,0.6779632,-0.1477792,0.3885150,0.7570875,0.1612422,0.3996498,0.8674198,0.2490571,0.5126669,0.8331619,0.3220815,0.5850000,0.7729000,0.4870000,0.6410000,0.6901000,0.3700000,0.6789000,0.6054000,0.3902000,0.7233000,0.5513000,0.3549000,0.8000000,0.4558000,0.5324000,0.1162036,0.7371010,0.1617900},
{0.4915884,0.6561000,-0.0699734,0.3992126,0.6776489,-0.1482743,0.3879452,0.7564241,0.1608704,0.3991225,0.8667216,0.2489138,0.5121864,0.8325404,0.3218108,0.5841000,0.7727000,0.4864000,0.6411000,0.6901000,0.3700000,0.6783000,0.6052000,0.3899000,0.7230000,0.5512000,0.3546000,0.7994000,0.4558000,0.5323000,0.1155157,0.7368285,0.1613600},
{0.4908186,0.6555269,-0.0706684,0.3986597,0.6773801,-0.1486977,0.3872327,0.7555921,0.1604032,0.3985536,0.8659638,0.2487575,0.5116518,0.8318452,0.3215070,0.5834000,0.7724000,0.4859000,0.6411000,0.6901000,0.3700000,0.6777000,0.6049000,0.3896000,0.7226000,0.5510000,0.3544000,0.7988000,0.4558000,0.5322000,0.1148868,0.7365775,0.1609630},
{0.4903510,0.6551785,-0.0710910,0.3982840,0.6771973,-0.1489856,0.3866154,0.7548692,0.1599964,0.3980320,0.8652652,0.2486125,0.5111907,0.8312423,0.3212428,0.5826000,0.7722000,0.4854000,0.6412000,0.6901000,0.3700000,0.6772000,0.6047000,0.3893000,0.7221000,0.5508000,0.3542000,0.7982000,0.4558000,0.5320000,0.1142991,0.7363412,0.1605884},
{0.4893486,0.6544310,-0.0719981,0.3980806,0.6770983,-0.1491416,0.3861156,0.7542823,0.1596657,0.3974535,0.8644859,0.2484498,0.5107315,0.8306390,0.3209776,0.5820000,0.7720000,0.4850000,0.6412000,0.6901000,0.3700000,0.6766000,0.6045000,0.3890000,0.7217000,0.5507000,0.3539000,0.7976000,0.4558000,0.5319000,0.1137594,0.7361229,0.1602414},
{0.4888572,0.6540641,-0.0724434,0.3977236,0.6769245,-0.1494154,0.3855102,0.7535697,0.1592635,0.3969130,0.8637535,0.2482960,0.5102271,0.8299727,0.3206839,0.5814000,0.7718000,0.4847000,0.6413000,0.6901000,0.3700000,0.6761000,0.6044000,0.3887000,0.7214000,0.5505000,0.3537000,0.7972000,0.4558000,0.5319000,0.1133643,0.7359622,0.1599856},
{0.4881035,0.6535011,-0.0731270,0.3972710,0.6767041,-0.1497628,0.3850531,0.7530302,0.1589586,0.3964296,0.8630949,0.2481569,0.5098586,0.8294835,0.3204677,0.5809000,0.7716000,0.4844000,0.6413000,0.6901000,0.3699000,0.6755000,0.6042000,0.3886000,0.7209000,0.5502000,0.3536000,0.7967000,0.4557000,0.5317000,0.1130717,0.7358427,0.1597950},
{0.4880376,0.6534519,-0.0731868,0.3968517,0.6764998,-0.1500848,0.3846019,0.7524967,0.1586566,0.3959713,0.8624674,0.2480237,0.5093865,0.8288540,0.3201886,0.5805000,0.7714000,0.4841000,0.6414000,0.6901000,0.3699000,0.6751000,0.6041000,0.3884000,0.7206000,0.5501000,0.3534000,0.7962000,0.4557000,0.5316000,0.1127767,0.7357217,0.1596020},
{0.4876819,0.6531859,-0.0735098,0.3968517,0.6764998,-0.1500848,0.3843076,0.7521480,0.1584591,0.3955899,0.8619429,0.2479119,0.5090810,0.8284449,0.3200068,0.5800000,0.7713000,0.4839000,0.6414000,0.6901000,0.3699000,0.6744000,0.6039000,0.3882000,0.7202000,0.5501000,0.3532000,0.7958000,0.4556000,0.5315000,0.1125826,0.7356420,0.1594745},
{0.4871958,0.6528223,-0.0739515,0.3964840,0.6763206,-0.1503673,0.3840081,0.7517927,0.1582576,0.3953144,0.8615626,0.2478306,0.5087765,0.8280356,0.3198246,0.5796000,0.7711000,0.4836000,0.6415000,0.6901000,0.3699000,0.6739000,0.6038000,0.3880000,0.7197000,0.5499000,0.3531000,0.7954000,0.4555000,0.5314000,0.1123537,0.7355476,0.1593237},
{0.4870282,0.6526969,-0.0741038,0.3964840,0.6763206,-0.1503673,0.3836461,0.7513626,0.1580135,0.3949851,0.8611067,0.2477328,0.5084862,0.8276442,0.3196501,0.5792000,0.7710000,0.4833000,0.6415000,0.6901000,0.3699000,0.6735000,0.6037000,0.3878000,0.7194000,0.5497000,0.3529000,0.7950000,0.4554000,0.5313000,0.1121668,0.7354704,0.1592001},
{0.4865894,0.6523683,-0.0745031,0.3963472,0.6762539,-0.1504725,0.3835580,0.7512578,0.1579539,0.3947285,0.8607502,0.2476560,0.5083010,0.8273938,0.3195382,0.5788000,0.7709000,0.4830000,0.6416000,0.6900000,0.3699000,0.6731000,0.6035000,0.3877000,0.7192000,0.5497000,0.3525000,0.7945000,0.4554000,0.5311000,0.1121148,0.7354489,0.1591657},
{0.4863014,0.6521526,-0.0747651,0.3962330,0.6761982,-0.1505603,0.3832448,0.7508849,0.1577421,0.3944168,0.8603160,0.2475623,0.5081208,0.8271496,0.3194290,0.5785000,0.7709000,0.4827000,0.6416000,0.6900000,0.3699000,0.6727000,0.6034000,0.3875000,0.7187000,0.5494000,0.3526000,0.7942000,0.4553000,0.5310000,0.1119721,0.7353898,0.1590710},
{0.4861879,0.6520675,-0.0748685,0.3959298,0.6760503,-0.1507935,0.3830515,0.7506545,0.1576111,0.3941497,0.8599427,0.2474815,0.5079363,0.8268991,0.3193168,0.5783000,0.7708000,0.4824000,0.6417000,0.6900000,0.3699000,0.6724000,0.6033000,0.3873000,0.7184000,0.5493000,0.3523000,0.7938000,0.4552000,0.5308000,0.1118176,0.7353257,0.1589682},
{0.4860151,0.6519380,-0.0750259,0.3959298,0.6760503,-0.1507935,0.3828735,0.7504422,0.1574902,0.3938684,0.8595483,0.2473958,0.5077664,0.8266680,0.3192133,0.5780000,0.7707000,0.4821000,0.6417000,0.6900000,0.3699000,0.6720000,0.6031000,0.3871000,0.7182000,0.5492000,0.3522000,0.7936000,0.4551000,0.5307000,0.1117127,0.7352821,0.1588983},
{0.4857020,0.6517033,-0.0753112,0.3957075,0.6759418,-0.1509645,0.3827230,0.7502624,0.1573879,0.3936464,0.8592362,0.2473279,0.5075830,0.8264179,0.3191011,0.5778000,0.7706000,0.4818000,0.6418000,0.6900000,0.3699000,0.6718000,0.6030000,0.3869000,0.7182000,0.5493000,0.3519000,0.7933000,0.4550000,0.5306000,0.1115713,0.7352233,0.1588039},
{0.4855796,0.6516116,-0.0754227,0.3955542,0.6758670,-0.1510825,0.3826400,0.7501632,0.1573315,0.3935360,0.8590806,0.2472939,0.5073847,0.8261471,0.3189794,0.5775000,0.7705000,0.4816000,0.6418000,0.6900000,0.3699000,0.6716000,0.6028000,0.3868000,0.7176000,0.5489000,0.3520000,0.7930000,0.4549000,0.5305000,0.1114162,0.7351586,0.1587000},
{0.4855796,0.6516116,-0.0754227,0.3954403,0.6758114,-0.1511702,0.3825220,0.7500222,0.1572511,0.3934707,0.8589886,0.2472738,0.5072291,0.8259339,0.3188835,0.5773000,0.7704000,0.4814000,0.6419000,0.6900000,0.3699000,0.6714000,0.6027000,0.3866000,0.7175000,0.5487000,0.3519000,0.7928000,0.4548000,0.5304000,0.1113338,0.7351242,0.1586448},
{0.4853628,0.6514489,-0.0756205,0.3952773,0.6757319,-0.1512957,0.3824281,0.7499100,0.1571872,0.3934183,0.8589147,0.2472577,0.5070751,0.8257227,0.3187884,0.5770000,0.7702000,0.4812000,0.6419000,0.6900000,0.3699000,0.6712000,0.6025000,0.3865000,0.7174000,0.5486000,0.3517000,0.7926000,0.4547000,0.5303000,0.1110747,0.7350158,0.1584705},
{0.4853628,0.6514489,-0.0756205,0.3951752,0.6756820,-0.1513743,0.3823810,0.7498536,0.1571551,0.3934436,0.8589503,0.2472655,0.5069651,0.8255715,0.3187203,0.5768000,0.7701000,0.4810000,0.6420000,0.6900000,0.3699000,0.6709000,0.6023000,0.3864000,0.7174000,0.5486000,0.3514000,0.7923000,0.4546000,0.5302000,0.1109689,0.7349714,0.1583991},
{0.4853628,0.6514489,-0.0756205,0.3951752,0.6756820,-0.1513743,0.3823230,0.7497843,0.1571155,0.3934003,0.8588893,0.2472522,0.5068531,0.8254175,0.3186508,0.5767000,0.7700000,0.4807000,0.6420000,0.6900000,0.3699000,0.6708000,0.6023000,0.3863000,0.7173000,0.5484000,0.3513000,0.7922000,0.4545000,0.5301000,0.1107622,0.7348846,0.1582593},
{0.4852568,0.6513695,-0.0757171,0.3948311,0.6755140,-0.1516393,0.3823217,0.7497826,0.1571146,0.3932895,0.8587329,0.2472180,0.5067911,0.8253321,0.3186123,0.5765000,0.7700000,0.4805000,0.6421000,0.6900000,0.3699000,0.6707000,0.6022000,0.3862000,0.7171000,0.5483000,0.3512000,0.7920000,0.4545000,0.5300000,0.1104961,0.7347724,0.1580787},
{0.4852568,0.6513695,-0.0757171,0.3948311,0.6755140,-0.1516393,0.3823217,0.7497826,0.1571146,0.3931560,0.8585441,0.2471766,0.5066909,0.8251940,0.3185500,0.5763000,0.7699000,0.4804000,0.6421000,0.6899000,0.3699000,0.6706000,0.6021000,0.3861000,0.7168000,0.5480000,0.3513000,0.7919000,0.4544000,0.5299000,0.1102664,0.7346753,0.1579221},
{0.4851535,0.6512919,-0.0758113,0.3946660,0.6754333,-0.1517666,0.3822997,0.7497563,0.1570996,0.3930314,0.8583676,0.2471379,0.5066155,0.8250901,0.3185030,0.5761000,0.7699000,0.4803000,0.6422000,0.6899000,0.3699000,0.6705000,0.6021000,0.3860000,0.7167000,0.5479000,0.3512000,0.7918000,0.4543000,0.5299000,0.1099624,0.7345464,0.1577139},
{0.4851535,0.6512919,-0.0758113,0.3946660,0.6754333,-0.1517666,0.3823437,0.7498090,0.1571296,0.3929099,0.8581954,0.2471001,0.5065357,0.8249797,0.3184532,0.5760000,0.7698000,0.4802000,0.6422000,0.6899000,0.3699000,0.6705000,0.6020000,0.3859000,0.7167000,0.5478000,0.3511000,0.7916000,0.4543000,0.5298000,0.1097792,0.7344684,0.1575879},
{0.4852541,0.6513674,-0.0757196,0.3945213,0.6753626,-0.1518781,0.3824910,0.7499852,0.1572300,0.3928345,0.8580883,0.2470766,0.5064682,0.8248865,0.3184110,0.5758000,0.7698000,0.4802000,0.6423000,0.6899000,0.3699000,0.6704000,0.6020000,0.3859000,0.7166000,0.5478000,0.3511000,0.7916000,0.4542000,0.5298000,0.1096268,0.7344035,0.1574828},
{0.4852541,0.6513674,-0.0757196,0.3943648,0.6752861,-0.1519988,0.3825398,0.7500435,0.1572633,0.3928546,0.8581168,0.2470829,0.5064106,0.8248069,0.3183750,0.5757000,0.7698000,0.4801000,0.6423000,0.6899000,0.3699000,0.6704000,0.6020000,0.3858000,0.7166000,0.5478000,0.3510000,0.7914000,0.4542000,0.5297000,0.1093985,0.7343059,0.1573248},
{0.4852541,0.6513674,-0.0757196,0.3942445,0.6752273,-0.1520916,0.3827132,0.7502507,0.1573812,0.3928215,0.8580698,0.2470726,0.5063870,0.8247741,0.3183602,0.5756000,0.7697000,0.4801000,0.6424000,0.6899000,0.3699000,0.6704000,0.6020000,0.3857000,0.7165000,0.5478000,0.3510000,0.7913000,0.4542000,0.5297000,0.1090649,0.7341628,0.1570930},
{0.4852541,0.6513674,-0.0757196,0.3940989,0.6751562,-0.1522038,0.3827132,0.7502507,0.1573812,0.3927554,0.8579759,0.2470519,0.5064043,0.8247981,0.3183710,0.5755000,0.7698000,0.4801000,0.6424000,0.6899000,0.3699000,0.6703000,0.6021000,0.3856000,0.7164000,0.5478000,0.3510000,0.7912000,0.4542000,0.5296000,0.1087692,0.7340355,0.1568864}
};
