fitErrPi Mean = 0.0163698
fitErrTh Mean = 0.357659
fitErrWr Mean = 0.010836
fitErrLA Mean = 0.373543
fitErrEl Mean = 0.434067
fitErrUA Mean = 0.211804
efPts = {
{0.5444315,0.7956467,0.1251346,0.5730749,0.7324449,0.0597755,0.7556342,0.8204403,0.0721624,0.9305607,0.8482680,0.1630272,0.2453010,0.3130253,0.2165845,0.6695000,0.8513000,0.4494000,0.6670000,0.7563000,0.3476000,0.6988000,0.6786000,0.3615000,0.7118000,0.6113000,0.3903000,0.7735000,0.5467000,0.4819000,0.0216248,0.8329470,0.0262762},
{0.5398785,0.7986231,0.1304194,0.5702115,0.7316881,0.0575254,0.7538218,0.8186150,0.0715486,0.9296198,0.8467525,0.1632426,0.5213954,0.6944438,0.2856600,0.6668000,0.8516000,0.4485000,0.6649000,0.7564000,0.3468000,0.6967000,0.6786000,0.3609000,0.7092000,0.6118000,0.3899000,0.7709000,0.5471000,0.4818000,0.4636565,0.8065733,0.0824168},
{0.5342212,0.8018835,0.1361567,0.5670706,0.7308537,0.0550481,0.7518620,0.8166366,0.0708821,0.9284068,0.8447944,0.1635206,0.5196794,0.6954811,0.2861338,0.6642000,0.8518000,0.4478000,0.6627000,0.7563000,0.3462000,0.6944000,0.6786000,0.3603000,0.7092000,0.6118000,0.3899000,0.7682000,0.5476000,0.4818000,0.4601781,0.8096040,0.0879456},
{0.5274948,0.8053046,0.1421161,0.5638595,0.7299961,0.0525056,0.7496195,0.8143667,0.0701159,0.9272232,0.8428790,0.1637922,0.5180610,0.6964556,0.2865797,0.6614000,0.8520000,0.4475000,0.6606000,0.7563000,0.3458000,0.6922000,0.6787000,0.3597000,0.7070000,0.6119000,0.3895000,0.7656000,0.5480000,0.4817000,0.4556461,0.8130802,0.0941496},
{0.5195399,0.8088823,0.1482773,0.5603249,0.7290466,0.0496954,0.7471509,0.8118603,0.0692680,0.9258152,0.8405947,0.1641157,0.5162841,0.6975212,0.2870681,0.6592000,0.8524000,0.4465000,0.6589000,0.7568000,0.3457000,0.6899000,0.6786000,0.3592000,0.7049000,0.6120000,0.3891000,0.7629000,0.5483000,0.4816000,0.4499085,0.8169639,0.1009104},
{0.5104681,0.8124974,0.1544233,0.5565031,0.7280136,0.0466432,0.7444965,0.8091565,0.0683512,0.9243132,0.8381505,0.1644613,0.5146564,0.6984936,0.2875145,0.6565000,0.8529000,0.4463000,0.6567000,0.7567000,0.3451000,0.6876000,0.6786000,0.3586000,0.7027000,0.6120000,0.3887000,0.7603000,0.5486000,0.4815000,0.4429611,0.8211349,0.1079723},
{0.5003571,0.8160776,0.1604233,0.5525294,0.7269325,0.0434545,0.7418645,0.8064663,0.0674368,0.9225972,0.8353487,0.1648567,0.5127732,0.6996141,0.2880297,0.6544000,0.8528000,0.4453000,0.6543000,0.7565000,0.3446000,0.6853000,0.6784000,0.3581000,0.7005000,0.6122000,0.3883000,0.7577000,0.5490000,0.4815000,0.4348923,0.8254619,0.1150803},
{0.4892157,0.8195901,0.1662155,0.5483036,0.7257748,0.0400467,0.7387896,0.8033120,0.0663617,0.9209705,0.8326838,0.1652322,0.5109380,0.7007012,0.2885306,0.6521000,0.8530000,0.4449000,0.6520000,0.7563000,0.3441000,0.6829000,0.6783000,0.3576000,0.6985000,0.6123000,0.3879000,0.7551000,0.5494000,0.4814000,0.4256093,0.8299377,0.1221956},
{0.4775140,0.8228833,0.1715493,0.5438293,0.7245401,0.0364193,0.7357467,0.8001781,0.0652907,0.9190443,0.8295168,0.1656776,0.5088405,0.7019381,0.2891016,0.6497000,0.8530000,0.4443000,0.6497000,0.7560000,0.3437000,0.6806000,0.6780000,0.3571000,0.6965000,0.6126000,0.3874000,0.7525000,0.5497000,0.4814000,0.4150232,0.8345474,0.1292640},
{0.4652951,0.8259615,0.1764363,0.5392191,0.7232582,0.0326611,0.7323694,0.7966854,0.0640935,0.9169961,0.8261352,0.1661522,0.5065153,0.7033023,0.2897326,0.6473000,0.8530000,0.4438000,0.6474000,0.7556000,0.3432000,0.6782000,0.6778000,0.3565000,0.6942000,0.6124000,0.3872000,0.7500000,0.5501000,0.4815000,0.4035682,0.8390741,0.1359369},
{0.4526708,0.8288117,0.1808604,0.5346368,0.7219742,0.0289046,0.7292416,0.7934372,0.0629768,0.9150806,0.8229598,0.1665970,0.5039781,0.7047824,0.2904190,0.6448000,0.8530000,0.4433000,0.6452000,0.7553000,0.3425000,0.6757000,0.6774000,0.3561000,0.6920000,0.6125000,0.3869000,0.7475000,0.5505000,0.4815000,0.3914347,0.8434495,0.1421180},
{0.4398852,0.8313999,0.1847760,0.5299922,0.7206629,0.0250758,0.7257667,0.7898130,0.0617272,0.9128867,0.8193073,0.1671074,0.5013692,0.7062953,0.2911224,0.6423000,0.8528000,0.4427000,0.6430000,0.7550000,0.3421000,0.6757000,0.6774000,0.3561000,0.6898000,0.6126000,0.3865000,0.7449000,0.5509000,0.4815000,0.3786821,0.8476635,0.1478012},
{0.4268956,0.8337557,0.1882357,0.5254655,0.7193750,0.0213233,0.7222348,0.7861127,0.0604474,0.9106656,0.8155925,0.1676253,0.4985629,0.7079124,0.2918763,0.6398000,0.8526000,0.4422000,0.6408000,0.7546000,0.3416000,0.6752000,0.6771000,0.3559000,0.6877000,0.6127000,0.3861000,0.7424000,0.5514000,0.4815000,0.3655835,0.8516431,0.1529010},
{0.4136604,0.8358990,0.1912743,0.5208355,0.7180477,0.0174639,0.7184729,0.7821526,0.0590732,0.9082499,0.8115328,0.1681900,0.4959026,0.7094356,0.2925884,0.6371000,0.8524000,0.4417000,0.6384000,0.7542000,0.3411000,0.6746000,0.6768000,0.3558000,0.6855000,0.6129000,0.3856000,0.7398000,0.5517000,0.4815000,0.3522805,0.8553696,0.1574138},
{0.4003601,0.8378126,0.1938727,0.5162171,0.7167137,0.0135924,0.7145264,0.7779773,0.0576194,0.9060524,0.8078218,0.1687048,0.4927546,0.7112258,0.2934278,0.6344000,0.8521000,0.4413000,0.6363000,0.7538000,0.3405000,0.6740000,0.6765000,0.3556000,0.6834000,0.6130000,0.3852000,0.7372000,0.5522000,0.4815000,0.3390384,0.8587979,0.1613113},
{0.3874128,0.8394595,0.1959936,0.5115058,0.7153422,0.0096207,0.7104293,0.7736199,0.0560968,0.9036631,0.8037675,0.1692660,0.4897237,0.7129370,0.2942326,0.6316000,0.8518000,0.4408000,0.6339000,0.7533000,0.3399000,0.6735000,0.6762000,0.3555000,0.6813000,0.6131000,0.3847000,0.7346000,0.5526000,0.4814000,0.3257359,0.8619851,0.1646835},
{0.3741888,0.8409340,0.1977667,0.5068078,0.7139640,0.0056374,0.7064948,0.7694133,0.0546217,0.9011290,0.7994449,0.1698627,0.4865374,0.7147228,0.2950753,0.6287000,0.8513000,0.4403000,0.6316000,0.7527000,0.3393000,0.6729000,0.6760000,0.3553000,0.6792000,0.6132000,0.3841000,0.7320000,0.5530000,0.4813000,0.3125638,0.8649064,0.1675268},
{0.3610875,0.8421972,0.1991491,0.5019320,0.7125224,0.0014793,0.7024040,0.7650165,0.0530746,0.8986373,0.7951720,0.1704510,0.4832212,0.7165672,0.2959485,0.6259000,0.8509000,0.4399000,0.6291000,0.7522000,0.3386000,0.6724000,0.6757000,0.3552000,0.6771000,0.6134000,0.3836000,0.7294000,0.5535000,0.4812000,0.2995002,0.8675873,0.1698889},
{0.3479952,0.8432697,0.2001713,0.4969123,0.7110260,-0.0028274,0.6985004,0.7607986,0.0515852,0.8961786,0.7909334,0.1710330,0.4798717,0.7184155,0.2968267,0.6229000,0.8505000,0.4393000,0.6265000,0.7516000,0.3381000,0.6718000,0.6754000,0.3550000,0.6748000,0.6136000,0.3830000,0.7268000,0.5540000,0.4810000,0.2865915,0.8700350,0.1717970},
{0.3350513,0.8441485,0.2008380,0.4917667,0.7094793,-0.0072697,0.6946382,0.7566039,0.0500990,0.8936251,0.7865076,0.1716391,0.4765410,0.7202389,0.2976960,0.6199000,0.8502000,0.4388000,0.6239000,0.7509000,0.3375000,0.6712000,0.6751000,0.3549000,0.6727000,0.6137000,0.3824000,0.7242000,0.5545000,0.4807000,0.2739219,0.8722498,0.1732731},
{0.3224994,0.8448310,0.2011632,0.4867412,0.7079559,-0.0116354,0.6908400,0.7524577,0.0486252,0.8910677,0.7820507,0.1722477,0.4732685,0.7220164,0.2985465,0.6168000,0.8498000,0.4384000,0.6214000,0.7503000,0.3370000,0.6707000,0.6748000,0.3547000,0.6706000,0.6139000,0.3817000,0.7216000,0.5550000,0.4805000,0.2615006,0.8742456,0.1743491},
{0.3103404,0.8453341,0.2011791,0.4819108,0.7064798,-0.0158570,0.6870885,0.7483417,0.0471574,0.8885803,0.7776921,0.1728414,0.4700055,0.7237751,0.2993908,0.6137000,0.8493000,0.4378000,0.6188000,0.7497000,0.3364000,0.6701000,0.6745000,0.3546000,0.6686000,0.6141000,0.3810000,0.7191000,0.5555000,0.4802000,0.2494323,0.8760210,0.1750482},
{0.2985869,0.8456727,0.2009148,0.4771716,0.7050200,-0.0200234,0.6834236,0.7443006,0.0457118,0.8861953,0.7734906,0.1734121,0.4670198,0.7253722,0.3001602,0.6106000,0.8488000,0.4374000,0.6162000,0.7490000,0.3360000,0.6696000,0.6743000,0.3544000,0.6667000,0.6143000,0.3804000,0.7166000,0.5560000,0.4800000,0.2379230,0.8775651,0.1753997},
{0.2874324,0.8458588,0.2004079,0.4726269,0.7036094,-0.0240419,0.6797060,0.7401811,0.0442334,0.8836610,0.7690021,0.1740202,0.4642321,0.7268531,0.3008759,0.6075000,0.8483000,0.4370000,0.6136000,0.7483000,0.3355000,0.6690000,0.6740000,0.3543000,0.6647000,0.6145000,0.3798000,0.7142000,0.5565000,0.4797000,0.2267975,0.8789193,0.1754468},
{0.2767578,0.8459121,0.1996863,0.4683432,0.7022701,-0.0278503,0.6759154,0.7359591,0.0427135,0.8813035,0.7648042,0.1745875,0.4613647,0.7283660,0.3016092,0.6043000,0.8478000,0.4366000,0.6111000,0.7475000,0.3351000,0.6684000,0.6737000,0.3541000,0.6627000,0.6145000,0.3791000,0.7118000,0.5569000,0.4795000,0.2162611,0.8800755,0.1752243},
{0.2665774,0.8458469,0.1987787,0.4638734,0.7008624,-0.0318459,0.6725122,0.7321499,0.0413380,0.8790414,0.7607554,0.1751332,0.4586244,0.7298020,0.3023075,0.6011000,0.8473000,0.4362000,0.6086000,0.7467000,0.3347000,0.6679000,0.6734000,0.3539000,0.6608000,0.6146000,0.3785000,0.7094000,0.5574000,0.4792000,0.2061372,0.8810692,0.1747624},
{0.2568010,0.8456754,0.1977007,0.4594498,0.6994590,-0.0358222,0.6690731,0.7282825,0.0399374,0.8765833,0.7563327,0.1757277,0.4561299,0.7311009,0.3029409,0.5979000,0.8468000,0.4359000,0.6063000,0.7462000,0.3342000,0.6673000,0.6731000,0.3538000,0.6589000,0.6147000,0.3779000,0.7071000,0.5577000,0.4790000,0.1964187,0.8819128,0.1740859},
{0.2476135,0.8454141,0.1964982,0.4552581,0.6981195,-0.0396104,0.6656700,0.7244374,0.0385409,0.8744295,0.7524375,0.1762501,0.4537099,0.7323535,0.3035534,0.5947000,0.8463000,0.4355000,0.6038000,0.7452000,0.3338000,0.6668000,0.6728000,0.3536000,0.6569000,0.6148000,0.3773000,0.7047000,0.5582000,0.4787000,0.1870853,0.8826188,0.1732160},
{0.2388183,0.8450702,0.1951695,0.4509412,0.6967303,-0.0435328,0.6626255,0.7209821,0.0372826,0.8722106,0.7484047,0.1767896,0.4513403,0.7335728,0.3041512,0.5916000,0.8457000,0.4351000,0.6016000,0.7444000,0.3334000,0.6662000,0.6726000,0.3535000,0.6550000,0.6149000,0.3768000,0.7024000,0.5586000,0.4785000,0.1782196,0.8831922,0.1721840},
{0.2305397,0.8446597,0.1937546,0.4471392,0.6954984,-0.0470051,0.6596145,0.7175504,0.0360297,0.8699465,0.7442689,0.1773415,0.4490412,0.7347491,0.3047295,0.5887000,0.8450000,0.4345000,0.5991000,0.7435000,0.3331000,0.6657000,0.6723000,0.3533000,0.6531000,0.6149000,0.3762000,0.7003000,0.5590000,0.4782000,0.1697952,0.8836464,0.1710114},
{0.2227454,0.8441935,0.1922714,0.4434178,0.6942849,-0.0504202,0.6565921,0.7140912,0.0347636,0.8679336,0.7405741,0.1778334,0.4469216,0.7358277,0.3052611,0.5858000,0.8444000,0.4341000,0.5968000,0.7426000,0.3328000,0.6651000,0.6720000,0.3532000,0.6512000,0.6149000,0.3757000,0.6981000,0.5594000,0.4779000,0.1620208,0.8839841,0.1697573},
{0.2155968,0.8436950,0.1907769,0.4398821,0.6931250,-0.0536799,0.6538232,0.7109090,0.0335960,0.8657354,0.7365195,0.1783719,0.4448118,0.7368956,0.3057887,0.5837000,0.8434000,0.4330000,0.5946000,0.7419000,0.3324000,0.6645000,0.6717000,0.3530000,0.6494000,0.6148000,0.3751000,0.6961000,0.5597000,0.4777000,0.1549455,0.8842210,0.1684669},
{0.2088685,0.8431614,0.1892481,0.4370155,0.6921795,-0.0563335,0.6512809,0.7079764,0.0325176,0.8639690,0.7332465,0.1788057,0.4426750,0.7379716,0.3063216,0.5807000,0.8428000,0.4326000,0.5924000,0.7412000,0.3323000,0.6640000,0.6714000,0.3529000,0.6478000,0.6147000,0.3746000,0.6942000,0.5601000,0.4774000,0.1484169,0.8843775,0.1671449},
{0.2024758,0.8425939,0.1876811,0.4337351,0.6910918,-0.0593824,0.6487247,0.7050170,0.0314271,0.8622728,0.7300909,0.1792231,0.4405916,0.7390151,0.3068397,0.5777000,0.8422000,0.4322000,0.5903000,0.7403000,0.3320000,0.6634000,0.6711000,0.3527000,0.6462000,0.6146000,0.3740000,0.6923000,0.5603000,0.4771000,0.1422060,0.8844688,0.1657656},
{0.1964997,0.8420077,0.1861108,0.4305562,0.6900320,-0.0623492,0.6460588,0.7019191,0.0302830,0.8603005,0.7264061,0.1797095,0.4387849,0.7399157,0.3072878,0.5748000,0.8415000,0.4318000,0.5883000,0.7395000,0.3317000,0.6629000,0.6709000,0.3526000,0.6445000,0.6144000,0.3735000,0.6905000,0.5606000,0.4769000,0.1364195,0.8845013,0.1643691},
{0.1909491,0.8414128,0.1845569,0.4275821,0.6890353,-0.0651360,0.6438083,0.6992945,0.0293118,0.8587583,0.7235129,0.1800907,0.4369561,0.7408231,0.3077403,0.5712000,0.8413000,0.4319000,0.5863000,0.7388000,0.3313000,0.6623000,0.6706000,0.3524000,0.6429000,0.6142000,0.3730000,0.6887000,0.5608000,0.4765000,0.1308364,0.8844822,0.1629152},
{0.1857005,0.8408036,0.1829992,0.4245279,0.6880064,-0.0680092,0.6412543,0.6963058,0.0282036,0.8570253,0.7202492,0.1805198,0.4351352,0.7417225,0.3081897,0.5682000,0.8409000,0.4316000,0.5844000,0.7380000,0.3310000,0.6617000,0.6703000,0.3523000,0.6412000,0.6140000,0.3724000,0.6869000,0.5610000,0.4762000,0.1255097,0.8844159,0.1614263},
{0.1806945,0.8401783,0.1814295,0.4215079,0.6869838,-0.0708615,0.6395041,0.6942513,0.0274404,0.8554611,0.7172918,0.1809080,0.4333624,0.7425942,0.3086262,0.5642000,0.8405000,0.4319000,0.5825000,0.7373000,0.3306000,0.6612000,0.6700000,0.3521000,0.6396000,0.6137000,0.3719000,0.6852000,0.5612000,0.4759000,0.1204529,0.8843073,0.1599164},
{0.1759836,0.8395485,0.1798740,0.4184036,0.6859270,-0.0738054,0.6374240,0.6918026,0.0265294,0.8539846,0.7144902,0.1812751,0.4316483,0.7434332,0.3090473,0.5588000,0.8404000,0.4324000,0.5806000,0.7365000,0.3302000,0.6606000,0.6697000,0.3520000,0.6381000,0.6135000,0.3714000,0.6836000,0.5614000,0.4756000,0.1157854,0.8841658,0.1584353},
{0.1714770,0.8389066,0.1783115,0.4157910,0.6850332,-0.0762923,0.6355354,0.6895730,0.0256985,0.8525793,0.7118146,0.1816251,0.4299546,0.7442587,0.3094624,0.5588000,0.8404000,0.4324000,0.5789000,0.7357000,0.3297000,0.6601000,0.6694000,0.3518000,0.6367000,0.6133000,0.3709000,0.6820000,0.5616000,0.4754000,0.1113016,0.8839906,0.1569296},
{0.1672911,0.8382742,0.1767916,0.4132490,0.6841597,-0.0787202,0.6334071,0.6870528,0.0247577,0.8513119,0.7093937,0.1819413,0.4283589,0.7450333,0.3098527,0.5577000,0.8387000,0.4286000,0.5772000,0.7352000,0.3290000,0.6595000,0.6692000,0.3517000,0.6353000,0.6131000,0.3703000,0.6805000,0.5618000,0.4751000,0.1071231,0.8837911,0.1554498},
{0.1633437,0.8376443,0.1752949,0.4103218,0.6831490,-0.0815265,0.6314570,0.6847369,0.0238918,0.8502717,0.7074013,0.1822012,0.4268734,0.7457514,0.3102152,0.5551000,0.8381000,0.4280000,0.5754000,0.7339000,0.3287000,0.6589000,0.6689000,0.3515000,0.6339000,0.6128000,0.3699000,0.6791000,0.5619000,0.4748000,0.1031550,0.8835677,0.1539725},
{0.1596062,0.8370165,0.1738183,0.4078103,0.6822778,-0.0839430,0.6295352,0.6824479,0.0230345,0.8490479,0.7050507,0.1825074,0.4254139,0.7464544,0.3105707,0.5526000,0.8374000,0.4274000,0.5738000,0.7332000,0.3282000,0.6584000,0.6686000,0.3514000,0.6326000,0.6125000,0.3693000,0.6778000,0.5619000,0.4745000,0.0993626,0.8833216,0.1524920},
{0.1560808,0.8363950,0.1723700,0.4052879,0.6813988,-0.0863783,0.6277798,0.6803514,0.0222481,0.8477808,0.7026097,0.1828250,0.4241389,0.7470663,0.3108807,0.5503000,0.8368000,0.4268000,0.5724000,0.7331000,0.3274000,0.6578000,0.6683000,0.3512000,0.6314000,0.6121000,0.3688000,0.6764000,0.5619000,0.4742000,0.0957040,0.8830525,0.1509967},
{0.1527917,0.8357881,0.1709676,0.4028206,0.6805353,-0.0887684,0.6261003,0.6783403,0.0214926,0.8465733,0.7002764,0.1831281,0.4228999,0.7476590,0.3111814,0.5480000,0.8362000,0.4262000,0.5708000,0.7318000,0.3272000,0.6573000,0.6680000,0.3511000,0.6301000,0.6117000,0.3683000,0.6751000,0.5618000,0.4739000,0.0922517,0.8827687,0.1495223},
{0.1496929,0.8351915,0.1695991,0.4002766,0.6796410,-0.0912412,0.6244896,0.6764069,0.0207654,0.8456874,0.6985602,0.1833508,0.4215575,0.7482990,0.3115067,0.5459000,0.8355000,0.4255000,0.5694000,0.7314000,0.3266000,0.6567000,0.6677000,0.3509000,0.6290000,0.6112000,0.3677000,0.6739000,0.5618000,0.4735000,0.0891292,0.8824856,0.1481331},
{0.1466966,0.8345904,0.1682302,0.3978459,0.6787827,-0.0936120,0.6227492,0.6743125,0.0199765,0.8447165,0.6966751,0.1835951,0.4203581,0.7488690,0.3117968,0.5439000,0.8346000,0.4249000,0.5681000,0.7308000,0.3261000,0.6561000,0.6675000,0.3508000,0.6278000,0.6109000,0.3673000,0.6726000,0.5617000,0.4732000,0.0862395,0.8822003,0.1467980},
{0.1439136,0.8340099,0.1669166,0.3956384,0.6780000,-0.0957720,0.6211677,0.6724045,0.0192568,0.8437601,0.6948137,0.1838361,0.4192251,0.7494059,0.3120704,0.5419000,0.8338000,0.4243000,0.5668000,0.7305000,0.3252000,0.6556000,0.6672000,0.3506000,0.6267000,0.6105000,0.3667000,0.6714000,0.5616000,0.4729000,0.0835459,0.8819130,0.1455085},
{0.1412600,0.8334354,0.1656245,0.3931221,0.6771041,-0.0982421,0.6198428,0.6708025,0.0186518,0.8430511,0.6934309,0.1840149,0.4182563,0.7498636,0.3123040,0.5401000,0.8331000,0.4237000,0.5655000,0.7291000,0.3252000,0.6550000,0.6669000,0.3505000,0.6256000,0.6102000,0.3663000,0.6703000,0.5614000,0.4726000,0.0810339,0.8816258,0.1442650},
{0.1387057,0.8328623,0.1643425,0.3910760,0.6763726,-0.1002572,0.6185034,0.6691798,0.0180383,0.8421815,0.6917316,0.1842345,0.4173592,0.7502865,0.3125201,0.5384000,0.8323000,0.4232000,0.5644000,0.7289000,0.3244000,0.6545000,0.6666000,0.3503000,0.6246000,0.6098000,0.3659000,0.6691000,0.5612000,0.4723000,0.0785544,0.8813231,0.1429971},
{0.1364274,0.8323336,0.1631660,0.3887105,0.6755235,-0.1025939,0.6171033,0.6674800,0.0173950,0.8415498,0.6904950,0.1843942,0.4166013,0.7506429,0.3127024,0.5369000,0.8314000,0.4226000,0.5634000,0.7284000,0.3240000,0.6539000,0.6663000,0.3502000,0.6236000,0.6094000,0.3655000,0.6681000,0.5610000,0.4721000,0.0762035,0.8810177,0.1417559},
{0.1342118,0.8318029,0.1619905,0.3866409,0.6747777,-0.1046446,0.6159638,0.6660938,0.0168697,0.8409044,0.6892294,0.1845574,0.4159784,0.7509354,0.3128521,0.5354000,0.8307000,0.4221000,0.5625000,0.7283000,0.3233000,0.6534000,0.6660000,0.3500000,0.6227000,0.6089000,0.3652000,0.6670000,0.5608000,0.4719000,0.0737559,0.8806797,0.1404216},
{0.1321515,0.8312941,0.1608685,0.3850201,0.6741916,-0.1062549,0.6147144,0.6645711,0.0162922,0.8403566,0.6881536,0.1846961,0.4153153,0.7512462,0.3130114,0.5340000,0.8300000,0.4215000,0.5614000,0.7268000,0.3231000,0.6528000,0.6658000,0.3499000,0.6218000,0.6085000,0.3648000,0.6661000,0.5605000,0.4716000,0.0717289,0.8803836,0.1392822},
{0.1304949,0.8308740,0.1599454,0.3843255,0.6739400,-0.1069461,0.6134893,0.6630752,0.0157243,0.8396924,0.6868472,0.1848644,0.4147432,0.7515139,0.3131486,0.5328000,0.8293000,0.4210000,0.5607000,0.7272000,0.3231000,0.6522000,0.6655000,0.3497000,0.6210000,0.6080000,0.3645000,0.6652000,0.5601000,0.4713000,0.0700221,0.8801225,0.1382978},
{0.1295768,0.8306367,0.1594254,0.3836464,0.6736936,-0.1076225,0.6129628,0.6624314,0.0154797,0.8393605,0.6861935,0.1849486,0.4143349,0.7517047,0.3132465,0.5316000,0.8286000,0.4205000,0.5598000,0.7259000,0.3222000,0.6517000,0.6652000,0.3496000,0.6210000,0.6080000,0.3645000,0.6643000,0.5598000,0.4711000,0.0692165,0.8799953,0.1378248},
{0.1288479,0.8304461,0.1590083,0.3836464,0.6736936,-0.1076225,0.6120997,0.6613750,0.0150780,0.8392365,0.6859493,0.1849800,0.4138962,0.7519095,0.3133517,0.5306000,0.8280000,0.4200000,0.5598000,0.7259000,0.3222000,0.6511000,0.6649000,0.3494000,0.6205000,0.6075000,0.3643000,0.6634000,0.5594000,0.4708000,0.0691710,0.8799880,0.1377980},
{0.1283439,0.8303130,0.1587176,0.3832653,0.6735552,-0.1080024,0.6118334,0.6610487,0.0149539,0.8390075,0.6854978,0.1850381,0.4135984,0.7520483,0.3134230,0.5297000,0.8275000,0.4195000,0.5605000,0.7256000,0.3227000,0.6506000,0.6646000,0.3493000,0.6200000,0.6070000,0.3641000,0.6627000,0.5591000,0.4705000,0.0692306,0.8799975,0.1378331},
{0.1280441,0.8302334,0.1585437,0.3831045,0.6734967,-0.1081628,0.6116276,0.6607965,0.0148580,0.8390075,0.6854978,0.1850381,0.4135247,0.7520827,0.3134406,0.5289000,0.8271000,0.4190000,0.5611000,0.7254000,0.3231000,0.6500000,0.6643000,0.3491000,0.6194000,0.6064000,0.3640000,0.6620000,0.5587000,0.4702000,0.0692902,0.8800070,0.1378683},
{0.1278480,0.8301811,0.1584296,0.3829474,0.6734397,-0.1083194,0.6111510,0.6602120,0.0146356,0.8390075,0.6854978,0.1850381,0.4133808,0.7521497,0.3134751,0.5283000,0.8267000,0.4185000,0.5617000,0.7252000,0.3236000,0.6494000,0.6641000,0.3490000,0.6189000,0.6059000,0.3638000,0.6614000,0.5583000,0.4699000,0.0691922,0.8799914,0.1378105},
{0.1275484,0.8301010,0.1582548,0.3829474,0.6734397,-0.1083194,0.6111510,0.6602120,0.0146356,0.8392200,0.6859168,0.1849842,0.4134364,0.7521238,0.3134618,0.5278000,0.8264000,0.4181000,0.5624000,0.7250000,0.3240000,0.6489000,0.6638000,0.3488000,0.6184000,0.6054000,0.3636000,0.6609000,0.5578000,0.4697000,0.0692534,0.8800012,0.1378466},
{0.1272943,0.8300328,0.1581061,0.3826843,0.6733440,-0.1085819,0.6110972,0.6601461,0.0146105,0.8390622,0.6856057,0.1850243,0.4134364,0.7521238,0.3134618,0.5276000,0.8261000,0.4177000,0.5630000,0.7248000,0.3245000,0.6483000,0.6635000,0.3487000,0.6179000,0.6049000,0.3634000,0.6604000,0.5573000,0.4694000,0.0692917,0.8800073,0.1378692},
{0.1271064,0.8299821,0.1579957,0.3826843,0.6733440,-0.1085819,0.6107256,0.6596901,0.0144369,0.8390210,0.6855246,0.1850347,0.4136439,0.7520271,0.3134121,0.5275000,0.8259000,0.4174000,0.5637000,0.7245000,0.3250000,0.6478000,0.6632000,0.3485000,0.6174000,0.6043000,0.3632000,0.6599000,0.5567000,0.4691000,0.0694315,0.8800295,0.1379516},
{0.1270268,0.8299606,0.1579489,0.3826843,0.6733440,-0.1085819,0.6107742,0.6597497,0.0144596,0.8387060,0.6849031,0.1851147,0.4138837,0.7519153,0.3133546,0.5275000,0.8256000,0.4173000,0.5643000,0.7243000,0.3254000,0.6472000,0.6629000,0.3484000,0.6169000,0.6038000,0.3631000,0.6596000,0.5562000,0.4688000,0.0696653,0.8800665,0.1380889},
{0.1270684,0.8299719,0.1579733,0.3826843,0.6733440,-0.1085819,0.6107135,0.6596752,0.0144313,0.8387060,0.6849031,0.1851147,0.4139708,0.7518746,0.3133338,0.5275000,0.8253000,0.4173000,0.5650000,0.7241000,0.3259000,0.6466000,0.6626000,0.3482000,0.6164000,0.6033000,0.3629000,0.6593000,0.5556000,0.4685000,0.0698681,0.8800984,0.1382078},
{0.1270814,0.8299754,0.1579810,0.3826843,0.6733440,-0.1085819,0.6107564,0.6597278,0.0144513,0.8387060,0.6849031,0.1851147,0.4142241,0.7517564,0.3132731,0.5274000,0.8251000,0.4174000,0.5656000,0.7239000,0.3263000,0.6461000,0.6624000,0.3481000,0.6158000,0.6028000,0.3627000,0.6590000,0.5551000,0.4683000,0.0701387,0.8801407,0.1383658},
{0.1271016,0.8299808,0.1579928,0.3826885,0.6733455,-0.1085778,0.6107564,0.6597278,0.0144513,0.8389109,0.6853074,0.1850626,0.4142241,0.7517564,0.3132731,0.5273000,0.8248000,0.4175000,0.5663000,0.7237000,0.3268000,0.6455000,0.6621000,0.3479000,0.6153000,0.6022000,0.3625000,0.6587000,0.5546000,0.4680000,0.0702707,0.8801612,0.1384426},
{0.1272143,0.8300112,0.1580591,0.3829393,0.6734367,-0.1083276,0.6107564,0.6597278,0.0144513,0.8389109,0.6853074,0.1850626,0.4144330,0.7516588,0.3132230,0.5273000,0.8245000,0.4175000,0.5669000,0.7234000,0.3273000,0.6450000,0.6618000,0.3478000,0.6148000,0.6017000,0.3623000,0.6586000,0.5540000,0.4678000,0.0703118,0.8801676,0.1384665},
{0.1273681,0.8300526,0.1581493,0.3829393,0.6734367,-0.1083276,0.6107564,0.6597278,0.0144513,0.8389109,0.6853074,0.1850626,0.4146919,0.7515378,0.3131609,0.5275000,0.8242000,0.4175000,0.5675000,0.7232000,0.3277000,0.6444000,0.6615000,0.3476000,0.6143000,0.6012000,0.3622000,0.6585000,0.5534000,0.4676000,0.0705370,0.8802024,0.1385972},
{0.1275969,0.8301140,0.1582832,0.3829393,0.6734367,-0.1083276,0.6108004,0.6597819,0.0144719,0.8388769,0.6852403,0.1850713,0.4150040,0.7513919,0.3130861,0.5277000,0.8238000,0.4176000,0.5682000,0.7230000,0.3282000,0.6439000,0.6612000,0.3475000,0.6138000,0.6007000,0.3620000,0.6585000,0.5529000,0.4674000,0.0706913,0.8802262,0.1386865}
};
