fitErrPi Mean = 0.475401
fitErrTh Mean = 0.465759
fitErrWr Mean = 0.0132493
fitErrLA Mean = 0.505983
fitErrEl Mean = 0.405109
fitErrUA Mean = 0.420711
efPts = {
{-0.0134500,0.7372410,-0.0656586,0.5628596,0.7317551,0.0751774,0.7874483,0.8706432,0.0375458,0.8236507,0.9472721,0.0864783,0.9023153,0.9316860,0.2160486,0.6912000,0.8336000,0.4544000,0.6895000,0.7392000,0.3486000,0.7260000,0.6637000,0.3560000,0.7413000,0.5978000,0.3840000,0.8023000,0.5378000,0.4749000,0.5662868,0.7626024,0.0303317},
{0.4569279,0.8095104,0.1706743,0.5606721,0.7310340,0.0726091,0.7852308,0.8690515,0.0351865,0.8211190,0.9453400,0.0837520,0.9010889,0.9312727,0.2139682,0.6871000,0.8337000,0.4537000,0.6862000,0.7390000,0.3479000,0.7227000,0.6637000,0.3551000,0.7371000,0.5982000,0.3832000,0.7981000,0.5384000,0.4749000,0.5639618,0.7618644,0.0276901},
{0.4486952,0.8124169,0.1763004,0.5581937,0.7302134,0.0696901,0.7828552,0.8673423,0.0326512,0.8184289,0.9432798,0.0808416,0.8998018,0.9308382,0.2117783,0.6830000,0.8337000,0.4531000,0.6826000,0.7388000,0.3471000,0.7188000,0.6637000,0.3544000,0.7329000,0.5987000,0.3824000,0.7939000,0.5390000,0.4748000,0.5614113,0.7610514,0.0247836},
{0.4397285,0.8153224,0.1818191,0.5554983,0.7293167,0.0665042,0.7803781,0.8655554,0.0299987,0.8153638,0.9409233,0.0775090,0.8985860,0.9304269,0.2097040,0.6787000,0.8338000,0.4524000,0.6792000,0.7387000,0.3463000,0.7154000,0.6638000,0.3535000,0.7286000,0.5991000,0.3816000,0.7894000,0.5396000,0.4748000,0.5588236,0.7602228,0.0218253},
{0.4300562,0.8181977,0.1871664,0.5528395,0.7284278,0.0633499,0.7777947,0.8636868,0.0272229,0.8126433,0.9388237,0.0745362,0.8972144,0.9299622,0.2073569,0.6743000,0.8337000,0.4518000,0.6755000,0.7384000,0.3456000,0.7120000,0.6640000,0.3526000,0.7244000,0.5995000,0.3808000,0.7849000,0.5402000,0.4748000,0.5559994,0.7593142,0.0185857},
{0.4199658,0.8209508,0.1921682,0.5499032,0.7274410,0.0598531,0.7751019,0.8617336,0.0243193,0.8097575,0.9365879,0.0713671,0.8958354,0.9294940,0.2049896,0.6698000,0.8337000,0.4511000,0.6717000,0.7382000,0.3447000,0.7082000,0.6639000,0.3520000,0.7202000,0.6000000,0.3800000,0.7803000,0.5408000,0.4747000,0.5530494,0.7583603,0.0151896},
{0.4090115,0.8236916,0.1970175,0.5467972,0.7263912,0.0561388,0.7724504,0.8598049,0.0214496,0.8068945,0.9343613,0.0682073,0.8945621,0.9290608,0.2027971,0.6651000,0.8337000,0.4505000,0.6678000,0.7380000,0.3439000,0.7047000,0.6642000,0.3510000,0.7160000,0.6004000,0.3792000,0.7755000,0.5415000,0.4746000,0.5499093,0.7573396,0.0115611},
{0.3975419,0.8263174,0.2015243,0.5437294,0.7253485,0.0524546,0.7695738,0.8577063,0.0183246,0.8041525,0.9322205,0.0651662,0.8932604,0.9286171,0.2005491,0.6604000,0.8337000,0.4498000,0.6637000,0.7378000,0.3430000,0.7047000,0.6642000,0.3510000,0.7118000,0.6008000,0.3784000,0.7707000,0.5422000,0.4744000,0.5466969,0.7562897,0.0078344},
{0.3855079,0.8288339,0.2056945,0.5404347,0.7242220,0.0484807,0.7666072,0.8555352,0.0150891,0.8013404,0.9300167,0.0620319,0.8919895,0.9281832,0.1983478,0.6555000,0.8336000,0.4490000,0.6595000,0.7375000,0.3421000,0.7018000,0.6677000,0.3486000,0.7076000,0.6013000,0.3776000,0.7658000,0.5428000,0.4743000,0.5434400,0.7552192,0.0040408},
{0.3731093,0.8311967,0.2094529,0.5371439,0.7230900,0.0444934,0.7638191,0.8534885,0.0120363,0.7986173,0.9278746,0.0589822,0.8905304,0.9276839,0.1958124,0.6505000,0.8336000,0.4482000,0.6552000,0.7371000,0.3412000,0.6979000,0.6679000,0.3477000,0.7034000,0.6017000,0.3768000,0.7607000,0.5438000,0.4740000,0.5401842,0.7541429,0.0002330},
{0.3604904,0.8333834,0.2127679,0.5336339,0.7218750,0.0402205,0.7611522,0.8515251,0.0091053,0.7957489,0.9256096,0.0557538,0.8891273,0.9272028,0.1933664,0.6453000,0.8336000,0.4473000,0.6508000,0.7367000,0.3404000,0.6939000,0.6682000,0.3468000,0.6992000,0.6021000,0.3760000,0.7556000,0.5447000,0.4736000,0.5368932,0.7530489,-0.0036316},
{0.3476330,0.8354034,0.2156585,0.5301277,0.7206534,0.0359317,0.7582169,0.8493574,0.0058668,0.7929344,0.9233784,0.0525702,0.8878106,0.9267504,0.1910637,0.6399000,0.8336000,0.4464000,0.6463000,0.7362000,0.3394000,0.6899000,0.6683000,0.3460000,0.6949000,0.6026000,0.3752000,0.7504000,0.5455000,0.4734000,0.5332954,0.7518457,-0.0078747},
{0.3346285,0.8372480,0.2181176,0.5266537,0.7194352,0.0316617,0.7555359,0.8473716,0.0028976,0.7902097,0.9212101,0.0494729,0.8862377,0.9262089,0.1883035,0.6344000,0.8334000,0.4455000,0.6418000,0.7358000,0.3386000,0.6860000,0.6686000,0.3453000,0.6907000,0.6030000,0.3744000,0.7451000,0.5462000,0.4732000,0.5298326,0.7506805,-0.0119765},
{0.3216163,0.8389062,0.2201394,0.5233693,0.7182763,0.0276058,0.7526512,0.8452285,-0.0003095,0.7875163,0.9190588,0.0463966,0.8848062,0.9257149,0.1857830,0.6288000,0.8333000,0.4446000,0.6372000,0.7356000,0.3377000,0.6817000,0.6684000,0.3447000,0.6865000,0.6035000,0.3736000,0.7398000,0.5470000,0.4730000,0.5264795,0.7495456,-0.0159655},
{0.3088414,0.8403613,0.2217199,0.5198569,0.7170291,0.0232479,0.7498028,0.8431058,-0.0034886,0.7849661,0.9170144,0.0434702,0.8834004,0.9252288,0.1832992,0.6232000,0.8330000,0.4437000,0.6327000,0.7353000,0.3367000,0.6772000,0.6685000,0.3433000,0.6823000,0.6039000,0.3728000,0.7345000,0.5478000,0.4728000,0.5231838,0.7484237,-0.0199025},
{0.2962391,0.8416365,0.2229038,0.5165026,0.7158305,0.0190664,0.7469266,0.8409556,-0.0067116,0.7824634,0.9150009,0.0405853,0.8821802,0.9248060,0.1811368,0.6175000,0.8327000,0.4428000,0.6279000,0.7347000,0.3359000,0.6722000,0.6683000,0.3421000,0.6781000,0.6043000,0.3720000,0.7291000,0.5486000,0.4725000,0.5196909,0.7472276,-0.0240928},
{0.2839607,0.8427314,0.2237121,0.5132821,0.7146727,0.0150332,0.7442347,0.8389371,-0.0097395,0.7799340,0.9129588,0.0376564,0.8809261,0.9243707,0.1789079,0.6118000,0.8324000,0.4420000,0.6231000,0.7340000,0.3350000,0.6669000,0.6679000,0.3409000,0.6781000,0.6043000,0.3720000,0.7236000,0.5494000,0.4722000,0.5166658,0.7461859,-0.0277368},
{0.2719971,0.8436623,0.2241815,0.5101614,0.7135442,0.0111078,0.7415665,0.8369306,-0.0127519,0.7774872,0.9109766,0.0348107,0.8794513,0.9238577,0.1762783,0.6060000,0.8321000,0.4410000,0.6186000,0.7334000,0.3342000,0.6618000,0.6676000,0.3400000,0.6728000,0.6042000,0.3708000,0.7184000,0.5498000,0.4720000,0.5137006,0.7451595,-0.0313221},
{0.2602669,0.8444477,0.2243440,0.5071286,0.7124412,0.0072765,0.7388601,0.8348893,-0.0158190,0.7750100,0.9089627,0.0319167,0.8783050,0.9234581,0.1742282,0.6002000,0.8318000,0.4399000,0.6137000,0.7328000,0.3331000,0.6595000,0.6692000,0.3392000,0.6695000,0.6054000,0.3698000,0.7129000,0.5508000,0.4715000,0.5103512,0.7439937,-0.0353882},
{0.2487764,0.8450971,0.2242222,0.5038458,0.7112402,0.0031110,0.7361402,0.8328318,-0.0189128,0.7726417,0.9070307,0.0291379,0.8770637,0.9230247,0.1720018,0.5945000,0.8315000,0.4386000,0.6088000,0.7322000,0.3321000,0.6550000,0.6693000,0.3382000,0.6653000,0.6059000,0.3687000,0.7075000,0.5515000,0.4710000,0.5073087,0.7429289,-0.0390967},
{0.2376293,0.8456149,0.2238415,0.5007430,0.7100984,-0.0008437,0.7335079,0.8308345,-0.0219183,0.7700739,0.9049287,0.0261115,0.8755866,0.9225079,0.1693439,0.5888000,0.8312000,0.4372000,0.6040000,0.7317000,0.3311000,0.6504000,0.6694000,0.3369000,0.6605000,0.6060000,0.3675000,0.7020000,0.5523000,0.4704000,0.5041835,0.7418292,-0.0429209},
{0.2266569,0.8460174,0.2232160,0.4977279,0.7089826,-0.0047032,0.7308493,0.8288115,-0.0249649,0.7675900,0.9028879,0.0231705,0.8743455,0.9220727,0.1671035,0.5836000,0.8306000,0.4355000,0.5994000,0.7313000,0.3299000,0.6459000,0.6695000,0.3357000,0.6560000,0.6064000,0.3662000,0.6966000,0.5531000,0.4699000,0.5009881,0.7406986,-0.0468467},
{0.2161537,0.8463034,0.2223849,0.4946156,0.7078241,-0.0087045,0.7280779,0.8266963,-0.0281529,0.7652522,0.9009607,0.0203905,0.8729287,0.9215750,0.1645377,0.5780000,0.8303000,0.4341000,0.5950000,0.7313000,0.3285000,0.6459000,0.6695000,0.3357000,0.6493000,0.6049000,0.3658000,0.6912000,0.5541000,0.4693000,0.4979175,0.7396063,-0.0506342},
{0.2059164,0.8464886,0.2213558,0.4913269,0.7065928,-0.0129515,0.7256065,0.8248045,-0.0310062,0.7627048,0.8988532,0.0173476,0.8716635,0.9211295,0.1622391,0.5723000,0.8301000,0.4325000,0.5902000,0.7310000,0.3270000,0.6456000,0.6693000,0.3357000,0.6449000,0.6049000,0.3644000,0.6859000,0.5550000,0.4687000,0.4948445,0.7385073,-0.0544395},
{0.1961159,0.8465789,0.2201670,0.4883446,0.7054696,-0.0168201,0.7228476,0.8226865,-0.0342032,0.7603671,0.8969124,0.0145426,0.8702161,0.9206189,0.1596010,0.5667000,0.8299000,0.4309000,0.5854000,0.7306000,0.3258000,0.6453000,0.6691000,0.3357000,0.6415000,0.6062000,0.3626000,0.6806000,0.5558000,0.4681000,0.4919038,0.7374500,-0.0580952},
{0.1865393,0.8465841,0.2188111,0.4851472,0.7042584,-0.0209860,0.7202196,0.8206629,-0.0372601,0.7580737,0.8950019,0.0117791,0.8688931,0.9201511,0.1571816,0.5610000,0.8298000,0.4291000,0.5808000,0.7305000,0.3242000,0.6449000,0.6690000,0.3356000,0.6368000,0.6060000,0.3618000,0.6753000,0.5567000,0.4675000,0.4890736,0.7364274,-0.0616264},
{0.1773832,0.8465116,0.2173334,0.4823334,0.7031865,-0.0246679,0.7176700,0.8186939,-0.0402366,0.7557666,0.8930736,0.0089872,0.8674162,0.9196278,0.1544718,0.5554000,0.8296000,0.4273000,0.5760000,0.7299000,0.3227000,0.6446000,0.6688000,0.3356000,0.6322000,0.6058000,0.3605000,0.6701000,0.5576000,0.4669000,0.4861821,0.7353773,-0.0652476},
{0.1684416,0.8463665,0.2157164,0.4790859,0.7019424,-0.0289357,0.7149598,0.8165947,-0.0434124,0.7534631,0.8911418,0.0061878,0.8657672,0.9190420,0.1514345,0.5498000,0.8295000,0.4254000,0.5715000,0.7298000,0.3209000,0.6443000,0.6686000,0.3355000,0.6280000,0.6061000,0.3594000,0.6649000,0.5584000,0.4661000,0.4833297,0.7343362,-0.0688329},
{0.1598305,0.8461563,0.2139941,0.4761812,0.7008232,-0.0327698,0.7120311,0.8143191,-0.0468580,0.7510405,0.8891030,0.0032306,0.8646716,0.9186520,0.1494099,0.5443000,0.8294000,0.4234000,0.5663000,0.7286000,0.3193000,0.6440000,0.6685000,0.3355000,0.6240000,0.6063000,0.3581000,0.6598000,0.5593000,0.4653000,0.4808117,0.7334129,-0.0720089},
{0.1515639,0.8458880,0.2121852,0.4731154,0.6996352,-0.0368342,0.7095449,0.8123813,-0.0497944,0.7488759,0.8872752,0.0005770,0.8631976,0.9181262,0.1466773,0.5389000,0.8293000,0.4213000,0.5617000,0.7280000,0.3176000,0.6437000,0.6683000,0.3355000,0.6193000,0.6059000,0.3566000,0.6548000,0.5600000,0.4645000,0.4776691,0.7322547,-0.0759875},
{0.1436032,0.8455668,0.2102962,0.4703309,0.6985502,-0.0405412,0.7068913,0.8103070,-0.0529399,0.7465863,0.8853353,-0.0022415,0.8615884,0.9175508,0.1436830,0.5335000,0.8293000,0.4191000,0.5574000,0.7273000,0.3159000,0.6433000,0.6681000,0.3354000,0.6150000,0.6056000,0.3553000,0.6498000,0.5609000,0.4636000,0.4746786,0.7311466,-0.0797886},
{0.1359859,0.8452003,0.2083503,0.4672804,0.6973551,-0.0446195,0.7043846,0.8083416,-0.0559224,0.7443719,0.8834530,-0.0049790,0.8603130,0.9170937,0.1413015,0.5283000,0.8293000,0.4169000,0.5531000,0.7267000,0.3141000,0.6430000,0.6680000,0.3354000,0.6108000,0.6052000,0.3538000,0.6449000,0.5616000,0.4625000,0.4721028,0.7301875,-0.0830745},
{0.1285961,0.8447881,0.2063299,0.4645852,0.6962933,-0.0482381,0.7020642,0.8065174,-0.0586928,0.7421077,0.8815218,-0.0077900,0.8588239,0.9165589,0.1385113,0.5231000,0.8294000,0.4146000,0.5492000,0.7262000,0.3121000,0.6427000,0.6678000,0.3354000,0.6067000,0.6048000,0.3524000,0.6401000,0.5622000,0.4615000,0.4689735,0.7290164,-0.0870816},
{0.1214918,0.8443377,0.2042609,0.4618272,0.6952012,-0.0519557,0.6996347,0.8046021,-0.0616033,0.7401543,0.8798504,-0.0102248,0.8575018,0.9160829,0.1360254,0.5231000,0.8294000,0.4146000,0.5455000,0.7257000,0.3101000,0.6424000,0.6676000,0.3353000,0.6025000,0.6044000,0.3508000,0.6355000,0.5630000,0.4604000,0.4666883,0.7281571,-0.0900181},
{0.1147422,0.8438592,0.2021769,0.4593467,0.6942140,-0.0553122,0.6971163,0.8026110,-0.0646312,0.7379791,0.8779833,-0.0129469,0.8562368,0.9156265,0.1336394,0.5228000,0.8292000,0.4145000,0.5418000,0.7254000,0.3081000,0.6420000,0.6675000,0.3353000,0.5984000,0.6041000,0.3494000,0.6308000,0.5636000,0.4592000,0.4643430,0.7272715,-0.0930412},
{0.1082711,0.8433529,0.2000674,0.4567530,0.6931768,-0.0588350,0.6946305,0.8006400,-0.0676308,0.7359705,0.8762537,-0.0154706,0.8546607,0.9150566,0.1306558,0.5224000,0.8289000,0.4145000,0.5382000,0.7250000,0.3061000,0.6417000,0.6673000,0.3352000,0.5946000,0.6038000,0.3477000,0.6263000,0.5643000,0.4579000,0.4618454,0.7263243,-0.0962710},
{0.1021480,0.8428294,0.1979677,0.4544394,0.6922473,-0.0619887,0.6927287,0.7991282,-0.0699330,0.7337140,0.8743043,-0.0183174,0.8533026,0.9145643,0.1280757,0.5221000,0.8287000,0.4144000,0.5348000,0.7246000,0.3042000,0.6414000,0.6671000,0.3352000,0.5908000,0.6037000,0.3464000,0.6219000,0.5649000,0.4566000,0.4594591,0.7254154,-0.0993668},
{0.0964743,0.8423047,0.1959292,0.4520509,0.6912833,-0.0652559,0.6902072,0.7971185,-0.0729953,0.7316154,0.8724853,-0.0209760,0.8520761,0.9141188,0.1257380,0.5217000,0.8285000,0.4144000,0.5312000,0.7241000,0.3025000,0.6411000,0.6670000,0.3352000,0.5878000,0.6039000,0.3442000,0.6176000,0.5654000,0.4553000,0.4572568,0.7245732,-0.1022327},
{0.0912163,0.8417833,0.1939577,0.4497828,0.6903637,-0.0683694,0.6880505,0.7953948,-0.0756235,0.7293645,0.8705277,-0.0238397,0.8507087,0.9136210,0.1231230,0.5213000,0.8283000,0.4143000,0.5279000,0.7236000,0.3005000,0.6407000,0.6668000,0.3351000,0.5838000,0.6035000,0.3430000,0.6136000,0.5659000,0.4539000,0.4550908,0.7237415,-0.1050596},
{0.0863653,0.8412713,0.1920664,0.4483090,0.6897640,-0.0703981,0.6860688,0.7938071,-0.0780459,0.7274284,0.8688382,-0.0263131,0.8493256,0.9131164,0.1204691,0.5210000,0.8281000,0.4142000,0.5246000,0.7231000,0.2986000,0.6404000,0.6666000,0.3351000,0.5808000,0.6038000,0.3417000,0.6096000,0.5661000,0.4526000,0.4529690,0.7229237,-0.1078369},
{0.0818214,0.8407639,0.1902299,0.4461836,0.6888962,-0.0733317,0.6842941,0.7923821,-0.0802213,0.7255017,0.8671520,-0.0287837,0.8481767,0.9126963,0.1182573,0.5206000,0.8279000,0.4142000,0.5216000,0.7228000,0.2967000,0.6401000,0.6665000,0.3351000,0.5779000,0.6038000,0.3400000,0.6058000,0.5664000,0.4514000,0.4508505,0.7221041,-0.1106177},
{0.0775559,0.8402625,0.1884469,0.4441544,0.6880644,-0.0761411,0.6825053,0.7909427,-0.0824198,0.7238495,0.8657019,-0.0309099,0.8469353,0.9122415,0.1158602,0.5202000,0.8277000,0.4141000,0.5187000,0.7224000,0.2947000,0.6398000,0.6663000,0.3350000,0.5752000,0.6038000,0.3381000,0.6020000,0.5665000,0.4500000,0.4489228,0.7213556,-0.1131549},
{0.0736491,0.8397811,0.1867622,0.4426772,0.6874567,-0.0781919,0.6806526,0.7894487,-0.0847029,0.7221005,0.8641627,-0.0331683,0.8458123,0.9118293,0.1136852,0.5199000,0.8275000,0.4141000,0.5161000,0.7220000,0.2928000,0.6394000,0.6661000,0.3350000,0.5724000,0.6038000,0.3366000,0.5984000,0.5665000,0.4488000,0.4471944,0.7206822,-0.1154355},
{0.0699885,0.8393104,0.1851377,0.4410326,0.6867781,-0.0804803,0.6791322,0.7882201,-0.0865812,0.7205767,0.8628182,-0.0351421,0.8446022,0.9113842,0.1113346,0.5195000,0.8273000,0.4140000,0.5135000,0.7216000,0.2909000,0.6391000,0.6660000,0.3349000,0.5697000,0.6037000,0.3350000,0.5949000,0.5665000,0.4475000,0.4454352,0.7199946,-0.1177623},
{0.0666670,0.8388664,0.1836240,0.4395838,0.6861786,-0.0825011,0.6772979,0.7867348,-0.0888532,0.7192225,0.8616206,-0.0369014,0.8434281,0.9109515,0.1090468,0.5191000,0.8270000,0.4140000,0.5110000,0.7212000,0.2891000,0.6388000,0.6658000,0.3349000,0.5672000,0.6036000,0.3337000,0.5914000,0.5664000,0.4463000,0.4439058,0.7193951,-0.1197897},
{0.0635547,0.8384353,0.1821705,0.4382483,0.6856243,-0.0843679,0.6760194,0.7856978,-0.0904403,0.7175677,0.8601536,-0.0390576,0.8423013,0.9105353,0.1068446,0.5188000,0.8268000,0.4139000,0.5087000,0.7208000,0.2872000,0.6385000,0.6656000,0.3349000,0.5651000,0.6036000,0.3320000,0.5881000,0.5664000,0.4452000,0.4421395,0.7187006,-0.1221364},
{0.0605949,0.8380115,0.1807559,0.4366916,0.6849765,-0.0865486,0.6747671,0.7846803,-0.0919978,0.7162294,0.8589643,-0.0408068,0.8412314,0.9101395,0.1047477,0.5184000,0.8266000,0.4139000,0.5063000,0.7204000,0.2854000,0.6381000,0.6655000,0.3348000,0.5623000,0.6034000,0.3308000,0.5849000,0.5664000,0.4440000,0.4407151,0.7181389,-0.1240330},
{0.0577505,0.8375912,0.1793659,0.4355348,0.6844938,-0.0881724,0.6730589,0.7832900,-0.0941273,0.7147253,0.8576245,-0.0427783,0.8401961,0.9097557,0.1027131,0.5181000,0.8264000,0.4138000,0.5041000,0.7200000,0.2836000,0.6378000,0.6653000,0.3348000,0.5597000,0.6031000,0.3298000,0.5818000,0.5663000,0.4429000,0.4394367,0.7176335,-0.1257384},
{0.0549445,0.8371638,0.1779646,0.4342197,0.6839437,-0.0900221,0.6715263,0.7820401,-0.0960424,0.7135411,0.8565674,-0.0443348,0.8391106,0.9093526,0.1005738,0.5177000,0.8262000,0.4138000,0.5018000,0.7198000,0.2818000,0.6375000,0.6651000,0.3348000,0.5574000,0.6028000,0.3285000,0.5788000,0.5663000,0.4418000,0.4378824,0.7170175,-0.1278159},
{0.0522400,0.8367394,0.1765851,0.4329613,0.6834160,-0.0917954,0.6703724,0.7810976,-0.0974873,0.7121627,0.8553345,-0.0461511,0.8383498,0.9090697,0.0990710,0.5173000,0.8260000,0.4137000,0.4998000,0.7196000,0.2801000,0.6372000,0.6650000,0.3347000,0.5553000,0.6027000,0.3271000,0.5761000,0.5662000,0.4407000,0.4364900,0.7164641,-0.1296808},
{0.0495086,0.8362982,0.1751623,0.4316621,0.6828697,-0.0936299,0.6687441,0.7797652,-0.0995305,0.7110894,0.8543725,-0.0475689,0.8373441,0.9086950,0.0970795,0.5170000,0.8258000,0.4136000,0.4977000,0.7195000,0.2785000,0.6368000,0.6648000,0.3347000,0.5532000,0.6024000,0.3258000,0.5734000,0.5661000,0.4396000,0.4350208,0.7158787,-0.1316525},
{0.0468763,0.8358606,0.1737621,0.4303510,0.6823171,-0.0954848,0.6673439,0.7786174,-0.1012915,0.7099395,0.8533398,-0.0490915,0.8364098,0.9083464,0.0952247,0.5166000,0.8256000,0.4136000,0.4957000,0.7193000,0.2770000,0.6365000,0.6646000,0.3346000,0.5511000,0.6023000,0.3246000,0.5708000,0.5661000,0.4384000,0.4337053,0.7153532,-0.1334212},
{0.0442077,0.8354042,0.1723129,0.4289069,0.6817067,-0.0975325,0.6664429,0.7778777,-0.1024267,0.7089381,0.8524390,-0.0504203,0.8357169,0.9080875,0.0938464,0.5162000,0.8254000,0.4135000,0.4939000,0.7191000,0.2755000,0.6362000,0.6645000,0.3346000,0.5493000,0.6022000,0.3234000,0.5683000,0.5661000,0.4372000,0.4322611,0.7147748,-0.1353668},
{0.0416554,0.8349555,0.1708980,0.4272221,0.6809925,-0.0999270,0.6654529,0.7770640,-0.1036758,0.7077522,0.8513703,-0.0519975,0.8349944,0.9078172,0.0924063,0.5159000,0.8251000,0.4135000,0.4921000,0.7189000,0.2742000,0.6359000,0.6643000,0.3346000,0.5472000,0.6020000,0.3223000,0.5660000,0.5662000,0.4359000,0.4306829,0.7141410,-0.1374974},
{0.0391964,0.8345114,0.1695075,0.4255597,0.6802853,-0.1022960,0.6641979,0.7760311,-0.1052621,0.7071137,0.8507940,-0.0528483,0.8341982,0.9075188,0.0908161,0.5155000,0.8249000,0.4134000,0.4904000,0.7188000,0.2728000,0.6355000,0.6641000,0.3345000,0.5455000,0.6021000,0.3210000,0.5637000,0.5663000,0.4348000,0.4293941,0.7136220,-0.1392408},
{0.0368407,0.8340750,0.1681495,0.4239364,0.6795924,-0.1046153,0.6631409,0.7751599,-0.1066004,0.7060301,0.8498145,-0.0542948,0.8336453,0.9073115,0.0897100,0.5151000,0.8247000,0.4134000,0.4889000,0.7187000,0.2716000,0.6352000,0.6640000,0.3345000,0.5440000,0.6022000,0.3200000,0.5616000,0.5663000,0.4338000,0.4280545,0.7130812,-0.1410562},
{0.0345536,0.8336406,0.1668061,0.4219536,0.6787432,-0.1074561,0.6621600,0.7743503,-0.1078444,0.7053753,0.8492218,-0.0551705,0.8329633,0.9070553,0.0883431,0.5148000,0.8245000,0.4133000,0.4876000,0.7187000,0.2705000,0.6349000,0.6638000,0.3345000,0.5425000,0.6023000,0.3189000,0.5596000,0.5663000,0.4328000,0.4267804,0.7125656,-0.1427862},
{0.0322678,0.8331957,0.1654383,0.4200735,0.6779347,-0.1101581,0.6613785,0.7737047,-0.1088368,0.7044925,0.8484217,-0.0563529,0.8323833,0.9068373,0.0871788,0.5144000,0.8243000,0.4133000,0.4864000,0.7187000,0.2693000,0.6346000,0.6636000,0.3344000,0.5411000,0.6023000,0.3179000,0.5576000,0.5663000,0.4319000,0.4251708,0.7119126,-0.1449760},
{0.0300191,0.8327472,0.1640675,0.4182990,0.6771688,-0.1127158,0.6604840,0.7729649,-0.1099741,0.7035614,0.8475765,-0.0576024,0.8320189,0.9067002,0.0864464,0.5141000,0.8241000,0.4132000,0.4852000,0.7186000,0.2684000,0.6342000,0.6635000,0.3344000,0.5398000,0.6024000,0.3170000,0.5559000,0.5663000,0.4310000,0.4234199,0.7111999,-0.1473638},
{0.0282009,0.8323765,0.1629402,0.4174083,0.6767834,-0.1140022,0.6595687,0.7722070,-0.1111395,0.7030942,0.8471519,-0.0582303,0.8314403,0.9064823,0.0852819,0.5137000,0.8239000,0.4131000,0.4841000,0.7185000,0.2675000,0.6339000,0.6633000,0.3343000,0.5385000,0.6024000,0.3161000,0.5542000,0.5663000,0.4302000,0.4221317,0.7106741,-0.1491244},
{0.0269821,0.8321239,0.1621749,0.4169523,0.6765857,-0.1146616,0.6587877,0.7715597,-0.1121353,0.7025138,0.8466239,-0.0590112,0.8310879,0.9063495,0.0845718,0.5133000,0.8237000,0.4131000,0.4833000,0.7186000,0.2667000,0.6336000,0.6631000,0.3343000,0.5373000,0.6023000,0.3154000,0.5527000,0.5663000,0.4295000,0.4215037,0.7104173,-0.1499839},
{0.0261016,0.8319393,0.1616172,0.4165554,0.6764136,-0.1152358,0.6583861,0.7712266,-0.1126478,0.7019437,0.8461048,-0.0597792,0.8303916,0.9060868,0.0831668,0.5130000,0.8235000,0.4130000,0.4824000,0.7183000,0.2661000,0.6333000,0.6630000,0.3343000,0.5365000,0.6024000,0.3146000,0.5513000,0.5663000,0.4288000,0.4207555,0.7101109,-0.1510089},
{0.0254068,0.8317924,0.1611742,0.4163137,0.6763087,-0.1155857,0.6577283,0.7706805,-0.1134880,0.7016171,0.8458072,-0.0602195,0.8301530,0.9059967,0.0826848,0.5126000,0.8232000,0.4130000,0.4816000,0.7184000,0.2652000,0.6329000,0.6628000,0.3342000,0.5354000,0.6023000,0.3139000,0.5501000,0.5662000,0.4282000,0.4200393,0.7098173,-0.1519910},
{0.0248840,0.8316812,0.1608391,0.4162586,0.6762848,-0.1156655,0.6575060,0.7704959,-0.1137721,0.7009412,0.8451908,-0.0611318,0.8297098,0.9058293,0.0817884,0.5122000,0.8230000,0.4129000,0.4809000,0.7181000,0.2647000,0.6326000,0.6626000,0.3342000,0.5344000,0.6021000,0.3134000,0.5490000,0.5661000,0.4275000,0.4197540,0.7097002,-0.1523825},
{0.0244322,0.8315845,0.1605482,0.4156567,0.6760233,-0.1165375,0.6572589,0.7702907,-0.1140880,0.7006505,0.8449255,-0.0615246,0.8292441,0.9056532,0.0808454,0.5119000,0.8228000,0.4129000,0.4803000,0.7182000,0.2640000,0.6323000,0.6625000,0.3342000,0.5338000,0.6021000,0.3128000,0.5480000,0.5660000,0.4271000,0.4197540,0.7097002,-0.1523825},
{0.0239516,0.8314811,0.1602377,0.4153623,0.6758953,-0.1169643,0.6568127,0.7699198,-0.1146588,0.7002326,0.8445439,-0.0620896,0.8291186,0.9056057,0.0805911,0.5115000,0.8226000,0.4128000,0.4797000,0.7180000,0.2635000,0.6320000,0.6623000,0.3341000,0.5330000,0.6018000,0.3123000,0.5470000,0.5659000,0.4265000,0.4191535,0.7094535,-0.1532072},
{0.0236458,0.8314151,0.1600394,0.4152715,0.6758558,-0.1170960,0.6567697,0.7698841,-0.1147138,0.7001454,0.8444642,-0.0622075,0.8287590,0.9054696,0.0798619,0.5111000,0.8224000,0.4128000,0.4792000,0.7179000,0.2628000,0.6317000,0.6621000,0.3341000,0.5325000,0.6018000,0.3118000,0.5463000,0.5658000,0.4261000,0.4189932,0.7093876,-0.1534274},
{0.0234411,0.8313707,0.1599065,0.4151837,0.6758176,-0.1172234,0.6567697,0.7698841,-0.1147138,0.6999641,0.8442985,-0.0624529,0.8287590,0.9054696,0.0798619,0.5108000,0.8222000,0.4127000,0.4787000,0.7179000,0.2624000,0.6313000,0.6620000,0.3340000,0.5320000,0.6017000,0.3112000,0.5455000,0.5657000,0.4255000,0.4189932,0.7093876,-0.1534274},
{0.0232284,0.8313246,0.1597680,0.4150297,0.6757506,-0.1174467,0.6564334,0.7696044,-0.1151443,0.6999641,0.8442985,-0.0624529,0.8285596,0.9053941,0.0794572,0.5104000,0.8220000,0.4127000,0.4783000,0.7178000,0.2623000,0.6310000,0.6618000,0.3340000,0.5314000,0.6015000,0.3108000,0.5449000,0.5655000,0.4251000,0.4189932,0.7093876,-0.1534274},
{0.0230565,0.8312872,0.1596559,0.4148663,0.6756794,-0.1176838,0.6564334,0.7696044,-0.1151443,0.6999641,0.8442985,-0.0624529,0.8285596,0.9053941,0.0794572,0.5101000,0.8218000,0.4126000,0.4780000,0.7177000,0.2619000,0.6307000,0.6616000,0.3340000,0.5311000,0.6015000,0.3104000,0.5444000,0.5654000,0.4246000,0.4186205,0.7092343,-0.1539397},
{0.0227871,0.8312284,0.1594799,0.4148663,0.6756794,-0.1176838,0.6563955,0.7695729,-0.1151929,0.6999641,0.8442985,-0.0624529,0.8285336,0.9053843,0.0794046,0.5097000,0.8216000,0.4125000,0.4778000,0.7173000,0.2615000,0.6304000,0.6615000,0.3339000,0.5309000,0.6014000,0.3098000,0.5439000,0.5654000,0.4241000,0.4186205,0.7092343,-0.1539397},
{0.0226939,0.8312080,0.1594189,0.4145659,0.6755486,-0.1181199,0.6563955,0.7695729,-0.1151929,0.6999422,0.8442785,-0.0624825,0.8285336,0.9053843,0.0794046,0.5093000,0.8214000,0.4125000,0.4778000,0.7177000,0.2610000,0.6300000,0.6613000,0.3339000,0.5307000,0.6014000,0.3094000,0.5435000,0.5652000,0.4237000,0.4187409,0.7092839,-0.1537742},
{0.0226511,0.8311987,0.1593909,0.4147466,0.6756273,-0.1178575,0.6562079,0.7694168,-0.1154331,0.6999422,0.8442785,-0.0624825,0.8284474,0.9053516,0.0792295,0.5090000,0.8211000,0.4124000,0.4778000,0.7177000,0.2608000,0.6297000,0.6611000,0.3339000,0.5303000,0.6012000,0.3091000,0.5433000,0.5651000,0.4232000,0.4187409,0.7092839,-0.1537742},
{0.0226707,0.8312030,0.1594038,0.4147466,0.6756273,-0.1178575,0.6562847,0.7694807,-0.1153348,0.6999422,0.8442785,-0.0624825,0.8284939,0.9053692,0.0793240,0.5086000,0.8209000,0.4124000,0.4779000,0.7179000,0.2606000,0.6294000,0.6610000,0.3338000,0.5303000,0.6012000,0.3088000,0.5431000,0.5649000,0.4228000,0.4187409,0.7092839,-0.1537742},
{0.0227399,0.8312181,0.1594491,0.4147466,0.6756273,-0.1178575,0.6564620,0.7696282,-0.1151078,0.6999841,0.8443168,-0.0624258,0.8286767,0.9054385,0.0796949,0.5082000,0.8207000,0.4123000,0.4780000,0.7178000,0.2605000,0.6291000,0.6608000,0.3338000,0.5304000,0.6012000,0.3085000,0.5430000,0.5648000,0.4225000,0.4188403,0.7093247,-0.1536376},
{0.0228102,0.8312335,0.1594950,0.4147466,0.6756273,-0.1178575,0.6566375,0.7697741,-0.1148831,0.7002101,0.8445233,-0.0621201,0.8286767,0.9054385,0.0796949,0.5079000,0.8205000,0.4123000,0.4780000,0.7172000,0.2608000,0.6287000,0.6606000,0.3337000,0.5307000,0.6013000,0.3082000,0.5430000,0.5647000,0.4222000,0.4188403,0.7093247,-0.1536376},
{0.0228883,0.8312505,0.1595460,0.4147466,0.6756273,-0.1178575,0.6566397,0.7697760,-0.1148802,0.7001901,0.8445050,-0.0621471,0.8287649,0.9054719,0.0798739,0.5075000,0.8203000,0.4122000,0.4781000,0.7171000,0.2609000,0.6284000,0.6605000,0.3337000,0.5308000,0.6013000,0.3080000,0.5431000,0.5645000,0.4221000,0.4188926,0.7093463,-0.1535656},
{0.0230038,0.8312757,0.1596215,0.4149716,0.6757253,-0.1175310,0.6572697,0.7702996,-0.1140742,0.7003680,0.8446675,-0.0619065,0.8288882,0.9055185,0.0801241,0.5071000,0.8201000,0.4122000,0.4784000,0.7170000,0.2610000,0.6281000,0.6603000,0.3337000,0.5311000,0.6012000,0.3080000,0.5434000,0.5644000,0.4220000,0.4189403,0.7093659,-0.1535001},
{0.0230692,0.8312899,0.1596642,0.4148567,0.6756753,-0.1176978,0.6570056,0.7700802,-0.1144120,0.7003680,0.8446675,-0.0619065,0.8291278,0.9056092,0.0806098,0.5068000,0.8199000,0.4121000,0.4788000,0.7168000,0.2612000,0.6278000,0.6601000,0.3336000,0.5314000,0.6011000,0.3079000,0.5437000,0.5642000,0.4219000,0.4193044,0.7095155,-0.1529999},
{0.0231302,0.8313032,0.1597040,0.4148567,0.6756753,-0.1176978,0.6572651,0.7702958,-0.1140801,0.7007599,0.8450254,-0.0613767,0.8292992,0.9056740,0.0809570,0.5064000,0.8197000,0.4120000,0.4791000,0.7166000,0.2617000,0.6274000,0.6600000,0.3336000,0.5316000,0.6009000,0.3081000,0.5441000,0.5641000,0.4219000,0.4193044,0.7095155,-0.1529999},
{0.0231667,0.8313111,0.1597278,0.4148582,0.6756759,-0.1176956,0.6574323,0.7704347,-0.1138662,0.7008822,0.8451370,-0.0612115,0.8295432,0.9057663,0.0814512,0.5061000,0.8195000,0.4120000,0.4793000,0.7164000,0.2620000,0.6271000,0.6598000,0.3336000,0.5319000,0.6008000,0.3083000,0.5446000,0.5639000,0.4220000,0.4193140,0.7095195,-0.1529867},
{0.0232265,0.8313241,0.1597667,0.4149370,0.6757102,-0.1175813,0.6574323,0.7704347,-0.1138662,0.7012207,0.8454458,-0.0607544,0.8297256,0.9058353,0.0818204,0.5057000,0.8192000,0.4119000,0.4796000,0.7164000,0.2624000,0.6268000,0.6596000,0.3335000,0.5325000,0.6007000,0.3084000,0.5452000,0.5638000,0.4221000,0.4194857,0.7095900,-0.1527508},
{0.0233792,0.8313573,0.1598662,0.4149370,0.6757102,-0.1175813,0.6578287,0.7707639,-0.1133597,0.7012963,0.8455148,-0.0606523,0.8299514,0.9059206,0.0822772,0.5053000,0.8190000,0.4119000,0.4798000,0.7157000,0.2631000,0.6265000,0.6595000,0.3335000,0.5329000,0.6004000,0.3088000,0.5460000,0.5636000,0.4225000,0.4194857,0.7095900,-0.1527508},
{0.0235357,0.8313912,0.1599680,0.4149773,0.6757278,-0.1175227,0.6580307,0.7709316,-0.1131016,0.7015615,0.8457566,-0.0602945,0.8300660,0.9059639,0.0825088,0.5050000,0.8188000,0.4118000,0.4801000,0.7157000,0.2636000,0.6261000,0.6593000,0.3334000,0.5334000,0.6002000,0.3092000,0.5467000,0.5634000,0.4228000,0.4194857,0.7095900,-0.1527508},
{0.0236492,0.8314158,0.1600417,0.4149773,0.6757278,-0.1175227,0.6582045,0.7710759,-0.1128796,0.7016100,0.8458008,-0.0602291,0.8305024,0.9061287,0.0833906,0.5046000,0.8186000,0.4118000,0.4803000,0.7152000,0.2641000,0.6258000,0.6591000,0.3334000,0.5343000,0.6000000,0.3090000,0.5475000,0.5633000,0.4231000,0.4195541,0.7096181,-0.1526569},
{0.0238607,0.8314615,0.1601789,0.4152297,0.6758376,-0.1171566,0.6585795,0.7713870,-0.1124010,0.7018147,0.8459874,-0.0599530,0.8307502,0.9062222,0.0838908,0.5042000,0.8184000,0.4117000,0.4805000,0.7149000,0.2649000,0.6255000,0.6590000,0.3334000,0.5345000,0.5997000,0.3099000,0.5483000,0.5631000,0.4235000,0.4195541,0.7096181,-0.1526569}
};
