fitErrPi Mean = 0.16918
fitErrTh Mean = 0.0187849
fitErrWr Mean = 0.0178997
fitErrLA Mean = 0.636168
fitErrEl Mean = 0.248128
fitErrUA Mean = 0.0416504
efPts = {
{0.5669839,0.7611034,0.1184884,0.1267144,0.6842771,-0.0275009,1.0181385,0.7224769,-0.1646471,0.6414613,0.7125837,0.3870642,0.7986156,0.9208374,0.3734866,0.7775000,0.8426000,0.4772000,0.7486000,0.7565000,0.3733000,0.7744000,0.6738000,0.3758000,0.7898000,0.6029000,0.3954000,0.8588000,0.5272000,0.4700000,0.5380638,0.7763542,0.0804126},
{0.5650985,0.7613524,0.1203241,0.5190303,0.7283439,0.1045158,1.0181385,0.7224769,-0.1646471,0.6401776,0.7129754,0.3866732,0.7981283,0.9205340,0.3742215,0.7756000,0.8424000,0.4767000,0.7477000,0.7560000,0.3725000,0.7738000,0.6736000,0.3753000,0.7888000,0.6027000,0.3954000,0.8582000,0.5273000,0.4701000,0.5366657,0.7762026,0.0797569},
{0.5628216,0.7616426,0.1224955,0.5173656,0.7287934,0.1068046,1.0179001,0.7222785,-0.1647942,0.6389446,0.7133507,0.3862984,0.7975751,0.9201917,0.3750483,0.7735000,0.8422000,0.4762000,0.7466000,0.7551000,0.3717000,0.7732000,0.6735000,0.3749000,0.7879000,0.6025000,0.3953000,0.8576000,0.5276000,0.4701000,0.5350311,0.7760245,0.0789861},
{0.5599464,0.7619934,0.1251691,0.5152189,0.7293511,0.1096581,1.0175099,0.7219537,-0.1650352,0.6373630,0.7138307,0.3858188,0.7969823,0.9198273,0.3759256,0.7714000,0.8420000,0.4757000,0.7454000,0.7547000,0.3711000,0.7723000,0.6734000,0.3745000,0.7875000,0.6026000,0.3947000,0.8568000,0.5278000,0.4702000,0.5329121,0.7757925,0.0779805},
{0.5567102,0.7623685,0.1280921,0.5124995,0.7300251,0.1131273,1.0170157,0.7215423,-0.1653405,0.6355068,0.7143922,0.3852575,0.7962962,0.9194086,0.3769304,0.7693000,0.8418000,0.4753000,0.7441000,0.7542000,0.3705000,0.7714000,0.6732000,0.3740000,0.7866000,0.6024000,0.3945000,0.8560000,0.5280000,0.4702000,0.5307351,0.7755528,0.0769396},
{0.5532327,0.7627495,0.1311365,0.5094764,0.7307357,0.1168112,1.0162938,0.7209409,-0.1657868,0.6337354,0.7149261,0.3847235,0.7391570,0.9235175,0.3210050,0.7671000,0.8415000,0.4748000,0.7428000,0.7539000,0.3700000,0.7705000,0.6730000,0.3735000,0.7858000,0.6024000,0.3942000,0.8551000,0.5282000,0.4702000,0.5283176,0.7752848,0.0757745},
{0.5495400,0.7631305,0.1342660,0.5058169,0.7315472,0.1210522,1.0154638,0.7202493,-0.1663003,0.6317125,0.7155335,0.3841156,0.7375258,0.9229091,0.3220073,0.7650000,0.8413000,0.4743000,0.7413000,0.7532000,0.3695000,0.7693000,0.6727000,0.3731000,0.7846000,0.6022000,0.3939000,0.8541000,0.5283000,0.4702000,0.5256047,0.7749821,0.0744556},
{0.5457405,0.7634984,0.1373813,0.5017198,0.7323991,0.1255470,1.0139876,0.7190182,-0.1672149,0.6296557,0.7161486,0.3834995,0.7358159,0.9222662,0.3230763,0.7630000,0.8411000,0.4739000,0.7398000,0.7529000,0.3691000,0.7683000,0.6726000,0.3726000,0.7833000,0.6019000,0.3938000,0.8530000,0.5285000,0.4701000,0.5229308,0.7746815,0.0731439},
{0.5418565,0.7638508,0.1404620,0.4971412,0.7332882,0.1302884,1.0131772,0.7183419,-0.1677175,0.6272098,0.7168768,0.3827698,0.7341340,0.9216287,0.3241462,0.7610000,0.8410000,0.4734000,0.7384000,0.7526000,0.3688000,0.7670000,0.6723000,0.3721000,0.7825000,0.6019000,0.3930000,0.8519000,0.5286000,0.4700000,0.5202107,0.7743736,0.0717974},
{0.5376466,0.7642069,0.1436889,0.4921444,0.7341912,0.1351613,1.0111451,0.7166445,-0.1689799,0.6246425,0.7176374,0.3820069,0.7324559,0.9209877,0.3252315,0.7590000,0.8409000,0.4730000,0.7367000,0.7521000,0.3684000,0.7657000,0.6721000,0.3717000,0.7815000,0.6018000,0.3926000,0.8507000,0.5288000,0.4699000,0.5173460,0.7740468,0.0703662},
{0.5329837,0.7645720,0.1471342,0.4865386,0.7351298,0.1402951,1.0095543,0.7153142,-0.1699700,0.6217435,0.7184917,0.3811494,0.7306439,0.9202900,0.3264233,0.7571000,0.8408000,0.4727000,0.7350000,0.7516000,0.3681000,0.7644000,0.6719000,0.3713000,0.7803000,0.6017000,0.3922000,0.8494000,0.5289000,0.4697000,0.5141650,0.7736811,0.0687612},
{0.5278465,0.7649402,0.1507820,0.4803469,0.7360851,0.1456011,1.0073905,0.7135026,-0.1713195,0.6181389,0.7195472,0.3800889,0.7287003,0.9195352,0.3277245,0.7552000,0.8407000,0.4723000,0.7333000,0.7512000,0.3678000,0.7629000,0.6717000,0.3710000,0.7790000,0.6016000,0.3917000,0.8481000,0.5290000,0.4696000,0.5106652,0.7732752,0.0669761},
{0.5220052,0.7653183,0.1547523,0.4735788,0.7370422,0.1510111,1.0050256,0.7115197,-0.1727981,0.6142116,0.7206887,0.3789405,0.7266197,0.9187199,0.3291435,0.7533000,0.8405000,0.4720000,0.7315000,0.7507000,0.3676000,0.7615000,0.6716000,0.3706000,0.7777000,0.6014000,0.3911000,0.8467000,0.5291000,0.4694000,0.5070620,0.7728535,0.0651172},
{0.5156446,0.7656838,0.1588735,0.4663185,0.7379785,0.1564097,1.0025877,0.7094726,-0.1743261,0.6098868,0.7219358,0.3776845,0.7243135,0.9178075,0.3307478,0.7514000,0.8403000,0.4717000,0.7296000,0.7502000,0.3675000,0.7602000,0.6713000,0.3701000,0.7766000,0.6013000,0.3911000,0.8453000,0.5293000,0.4693000,0.5030532,0.7723797,0.0630239},
{0.5087078,0.7660307,0.1631427,0.4585845,0.7388833,0.1617459,1.0001609,0.7074315,-0.1758513,0.6049766,0.7233389,0.3762691,0.7218681,0.9168299,0.3324849,0.7494000,0.8401000,0.4714000,0.7276000,0.7496000,0.3673000,0.7589000,0.6712000,0.3697000,0.7752000,0.6013000,0.3906000,0.8438000,0.5294000,0.4692000,0.4988930,0.7718829,0.0608237},
{0.5015090,0.7663373,0.1673395,0.4504905,0.7397376,0.1669165,0.9970789,0.7048350,-0.1777939,0.5998716,0.7247837,0.3748095,0.7192908,0.9157885,0.3343555,0.7472000,0.8398000,0.4710000,0.7254000,0.7488000,0.3673000,0.7575000,0.6710000,0.3693000,0.7739000,0.6013000,0.3902000,0.8424000,0.5296000,0.4691000,0.4946345,0.7713689,0.0585420},
{0.4939825,0.7666029,0.1714878,0.4422483,0.7405190,0.1717847,0.9945465,0.7026976,-0.1793949,0.5946461,0.7262478,0.3733279,0.7166387,0.9147049,0.3363233,0.7449000,0.8392000,0.4710000,0.7233000,0.7480000,0.3672000,0.7562000,0.6709000,0.3688000,0.7727000,0.6013000,0.3900000,0.8409000,0.5298000,0.4691000,0.4903549,0.7708469,0.0562188},
{0.4860888,0.7668246,0.1755899,0.4337506,0.7412385,0.1764185,0.9913466,0.6999919,-0.1814242,0.5891960,0.7277592,0.3717958,0.7138054,0.9135339,0.3384735,0.7424000,0.8390000,0.4708000,0.7211000,0.7471000,0.3670000,0.7548000,0.6708000,0.3683000,0.7711000,0.6012000,0.3896000,0.8394000,0.5300000,0.4691000,0.4859273,0.7703011,0.0537835},
{0.4781185,0.7669924,0.1794872,0.4249745,0.7418965,0.1808238,0.9882718,0.6973869,-0.1833807,0.5836962,0.7292684,0.3702633,0.7109820,0.9123531,0.3406658,0.7400000,0.8387000,0.4704000,0.7188000,0.7464000,0.3668000,0.7535000,0.6706000,0.3679000,0.7699000,0.6013000,0.3894000,0.8379000,0.5303000,0.4692000,0.4814154,0.7697387,0.0512684},
{0.4698032,0.7671104,0.1833040,0.4161108,0.7424794,0.1849068,0.9850046,0.6946131,-0.1854667,0.5781014,0.7307874,0.3687181,0.7080849,0.9111270,0.3429671,0.7373000,0.8385000,0.4702000,0.7188000,0.7464000,0.3668000,0.7521000,0.6706000,0.3674000,0.7685000,0.6013000,0.3892000,0.8364000,0.5306000,0.4693000,0.4767533,0.7691511,0.0486342},
{0.4612066,0.7671739,0.1869947,0.4069038,0.7430030,0.1887819,0.9818373,0.6919187,-0.1874959,0.5721198,0.7323934,0.3670812,0.7051018,0.9098490,0.3453922,0.7346000,0.8384000,0.4699000,0.7160000,0.7457000,0.3661000,0.7507000,0.6704000,0.3669000,0.7672000,0.6014000,0.3891000,0.8348000,0.5309000,0.4694000,0.4718752,0.7685292,0.0458392},
{0.4522985,0.7671797,0.1905570,0.3975250,0.7434553,0.1923664,0.9785792,0.6891413,-0.1895906,0.5660236,0.7340114,0.3654289,0.7021602,0.9085732,0.3478393,0.7324000,0.8377000,0.4691000,0.7131000,0.7450000,0.3654000,0.7491000,0.6703000,0.3665000,0.7657000,0.6014000,0.3888000,0.8331000,0.5312000,0.4695000,0.4671034,0.7679139,0.0430666},
{0.4431817,0.7671249,0.1939373,0.3880792,0.7438321,0.1956240,0.9749113,0.6860075,-0.1919575,0.5600852,0.7355694,0.3638347,0.6991643,0.9072578,0.3503893,0.7296000,0.8372000,0.4687000,0.7103000,0.7443000,0.3648000,0.7477000,0.6701000,0.3661000,0.7642000,0.6014000,0.3887000,0.8314000,0.5315000,0.4697000,0.4619940,0.7672472,0.0400558},
{0.4339262,0.7670086,0.1971042,0.3783037,0.7441424,0.1986384,0.9713090,0.6829226,-0.1942912,0.5538450,0.7371875,0.3621756,0.6961640,0.9059238,0.3530028,0.7267000,0.8367000,0.4685000,0.7074000,0.7436000,0.3641000,0.7463000,0.6700000,0.3656000,0.7628000,0.6016000,0.3884000,0.8297000,0.5319000,0.4699000,0.4568720,0.7665709,0.0369933},
{0.4243790,0.7668266,0.2001000,0.3684869,0.7443752,0.2013132,0.9673837,0.6795530,-0.1968444,0.5473544,0.7388502,0.3604671,0.6931731,0.9045770,0.3556688,0.7238000,0.8362000,0.4682000,0.7046000,0.7429000,0.3634000,0.7447000,0.6699000,0.3652000,0.7613000,0.6016000,0.3883000,0.8280000,0.5322000,0.4701000,0.4518030,0.7658936,0.0339190},
{0.4150430,0.7665893,0.2027709,0.3585162,0.7445334,0.2036793,0.9636670,0.6763546,-0.1992719,0.5413544,0.7403690,0.3589032,0.6901150,0.9031819,0.3584590,0.7207000,0.8356000,0.4680000,0.7046000,0.7429000,0.3634000,0.7426000,0.6696000,0.3650000,0.7589000,0.6012000,0.3884000,0.8262000,0.5326000,0.4704000,0.4466779,0.7652007,0.0307663},
{0.4055468,0.7662894,0.2052315,0.3485845,0.7446143,0.2056932,0.9607008,0.6737964,-0.2012163,0.5354329,0.7418508,0.3573741,0.6871353,0.9018047,0.3612421,0.7175000,0.8350000,0.4677000,0.7023000,0.7422000,0.3628000,0.7411000,0.6695000,0.3646000,0.7576000,0.6014000,0.3881000,0.8243000,0.5330000,0.4707000,0.4416032,0.7645065,0.0276003},
{0.3960812,0.7659326,0.2074320,0.3389173,0.7446209,0.2073304,0.9568691,0.6704845,-0.2037371,0.5296181,0.7432896,0.3558865,0.6842644,0.9004604,0.3639857,0.7143000,0.8344000,0.4675000,0.7001000,0.7416000,0.3625000,0.7393000,0.6693000,0.3642000,0.7560000,0.6014000,0.3879000,0.8224000,0.5334000,0.4710000,0.4364717,0.7637962,0.0243540},
{0.3867866,0.7655271,0.2093515,0.3294900,0.7445596,0.2086237,0.9534830,0.6675509,-0.2059735,0.5239685,0.7446722,0.3544540,0.6814216,0.8991118,0.3667646,0.7109000,0.8338000,0.4672000,0.6976000,0.7408000,0.3621000,0.7377000,0.6691000,0.3637000,0.7560000,0.6014000,0.3879000,0.8205000,0.5338000,0.4713000,0.4314239,0.7630895,0.0211162},
{0.3776239,0.7650744,0.2110125,0.3203306,0.7444363,0.2095951,0.9504093,0.6648823,-0.2080107,0.5186250,0.7459661,0.3531108,0.6787169,0.8978121,0.3694683,0.7074000,0.8332000,0.4668000,0.6958000,0.7400000,0.3612000,0.7354000,0.6688000,0.3634000,0.7522000,0.6013000,0.3877000,0.8185000,0.5341000,0.4716000,0.4265142,0.7623943,0.0179243},
{0.3688164,0.7645900,0.2123943,0.3114450,0.7442567,0.2102691,0.9469990,0.6619153,-0.2102789,0.5134169,0.7472145,0.3518125,0.6760956,0.8965363,0.3721466,0.7038000,0.8322000,0.4668000,0.6929000,0.7393000,0.3613000,0.7334000,0.6685000,0.3630000,0.7505000,0.6014000,0.3875000,0.8165000,0.5345000,0.4718000,0.4216514,0.7616981,0.0147213},
{0.3600616,0.7640609,0.2135600,0.3027296,0.7440231,0.2106725,0.9435255,0.6588864,-0.2125977,0.5082901,0.7484312,0.3505447,0.6735496,0.8952812,0.3748049,0.7002000,0.8319000,0.4662000,0.6907000,0.7391000,0.3614000,0.7310000,0.6681000,0.3627000,0.7482000,0.6011000,0.3875000,0.8145000,0.5349000,0.4722000,0.4170602,0.7610338,0.0116589},
{0.3516429,0.7635075,0.2144857,0.2943953,0.7437458,0.2108174,0.9408073,0.6565113,-0.2144185,0.5032102,0.7496248,0.3492986,0.6711089,0.8940627,0.3774083,0.6963000,0.8313000,0.4661000,0.6879000,0.7382000,0.3611000,0.7290000,0.6677000,0.3622000,0.7467000,0.6011000,0.3873000,0.8125000,0.5353000,0.4725000,0.4125414,0.7603732,0.0086080},
{0.3434690,0.7629280,0.2152009,0.2862299,0.7434226,0.2107284,0.9373091,0.6534485,-0.2167695,0.4982236,0.7507851,0.3480851,0.6687234,0.8928565,0.3800075,0.6927000,0.8306000,0.4655000,0.6856000,0.7380000,0.3606000,0.7270000,0.6673000,0.3618000,0.7443000,0.6008000,0.3872000,0.8104000,0.5356000,0.4728000,0.4081333,0.7597224,0.0055967},
{0.3354430,0.7623186,0.2157262,0.2781227,0.7430503,0.2104100,0.9341550,0.6506807,-0.2188970,0.4933482,0.7519087,0.3469077,0.6665060,0.8917210,0.3824746,0.6889000,0.8297000,0.4653000,0.6828000,0.7371000,0.3603000,0.7246000,0.6669000,0.3615000,0.7427000,0.6009000,0.3870000,0.8082000,0.5360000,0.4731000,0.4037346,0.7590665,0.0025566},
{0.3276788,0.7616905,0.2160662,0.2703803,0.7426459,0.2098877,0.9309840,0.6478924,-0.2210433,0.4884029,0.7530376,0.3457227,0.6643473,0.8906017,0.3849261,0.6855000,0.8284000,0.4647000,0.6796000,0.7356000,0.3602000,0.7223000,0.6666000,0.3612000,0.7408000,0.6008000,0.3868000,0.8061000,0.5363000,0.4735000,0.3993846,0.7584116,-0.0004845},
{0.3201838,0.7610479,0.2162361,0.2628915,0.7422085,0.2091749,0.9280482,0.6453057,-0.2230369,0.4839103,0.7540536,0.3446541,0.6622667,0.8895093,0.3873376,0.6813000,0.8286000,0.4642000,0.6769000,0.7349000,0.3599000,0.7208000,0.6669000,0.3608000,0.7389000,0.6010000,0.3865000,0.8039000,0.5367000,0.4737000,0.3952725,0.7577866,-0.0033913},
{0.3129526,0.7603938,0.2162507,0.2555470,0.7417339,0.2082720,0.9247970,0.6424352,-0.2252522,0.4792912,0.7550889,0.3435634,0.6603362,0.8884830,0.3896206,0.6774000,0.8281000,0.4639000,0.6742000,0.7341000,0.3594000,0.7185000,0.6665000,0.3603000,0.7367000,0.6005000,0.3863000,0.8016000,0.5371000,0.4741000,0.3910263,0.7571352,-0.0064258},
{0.3058877,0.7597217,0.2161212,0.2484498,0.7412313,0.2072021,0.9225088,0.6404112,-0.2268161,0.4749719,0.7560486,0.3425506,0.6585632,0.8875291,0.3917579,0.6734000,0.8279000,0.4635000,0.6715000,0.7338000,0.3589000,0.7161000,0.6662000,0.3599000,0.7345000,0.6003000,0.3861000,0.7992000,0.5374000,0.4743000,0.3869074,0.7564974,-0.0094017},
{0.2990858,0.7590435,0.2158602,0.2416001,0.7407036,0.2059792,0.9195060,0.6377504,-0.2288742,0.4707840,0.7569713,0.3415752,0.6568327,0.8865870,0.3938836,0.6699000,0.8268000,0.4626000,0.6692000,0.7341000,0.3583000,0.7140000,0.6660000,0.3594000,0.7325000,0.6003000,0.3859000,0.7969000,0.5378000,0.4746000,0.3828141,0.7558577,-0.0123909},
{0.2925245,0.7583597,0.2154794,0.2349927,0.7401536,0.2046162,0.9165758,0.6351487,-0.2308891,0.4668980,0.7578206,0.3406759,0.6552942,0.8857397,0.3958082,0.6661000,0.8263000,0.4621000,0.6661000,0.7330000,0.3578000,0.7116000,0.6657000,0.3591000,0.7303000,0.6001000,0.3857000,0.7943000,0.5382000,0.4748000,0.3790509,0.7552645,-0.0151672},
{0.2862266,0.7576756,0.2149924,0.2286326,0.7395847,0.2031273,0.9146072,0.6333979,-0.2322465,0.4633781,0.7585842,0.3398662,0.6537867,0.8849002,0.3977274,0.6624000,0.8258000,0.4615000,0.6633000,0.7325000,0.3570000,0.7092000,0.6652000,0.3586000,0.7283000,0.6000000,0.3854000,0.7919000,0.5386000,0.4750000,0.3752267,0.7546566,-0.0180165},
{0.2802677,0.7570026,0.2144196,0.2228204,0.7390296,0.2016088,0.9118884,0.6309762,-0.2341259,0.4599453,0.7593238,0.3390808,0.6525948,0.8842295,0.3992695,0.6589000,0.8249000,0.4611000,0.6604000,0.7312000,0.3563000,0.7071000,0.6651000,0.3581000,0.7260000,0.5999000,0.3853000,0.7894000,0.5390000,0.4753000,0.3715623,0.7540692,-0.0207734},
{0.2746689,0.7563471,0.2137802,0.2171496,0.7384541,0.1999758,0.9096184,0.6289509,-0.2356993,0.4565606,0.7600480,0.3383106,0.6513835,0.8835414,0.4008602,0.6552000,0.8246000,0.4604000,0.6576000,0.7304000,0.3557000,0.7047000,0.6647000,0.3578000,0.7240000,0.5998000,0.3850000,0.7869000,0.5393000,0.4756000,0.3683347,0.7535477,-0.0232236},
{0.2692865,0.7556953,0.2130709,0.2118053,0.7378798,0.1982937,0.9072024,0.6267918,-0.2373783,0.4535309,0.7606921,0.3376248,0.6502884,0.8829133,0.4023198,0.6515000,0.8246000,0.4598000,0.6547000,0.7295000,0.3551000,0.7023000,0.6644000,0.3572000,0.7217000,0.5996000,0.3848000,0.7845000,0.5396000,0.4758000,0.3651891,0.7530359,-0.0256313},
{0.2641841,0.7550573,0.2123109,0.2066659,0.7372969,0.1965394,0.9050669,0.6248805,-0.2388660,0.4504843,0.7613359,0.3369384,0.6492990,0.8823407,0.4036567,0.6482000,0.8243000,0.4588000,0.6517000,0.7272000,0.3553000,0.7003000,0.6642000,0.3567000,0.7197000,0.5996000,0.3845000,0.7821000,0.5399000,0.4761000,0.3622443,0.7525535,-0.0279034},
{0.2593778,0.7544380,0.2115151,0.2017717,0.7367127,0.1947382,0.9028668,0.6229085,-0.2404024,0.4478542,0.7618885,0.3363486,0.6484416,0.8818404,0.4048299,0.6449000,0.8240000,0.4579000,0.6490000,0.7264000,0.3545000,0.6979000,0.6638000,0.3562000,0.7179000,0.5998000,0.3842000,0.7798000,0.5402000,0.4764000,0.3591356,0.7520408,-0.0303209},
{0.2547356,0.7538227,0.2106712,0.1972194,0.7361426,0.1929430,0.9010722,0.6212977,-0.2416584,0.4449146,0.7625026,0.3356923,0.6476827,0.8813942,0.4058804,0.6419000,0.8228000,0.4572000,0.6465000,0.7258000,0.3538000,0.6958000,0.6636000,0.3557000,0.7156000,0.5996000,0.3838000,0.7772000,0.5404000,0.4763000,0.3562503,0.7515617,-0.0325822},
{0.2504736,0.7532425,0.2098297,0.1928329,0.7355676,0.1910986,0.8989598,0.6193992,-0.2431400,0.4423175,0.7630421,0.3351150,0.6470930,0.8810453,0.4067044,0.6386000,0.8225000,0.4563000,0.6442000,0.7253000,0.3531000,0.6936000,0.6632000,0.3551000,0.7134000,0.5991000,0.3836000,0.7747000,0.5405000,0.4764000,0.3535408,0.7511089,-0.0347213},
{0.2465163,0.7526903,0.2089899,0.1887371,0.7350069,0.1892699,0.8975487,0.6181295,-0.2441316,0.4398283,0.7635565,0.3345640,0.6465632,0.8807302,0.4074509,0.6354000,0.8223000,0.4554000,0.6420000,0.7252000,0.3519000,0.6916000,0.6630000,0.3545000,0.7111000,0.5989000,0.3832000,0.7723000,0.5407000,0.4765000,0.3510125,0.7506839,-0.0367310},
{0.2429066,0.7521751,0.2081735,0.1849816,0.7344716,0.1874984,0.8956922,0.6164571,-0.2454387,0.4375004,0.7640352,0.3340507,0.6461504,0.8804835,0.4080367,0.6321000,0.8223000,0.4545000,0.6397000,0.7245000,0.3513000,0.6895000,0.6627000,0.3538000,0.7096000,0.5993000,0.3826000,0.7698000,0.5408000,0.4764000,0.3485268,0.7502637,-0.0387199},
{0.2394569,0.7516723,0.2073474,0.1814861,0.7339543,0.1857639,0.8943246,0.6152237,-0.2464032,0.4352765,0.7644904,0.3335622,0.6457627,0.8802508,0.4085902,0.6297000,0.8217000,0.4535000,0.6376000,0.7241000,0.3504000,0.6875000,0.6625000,0.3532000,0.7075000,0.5992000,0.3820000,0.7674000,0.5408000,0.4763000,0.3463099,0.7498870,-0.0405047},
{0.2363612,0.7512121,0.2065671,0.1782340,0.7334557,0.1840727,0.8929739,0.6140045,-0.2473573,0.4332481,0.7649038,0.3331181,0.6454663,0.8800724,0.4090155,0.6261000,0.8226000,0.4525000,0.6356000,0.7238000,0.3494000,0.6854000,0.6622000,0.3525000,0.7051000,0.5985000,0.3817000,0.7649000,0.5408000,0.4761000,0.3443882,0.7495588,-0.0420602},
{0.2335644,0.7507890,0.2058298,0.1751789,0.7329713,0.1824126,0.8917270,0.6128779,-0.2482393,0.4312802,0.7653032,0.3326886,0.6452894,0.8799656,0.4092704,0.6234000,0.8229000,0.4514000,0.6336000,0.7236000,0.3484000,0.6835000,0.6620000,0.3517000,0.7029000,0.5982000,0.3812000,0.7624000,0.5408000,0.4758000,0.3427556,0.7492789,-0.0433879},
{0.2306551,0.7503412,0.2050296,0.1722342,0.7324892,0.1807442,0.8903497,0.6116324,-0.2492150,0.4295807,0.7656468,0.3323189,0.6451133,0.8798591,0.4095248,0.6207000,0.8233000,0.4505000,0.6319000,0.7235000,0.3475000,0.6819000,0.6620000,0.3509000,0.7011000,0.5981000,0.3805000,0.7600000,0.5407000,0.4756000,0.3408481,0.7489506,-0.0449464},
{0.2284151,0.7499910,0.2043898,0.1698552,0.7320882,0.1793450,0.8890572,0.6104626,-0.2501319,0.4277721,0.7660111,0.3319265,0.6449183,0.8797409,0.4098073,0.6182000,0.8227000,0.4493000,0.6300000,0.7233000,0.3465000,0.6796000,0.6615000,0.3500000,0.6989000,0.5978000,0.3798000,0.7575000,0.5406000,0.4752000,0.3393032,0.7486836,-0.0462144},
{0.2264105,0.7496736,0.2037997,0.1682804,0.7318170,0.1783927,0.8881414,0.6096330,-0.2507824,0.4261505,0.7663367,0.3315757,0.6448249,0.8796842,0.4099430,0.6158000,0.8227000,0.4483000,0.6285000,0.7235000,0.3453000,0.6779000,0.6614000,0.3491000,0.6975000,0.5984000,0.3787000,0.7550000,0.5405000,0.4747000,0.3380855,0.7484725,-0.0472175}
};
