fitErrPi Mean = 0.315122
fitErrTh Mean = 0.345291
fitErrWr Mean = 0.0264421
fitErrLA Mean = 0.100378
fitErrEl Mean = 0.0529418
fitErrUA Mean = 0.139223
efPts = {
{0.1154071,0.6877880,-0.0384214,0.6112484,0.7179846,0.0063015,0.6271785,0.9565235,0.1506465,0.7092382,1.0392226,0.1615031,0.7233897,0.9171044,0.3309556,0.6635000,0.8692000,0.4360000,0.6678000,0.7715000,0.3305000,0.6954000,0.6933000,0.3434000,0.7062000,0.6263000,0.3731000,0.7619000,0.5628000,0.4684000,0.5756056,0.7475282,-0.0390700},
{0.6004675,0.8052433,0.1007911,0.6109350,0.7178987,0.0061363,0.6264045,0.9561329,0.1507518,0.7078487,1.0389589,0.1617023,0.7227828,0.9164285,0.3311977,0.6601000,0.8696000,0.4350000,0.6651000,0.7722000,0.3302000,0.6928000,0.6935000,0.3430000,0.7037000,0.6266000,0.3729000,0.7590000,0.5634000,0.4687000,0.5751999,0.7474700,-0.0392189},
{0.5977306,0.8066373,0.1026794,0.6101825,0.7176922,0.0057393,0.6253846,0.9556163,0.1508901,0.7060757,1.0386145,0.1619593,0.7220401,0.9155984,0.3314949,0.6568000,0.8698000,0.4340000,0.6623000,0.7723000,0.3299000,0.6903000,0.6936000,0.3426000,0.7011000,0.6268000,0.3728000,0.7561000,0.5639000,0.4690000,0.5742312,0.7473308,-0.0395748},
{0.5942068,0.8083716,0.1050320,0.6090352,0.7173769,0.0051335,0.6240664,0.9549451,0.1510684,0.7037224,1.0381435,0.1623052,0.7212146,0.9146724,0.3318266,0.6534000,0.8700000,0.4329000,0.6602000,0.7725000,0.3293000,0.6879000,0.6936000,0.3422000,0.6987000,0.6271000,0.3726000,0.7532000,0.5645000,0.4693000,0.5727248,0.7471140,-0.0401290},
{0.5899220,0.8103952,0.1077819,0.6074533,0.7169414,0.0042968,0.6224599,0.9541220,0.1512848,0.7008818,1.0375543,0.1627301,0.7202518,0.9135876,0.3322150,0.6500000,0.8701000,0.4319000,0.6580000,0.7726000,0.3288000,0.6853000,0.6936000,0.3418000,0.6962000,0.6275000,0.3724000,0.7503000,0.5649000,0.4695000,0.5706865,0.7468196,-0.0408804},
{0.5850985,0.8125704,0.1107438,0.6053996,0.7163746,0.0032083,0.6203386,0.9530265,0.1515691,0.6973660,1.0367935,0.1632671,0.7192427,0.9124450,0.3326241,0.6467000,0.8701000,0.4309000,0.6555000,0.7727000,0.3280000,0.6828000,0.6937000,0.3413000,0.6938000,0.6277000,0.3722000,0.7473000,0.5654000,0.4697000,0.5681182,0.7464474,-0.0418295},
{0.5796804,0.8148947,0.1139160,0.6030227,0.7157167,0.0019453,0.6178242,0.9517151,0.1519039,0.6934978,1.0359165,0.1638720,0.7181905,0.9112476,0.3330528,0.6435000,0.8702000,0.4298000,0.6533000,0.7727000,0.3272000,0.6804000,0.6937000,0.3407000,0.6914000,0.6277000,0.3718000,0.7443000,0.5658000,0.4698000,0.5651001,0.7460079,-0.0429484},
{0.5736544,0.8173446,0.1172685,0.6001379,0.7149153,0.0004077,0.6149439,0.9501958,0.1522847,0.6896647,1.0350062,0.1644861,0.7170863,0.9099843,0.3335049,0.6404000,0.8703000,0.4289000,0.6510000,0.7726000,0.3264000,0.6780000,0.6936000,0.3400000,0.6889000,0.6279000,0.3714000,0.7413000,0.5662000,0.4699000,0.5611200,0.7454249,-0.0444296},
{0.5662063,0.8201942,0.1211800,0.5967206,0.7139620,-0.0014202,0.6116577,0.9484402,0.1527154,0.6854101,1.0339479,0.1651845,0.7160489,0.9087911,0.3339320,0.6374000,0.8703000,0.4280000,0.6488000,0.7727000,0.3255000,0.6756000,0.6937000,0.3394000,0.6867000,0.6282000,0.3711000,0.7383000,0.5665000,0.4699000,0.5565682,0.7447535,-0.0461315},
{0.5582271,0.8230486,0.1251127,0.5929616,0.7129082,-0.0034391,0.6079383,0.9464246,0.1531981,0.6810325,1.0328064,0.1659217,0.7149687,0.9075423,0.3343789,0.6346000,0.8704000,0.4272000,0.6464000,0.7726000,0.3247000,0.6732000,0.6936000,0.3388000,0.6867000,0.6282000,0.3711000,0.7353000,0.5669000,0.4698000,0.5512795,0.7439671,-0.0481197},
{0.5495429,0.8259446,0.1291189,0.5887381,0.7117179,-0.0057178,0.6038006,0.9441466,0.1537293,0.6764123,1.0315440,0.1667201,0.7140519,0.9064771,0.3347600,0.6319000,0.8706000,0.4264000,0.6442000,0.7726000,0.3239000,0.6707000,0.6935000,0.3381000,0.6860000,0.6280000,0.3710000,0.7323000,0.5671000,0.4697000,0.5457110,0.7431317,-0.0502256},
{0.5399985,0.8288977,0.1332234,0.5841661,0.7104218,-0.0081969,0.5991940,0.9415664,0.1543133,0.6717646,1.0302144,0.1675443,0.7130853,0.9053488,0.3351637,0.6293000,0.8707000,0.4257000,0.6419000,0.7725000,0.3231000,0.6683000,0.6935000,0.3374000,0.6853000,0.6279000,0.3708000,0.7293000,0.5674000,0.4695000,0.5394364,0.7421812,-0.0526140},
{0.5297448,0.8318269,0.1373164,0.5793509,0.7090481,-0.0108218,0.5943037,0.9387762,0.1549248,0.6667437,1.0287107,0.1684584,0.7122029,0.9043141,0.3355339,0.6268000,0.8708000,0.4250000,0.6397000,0.7725000,0.3224000,0.6659000,0.6933000,0.3368000,0.6847000,0.6277000,0.3707000,0.7265000,0.5678000,0.4692000,0.5328541,0.7411738,-0.0551372},
{0.5189407,0.8346643,0.1413054,0.5743039,0.7075989,-0.0135885,0.5891297,0.9357669,0.1555622,0.6614938,1.0270637,0.1694407,0.7112364,0.9031756,0.3359411,0.6244000,0.8710000,0.4245000,0.6374000,0.7723000,0.3217000,0.6635000,0.6931000,0.3361000,0.6840000,0.6275000,0.3705000,0.7236000,0.5681000,0.4689000,0.5257956,0.7400816,-0.0578632},
{0.5075880,0.8373931,0.1451685,0.5690451,0.7060786,-0.0164879,0.5836531,0.9325173,0.1562263,0.6559764,1.0252503,0.1705020,0.7102777,0.9020408,0.3363470,0.6222000,0.8710000,0.4239000,0.6351000,0.7721000,0.3210000,0.6608000,0.6927000,0.3354000,0.6834000,0.6274000,0.3704000,0.7209000,0.5684000,0.4686000,0.5186988,0.7389709,-0.0606252},
{0.4957307,0.8399879,0.1488714,0.5636388,0.7045045,-0.0194867,0.5780609,0.9291306,0.1568931,0.6501171,1.0232317,0.1716620,0.7091808,0.9007359,0.3368137,0.6199000,0.8710000,0.4234000,0.6329000,0.7718000,0.3205000,0.6589000,0.6928000,0.3348000,0.6827000,0.6272000,0.3702000,0.7183000,0.5686000,0.4683000,0.5111890,0.7377819,-0.0635712},
{0.4835478,0.8424013,0.1523475,0.5580891,0.7028771,-0.0225840,0.5722698,0.9255501,0.1575713,0.6439119,1.0209893,0.1729273,0.7081151,0.8994612,0.3372694,0.6176000,0.8709000,0.4228000,0.6304000,0.7715000,0.3199000,0.6568000,0.6926000,0.3341000,0.6821000,0.6270000,0.3701000,0.7157000,0.5690000,0.4679000,0.5034780,0.7365463,-0.0666212},
{0.4711916,0.8446041,0.1555547,0.5524161,0.7012012,-0.0257701,0.5663441,0.9218086,0.1582525,0.6378960,1.0187118,0.1741905,0.7069133,0.8980158,0.3377862,0.6154000,0.8708000,0.4223000,0.6281000,0.7713000,0.3192000,0.6546000,0.6921000,0.3339000,0.6814000,0.6269000,0.3699000,0.7133000,0.5692000,0.4676000,0.4959281,0.7353218,-0.0696324},
{0.4586292,0.8466051,0.1585052,0.5467197,0.6995058,-0.0289897,0.5603795,0.9179626,0.1589248,0.6313424,1.0161141,0.1756078,0.7054889,0.8962913,0.3384027,0.6131000,0.8707000,0.4217000,0.6256000,0.7709000,0.3187000,0.6546000,0.6921000,0.3339000,0.6807000,0.6267000,0.3698000,0.7108000,0.5695000,0.4672000,0.4882547,0.7340624,-0.0727183},
{0.4459308,0.8483953,0.1611855,0.5407747,0.6977230,-0.0323717,0.5542101,0.9138994,0.1596062,0.6244748,1.0132602,0.1771396,0.7041551,0.8946654,0.3389839,0.6107000,0.8705000,0.4212000,0.6232000,0.7705000,0.3181000,0.6541000,0.6919000,0.3338000,0.6801000,0.6265000,0.3696000,0.7086000,0.5698000,0.4669000,0.4804800,0.7327708,-0.0758712},
{0.4331421,0.8499723,0.1635911,0.5347955,0.6959160,-0.0357960,0.5480363,0.9097457,0.1602734,0.6177740,1.0103442,0.1786805,0.7026263,0.8927885,0.3396546,0.6084000,0.8702000,0.4207000,0.6208000,0.7701000,0.3174000,0.6536000,0.6917000,0.3337000,0.6794000,0.6264000,0.3695000,0.7063000,0.5701000,0.4665000,0.4726702,0.7314575,-0.0790654},
{0.4202532,0.8513406,0.1657282,0.5291567,0.6941989,-0.0390462,0.5417617,0.9054334,0.1609365,0.6108956,1.0072140,0.1803106,0.7009861,0.8907588,0.3403798,0.6059000,0.8700000,0.4203000,0.6183000,0.7696000,0.3169000,0.6531000,0.6915000,0.3335000,0.6788000,0.6262000,0.3693000,0.7042000,0.5704000,0.4663000,0.4651275,0.7301738,-0.0821762},
{0.4072958,0.8524991,0.1675945,0.5230881,0.6923368,-0.0425671,0.5354322,0.9009893,0.1615899,0.6038466,1.0038601,0.1820326,0.6993437,0.8887096,0.3411119,0.6035000,0.8697000,0.4199000,0.6159000,0.7691000,0.3164000,0.6526000,0.6914000,0.3334000,0.6781000,0.6261000,0.3692000,0.7021000,0.5708000,0.4660000,0.4572893,0.7288238,-0.0854362},
{0.3943938,0.8534419,0.1691788,0.5169826,0.6904486,-0.0461335,0.5291133,0.8964572,0.1622262,0.5965056,1.0002074,0.1838824,0.6976457,0.8865733,0.3418749,0.6010000,0.8694000,0.4195000,0.6136000,0.7685000,0.3160000,0.6521000,0.6912000,0.3332000,0.6775000,0.6259000,0.3690000,0.7001000,0.5712000,0.4657000,0.4496200,0.7274869,-0.0886532},
{0.3816637,0.8541696,0.1704786,0.5107094,0.6884930,-0.0498232,0.5227554,0.8917991,0.1628503,0.5895819,0.9966098,0.1856809,0.6958333,0.8842727,0.3426965,0.5984000,0.8691000,0.4192000,0.6111000,0.7679000,0.3157000,0.6516000,0.6910000,0.3331000,0.6768000,0.6257000,0.3689000,0.6981000,0.5717000,0.4653000,0.4419821,0.7261396,-0.0918840},
{0.3690075,0.8546962,0.1715150,0.5045571,0.6865595,-0.0534670,0.5165026,0.8871207,0.1634478,0.5824152,0.9927263,0.1875988,0.6940618,0.8820037,0.3435066,0.5958000,0.8688000,0.4188000,0.6087000,0.7673000,0.3154000,0.6511000,0.6908000,0.3330000,0.6762000,0.6256000,0.3687000,0.6961000,0.5722000,0.4650000,0.4342811,0.7247648,-0.0951692},
{0.3566517,0.8550222,0.1722823,0.4983528,0.6845940,-0.0571671,0.5102707,0.8823597,0.1640271,0.5758693,0.9890340,0.1894019,0.6921489,0.8795307,0.3443894,0.5932000,0.8685000,0.4186000,0.6064000,0.7667000,0.3150000,0.6506000,0.6906000,0.3328000,0.6755000,0.6254000,0.3686000,0.6943000,0.5727000,0.4648000,0.4269202,0.7234352,-0.0983356},
{0.3445761,0.8551615,0.1727991,0.4923040,0.6826625,-0.0607992,0.5042753,0.8776851,0.1645688,0.5690796,0.9850538,0.1913252,0.6902857,0.8770985,0.3452575,0.5905000,0.8683000,0.4184000,0.6040000,0.7660000,0.3148000,0.6501000,0.6904000,0.3327000,0.6748000,0.6252000,0.3684000,0.6927000,0.5728000,0.4648000,0.4196191,0.7221013,-0.1015020},
{0.3326974,0.8551252,0.1730820,0.4861706,0.6806885,-0.0645074,0.4983591,0.8729795,0.1650879,0.5625580,0.9810826,0.1932248,0.6883915,0.8746022,0.3461482,0.5879000,0.8680000,0.4182000,0.6019000,0.7654000,0.3145000,0.6496000,0.6902000,0.3325000,0.6742000,0.6251000,0.3682000,0.6911000,0.5733000,0.4645000,0.4119362,0.7206811,-0.1048621},
{0.3211224,0.8549229,0.1731408,0.4802088,0.6787547,-0.0681364,0.4926511,0.8683504,0.1655740,0.5559046,0.9768769,0.1952173,0.6863628,0.8719015,0.3471117,0.5853000,0.8677000,0.4180000,0.5998000,0.7648000,0.3142000,0.6491000,0.6900000,0.3324000,0.6735000,0.6249000,0.3681000,0.6897000,0.5738000,0.4643000,0.4048877,0.7193631,-0.1079704},
{0.3099671,0.8545702,0.1729924,0.4743600,0.6768428,-0.0717203,0.4871546,0.8638080,0.1660280,0.5499220,0.9729580,0.1970573,0.6843686,0.8692190,0.3480685,0.5825000,0.8672000,0.4177000,0.5978000,0.7642000,0.3140000,0.6486000,0.6898000,0.3323000,0.6729000,0.6247000,0.3679000,0.6885000,0.5742000,0.4642000,0.3978259,0.7180279,-0.1111096},
{0.2991371,0.8540772,0.1726524,0.4686700,0.6749689,-0.0752297,0.4817008,0.8592167,0.1664645,0.5438224,0.9688242,0.1989821,0.6824697,0.8666388,0.3489886,0.5797000,0.8668000,0.4174000,0.5959000,0.7635000,0.3137000,0.6481000,0.6896000,0.3321000,0.6722000,0.6246000,0.3678000,0.6873000,0.5747000,0.4640000,0.3909960,0.7167223,-0.1141698},
{0.2887383,0.8534612,0.1721407,0.4633336,0.6731987,-0.0785417,0.4764891,0.8547488,0.1668682,0.5380055,0.9647475,0.2008652,0.6805915,0.8640615,0.3499075,0.5768000,0.8664000,0.4171000,0.5938000,0.7627000,0.3135000,0.6476000,0.6894000,0.3320000,0.6716000,0.6244000,0.3676000,0.6862000,0.5751000,0.4640000,0.3843926,0.7154465,-0.1171514},
{0.2788391,0.8527421,0.1714810,0.4578678,0.6713728,-0.0819549,0.4714611,0.8503619,0.1672451,0.5325746,0.9608184,0.2026666,0.6787887,0.8615637,0.3507979,0.5746000,0.8658000,0.4161000,0.5918000,0.7617000,0.3135000,0.6471000,0.6892000,0.3318000,0.6709000,0.6242000,0.3675000,0.6852000,0.5756000,0.4639000,0.3781568,0.7142294,-0.1199881},
{0.2694529,0.8519373,0.1706956,0.4526375,0.6696132,-0.0852409,0.4665302,0.8459849,0.1676023,0.5274616,0.9570071,0.2044023,0.6770877,0.8591850,0.3516457,0.5720000,0.8653000,0.4159000,0.5898000,0.7608000,0.3135000,0.6466000,0.6890000,0.3317000,0.6703000,0.6241000,0.3673000,0.6842000,0.5761000,0.4639000,0.3718646,0.7129888,-0.1228715},
{0.2604712,0.8510519,0.1697943,0.4476113,0.6679109,-0.0884173,0.4618310,0.8417427,0.1679309,0.5224734,0.9531800,0.2061339,0.6753487,0.8567309,0.3525202,0.5694000,0.8646000,0.4156000,0.5878000,0.7598000,0.3135000,0.6461000,0.6888000,0.3316000,0.6696000,0.6239000,0.3672000,0.6832000,0.5765000,0.4639000,0.3662932,0.7118799,-0.1254424},
{0.2518466,0.8500923,0.1687865,0.4419522,0.6659806,-0.0920157,0.4572149,0.8375064,0.1682422,0.5177828,0.9494797,0.2077981,0.6738198,0.8545544,0.3532956,0.5668000,0.8641000,0.4154000,0.5858000,0.7587000,0.3137000,0.6456000,0.6886000,0.3314000,0.6689000,0.6237000,0.3670000,0.6822000,0.5769000,0.4640000,0.3604010,0.7106963,-0.1281797},
{0.2438345,0.8491015,0.1677211,0.4374457,0.6644332,-0.0948981,0.4528240,0.8334112,0.1685275,0.5133238,0.9458673,0.2094136,0.6721926,0.8522183,0.3541278,0.5644000,0.8635000,0.4152000,0.5840000,0.7577000,0.3137000,0.6451000,0.6884000,0.3313000,0.6683000,0.6236000,0.3669000,0.6813000,0.5774000,0.4640000,0.3549392,0.7095889,-0.1307345},
{0.2361034,0.8480515,0.1665709,0.4323300,0.6626653,-0.0981884,0.4486098,0.8294189,0.1687911,0.5090396,0.9423064,0.2109976,0.6706879,0.8500396,0.3549038,0.5619000,0.8630000,0.4151000,0.5822000,0.7569000,0.3136000,0.6446000,0.6882000,0.3311000,0.6676000,0.6234000,0.3667000,0.6803000,0.5778000,0.4640000,0.3495846,0.7084937,-0.1332554},
{0.2288044,0.8469723,0.1653709,0.4274090,0.6609532,-0.1013721,0.4445848,0.8255480,0.1690332,0.5049338,0.9388076,0.2125460,0.6692992,0.8480130,0.3556255,0.5596000,0.8624000,0.4149000,0.5805000,0.7559000,0.3137000,0.6441000,0.6881000,0.3310000,0.6670000,0.6232000,0.3666000,0.6793000,0.5782000,0.4640000,0.3444035,0.7074247,-0.1357103},
{0.2219067,0.8458712,0.1641311,0.4230487,0.6594268,-0.1042083,0.4407319,0.8217878,0.1692558,0.5009534,0.9353323,0.2140765,0.6679408,0.8460156,0.3563367,0.5574000,0.8619000,0.4148000,0.5789000,0.7552000,0.3136000,0.6436000,0.6879000,0.3309000,0.6663000,0.6231000,0.3664000,0.6783000,0.5786000,0.4640000,0.3393445,0.7063721,-0.1381224},
{0.2153781,0.8447533,0.1628593,0.4188117,0.6579350,-0.1069782,0.4369605,0.8180537,0.1694649,0.4970837,0.9318717,0.2155934,0.6666209,0.8440606,0.3570328,0.5553000,0.8617000,0.4147000,0.5775000,0.7546000,0.3136000,0.6431000,0.6877000,0.3307000,0.6657000,0.6229000,0.3663000,0.6775000,0.5791000,0.4640000,0.3346679,0.7053911,-0.1403656},
{0.2093246,0.8436483,0.1615910,0.4147688,0.6565036,-0.1096343,0.4333757,0.8144541,0.1696553,0.4933528,0.9284559,0.2170840,0.6652949,0.8420820,0.3577371,0.5553000,0.8617000,0.4147000,0.5761000,0.7540000,0.3136000,0.6426000,0.6875000,0.3306000,0.6650000,0.6227000,0.3661000,0.6766000,0.5794000,0.4640000,0.3303035,0.7044687,-0.1424708},
{0.2036072,0.8425418,0.1603116,0.4113252,0.6552781,-0.1119067,0.4298413,0.8108558,0.1698349,0.4898096,0.9251368,0.2185260,0.6639805,0.8401064,0.3584402,0.5544000,0.8611000,0.4145000,0.5747000,0.7533000,0.3136000,0.6421000,0.6873000,0.3304000,0.6643000,0.6226000,0.3660000,0.6760000,0.5793000,0.4643000,0.3258918,0.7035293,-0.1446107},
{0.1981800,0.8414328,0.1590206,0.4073187,0.6538451,-0.1145623,0.4265216,0.8074300,0.1699958,0.4863790,0.9218509,0.2199477,0.6626717,0.8381245,0.3591455,0.5535000,0.8604000,0.4143000,0.5736000,0.7527000,0.3136000,0.6416000,0.6871000,0.3303000,0.6637000,0.6224000,0.3658000,0.6754000,0.5796000,0.4644000,0.3218102,0.7026540,-0.1466010},
{0.1931628,0.8403546,0.1577584,0.4032346,0.6523763,-0.1172824,0.4232479,0.8040066,0.1701471,0.4831683,0.9187084,0.2213020,0.6613828,0.8361585,0.3598451,0.5527000,0.8597000,0.4141000,0.5724000,0.7522000,0.3135000,0.6411000,0.6869000,0.3302000,0.6630000,0.6223000,0.3657000,0.6747000,0.5799000,0.4644000,0.3181844,0.7018713,-0.1483778},
{0.1883536,0.8392714,0.1564839,0.3999350,0.6511836,-0.1194899,0.4201441,0.8007186,0.1702836,0.4801483,0.9156909,0.2225976,0.6602006,0.8343425,0.3604912,0.5518000,0.8591000,0.4140000,0.5713000,0.7516000,0.3135000,0.6406000,0.6867000,0.3300000,0.6624000,0.6221000,0.3655000,0.6741000,0.5802000,0.4644000,0.3145728,0.7010868,-0.1501559},
{0.1838880,0.8382204,0.1552417,0.3962353,0.6498398,-0.1219755,0.4171923,0.7975521,0.1704067,0.4772552,0.9127421,0.2238593,0.6590853,0.8326181,0.3611046,0.5509000,0.8584000,0.4138000,0.5703000,0.7510000,0.3134000,0.6401000,0.6865000,0.3299000,0.6617000,0.6219000,0.3654000,0.6736000,0.5805000,0.4644000,0.3113108,0.7003741,-0.1517690},
{0.1795081,0.8371455,0.1539660,0.3925981,0.6485120,-0.1244301,0.4145353,0.7946680,0.1705120,0.4746450,0.9100310,0.2250155,0.6579801,0.8308983,0.3617164,0.5500000,0.8577000,0.4136000,0.5693000,0.7504000,0.3134000,0.6396000,0.6863000,0.3297000,0.6611000,0.6218000,0.3652000,0.6731000,0.5807000,0.4644000,0.3079564,0.6996369,-0.1534349},
{0.1755240,0.8361283,0.1527544,0.3895444,0.6473920,-0.1264993,0.4120096,0.7918960,0.1706070,0.4722395,0.9074884,0.2260966,0.6569370,0.8292650,0.3622973,0.5491000,0.8571000,0.4134000,0.5693000,0.7504000,0.3134000,0.6391000,0.6861000,0.3296000,0.6604000,0.6216000,0.3651000,0.6726000,0.5809000,0.4644000,0.3042959,0.6988275,-0.1552613},
{0.1716482,0.8351013,0.1515270,0.3859876,0.6460815,-0.1289191,0.4095907,0.7892126,0.1706933,0.4700261,0.9051102,0.2271050,0.6559305,0.8276796,0.3628611,0.5482000,0.8564000,0.4133000,0.5695000,0.7500000,0.3135000,0.6386000,0.6859000,0.3295000,0.6598000,0.6214000,0.3649000,0.6722000,0.5811000,0.4644000,0.3014796,0.6982013,-0.1566725},
{0.1681887,0.8341523,0.1503894,0.3830116,0.6449799,-0.1309520,0.4073406,0.7866906,0.1707692,0.4679851,0.9028832,0.2280468,0.6550396,0.8262684,0.3633629,0.5473000,0.8557000,0.4131000,0.5696000,0.7496000,0.3137000,0.6381000,0.6857000,0.3293000,0.6591000,0.6213000,0.3648000,0.6718000,0.5813000,0.4643000,0.2981430,0.6974553,-0.1583513},
{0.1648978,0.8332201,0.1492690,0.3794473,0.6436546,-0.1333967,0.4053713,0.7844625,0.1708322,0.4661650,0.9008690,0.2288967,0.6541746,0.8248914,0.3638525,0.5464000,0.8551000,0.4129000,0.5698000,0.7492000,0.3138000,0.6376000,0.6855000,0.3292000,0.6584000,0.6211000,0.3646000,0.6715000,0.5814000,0.4643000,0.2951157,0.6967746,-0.1598809},
{0.1617787,0.8323091,0.1481714,0.3765342,0.6425664,-0.1354028,0.4036876,0.7825418,0.1708835,0.4645618,0.8990721,0.2296533,0.6534767,0.8237750,0.3642494,0.5455000,0.8544000,0.4127000,0.5700000,0.7488000,0.3139000,0.6371000,0.6853000,0.3290000,0.6578000,0.6209000,0.3645000,0.6713000,0.5815000,0.4642000,0.2924412,0.6961702,-0.1612374},
{0.1589626,0.8314628,0.1471495,0.3734006,0.6413908,-0.1375689,0.4019779,0.7805761,0.1709330,0.4631525,0.8974745,0.2303248,0.6528139,0.8227106,0.3646279,0.5446000,0.8537000,0.4125000,0.5701000,0.7484000,0.3141000,0.6366000,0.6851000,0.3289000,0.6571000,0.6208000,0.3643000,0.6711000,0.5816000,0.4641000,0.2898594,0.6955840,-0.1625517},
{0.1562117,0.8306136,0.1461219,0.3705150,0.6403036,-0.1395712,0.4005568,0.7789303,0.1709722,0.4618599,0.8959940,0.2309460,0.6521999,0.8217208,0.3649797,0.5438000,0.8531000,0.4124000,0.5703000,0.7481000,0.3142000,0.6361000,0.6849000,0.3288000,0.6565000,0.6206000,0.3641000,0.6709000,0.5816000,0.4640000,0.2871966,0.6949765,-0.1639121},
{0.1536921,0.8298156,0.1451545,0.3673749,0.6391154,-0.1417583,0.3990525,0.7771763,0.1710117,0.4606606,0.8946072,0.2315271,0.6516351,0.8208071,0.3653045,0.5429000,0.8524000,0.4122000,0.5705000,0.7477000,0.3143000,0.6356000,0.6848000,0.3286000,0.6558000,0.6204000,0.3640000,0.6709000,0.5816000,0.4639000,0.2849177,0.6944543,-0.1650803},
{0.1512788,0.8290325,0.1442036,0.3644422,0.6380007,-0.1438090,0.3977588,0.7756577,0.1710440,0.4595118,0.8932664,0.2320880,0.6511037,0.8199445,0.3656111,0.5420000,0.8517000,0.4120000,0.5706000,0.7473000,0.3145000,0.6351000,0.6846000,0.3285000,0.6552000,0.6203000,0.3638000,0.6709000,0.5815000,0.4639000,0.2829230,0.6939954,-0.1661058},
{0.1490675,0.8282984,0.1433107,0.3631401,0.6375044,-0.1447219,0.3965389,0.7742172,0.1710730,0.4584007,0.8919581,0.2326346,0.6506398,0.8191893,0.3658795,0.5411000,0.8511000,0.4118000,0.5708000,0.7469000,0.3146000,0.6346000,0.6844000,0.3283000,0.6545000,0.6201000,0.3637000,0.6710000,0.5813000,0.4638000,0.2811391,0.6935836,-0.1670253},
{0.1477866,0.8278657,0.1427838,0.3624905,0.6372564,-0.1451779,0.3955660,0.7730623,0.1710952,0.4574664,0.8908489,0.2330975,0.6501417,0.8183760,0.3661686,0.5402000,0.8504000,0.4116000,0.5710000,0.7465000,0.3147000,0.6341000,0.6842000,0.3282000,0.6538000,0.6199000,0.3635000,0.6710000,0.5812000,0.4638000,0.2801917,0.6933643,-0.1675147},
{0.1469432,0.8275778,0.1424329,0.3624905,0.6372564,-0.1451779,0.3947873,0.7721340,0.1711122,0.4566398,0.8898606,0.2335094,0.6496794,0.8176191,0.3664376,0.5393000,0.8497000,0.4115000,0.5711000,0.7461000,0.3149000,0.6336000,0.6840000,0.3281000,0.6532000,0.6198000,0.3634000,0.6712000,0.5810000,0.4637000,0.2795842,0.6932236,-0.1678287},
{0.1465151,0.8274307,0.1422536,0.3624574,0.6372437,-0.1452011,0.3943278,0.7715846,0.1711220,0.4560406,0.8891401,0.2338095,0.6492545,0.8169214,0.3666855,0.5384000,0.8491000,0.4113000,0.5713000,0.7457000,0.3150000,0.6331000,0.6838000,0.3279000,0.6525000,0.6196000,0.3632000,0.6713000,0.5808000,0.4637000,0.2796298,0.6932341,-0.1678051},
{0.1462386,0.8273354,0.1421373,0.3624574,0.6372437,-0.1452011,0.3940625,0.7712667,0.1711276,0.4557220,0.8887555,0.2339695,0.6489617,0.8164396,0.3668568,0.5375000,0.8484000,0.4111000,0.5715000,0.7454000,0.3151000,0.6326000,0.6836000,0.3278000,0.6519000,0.6194000,0.3631000,0.6715000,0.5806000,0.4637000,0.2796298,0.6932341,-0.1678051},
{0.1459029,0.8272193,0.1419957,0.3621509,0.6371266,-0.1454164,0.3940215,0.7712176,0.1711285,0.4555584,0.8885577,0.2340518,0.6487879,0.8161532,0.3669585,0.5366000,0.8477000,0.4109000,0.5716000,0.7450000,0.3153000,0.6321000,0.6834000,0.3276000,0.6512000,0.6193000,0.3629000,0.6717000,0.5804000,0.4637000,0.2796298,0.6932341,-0.1678051},
{0.1455602,0.8271003,0.1418506,0.3621509,0.6371266,-0.1454164,0.3938522,0.7710145,0.1711320,0.4556709,0.8886937,0.2339953,0.6487179,0.8160377,0.3669995,0.5357000,0.8471000,0.4108000,0.5718000,0.7446000,0.3154000,0.6316000,0.6832000,0.3275000,0.6506000,0.6191000,0.3628000,0.6719000,0.5802000,0.4637000,0.2796298,0.6932341,-0.1678051},
{0.1452779,0.8270020,0.1417307,0.3619915,0.6370657,-0.1455285,0.3935687,0.7706740,0.1711378,0.4558617,0.8889242,0.2338993,0.6486510,0.8159273,0.3670388,0.5349000,0.8464000,0.4106000,0.5720000,0.7442000,0.3155000,0.6311000,0.6830000,0.3274000,0.6499000,0.6189000,0.3626000,0.6722000,0.5799000,0.4637000,0.2794901,0.6932017,-0.1678774},
{0.1449750,0.8268963,0.1416016,0.3619631,0.6370548,-0.1455484,0.3933878,0.7704566,0.1711414,0.4558843,0.8889515,0.2338880,0.6487053,0.8160169,0.3670069,0.5340000,0.8457000,0.4104000,0.5721000,0.7438000,0.3157000,0.6306000,0.6828000,0.3272000,0.6493000,0.6188000,0.3625000,0.6724000,0.5797000,0.4637000,0.2793612,0.6931718,-0.1679441},
{0.1447694,0.8268243,0.1415138,0.3619076,0.6370336,-0.1455874,0.3931662,0.7701899,0.1711459,0.4558321,0.8888885,0.2339142,0.6486820,0.8159785,0.3670206,0.5331000,0.8451000,0.4102000,0.5723000,0.7434000,0.3158000,0.6301000,0.6826000,0.3271000,0.6486000,0.6186000,0.3623000,0.6727000,0.5794000,0.4637000,0.2793612,0.6931718,-0.1679441}
};
