fitErrPi Mean = 0.318282
fitErrTh Mean = 0.275098
fitErrWr Mean = 0.0232695
fitErrLA Mean = 0.349967
fitErrEl Mean = 0.127472
fitErrUA Mean = 0.266279
efPts = {
{0.1815935,0.7740886,0.0419901,0.5789794,0.7297941,0.0423262,0.7743380,0.8018754,0.0618628,0.7454600,0.9815918,0.2050341,0.4210277,0.2061894,0.4934277,0.6735000,0.8535000,0.4616000,0.6538000,0.6851000,0.3530000,0.6970000,0.6144000,0.2686000,0.7040000,0.5681000,0.3797000,0.7878000,0.4907000,0.5236000,0.3182823,-0.0000000,-0.0000000},
{0.5361436,0.7863218,0.1114606,0.5780104,0.7296644,0.0416350,0.7739977,0.8015303,0.0617645,0.7447838,0.9809532,0.2052842,0.5465793,0.6538055,0.3969682,0.6728000,0.8537000,0.4613000,0.6530000,0.6853000,0.3528000,0.6965000,0.6145000,0.2686000,0.7032000,0.5685000,0.3799000,0.7871000,0.4910000,0.5237000,0.3182823,-0.0000000,-0.0000000},
{0.5348760,0.7871114,0.1129684,0.5769733,0.7295250,0.0408938,0.7736918,0.8012201,0.0616761,0.7444771,0.9806629,0.2053978,0.5456163,0.6543559,0.3969551,0.6721000,0.8539000,0.4611000,0.6524000,0.6853000,0.3526000,0.6960000,0.6145000,0.2687000,0.7025000,0.5689000,0.3801000,0.7863000,0.4913000,0.5239000,0.3182823,-0.0000000,-0.0000000},
{0.5333307,0.7880481,0.1147522,0.5758889,0.7293787,0.0401174,0.7732645,0.8007863,0.0615525,0.7436750,0.9799019,0.2056954,0.5449163,0.6547554,0.3969457,0.6714000,0.8541000,0.4608000,0.6516000,0.6855000,0.3524000,0.6956000,0.6142000,0.2691000,0.7025000,0.5689000,0.3801000,0.7855000,0.4916000,0.5241000,0.3182823,-0.0000000,-0.0000000},
{0.5316676,0.7890270,0.1166104,0.5746583,0.7292119,0.0392345,0.7727476,0.8002612,0.0614027,0.7433113,0.9795559,0.2058305,0.5442516,0.6551342,0.3969369,0.6707000,0.8542000,0.4606000,0.6510000,0.6855000,0.3522000,0.6951000,0.6143000,0.2690000,0.7017000,0.5690000,0.3800000,0.7848000,0.4918000,0.5243000,0.3182823,-0.0000000,-0.0000000},
{0.5297512,0.7901204,0.1186785,0.5732861,0.7290251,0.0382478,0.7721109,0.7996138,0.0612180,0.7424428,0.9787277,0.2061539,0.5434147,0.6556104,0.3969259,0.6700000,0.8544000,0.4603000,0.6503000,0.6856000,0.3521000,0.6946000,0.6143000,0.2691000,0.7012000,0.5692000,0.3799000,0.7841000,0.4920000,0.5245000,0.3182823,-0.0000000,-0.0000000},
{0.5275457,0.7913368,0.1209704,0.5717944,0.7288208,0.0371724,0.7713794,0.7988692,0.0610052,0.7419734,0.9782788,0.2063291,0.5426966,0.6560184,0.3969166,0.6692000,0.8545000,0.4600000,0.6497000,0.6856000,0.3520000,0.6940000,0.6141000,0.2690000,0.7008000,0.5693000,0.3799000,0.7834000,0.4923000,0.5246000,0.3182823,-0.0000000,-0.0000000},
{0.5249300,0.7927266,0.1235771,0.5702174,0.7286036,0.0360325,0.7708173,0.7982964,0.0608414,0.7410002,0.9773450,0.2066930,0.5417936,0.6565306,0.3969051,0.6685000,0.8546000,0.4597000,0.6489000,0.6856000,0.3518000,0.6936000,0.6140000,0.2690000,0.6998000,0.5691000,0.3801000,0.7828000,0.4925000,0.5248000,0.3182823,-0.0000000,-0.0000000},
{0.5221133,0.7941652,0.1262618,0.5684850,0.7283635,0.0347765,0.7697563,0.7972139,0.0605315,0.7398731,0.9762588,0.2071158,0.5408357,0.6570730,0.3968930,0.6678000,0.8547000,0.4595000,0.6483000,0.6855000,0.3518000,0.6930000,0.6140000,0.2690000,0.6992000,0.5690000,0.3802000,0.7822000,0.4927000,0.5249000,0.3182823,-0.0000000,-0.0000000},
{0.5191300,0.7956296,0.1289805,0.5665940,0.7280997,0.0334014,0.7689121,0.7963513,0.0602842,0.7387102,0.9751324,0.2075535,0.5401165,0.6574795,0.3968841,0.6671000,0.8548000,0.4593000,0.6476000,0.6855000,0.3517000,0.6925000,0.6138000,0.2690000,0.6990000,0.5694000,0.3800000,0.7816000,0.4929000,0.5251000,0.3182823,-0.0000000,-0.0000000},
{0.5156471,0.7972697,0.1320080,0.5645152,0.7278076,0.0318844,0.7679354,0.7953518,0.0599972,0.7378259,0.9742721,0.2078874,0.5389439,0.6581411,0.3968698,0.6664000,0.8548000,0.4592000,0.6470000,0.6854000,0.3517000,0.6921000,0.6137000,0.2689000,0.6981000,0.5691000,0.3802000,0.7811000,0.4931000,0.5253000,0.3182823,-0.0000000,-0.0000000},
{0.5119750,0.7989257,0.1350455,0.5623779,0.7275049,0.0303190,0.7667883,0.7941761,0.0596592,0.7363943,0.9728725,0.2084298,0.5380256,0.6586581,0.3968588,0.6657000,0.8548000,0.4591000,0.6464000,0.6854000,0.3517000,0.6916000,0.6135000,0.2689000,0.6975000,0.5690000,0.3804000,0.7805000,0.4933000,0.5254000,0.3182823,-0.0000000,-0.0000000},
{0.5078259,0.8007154,0.1383061,0.5601591,0.7271882,0.0286877,0.7655681,0.7929229,0.0592983,0.7348916,0.9713938,0.2090018,0.5368802,0.6593016,0.3968453,0.6650000,0.8547000,0.4590000,0.6457000,0.6854000,0.3517000,0.6911000,0.6134000,0.2690000,0.6966000,0.5688000,0.3805000,0.7800000,0.4935000,0.5256000,0.3182823,-0.0000000,-0.0000000},
{0.5032859,0.8025845,0.1416859,0.5579624,0.7268721,0.0270666,0.7642592,0.7915761,0.0589097,0.7332765,0.9697940,0.2096194,0.5356161,0.6600102,0.3968307,0.6642000,0.8547000,0.4590000,0.6452000,0.6853000,0.3517000,0.6907000,0.6132000,0.2690000,0.6963000,0.5689000,0.3805000,0.7795000,0.4936000,0.5257000,0.3182823,-0.0000000,-0.0000000},
{0.4982145,0.8045732,0.1452522,0.5556589,0.7265380,0.0253600,0.7628859,0.7901598,0.0585003,0.7315813,0.9681027,0.2102709,0.5343663,0.6607090,0.3968167,0.6635000,0.8546000,0.4590000,0.6447000,0.6852000,0.3517000,0.6902000,0.6131000,0.2690000,0.6954000,0.5685000,0.3809000,0.7790000,0.4938000,0.5259000,0.3182823,-0.0000000,-0.0000000},
{0.4932667,0.8064222,0.1485393,0.5533399,0.7261988,0.0236351,0.7614722,0.7886988,0.0580772,0.7297511,0.9662629,0.2109781,0.5331627,0.6613802,0.3968034,0.6628000,0.8545000,0.4591000,0.6441000,0.6851000,0.3517000,0.6899000,0.6129000,0.2691000,0.6949000,0.5686000,0.3810000,0.7785000,0.4939000,0.5260000,0.3182823,-0.0000000,-0.0000000},
{0.4879288,0.8083251,0.1518920,0.5509418,0.7258451,0.0218442,0.7599182,0.7870889,0.0576100,0.7278010,0.9642865,0.2117360,0.5316558,0.6622184,0.3967873,0.6620000,0.8543000,0.4592000,0.6436000,0.6851000,0.3518000,0.6895000,0.6128000,0.2691000,0.6949000,0.5686000,0.3810000,0.7780000,0.4940000,0.5262000,0.3182823,-0.0000000,-0.0000000},
{0.4818175,0.8103970,0.1555055,0.5484777,0.7254786,0.0199963,0.7582671,0.7853741,0.0571112,0.7257503,0.9621902,0.2125379,0.5301734,0.6630404,0.3967719,0.6612000,0.8541000,0.4594000,0.6431000,0.6849000,0.3518000,0.6890000,0.6127000,0.2692000,0.6944000,0.5685000,0.3810000,0.7775000,0.4942000,0.5263000,0.3182823,-0.0000000,-0.0000000},
{0.4757314,0.8123568,0.1588859,0.5460812,0.7251191,0.0181916,0.7565742,0.7836112,0.0565973,0.7236478,0.9600215,0.2133653,0.5284956,0.6639679,0.3967551,0.6604000,0.8538000,0.4595000,0.6425000,0.6849000,0.3518000,0.6886000,0.6126000,0.2692000,0.6938000,0.5685000,0.3810000,0.7769000,0.4943000,0.5264000,0.3182823,-0.0000000,-0.0000000},
{0.4692850,0.8143290,0.1622481,0.5433720,0.7247091,0.0161426,0.7548270,0.7817867,0.0560641,0.7214029,0.9576842,0.2142547,0.5267921,0.6649063,0.3967385,0.6596000,0.8536000,0.4598000,0.6420000,0.6847000,0.3519000,0.6883000,0.6125000,0.2692000,0.6932000,0.5685000,0.3810000,0.7764000,0.4944000,0.5264000,0.3182823,-0.0000000,-0.0000000},
{0.4626730,0.8162496,0.1654809,0.5407219,0.7243043,0.0141292,0.7528812,0.7797489,0.0554671,0.7190837,0.9552455,0.2151801,0.5249673,0.6659080,0.3967215,0.6587000,0.8532000,0.4601000,0.6414000,0.6845000,0.3519000,0.6880000,0.6124000,0.2691000,0.6927000,0.5684000,0.3811000,0.7759000,0.4945000,0.5266000,0.3182823,-0.0000000,-0.0000000},
{0.4558131,0.8181403,0.1686205,0.5379075,0.7238704,0.0119810,0.7510508,0.7778263,0.0549024,0.7163746,0.9523657,0.2162695,0.5232343,0.6668558,0.3967060,0.6578000,0.8528000,0.4604000,0.6408000,0.6844000,0.3520000,0.6876000,0.6123000,0.2691000,0.6921000,0.5684000,0.3811000,0.7754000,0.4946000,0.5266000,0.3182823,-0.0000000,-0.0000000},
{0.4489094,0.8199453,0.1715737,0.5351412,0.7234398,0.0098595,0.7490632,0.7757321,0.0542858,0.7139728,0.9497843,0.2172431,0.5213352,0.6678907,0.3966897,0.6570000,0.8524000,0.4608000,0.6403000,0.6842000,0.3521000,0.6874000,0.6122000,0.2691000,0.6916000,0.5684000,0.3811000,0.7750000,0.4947000,0.5267000,0.3182823,-0.0000000,-0.0000000},
{0.4416570,0.8217418,0.1744663,0.5320992,0.7229616,0.0075152,0.7468907,0.7734356,0.0536076,0.7115657,0.9471699,0.2182262,0.5193487,0.6689689,0.3966735,0.6561000,0.8520000,0.4612000,0.6398000,0.6840000,0.3521000,0.6871000,0.6122000,0.2691000,0.6910000,0.5683000,0.3812000,0.7746000,0.4948000,0.5268000,0.3182823,-0.0000000,-0.0000000},
{0.4343494,0.8234545,0.1771754,0.5289539,0.7224621,0.0050786,0.7448665,0.7712888,0.0529719,0.7086982,0.9440196,0.2194071,0.5175087,0.6699637,0.3966592,0.6552000,0.8515000,0.4616000,0.6392000,0.6837000,0.3522000,0.6868000,0.6121000,0.2692000,0.6910000,0.5683000,0.3812000,0.7741000,0.4949000,0.5269000,0.3182823,-0.0000000,-0.0000000},
{0.4269028,0.8251041,0.1797343,0.5258072,0.7219571,0.0026280,0.7426627,0.7689435,0.0522755,0.7061913,0.9412329,0.2204484,0.5153023,0.6711516,0.3966431,0.6543000,0.8510000,0.4620000,0.6386000,0.6835000,0.3523000,0.6865000,0.6121000,0.2692000,0.6904000,0.5683000,0.3809000,0.7737000,0.4950000,0.5270000,0.3182823,-0.0000000,-0.0000000},
{0.4192246,0.8267082,0.1821688,0.5223339,0.7213936,-0.0000919,0.7403252,0.7664470,0.0515320,0.7033297,0.9380144,0.2216472,0.5132254,0.6722649,0.3966288,0.6534000,0.8504000,0.4624000,0.6379000,0.6832000,0.3524000,0.6862000,0.6119000,0.2692000,0.6900000,0.5682000,0.3809000,0.7733000,0.4951000,0.5271000,0.3182823,-0.0000000,-0.0000000},
{0.4113501,0.8282553,0.1844591,0.5187080,0.7207984,-0.0029483,0.7380459,0.7640038,0.0508021,0.7007417,0.9350686,0.2227410,0.5111206,0.6733882,0.3966152,0.6525000,0.8498000,0.4628000,0.6373000,0.6829000,0.3524000,0.6860000,0.6119000,0.2691000,0.6896000,0.5682000,0.3810000,0.7729000,0.4952000,0.5271000,0.3182823,-0.0000000,-0.0000000},
{0.4034811,0.8297056,0.1865461,0.5152225,0.7202196,-0.0057104,0.7355264,0.7612928,0.0499897,0.6979037,0.9317994,0.2239509,0.5088507,0.6745942,0.3966016,0.6515000,0.8491000,0.4632000,0.6366000,0.6825000,0.3525000,0.6857000,0.6118000,0.2691000,0.6893000,0.5681000,0.3811000,0.7725000,0.4952000,0.5272000,0.3182823,-0.0000000,-0.0000000},
{0.3954404,0.8310917,0.1884764,0.5115943,0.7196101,-0.0086026,0.7330456,0.7586128,0.0491840,0.6950019,0.9284139,0.2251998,0.5065737,0.6757982,0.3965890,0.6505000,0.8484000,0.4636000,0.6359000,0.6821000,0.3526000,0.6853000,0.6116000,0.2692000,0.6887000,0.5678000,0.3813000,0.7722000,0.4954000,0.5273000,0.3182823,-0.0000000,-0.0000000},
{0.3874359,0.8323775,0.1902000,0.5076315,0.7189363,-0.0117817,0.7305725,0.7559306,0.0483751,0.6920547,0.9249304,0.2264804,0.5043569,0.6769649,0.3965778,0.6495000,0.8476000,0.4640000,0.6351000,0.6816000,0.3527000,0.6849000,0.6115000,0.2692000,0.6885000,0.5678000,0.3813000,0.7718000,0.4955000,0.5273000,0.3182823,-0.0000000,-0.0000000},
{0.3795139,0.8335596,0.1917151,0.5038523,0.7182858,-0.0148330,0.7280267,0.7531586,0.0475364,0.6892491,0.9215713,0.2277112,0.5022208,0.6780840,0.3965680,0.6485000,0.8468000,0.4645000,0.6342000,0.6811000,0.3529000,0.6846000,0.6115000,0.2691000,0.6884000,0.5679000,0.3813000,0.7715000,0.4956000,0.5274000,0.3182823,-0.0000000,-0.0000000},
{0.3717306,0.8346346,0.1930215,0.5001736,0.7176450,-0.0178217,0.7253975,0.7502838,0.0466638,0.6863791,0.9180909,0.2289823,0.5000676,0.6792070,0.3965591,0.6475000,0.8460000,0.4648000,0.6332000,0.6806000,0.3530000,0.6843000,0.6114000,0.2691000,0.6882000,0.5680000,0.3812000,0.7712000,0.4957000,0.5274000,0.3182823,-0.0000000,-0.0000000},
{0.3640051,0.8356176,0.1941414,0.4965751,0.7170110,-0.0207629,0.7228669,0.7475056,0.0458178,0.6835502,0.9146157,0.2302473,0.4977865,0.6803910,0.3965507,0.6464000,0.8452000,0.4652000,0.6319000,0.6798000,0.3532000,0.6840000,0.6112000,0.2691000,0.6881000,0.5680000,0.3812000,0.7708000,0.4958000,0.5274000,0.3182823,-0.0000000,-0.0000000},
{0.3561576,0.8365309,0.1950993,0.4930102,0.7163758,-0.0236940,0.7204125,0.7448002,0.0449913,0.6807639,0.9111489,0.2315053,0.4956444,0.6814977,0.3965438,0.6453000,0.8444000,0.4656000,0.6303000,0.6786000,0.3534000,0.6836000,0.6111000,0.2691000,0.6872000,0.5676000,0.3814000,0.7705000,0.4960000,0.5275000,0.3182823,-0.0000000,-0.0000000},
{0.3487077,0.8373186,0.1958414,0.4894686,0.7157378,-0.0266232,0.7177423,0.7418450,0.0440857,0.6780240,0.9076961,0.2327542,0.4937360,0.6824794,0.3965384,0.6442000,0.8435000,0.4660000,0.6290000,0.6778000,0.3537000,0.6833000,0.6110000,0.2690000,0.6871000,0.5676000,0.3813000,0.7702000,0.4960000,0.5275000,0.3182823,-0.0000000,-0.0000000},
{0.3414356,0.8380126,0.1964079,0.4859131,0.7150902,-0.0295813,0.7152830,0.7391120,0.0432455,0.6753476,0.9042808,0.2339857,0.4918524,0.6834445,0.3965339,0.6431000,0.8427000,0.4663000,0.6290000,0.6778000,0.3537000,0.6828000,0.6109000,0.2690000,0.6869000,0.5677000,0.3813000,0.7698000,0.4961000,0.5275000,0.3182823,-0.0000000,-0.0000000},
{0.3343207,0.8386194,0.1968101,0.4823490,0.7144339,-0.0325640,0.7130041,0.7365699,0.0424618,0.6727108,0.9008740,0.2352105,0.4897968,0.6844931,0.3965298,0.6419000,0.8418000,0.4667000,0.6306000,0.6783000,0.3539000,0.6823000,0.6108000,0.2689000,0.6868000,0.5677000,0.3813000,0.7695000,0.4962000,0.5275000,0.3182823,-0.0000000,-0.0000000},
{0.3273749,0.8391422,0.1970559,0.4791599,0.7138405,-0.0352481,0.7105360,0.7338062,0.0416072,0.6701208,0.8974862,0.2364248,0.4879776,0.6854173,0.3965269,0.6407000,0.8410000,0.4670000,0.6297000,0.6776000,0.3541000,0.6818000,0.6106000,0.2688000,0.6859000,0.5672000,0.3814000,0.7692000,0.4963000,0.5276000,0.3182823,-0.0000000,-0.0000000},
{0.3206949,0.8395791,0.1971535,0.4757063,0.7131913,-0.0381708,0.7083412,0.7313395,0.0408424,0.6675928,0.8941393,0.2376210,0.4861732,0.6863304,0.3965247,0.6395000,0.8401000,0.4672000,0.6288000,0.6769000,0.3542000,0.6812000,0.6104000,0.2688000,0.6858000,0.5673000,0.3814000,0.7689000,0.4964000,0.5276000,0.3182823,-0.0000000,-0.0000000},
{0.3141869,0.8399414,0.1971153,0.4725629,0.7125945,-0.0408456,0.7057910,0.7284623,0.0399476,0.6651643,0.8908856,0.2387807,0.4846493,0.6870987,0.3965234,0.6382000,0.8393000,0.4675000,0.6277000,0.6764000,0.3544000,0.6807000,0.6103000,0.2688000,0.6856000,0.5673000,0.3813000,0.7686000,0.4965000,0.5276000,0.3182823,-0.0000000,-0.0000000},
{0.3079527,0.8402287,0.1969526,0.4693105,0.7119710,-0.0436280,0.7036029,0.7259842,0.0391748,0.6627643,0.8876323,0.2399369,0.4829724,0.6879412,0.3965225,0.6370000,0.8384000,0.4678000,0.6268000,0.6759000,0.3546000,0.6801000,0.6101000,0.2688000,0.6855000,0.5673000,0.3813000,0.7683000,0.4966000,0.5277000,0.3182823,-0.0000000,-0.0000000},
{0.3018872,0.8404508,0.1966731,0.4663432,0.7113967,-0.0461797,0.7014956,0.7235894,0.0384261,0.6604396,0.8844444,0.2410669,0.4814976,0.6886797,0.3965222,0.6358000,0.8375000,0.4680000,0.6260000,0.6752000,0.3547000,0.6797000,0.6099000,0.2687000,0.6846000,0.5668000,0.3815000,0.7680000,0.4967000,0.5277000,0.3182823,-0.0000000,-0.0000000},
{0.2961008,0.8406083,0.1962921,0.4633335,0.7108090,-0.0487809,0.6991515,0.7209159,0.0375880,0.6582550,0.8814154,0.2421379,0.4800766,0.6893889,0.3965223,0.6345000,0.8366000,0.4682000,0.6252000,0.6745000,0.3548000,0.6791000,0.6097000,0.2686000,0.6845000,0.5668000,0.3814000,0.7677000,0.4968000,0.5277000,0.3182823,-0.0000000,-0.0000000},
{0.2905956,0.8407076,0.1958229,0.4604955,0.7102499,-0.0512457,0.6973257,0.7188265,0.0369314,0.6561756,0.8785015,0.2431656,0.4787081,0.6900698,0.3965228,0.6332000,0.8356000,0.4684000,0.6244000,0.6740000,0.3549000,0.6787000,0.6095000,0.2686000,0.6844000,0.5668000,0.3814000,0.7674000,0.4968000,0.5278000,0.3182823,-0.0000000,-0.0000000},
{0.2852628,0.8407552,0.1952661,0.4576278,0.7096801,-0.0537481,0.6952424,0.7164349,0.0361781,0.6540837,0.8755392,0.2442080,0.4775441,0.6906473,0.3965236,0.6319000,0.8347000,0.4686000,0.6235000,0.6734000,0.3550000,0.6782000,0.6093000,0.2686000,0.6836000,0.5662000,0.3815000,0.7670000,0.4969000,0.5277000,0.3182823,-0.0000000,-0.0000000},
{0.2803108,0.8407552,0.1946561,0.4551047,0.7091746,-0.0559600,0.6931421,0.7140156,0.0354142,0.6521992,0.8728436,0.2451543,0.4761736,0.6913254,0.3965248,0.6306000,0.8337000,0.4687000,0.6228000,0.6727000,0.3551000,0.6777000,0.6090000,0.2686000,0.6835000,0.5662000,0.3814000,0.7668000,0.4969000,0.5277000,0.3182823,-0.0000000,-0.0000000},
{0.2756276,0.8407149,0.1939940,0.4525356,0.7086561,-0.0582218,0.6914859,0.7121020,0.0348086,0.6503145,0.8701215,0.2461079,0.4751197,0.6918454,0.3965261,0.6293000,0.8328000,0.4688000,0.6221000,0.6721000,0.3551000,0.6772000,0.6087000,0.2685000,0.6831000,0.5660000,0.3812000,0.7665000,0.4969000,0.5278000,0.3182823,-0.0000000,-0.0000000},
{0.2712244,0.8406399,0.1932933,0.4501254,0.7081659,-0.0603526,0.6896965,0.7100288,0.0341512,0.6486279,0.8676631,0.2469673,0.4739315,0.6924303,0.3965277,0.6280000,0.8319000,0.4689000,0.6214000,0.6715000,0.3551000,0.6767000,0.6084000,0.2685000,0.6827000,0.5658000,0.3813000,0.7663000,0.4969000,0.5278000,0.3182823,-0.0000000,-0.0000000},
{0.2672603,0.8405405,0.1925955,0.4479358,0.7077176,-0.0622959,0.6881994,0.7082895,0.0335987,0.6470895,0.8654018,0.2477564,0.4728520,0.6929603,0.3965295,0.6267000,0.8310000,0.4690000,0.6207000,0.6709000,0.3551000,0.6761000,0.6081000,0.2684000,0.6825000,0.5656000,0.3812000,0.7661000,0.4969000,0.5278000,0.3182823,-0.0000000,-0.0000000},
{0.2637545,0.8404267,0.1919236,0.4458586,0.7072896,-0.0641462,0.6867699,0.7066248,0.0330689,0.6456149,0.8632170,0.2485175,0.4718482,0.6934519,0.3965313,0.6253000,0.8301000,0.4691000,0.6200000,0.6702000,0.3551000,0.6756000,0.6077000,0.2684000,0.6820000,0.5652000,0.3813000,0.7659000,0.4969000,0.5278000,0.3182823,-0.0000000,-0.0000000},
{0.2603367,0.8402916,0.1912176,0.4437522,0.7068528,-0.0660292,0.6852973,0.7049059,0.0325210,0.6441989,0.8611029,0.2492527,0.4709183,0.6939064,0.3965332,0.6240000,0.8291000,0.4692000,0.6193000,0.6697000,0.3551000,0.6749000,0.6074000,0.2684000,0.6817000,0.5649000,0.3813000,0.7657000,0.4969000,0.5279000,0.3182823,-0.0000000,-0.0000000},
{0.2573004,0.8401508,0.1905468,0.4417822,0.7064418,-0.0677963,0.6839669,0.7033494,0.0320240,0.6429382,0.8592073,0.2499109,0.4699649,0.6943714,0.3965354,0.6226000,0.8282000,0.4693000,0.6186000,0.6689000,0.3551000,0.6745000,0.6070000,0.2684000,0.6813000,0.5645000,0.3813000,0.7656000,0.4968000,0.5279000,0.3182823,-0.0000000,-0.0000000},
{0.2545834,0.8400078,0.1899107,0.4400490,0.7060782,-0.0693559,0.6826686,0.7018271,0.0315372,0.6418375,0.8575417,0.2504885,0.4689498,0.6948654,0.3965379,0.6212000,0.8274000,0.4694000,0.6178000,0.6682000,0.3551000,0.6739000,0.6065000,0.2684000,0.6810000,0.5641000,0.3814000,0.7654000,0.4967000,0.5279000,0.3182823,-0.0000000,-0.0000000},
{0.2520171,0.8398576,0.1892778,0.4381068,0.7056685,-0.0711091,0.6816663,0.7006497,0.0311603,0.6408089,0.8559762,0.2510307,0.4680721,0.6952915,0.3965402,0.6199000,0.8265000,0.4695000,0.6170000,0.6676000,0.3552000,0.6733000,0.6061000,0.2684000,0.6806000,0.5638000,0.3815000,0.7652000,0.4965000,0.5279000,0.3182823,-0.0000000,-0.0000000},
{0.2498833,0.8397211,0.1887273,0.4366333,0.7053562,-0.0724431,0.6805073,0.6992859,0.0307230,0.6399250,0.8546239,0.2514985,0.4672664,0.6956820,0.3965425,0.6185000,0.8256000,0.4696000,0.6162000,0.6668000,0.3552000,0.6729000,0.6057000,0.2684000,0.6802000,0.5633000,0.3815000,0.7650000,0.4963000,0.5279000,0.3182823,-0.0000000,-0.0000000},
{0.2479965,0.8395915,0.1882217,0.4352509,0.7050619,-0.0736977,0.6793389,0.6979083,0.0302808,0.6390647,0.8533014,0.2519556,0.4664618,0.6960713,0.3965449,0.6173000,0.8248000,0.4698000,0.6155000,0.6661000,0.3553000,0.6723000,0.6052000,0.2685000,0.6798000,0.5628000,0.3816000,0.7648000,0.4961000,0.5279000,0.3182823,-0.0000000,-0.0000000},
{0.2465153,0.8394838,0.1878120,0.4340193,0.7047986,-0.0748179,0.6785786,0.6970104,0.0299923,0.6383215,0.8521540,0.2523517,0.4658678,0.6963581,0.3965468,0.6160000,0.8240000,0.4700000,0.6147000,0.6654000,0.3553000,0.6717000,0.6048000,0.2686000,0.6793000,0.5623000,0.3818000,0.7646000,0.4959000,0.5280000,0.3182823,-0.0000000,-0.0000000},
{0.2452589,0.8393881,0.1874556,0.4329291,0.7045648,-0.0758115,0.6778633,0.6961647,0.0297203,0.6376105,0.8510519,0.2527319,0.4651128,0.6967222,0.3965492,0.6147000,0.8232000,0.4701000,0.6139000,0.6646000,0.3555000,0.6712000,0.6044000,0.2687000,0.6789000,0.5618000,0.3820000,0.7644000,0.4957000,0.5280000,0.3182823,-0.0000000,-0.0000000},
{0.2443939,0.8393200,0.1872055,0.4324512,0.7044621,-0.0762477,0.6772216,0.6954052,0.0294758,0.6371275,0.8503006,0.2529909,0.4644426,0.6970449,0.3965515,0.6135000,0.8226000,0.4703000,0.6132000,0.6639000,0.3556000,0.6705000,0.6039000,0.2688000,0.6785000,0.5613000,0.3821000,0.7642000,0.4954000,0.5280000,0.3182823,-0.0000000,-0.0000000},
{0.2437088,0.8392647,0.1870045,0.4317411,0.7043091,-0.0768964,0.6763928,0.6944229,0.0291593,0.6366454,0.8495488,0.2532500,0.4639098,0.6973011,0.3965534,0.6124000,0.8219000,0.4704000,0.6124000,0.6632000,0.3557000,0.6699000,0.6035000,0.2689000,0.6780000,0.5607000,0.3823000,0.7640000,0.4952000,0.5280000,0.3182823,-0.0000000,-0.0000000},
{0.2432575,0.8392276,0.1868708,0.4316131,0.7042816,-0.0770134,0.6759448,0.6938915,0.0289880,0.6362480,0.8489275,0.2534639,0.4635148,0.6974908,0.3965549,0.6113000,0.8212000,0.4705000,0.6117000,0.6624000,0.3559000,0.6694000,0.6031000,0.2691000,0.6776000,0.5602000,0.3825000,0.7639000,0.4949000,0.5281000,0.3182823,-0.0000000,-0.0000000},
{0.2429757,0.8392042,0.1867867,0.4316131,0.7042816,-0.0770134,0.6754795,0.6933390,0.0288098,0.6359989,0.8485373,0.2535983,0.4628746,0.6977979,0.3965573,0.6103000,0.8207000,0.4706000,0.6110000,0.6619000,0.3560000,0.6689000,0.6026000,0.2692000,0.6772000,0.5597000,0.3827000,0.7637000,0.4947000,0.5281000,0.3182823,-0.0000000,-0.0000000},
{0.2426530,0.8391771,0.1866899,0.4314166,0.7042392,-0.0771931,0.6754235,0.6932725,0.0287884,0.6357336,0.8481211,0.2537415,0.4626003,0.6979293,0.3965583,0.6094000,0.8203000,0.4707000,0.6104000,0.6613000,0.3561000,0.6684000,0.6022000,0.2694000,0.6768000,0.5594000,0.3828000,0.7636000,0.4944000,0.5281000,0.3182823,-0.0000000,-0.0000000},
{0.2424060,0.8391562,0.1866154,0.4312427,0.7042016,-0.0773522,0.6753082,0.6931356,0.0287442,0.6357336,0.8481211,0.2537415,0.4622679,0.6980885,0.3965596,0.6086000,0.8198000,0.4709000,0.6098000,0.6607000,0.3563000,0.6680000,0.6018000,0.2695000,0.6764000,0.5589000,0.3830000,0.7635000,0.4942000,0.5281000,0.3182823,-0.0000000,-0.0000000},
{0.2421765,0.8391367,0.1865459,0.4310627,0.7041628,-0.0775169,0.6749971,0.6927659,0.0286249,0.6356181,0.8479399,0.2538038,0.4620593,0.6981883,0.3965605,0.6080000,0.8195000,0.4710000,0.6094000,0.6602000,0.3564000,0.6676000,0.6014000,0.2696000,0.6761000,0.5585000,0.3831000,0.7633000,0.4939000,0.5280000,0.3182823,-0.0000000,-0.0000000},
{0.2419449,0.8391168,0.1864755,0.4310435,0.7041586,-0.0775344,0.6750322,0.6928076,0.0286383,0.6355313,0.8478035,0.2538507,0.4617415,0.6983403,0.3965617,0.6074000,0.8192000,0.4711000,0.6089000,0.6598000,0.3566000,0.6672000,0.6010000,0.2698000,0.6758000,0.5581000,0.3833000,0.7633000,0.4937000,0.5280000,0.3182823,-0.0000000,-0.0000000},
{0.2416335,0.8390898,0.1863803,0.4309582,0.7041402,-0.0776125,0.6750322,0.6928076,0.0286383,0.6354214,0.8476307,0.2539102,0.4616878,0.6983660,0.3965620,0.6070000,0.8189000,0.4713000,0.6086000,0.6594000,0.3568000,0.6669000,0.6007000,0.2699000,0.6757000,0.5578000,0.3834000,0.7632000,0.4934000,0.5280000,0.3182823,-0.0000000,-0.0000000},
{0.2413644,0.8390664,0.1862976,0.4308583,0.7041186,-0.0777039,0.6748841,0.6926315,0.0285815,0.6353268,0.8474819,0.2539613,0.4616253,0.6983958,0.3965622,0.6067000,0.8187000,0.4715000,0.6082000,0.6590000,0.3570000,0.6666000,0.6003000,0.2701000,0.6755000,0.5575000,0.3836000,0.7632000,0.4931000,0.5281000,0.3182823,-0.0000000,-0.0000000},
{0.2410124,0.8390353,0.1861889,0.4305924,0.7040611,-0.0779475,0.6747234,0.6924404,0.0285198,0.6351685,0.8472328,0.2540470,0.4615883,0.6984135,0.3965624,0.6065000,0.8185000,0.4717000,0.6079000,0.6587000,0.3573000,0.6663000,0.6001000,0.2703000,0.6753000,0.5572000,0.3837000,0.7632000,0.4928000,0.5281000,0.3182823,-0.0000000,-0.0000000},
{0.2406565,0.8390037,0.1860783,0.4303876,0.7040168,-0.0781350,0.6747234,0.6924404,0.0285198,0.6349930,0.8469563,0.2541421,0.4614880,0.6984615,0.3965628,0.6064000,0.8184000,0.4719000,0.6076000,0.6584000,0.3576000,0.6661000,0.6000000,0.2705000,0.6753000,0.5570000,0.3838000,0.7632000,0.4926000,0.5281000,0.3182823,-0.0000000,-0.0000000},
{0.2403710,0.8389780,0.1859890,0.4303876,0.7040168,-0.0781350,0.6747234,0.6924404,0.0285198,0.6347974,0.8466478,0.2542481,0.4614880,0.6984615,0.3965628,0.6064000,0.8182000,0.4722000,0.6074000,0.6582000,0.3579000,0.6658000,0.5997000,0.2707000,0.6752000,0.5568000,0.3840000,0.7633000,0.4923000,0.5282000,0.3182823,-0.0000000,-0.0000000},
{0.2400871,0.8389523,0.1858998,0.4302197,0.7039804,-0.0782889,0.6746700,0.6923769,0.0284993,0.6345513,0.8462592,0.2543817,0.4614034,0.6985019,0.3965631,0.6065000,0.8181000,0.4724000,0.6073000,0.6581000,0.3582000,0.6656000,0.5996000,0.2709000,0.6752000,0.5565000,0.3842000,0.7633000,0.4921000,0.5282000,0.3182823,-0.0000000,-0.0000000},
{0.2396820,0.8389152,0.1857717,0.4301626,0.7039681,-0.0783413,0.6743198,0.6919603,0.0283647,0.6343376,0.8459213,0.2544977,0.4614034,0.6985019,0.3965631,0.6067000,0.8180000,0.4727000,0.6073000,0.6579000,0.3585000,0.6655000,0.5994000,0.2710000,0.6752000,0.5563000,0.3843000,0.7635000,0.4919000,0.5283000,0.3182823,-0.0000000,-0.0000000},
{0.2394226,0.8388912,0.1856891,0.4297954,0.7038885,-0.0786780,0.6743198,0.6919603,0.0283647,0.6340918,0.8455323,0.2546314,0.4613741,0.6985159,0.3965632,0.6069000,0.8178000,0.4731000,0.6072000,0.6578000,0.3588000,0.6654000,0.5992000,0.2712000,0.6752000,0.5562000,0.3845000,0.7636000,0.4918000,0.5283000,0.3182823,-0.0000000,-0.0000000}
};
