fitErrPi Mean = 0.00968507
fitErrTh Mean = 0.00801786
fitErrWr Mean = 0.00634921
fitErrLA Mean = 0.0289947
fitErrEl Mean = 0.0552446
fitErrUA Mean = 0.0429719
efPts = {
{0.7077572,0.2857936,0.3451454,0.6768075,0.2280000,0.3066073,0.9139600,0.7824023,0.0699572,1.3701020,0.5822698,0.2372315,0.6299082,0.6143999,0.4373949,0.7297000,0.6927000,0.5772000,0.7474000,0.6341000,0.4338000,0.8192000,0.5535000,0.4328000,0.8439000,0.5123000,0.3752000,1.0080000,0.4185000,0.4859000,0.7342864,0.2259964,0.3021243},
{0.7070705,0.2864173,0.3457175,0.6761097,0.2285436,0.3071651,0.6311305,0.3848572,0.3941603,0.5727252,0.5321305,0.3513156,0.6301237,0.6151491,0.4372063,0.7306000,0.6931000,0.5773000,0.7482000,0.6340000,0.4343000,0.8197000,0.5537000,0.4331000,0.8449000,0.5123000,0.3752000,1.0090000,0.4184000,0.4860000,0.7335131,0.2263555,0.3031249},
{0.7059944,0.2874094,0.3466046,0.6752237,0.2292431,0.3078675,0.6306022,0.3858105,0.3942515,0.5728186,0.5331861,0.3510369,0.6304446,0.6162543,0.4369274,0.7315000,0.6937000,0.5774000,0.7490000,0.6339000,0.4347000,0.8202000,0.5539000,0.4334000,0.8459000,0.5123000,0.3752000,1.0090000,0.4182000,0.4861000,0.7323565,0.2269178,0.3045978},
{0.7045427,0.2887761,0.3477827,0.6739451,0.2302708,0.3088696,0.6298096,0.3872561,0.3943835,0.5729522,0.5346464,0.3506508,0.6307985,0.6174587,0.4366227,0.7324000,0.6944000,0.5774000,0.7498000,0.6338000,0.4351000,0.8206000,0.5540000,0.4337000,0.8468000,0.5123000,0.3752000,1.0090000,0.4180000,0.4862000,0.7308511,0.2276936,0.3064737},
{0.7026306,0.2906257,0.3493024,0.6722847,0.2316374,0.3101508,0.6286868,0.3893367,0.3945607,0.5731387,0.5365973,0.3501339,0.6312818,0.6190799,0.4362111,0.7334000,0.6952000,0.5775000,0.7506000,0.6337000,0.4355000,0.8210000,0.5542000,0.4340000,0.8478000,0.5123000,0.3752000,1.0090000,0.4178000,0.4862000,0.7289380,0.2287484,0.3087925},
{0.7003391,0.2929160,0.3510758,0.6702980,0.2333199,0.3116540,0.6272816,0.3919962,0.3947655,0.5733972,0.5391536,0.3494547,0.6318989,0.6211124,0.4356928,0.7344000,0.6961000,0.5776000,0.7514000,0.6336000,0.4359000,0.8214000,0.5546000,0.4343000,0.8488000,0.5122000,0.3752000,1.0090000,0.4175000,0.4862000,0.7265245,0.2301844,0.3116190},
{0.6978509,0.2954932,0.3529425,0.6678244,0.2354863,0.3134806,0.6256301,0.3952041,0.3949813,0.5737354,0.5422836,0.3486205,0.6326349,0.6234841,0.4350850,0.7352000,0.6973000,0.5777000,0.7522000,0.6336000,0.4364000,0.8216000,0.5550000,0.4344000,0.8498000,0.5122000,0.3752000,1.0090000,0.4172000,0.4861000,0.7237121,0.2319980,0.3147802},
{0.6949639,0.2986009,0.3550320,0.6650315,0.2380270,0.3154835,0.6237594,0.3989513,0.3951913,0.5741381,0.5457539,0.3476920,0.6334221,0.6259618,0.4344462,0.7363000,0.6986000,0.5775000,0.7531000,0.6335000,0.4368000,0.8218000,0.5554000,0.4345000,0.8508000,0.5122000,0.3752000,1.0090000,0.4167000,0.4860000,0.7204702,0.2342654,0.3182578},
{0.6918145,0.3021346,0.3572181,0.6620372,0.2408615,0.3175612,0.6216992,0.4032259,0.3953777,0.5746297,0.5496861,0.3466354,0.6343807,0.6289027,0.4336833,0.7373000,0.7000000,0.5773000,0.7539000,0.6334000,0.4372000,0.8218000,0.5559000,0.4346000,0.8518000,0.5122000,0.3752000,1.0080000,0.4162000,0.4858000,0.7168706,0.2369915,0.3219226},
{0.6884710,0.3060493,0.3594326,0.6586683,0.2441866,0.3198134,0.6194651,0.4080490,0.3955229,0.5752027,0.5539322,0.3454891,0.6354634,0.6321306,0.4328399,0.7384000,0.7016000,0.5773000,0.7547000,0.6333000,0.4376000,0.8217000,0.5564000,0.4346000,0.8518000,0.5122000,0.3752000,1.0080000,0.4157000,0.4856000,0.7130279,0.2401292,0.3256209},
{0.6848881,0.3104310,0.3616841,0.6548502,0.2481281,0.3222570,0.6170870,0.4134169,0.3956065,0.5758782,0.5585686,0.3442311,0.6366945,0.6356898,0.4319024,0.7395000,0.7033000,0.5770000,0.7555000,0.6332000,0.4380000,0.8216000,0.5572000,0.4347000,0.8514000,0.5124000,0.3751000,1.0070000,0.4151000,0.4854000,0.7089517,0.2436989,0.3293164},
{0.6810542,0.3153343,0.3639539,0.6508234,0.2524833,0.3247095,0.6146115,0.4192850,0.3956085,0.5766599,0.5635366,0.3428758,0.6380316,0.6394331,0.4309081,0.7407000,0.7052000,0.5769000,0.7563000,0.6331000,0.4385000,0.8215000,0.5580000,0.4347000,0.8510000,0.5131000,0.3749000,1.0060000,0.4144000,0.4851000,0.7046525,0.2477178,0.3329751},
{0.6771792,0.3205165,0.3661007,0.6464517,0.2574413,0.3272275,0.6120806,0.4256140,0.3955106,0.5775853,0.5689809,0.3413818,0.6394774,0.6433497,0.4298584,0.7420000,0.7070000,0.5768000,0.7571000,0.6330000,0.4389000,0.8213000,0.5587000,0.4347000,0.8508000,0.5139000,0.3748000,1.0050000,0.4137000,0.4849000,0.7000849,0.2522575,0.3366080},
{0.6731176,0.3261946,0.3681904,0.6418486,0.2629203,0.3297162,0.6095111,0.4324230,0.3952948,0.5786464,0.5747604,0.3397857,0.6410366,0.6474345,0.4287534,0.7435000,0.7088000,0.5766000,0.7579000,0.6329000,0.4393000,0.8211000,0.5597000,0.4346000,0.8501000,0.5143000,0.3747000,1.0030000,0.4129000,0.4848000,0.6954093,0.2571777,0.3400694},
{0.6688199,0.3324809,0.3702208,0.6370260,0.2689459,0.3321441,0.6068088,0.4400617,0.3949229,0.5799093,0.5811272,0.3380156,0.6428084,0.6519170,0.4275288,0.7450000,0.7108000,0.5765000,0.7588000,0.6328000,0.4397000,0.8208000,0.5607000,0.4346000,0.8496000,0.5151000,0.3746000,1.0020000,0.4122000,0.4847000,0.6903865,0.2627566,0.3435118},
{0.6643690,0.3392975,0.3721242,0.6319916,0.2755496,0.3344815,0.6041503,0.4481346,0.3943879,0.5813588,0.5878895,0.3361217,0.6447253,0.6565932,0.4262376,0.7464000,0.7129000,0.5764000,0.7596000,0.6328000,0.4402000,0.8205000,0.5616000,0.4347000,0.8491000,0.5159000,0.3745000,1.0010000,0.4114000,0.4846000,0.6851694,0.2688586,0.3467978},
{0.6597170,0.3467624,0.3738923,0.6266879,0.2828565,0.3367237,0.6014816,0.4569031,0.3936491,0.5830255,0.5950914,0.3340891,0.6468509,0.6615881,0.4248429,0.7478000,0.7151000,0.5761000,0.7604000,0.6327000,0.4406000,0.8202000,0.5626000,0.4347000,0.8483000,0.5164000,0.3744000,0.9991000,0.4107000,0.4846000,0.6796618,0.2756268,0.3499594},
{0.6549534,0.3547767,0.3754618,0.6212727,0.2906932,0.3387765,0.5988797,0.4662369,0.3926907,0.5849149,0.6026615,0.3319351,0.6491631,0.6668165,0.4233656,0.7491000,0.7175000,0.5758000,0.7612000,0.6326000,0.4410000,0.8200000,0.5636000,0.4348000,0.8476000,0.5171000,0.3743000,0.9975000,0.4099000,0.4845000,0.6739835,0.2829431,0.3529003},
{0.6501072,0.3633272,0.3768000,0.6157171,0.2991361,0.3406290,0.5963893,0.4760869,0.3914956,0.5870513,0.6106107,0.3296538,0.6517288,0.6723922,0.4217703,0.7504000,0.7199000,0.5754000,0.7620000,0.6325000,0.4414000,0.8196000,0.5646000,0.4349000,0.8468000,0.5177000,0.3743000,0.9959000,0.4092000,0.4845000,0.6681516,0.2908042,0.3555942},
{0.6451538,0.3724977,0.3778875,0.6100171,0.3082338,0.3422559,0.5940642,0.4863375,0.3900598,0.5894536,0.6189229,0.3272470,0.6544976,0.6781695,0.4200954,0.7516000,0.7225000,0.5750000,0.7628000,0.6324000,0.4418000,0.8193000,0.5656000,0.4349000,0.8459000,0.5183000,0.3743000,0.9942000,0.4085000,0.4845000,0.6621565,0.2992424,0.3580272},
{0.6401986,0.3821281,0.3786782,0.6042773,0.3178549,0.3436049,0.5918900,0.4971768,0.3883369,0.5921436,0.6275912,0.3247135,0.6576094,0.6843957,0.4182649,0.7527000,0.7252000,0.5745000,0.7628000,0.6324000,0.4418000,0.8188000,0.5666000,0.4350000,0.8452000,0.5191000,0.3743000,0.9925000,0.4078000,0.4844000,0.6560248,0.3082401,0.3601695},
{0.6352140,0.3923021,0.3791572,0.5984300,0.3281495,0.3446690,0.5899346,0.5084062,0.3863380,0.5951669,0.6366733,0.3220331,0.6608669,0.6906417,0.4164016,0.7540000,0.7277000,0.5740000,0.7636000,0.6361000,0.4411000,0.8185000,0.5676000,0.4351000,0.8442000,0.5195000,0.3743000,0.9908000,0.4071000,0.4844000,0.6498551,0.3176640,0.3619764},
{0.6302103,0.4030376,0.3792979,0.5925752,0.3389789,0.3454062,0.5882086,0.5201074,0.3840310,0.5984498,0.6458839,0.3192871,0.6644495,0.6972226,0.4144085,0.7552000,0.7303000,0.5733000,0.7645000,0.6399000,0.4402000,0.8181000,0.5686000,0.4350000,0.8433000,0.5201000,0.3742000,0.9890000,0.4064000,0.4844000,0.6435517,0.3276731,0.3634636},
{0.6252595,0.4142133,0.3790770,0.5867192,0.3503615,0.3457971,0.5867438,0.5322518,0.3814015,0.6022377,0.6558145,0.3162949,0.6682427,0.7038942,0.4123558,0.7564000,0.7330000,0.5726000,0.7654000,0.6438000,0.4393000,0.8176000,0.5695000,0.4350000,0.8426000,0.5208000,0.3742000,0.9873000,0.4057000,0.4844000,0.6371621,0.3382123,0.3646009},
{0.6203191,0.4259611,0.3784689,0.5808240,0.3624119,0.3458185,0.5855734,0.5447760,0.3784448,0.6064269,0.6660750,0.3131683,0.6723042,0.7107337,0.4102171,0.7575000,0.7357000,0.5718000,0.7662000,0.6473000,0.4384000,0.8170000,0.5703000,0.4350000,0.8415000,0.5213000,0.3741000,0.9855000,0.4051000,0.4844000,0.6307547,0.3491814,0.3653641},
{0.6154868,0.4380837,0.3774630,0.5749829,0.3749802,0.3454445,0.5847234,0.5576514,0.3751509,0.6110431,0.6766483,0.3099083,0.6766505,0.7177384,0.4079895,0.7586000,0.7384000,0.5710000,0.7672000,0.6505000,0.4374000,0.8166000,0.5713000,0.4349000,0.8408000,0.5220000,0.3740000,0.9838000,0.4045000,0.4844000,0.6242165,0.3607939,0.3657479},
{0.6107116,0.4507448,0.3760254,0.5691184,0.3882811,0.3446398,0.5842182,0.5708664,0.3715058,0.6160971,0.6874846,0.3065261,0.6812582,0.7248437,0.4056904,0.7595000,0.7413000,0.5701000,0.7683000,0.6535000,0.4365000,0.8160000,0.5721000,0.4347000,0.8399000,0.5225000,0.3738000,0.9819000,0.4039000,0.4843000,0.6176228,0.3729438,0.3657215},
{0.6060501,0.4638399,0.3741434,0.5632999,0.4022192,0.3433751,0.5840833,0.5844202,0.3674913,0.6216765,0.6986895,0.3029839,0.6862351,0.7321824,0.4032725,0.7603000,0.7441000,0.5690000,0.7693000,0.6565000,0.4355000,0.8154000,0.5729000,0.4345000,0.8388000,0.5228000,0.3737000,0.9801000,0.4032000,0.4843000,0.6109720,0.3856597,0.3652611},
{0.6015394,0.4773023,0.3718076,0.5575702,0.4167468,0.3416250,0.5843382,0.5980570,0.3631711,0.6276628,0.7099606,0.2993732,0.6914641,0.7395524,0.4007983,0.7618000,0.7470000,0.5677000,0.7703000,0.6591000,0.4348000,0.8149000,0.5737000,0.4342000,0.8381000,0.5235000,0.3733000,0.9783000,0.4027000,0.4843000,0.6043398,0.3988196,0.3643504},
{0.5971886,0.4911442,0.3689974,0.5519034,0.4319987,0.3393384,0.5849897,0.6117479,0.3585489,0.6341041,0.7213451,0.2956760,0.6970111,0.7470235,0.3982412,0.7626000,0.7499000,0.5666000,0.7710000,0.6619000,0.4342000,0.8143000,0.5744000,0.4340000,0.8372000,0.5241000,0.3731000,0.9764000,0.4021000,0.4842000,0.5976715,0.4125584,0.3629568},
{0.5930987,0.5050629,0.3657653,0.5464297,0.4476882,0.3365275,0.5860516,0.6255495,0.3535977,0.6410052,0.7328061,0.2919010,0.7029194,0.7546233,0.3955872,0.7635000,0.7528000,0.5654000,0.7717000,0.6645000,0.4337000,0.8137000,0.5753000,0.4338000,0.8362000,0.5245000,0.3728000,0.9744000,0.4015000,0.4842000,0.5909540,0.4269451,0.3610382},
{0.5891707,0.5194312,0.3620102,0.5411185,0.4639642,0.3331383,0.5875350,0.6394152,0.3483236,0.6483494,0.7442768,0.2880672,0.7091260,0.7622435,0.3928699,0.7643000,0.7557000,0.5641000,0.7724000,0.6668000,0.4331000,0.8130000,0.5760000,0.4335000,0.8355000,0.5252000,0.3726000,0.9724000,0.4009000,0.4841000,0.5844589,0.4414164,0.3586550},
{0.5855028,0.5339442,0.3577907,0.5360033,0.4808103,0.3291378,0.5893998,0.6529807,0.3428660,0.6561180,0.7556985,0.2841918,0.7153241,0.7695129,0.3902225,0.7652000,0.7587000,0.5627000,0.7729000,0.6688000,0.4325000,0.8123000,0.5769000,0.4332000,0.8345000,0.5257000,0.3723000,0.9705000,0.4004000,0.4841000,0.5779021,0.4566338,0.3556759},
{0.5821042,0.5485951,0.3530978,0.5311868,0.4979606,0.3245607,0.5916823,0.6665255,0.3371140,0.6639220,0.7665220,0.2804631,0.7217322,0.7766990,0.3875496,0.7661000,0.7618000,0.5613000,0.7732000,0.6704000,0.4318000,0.8117000,0.5778000,0.4329000,0.8335000,0.5262000,0.3720000,0.9685000,0.3999000,0.4841000,0.5714871,0.4721759,0.3521456},
{0.5789859,0.5633810,0.3479179,0.5266827,0.5154271,0.3193822,0.5943143,0.6796706,0.3312316,0.6720243,0.7771459,0.2767469,0.7282506,0.7836903,0.3848926,0.7670000,0.7648000,0.5600000,0.7735000,0.6721000,0.4311000,0.8109000,0.5786000,0.4325000,0.8326000,0.5269000,0.3717000,0.9665000,0.3995000,0.4841000,0.5652261,0.4880442,0.3480414},
{0.5761976,0.5780963,0.3423138,0.5225199,0.5331756,0.3135862,0.5972852,0.6924543,0.3252149,0.6802941,0.7874111,0.2731001,0.7347445,0.7903586,0.3823034,0.7680000,0.7679000,0.5587000,0.7738000,0.6736000,0.4305000,0.8104000,0.5797000,0.4321000,0.8316000,0.5274000,0.3715000,0.9644000,0.3992000,0.4842000,0.5591462,0.5042085,0.3433448},
{0.5737525,0.5926763,0.3363091,0.5187488,0.5510717,0.3071923,0.6005555,0.7047874,0.3191194,0.6886605,0.7972584,0.2695467,0.7411759,0.7966895,0.3797922,0.7691000,0.7709000,0.5575000,0.7741000,0.6751000,0.4298000,0.8096000,0.5805000,0.4317000,0.8305000,0.5280000,0.3712000,0.9623000,0.3989000,0.4842000,0.5533138,0.5205296,0.3380721},
{0.5716545,0.6071022,0.3299102,0.5154091,0.5689983,0.3002230,0.6040997,0.7166591,0.3129667,0.6971748,0.8067736,0.2660584,0.7476105,0.8027683,0.3773294,0.7701000,0.7739000,0.5568000,0.7744000,0.6766000,0.4292000,0.8091000,0.5817000,0.4314000,0.8294000,0.5286000,0.3709000,0.9602000,0.3988000,0.4843000,0.5477722,0.5369171,0.3322334},
{0.5699153,0.6213016,0.3231478,0.5125235,0.5869106,0.2926772,0.6078936,0.7280631,0.3067760,0.7057358,0.8158686,0.2626704,0.7539296,0.8085032,0.3749566,0.7712000,0.7769000,0.5563000,0.7746000,0.6782000,0.4288000,0.8083000,0.5827000,0.4312000,0.8283000,0.5294000,0.3708000,0.9580000,0.3987000,0.4844000,0.5425149,0.5534330,0.3257816},
{0.5685343,0.6352960,0.3160086,0.5101339,0.6046194,0.2846200,0.6118736,0.7388905,0.3006264,0.7142201,0.8244505,0.2594219,0.7601027,0.8138926,0.3726800,0.7723000,0.7799000,0.5558000,0.7748000,0.6798000,0.4285000,0.8077000,0.5839000,0.4311000,0.8272000,0.5303000,0.3707000,0.9559000,0.3987000,0.4844000,0.5376119,0.5699074,0.3187554},
{0.5675340,0.6488243,0.3086305,0.5082617,0.6220019,0.2761010,0.6160118,0.7491545,0.2945337,0.7226353,0.8325676,0.2562996,0.7661852,0.8190069,0.3704750,0.7734000,0.7828000,0.5554000,0.7747000,0.6814000,0.4281000,0.8069000,0.5852000,0.4310000,0.8260000,0.5313000,0.3707000,0.9538000,0.3988000,0.4846000,0.5331176,0.5861951,0.3111974},
{0.5669103,0.6617053,0.3011373,0.5069204,0.6389348,0.2671802,0.6201812,0.7586478,0.2886524,0.7306661,0.8399706,0.2534068,0.7720116,0.8237316,0.3683967,0.7745000,0.7856000,0.5549000,0.7741000,0.6830000,0.4278000,0.8024000,0.5845000,0.4319000,0.8248000,0.5323000,0.3705000,0.9515000,0.3989000,0.4847000,0.5290897,0.6021065,0.3031861},
{0.5666396,0.6739809,0.2935351,0.5061221,0.6550877,0.2580499,0.6244456,0.7676128,0.2828628,0.7384675,0.8468596,0.2506731,0.7776486,0.8281466,0.3664164,0.7756000,0.7883000,0.5545000,0.7745000,0.6849000,0.4273000,0.8018000,0.5860000,0.4318000,0.8236000,0.5336000,0.3704000,0.9493000,0.3992000,0.4847000,0.5255797,0.6174236,0.2948381},
{0.5667002,0.6854950,0.2859568,0.5058429,0.6698475,0.2491265,0.6286631,0.7758401,0.2773309,0.7458363,0.8531070,0.2481566,0.7829649,0.8321752,0.3645750,0.7767000,0.7908000,0.5540000,0.7748000,0.6867000,0.4270000,0.8011000,0.5875000,0.4316000,0.8226000,0.5348000,0.3703000,0.9470000,0.3994000,0.4849000,0.5226290,0.6318875,0.2863251},
{0.5670606,0.6962610,0.2784382,0.5060163,0.6837801,0.2401400,0.6328974,0.7835398,0.2719470,0.7531160,0.8590426,0.2457302,0.7880273,0.8358932,0.3628445,0.7776000,0.7933000,0.5537000,0.7748000,0.6884000,0.4266000,0.8002000,0.5891000,0.4314000,0.8214000,0.5362000,0.3702000,0.9447000,0.3997000,0.4850000,0.5202376,0.6453445,0.2777921},
{0.5676821,0.7061876,0.2710939,0.5065921,0.6965587,0.2313604,0.6371151,0.7907126,0.2667348,0.7601140,0.8645367,0.2434513,0.7928109,0.8393038,0.3612294,0.7785000,0.7956000,0.5533000,0.7748000,0.6903000,0.4263000,0.7994000,0.5907000,0.4313000,0.8202000,0.5376000,0.3702000,0.9423000,0.4000000,0.4852000,0.5183741,0.6577480,0.2693373},
{0.5685365,0.7153972,0.2638845,0.5075142,0.7082661,0.2228080,0.6412821,0.7973608,0.2617183,0.7668489,0.8696357,0.2413058,0.7971895,0.8423404,0.3597676,0.7793000,0.7977000,0.5528000,0.7749000,0.6921000,0.4261000,0.7985000,0.5922000,0.4313000,0.8189000,0.5388000,0.3703000,0.9401000,0.4004000,0.4855000,0.5169844,0.6692027,0.2609556},
{0.5695841,0.7238399,0.2568989,0.5087181,0.7188637,0.2145903,0.6453920,0.8035296,0.2568882,0.7733984,0.8744234,0.2392625,0.8015013,0.8452530,0.3583432,0.7800000,0.7998000,0.5522000,0.7747000,0.6939000,0.4259000,0.7976000,0.5938000,0.4312000,0.8177000,0.5402000,0.3703000,0.9378000,0.4009000,0.4858000,0.5160384,0.6796273,0.2527758},
{0.5707914,0.7315531,0.2501606,0.5101665,0.7285338,0.2066409,0.6493323,0.8091110,0.2523585,0.7795316,0.8787588,0.2373865,0.8055483,0.8479182,0.3570196,0.7806000,0.8019000,0.5514000,0.7746000,0.6957000,0.4256000,0.7968000,0.5953000,0.4311000,0.8165000,0.5416000,0.3703000,0.9356000,0.4014000,0.4861000,0.5154835,0.6891569,0.2447619},
{0.5721351,0.7386148,0.2436519,0.5117975,0.7372353,0.1990651,0.6531238,0.8141963,0.2480864,0.7852416,0.8826701,0.2356715,0.8093863,0.8503857,0.3557760,0.7812000,0.8040000,0.5505000,0.7746000,0.6975000,0.4251000,0.7960000,0.5968000,0.4310000,0.8155000,0.5429000,0.3702000,0.9334000,0.4020000,0.4865000,0.5152814,0.6978204,0.2369528},
{0.5735889,0.7450609,0.2373869,0.5136038,0.7451963,0.1917291,0.6567706,0.8188405,0.2440523,0.7905690,0.8862135,0.2340982,0.8130872,0.8527107,0.3545875,0.7817000,0.8061000,0.5498000,0.7747000,0.6993000,0.4247000,0.7952000,0.5983000,0.4309000,0.8144000,0.5441000,0.3703000,0.9313000,0.4027000,0.4870000,0.5153916,0.7055900,0.2294448},
{0.5751103,0.7508631,0.2314447,0.5155267,0.7523581,0.1847455,0.6601914,0.8229894,0.2403310,0.7954487,0.8893716,0.2326793,0.8164337,0.8547678,0.3535215,0.7822000,0.8082000,0.5492000,0.7748000,0.7010000,0.4243000,0.7943000,0.5998000,0.4308000,0.8132000,0.5452000,0.3704000,0.9292000,0.4034000,0.4874000,0.5157725,0.7125658,0.2222156},
{0.5766805,0.7560935,0.2258051,0.5175408,0.7588099,0.1780907,0.6634682,0.8267848,0.2368208,0.8000785,0.8922920,0.2313522,0.8197159,0.8567444,0.3524840,0.7828000,0.8103000,0.5486000,0.7749000,0.7027000,0.4239000,0.7935000,0.6013000,0.4308000,0.8121000,0.5464000,0.3706000,0.9272000,0.4041000,0.4879000,0.5163915,0.7188376,0.2152372},
{0.5782990,0.7608551,0.2204017,0.5196217,0.7646174,0.1717552,0.6666607,0.8303222,0.2334494,0.8040815,0.8947587,0.2302195,0.8225179,0.8584000,0.3516045,0.7833000,0.8122000,0.5480000,0.7750000,0.7042000,0.4237000,0.7927000,0.6028000,0.4308000,0.8111000,0.5478000,0.3707000,0.9252000,0.4048000,0.4884000,0.5172139,0.7244292,0.2085474},
{0.5799265,0.7651223,0.2153073,0.5217272,0.7697916,0.1657862,0.6696657,0.8335131,0.2303182,0.8079430,0.8970876,0.2291397,0.8249856,0.8598342,0.3508346,0.7837000,0.8141000,0.5473000,0.7750000,0.7057000,0.4234000,0.7919000,0.6044000,0.4308000,0.8101000,0.5490000,0.3708000,0.9233000,0.4056000,0.4890000,0.5182117,0.7294056,0.2021331},
{0.5815834,0.7690221,0.2104099,0.5238741,0.7744743,0.1600730,0.6725753,0.8364795,0.2273237,0.8115737,0.8992327,0.2281356,0.8272493,0.8611304,0.3501321,0.7840000,0.8159000,0.5464000,0.7749000,0.7072000,0.4231000,0.7913000,0.6058000,0.4308000,0.8090000,0.5501000,0.3710000,0.9214000,0.4063000,0.4896000,0.5193685,0.7338497,0.1959451},
{0.5832152,0.7724907,0.2058290,0.5260039,0.7786241,0.1547170,0.6753079,0.8391588,0.2245438,0.8148490,0.9011312,0.2272391,0.8292704,0.8622720,0.3495080,0.7842000,0.8175000,0.5452000,0.7747000,0.7087000,0.4227000,0.7906000,0.6071000,0.4308000,0.8082000,0.5513000,0.3712000,0.9197000,0.4071000,0.4902000,0.5206186,0.7376742,0.1901788},
{0.5848619,0.7756677,0.2014166,0.5281277,0.7823421,0.1496404,0.6778567,0.8415676,0.2219783,0.8180171,0.9029348,0.2263803,0.8310921,0.8632885,0.3489478,0.7843000,0.8192000,0.5439000,0.7746000,0.7101000,0.4224000,0.7900000,0.6084000,0.4308000,0.8072000,0.5523000,0.3713000,0.9180000,0.4080000,0.4908000,0.5219840,0.7410737,0.1846132},
{0.5864644,0.7784857,0.1973007,0.5302368,0.7856727,0.1448263,0.6802806,0.8437798,0.2195622,0.8208522,0.9045220,0.2256185,0.8328793,0.8642742,0.3484005,0.7844000,0.8208000,0.5425000,0.7744000,0.7113000,0.4219000,0.7893000,0.6097000,0.4307000,0.8065000,0.5534000,0.3715000,0.9164000,0.4088000,0.4914000,0.5234078,0.7439984,0.1793936},
{0.5880592,0.7810518,0.1933596,0.5322916,0.7886113,0.1403288,0.6825555,0.8457882,0.2173153,0.8232896,0.9058663,0.2249686,0.8347175,0.8652764,0.3478399,0.7844000,0.8224000,0.5410000,0.7742000,0.7126000,0.4212000,0.7886000,0.6111000,0.4305000,0.8057000,0.5543000,0.3716000,0.9149000,0.4096000,0.4921000,0.5248422,0.7464610,0.1745911},
{0.5896215,0.7833579,0.1896340,0.5342943,0.7912147,0.1361093,0.6847768,0.8476872,0.2151401,0.8255369,0.9070894,0.2243736,0.8363795,0.8661722,0.3473350,0.7845000,0.8240000,0.5394000,0.7740000,0.7139000,0.4207000,0.7880000,0.6122000,0.4303000,0.8051000,0.5553000,0.3717000,0.9134000,0.4104000,0.4928000,0.5263274,0.7486085,0.1699970},
{0.5910933,0.7853596,0.1862353,0.5361756,0.7934478,0.1322792,0.6867893,0.8493560,0.2131851,0.8274664,0.9081271,0.2238659,0.8379915,0.8670320,0.3468470,0.7846000,0.8257000,0.5379000,0.7738000,0.7150000,0.4201000,0.7874000,0.6134000,0.4302000,0.8006000,0.5543000,0.3726000,0.9121000,0.4113000,0.4935000,0.5277972,0.7504055,0.1657599},
{0.5925141,0.7871470,0.1830489,0.5379711,0.7954027,0.1287347,0.6886408,0.8508486,0.2113994,0.8292410,0.9090714,0.2234015,0.8394910,0.8678237,0.3463947,0.7847000,0.8273000,0.5364000,0.7737000,0.7161000,0.4194000,0.7869000,0.6146000,0.4301000,0.8000000,0.5551000,0.3727000,0.9107000,0.4121000,0.4942000,0.5292857,0.7519480,0.1617301},
{0.5938751,0.7887356,0.1800769,0.5396446,0.7970809,0.1255216,0.6903752,0.8522103,0.2097377,0.8308300,0.9099087,0.2229878,0.8408718,0.8685458,0.3459795,0.7849000,0.8288000,0.5350000,0.7735000,0.7172000,0.4188000,0.7864000,0.6156000,0.4300000,0.7994000,0.5560000,0.3729000,0.9095000,0.4131000,0.4951000,0.5307602,0.7532412,0.1579592},
{0.5951540,0.7901253,0.1773511,0.5412085,0.7985320,0.1225925,0.6918378,0.8533315,0.2083447,0.8323507,0.9107028,0.2225936,0.8421044,0.8691849,0.3456100,0.7850000,0.8303000,0.5337000,0.7734000,0.7182000,0.4183000,0.7858000,0.6168000,0.4300000,0.7988000,0.5568000,0.3731000,0.9083000,0.4140000,0.4960000,0.5322993,0.7543752,0.1542265},
{0.5963593,0.7913489,0.1748384,0.5427131,0.7998272,0.1198381,0.6932814,0.8544143,0.2069770,0.8336051,0.9113527,0.2222698,0.8431519,0.8697239,0.3452968,0.7851000,0.8317000,0.5325000,0.7732000,0.7193000,0.4178000,0.7853000,0.6179000,0.4300000,0.7982000,0.5576000,0.3734000,0.9073000,0.4150000,0.4969000,0.5337452,0.7552641,0.1508860},
{0.5974794,0.7924152,0.1725493,0.5441579,0.8009828,0.1172484,0.6945422,0.8553407,0.2057883,0.8347424,0.9119378,0.2219772,0.8441738,0.8702462,0.3449918,0.7852000,0.8332000,0.5314000,0.7730000,0.7202000,0.4173000,0.7849000,0.6188000,0.4301000,0.7977000,0.5584000,0.3737000,0.9063000,0.4160000,0.4979000,0.5352669,0.7560355,0.1475249},
{0.5985204,0.7933476,0.1704601,0.5454961,0.8019796,0.1148962,0.6956752,0.8561581,0.2047248,0.8357693,0.9124627,0.2217139,0.8448926,0.8706115,0.3447778,0.7852000,0.8346000,0.5303000,0.7729000,0.7212000,0.4170000,0.7844000,0.6199000,0.4302000,0.7973000,0.5591000,0.3740000,0.9054000,0.4169000,0.4988000,0.5367081,0.7566265,0.1444730},
{0.5995955,0.7942541,0.1683390,0.5467984,0.8028848,0.1126478,0.6968050,0.8569590,0.2036685,0.8367541,0.9129631,0.2214622,0.8457276,0.8710335,0.3445296,0.7853000,0.8360000,0.5294000,0.7727000,0.7220000,0.4166000,0.7840000,0.6207000,0.4302000,0.7968000,0.5597000,0.3743000,0.9046000,0.4179000,0.4998000,0.5380864,0.7570764,0.1416630},
{0.6005917,0.7950449,0.1664056,0.5480334,0.8036865,0.1105513,0.6978720,0.8577026,0.2026748,0.8377399,0.9134612,0.2212109,0.8465101,0.8714270,0.3442974,0.7852000,0.8373000,0.5285000,0.7724000,0.7229000,0.4162000,0.7836000,0.6217000,0.4303000,0.7963000,0.5604000,0.3747000,0.9038000,0.4187000,0.5008000,0.5394650,0.7574229,0.1389498}
};
