fitErrPi Mean = 0.0173289
fitErrTh Mean = 0.0345193
fitErrWr Mean = 0.0307113
fitErrLA Mean = 0.00941977
fitErrEl Mean = 0.0215761
fitErrUA Mean = 0.0288017
efPts = {
{0.7572907,0.2335688,0.2881771,0.7487402,0.1696959,0.2847552,0.7007037,0.3670240,0.3507184,0.7901110,0.9186159,0.2420492,0.6562156,0.6381993,0.4276640,0.5056000,0.8017000,0.4106000,0.7309000,0.6130000,0.3755000,0.8316000,0.5591000,0.3661000,0.8903000,0.5043000,0.3808000,1.0020000,0.4922000,0.4414000,0.6981398,0.1729174,0.3045696},
{0.7568751,0.2340672,0.2883487,0.7483203,0.1701028,0.2850281,0.7005653,0.3672197,0.3506953,0.6384393,0.5020875,0.3357249,0.6568045,0.6384624,0.4278668,0.5055000,0.8017000,0.4105000,0.7330000,0.6122000,0.3759000,0.8329000,0.5588000,0.3659000,0.8912000,0.5039000,0.3806000,1.0030000,0.4914000,0.4409000,0.6977004,0.1734224,0.3046805},
{0.7562693,0.2347956,0.2885973,0.7476745,0.1707318,0.2854450,0.7001967,0.3677424,0.3506332,0.6386244,0.5020532,0.3357729,0.6573663,0.6387208,0.4280572,0.5054000,0.8018000,0.4105000,0.7352000,0.6114000,0.3763000,0.8342000,0.5584000,0.3656000,0.8921000,0.5037000,0.3804000,1.0040000,0.4906000,0.4406000,0.6970074,0.1742213,0.3048538},
{0.7555678,0.2356420,0.2888832,0.7467365,0.1716525,0.2860448,0.6995374,0.3686833,0.3505201,0.6386796,0.5020433,0.3357872,0.6579377,0.6389909,0.4282479,0.5052000,0.8018000,0.4105000,0.7374000,0.6106000,0.3766000,0.8355000,0.5580000,0.3654000,0.8929000,0.5034000,0.3803000,1.0050000,0.4898000,0.4402000,0.6960802,0.1752952,0.3050827},
{0.7545393,0.2368886,0.2892983,0.7454605,0.1729181,0.2868498,0.6986830,0.3699141,0.3503698,0.6384794,0.5020799,0.3357353,0.6585159,0.6392714,0.4284377,0.5051000,0.8018000,0.4104000,0.7396000,0.6098000,0.3770000,0.8368000,0.5577000,0.3652000,0.8936000,0.5032000,0.3802000,1.0060000,0.4890000,0.4398000,0.6948207,0.1767629,0.3053880},
{0.7531999,0.2385219,0.2898317,0.7437556,0.1746326,0.2879055,0.6976746,0.3713832,0.3501868,0.6381502,0.5021433,0.3356492,0.6590487,0.6395363,0.4286100,0.5050000,0.8018000,0.4104000,0.7418000,0.6091000,0.3774000,0.8381000,0.5573000,0.3649000,0.8942000,0.5030000,0.3801000,1.0060000,0.4881000,0.4395000,0.6931507,0.1787251,0.3057829},
{0.7515724,0.2405221,0.2904688,0.7417526,0.1766808,0.2891173,0.6962959,0.3734216,0.3499266,0.6375319,0.5022728,0.3354843,0.6596459,0.6398401,0.4288002,0.5049000,0.8018000,0.4103000,0.7440000,0.6083000,0.3777000,0.8394000,0.5569000,0.3647000,0.8947000,0.5027000,0.3801000,1.0070000,0.4872000,0.4392000,0.6910813,0.1811821,0.3062564},
{0.7496540,0.2429015,0.2912043,0.7394142,0.1791181,0.2904937,0.6946092,0.3759631,0.3495921,0.6364290,0.5025387,0.3351796,0.6601903,0.6401233,0.4289709,0.5048000,0.8019000,0.4103000,0.7462000,0.6075000,0.3781000,0.8407000,0.5566000,0.3645000,0.8951000,0.5025000,0.3799000,1.0070000,0.4862000,0.4389000,0.6887702,0.1839599,0.3067644},
{0.7474741,0.2456339,0.2920194,0.7367355,0.1819701,0.2920200,0.6926202,0.3790295,0.3491744,0.6349334,0.5029736,0.3347443,0.6607928,0.6404437,0.4291569,0.5047000,0.8019000,0.4102000,0.7484000,0.6067000,0.3785000,0.8419000,0.5562000,0.3642000,0.8954000,0.5022000,0.3797000,1.0080000,0.4853000,0.4386000,0.6860992,0.1872148,0.3073239},
{0.7450018,0.2487702,0.2929173,0.7337327,0.1852422,0.2936680,0.6903019,0.3827018,0.3486544,0.6327663,0.5037657,0.3340650,0.6614940,0.6408253,0.4293697,0.5046000,0.8019000,0.4102000,0.7506000,0.6059000,0.3788000,0.8432000,0.5558000,0.3640000,0.8955000,0.5020000,0.3796000,1.0080000,0.4843000,0.4383000,0.6831535,0.1908609,0.3079063},
{0.7422578,0.2522979,0.2938804,0.7304279,0.1889339,0.2954061,0.6878837,0.3866501,0.3480723,0.6300307,0.5050661,0.3331176,0.6622277,0.6412346,0.4295881,0.5045000,0.8019000,0.4101000,0.7528000,0.6051000,0.3792000,0.8445000,0.5554000,0.3638000,0.8956000,0.5019000,0.3792000,1.0080000,0.4832000,0.4379000,0.6799044,0.1949517,0.3085059},
{0.7391890,0.2563019,0.2949155,0.7267811,0.1931162,0.2972332,0.6852329,0.3911230,0.3473855,0.6268307,0.5070726,0.3318642,0.6630797,0.6417223,0.4298366,0.5044000,0.8019000,0.4101000,0.7549000,0.6043000,0.3796000,0.8458000,0.5551000,0.3635000,0.8956000,0.5017000,0.3789000,1.0080000,0.4822000,0.4376000,0.6764059,0.1994389,0.3091008},
{0.7358163,0.2607748,0.2960012,0.7228155,0.1977912,0.2991135,0.6823572,0.3961560,0.3465796,0.6227574,0.5105412,0.3299951,0.6640949,0.6423203,0.4301256,0.5043000,0.8019000,0.4101000,0.7571000,0.6035000,0.3799000,0.8471000,0.5547000,0.3633000,0.8955000,0.5016000,0.3786000,1.0080000,0.4812000,0.4371000,0.6726124,0.2044026,0.3096852},
{0.7321549,0.2657176,0.2971177,0.7185528,0.2029623,0.3010128,0.6792957,0.4017345,0.3456475,0.6185592,0.5155101,0.3276516,0.6651827,0.6429808,0.4304270,0.5042000,0.8020000,0.4100000,0.7593000,0.6027000,0.3803000,0.8484000,0.5543000,0.3631000,0.8955000,0.5016000,0.3784000,1.0070000,0.4801000,0.4367000,0.6686014,0.2097638,0.3102334},
{0.7282198,0.2711324,0.2982443,0.7139837,0.2086702,0.3029101,0.6760631,0.4078893,0.3445742,0.6146613,0.5219295,0.3249354,0.6664948,0.6438035,0.4307794,0.5040000,0.8020000,0.4100000,0.7615000,0.6019000,0.3807000,0.8497000,0.5540000,0.3628000,0.8953000,0.5016000,0.3780000,1.0070000,0.4791000,0.4362000,0.6641887,0.2157991,0.3107520},
{0.7238473,0.2772758,0.2994055,0.7091160,0.2149372,0.3047758,0.6726556,0.4146962,0.3433354,0.6113577,0.5295042,0.3219948,0.6679166,0.6447261,0.4311484,0.5039000,0.8020000,0.4099000,0.7637000,0.6011000,0.3810000,0.8497000,0.5540000,0.3628000,0.8952000,0.5018000,0.3777000,1.0070000,0.4780000,0.4356000,0.6596064,0.2222219,0.3111944},
{0.7192737,0.2838476,0.3005158,0.7040323,0.2216848,0.3065545,0.6691185,0.4221414,0.3419217,0.6088101,0.5376637,0.3190335,0.6695014,0.6457909,0.4315442,0.5038000,0.8020000,0.4099000,0.7659000,0.6004000,0.3814000,0.8498000,0.5545000,0.3625000,0.8950000,0.5021000,0.3773000,1.0070000,0.4770000,0.4350000,0.6546217,0.2293936,0.3115616},
{0.7145064,0.2908601,0.3015570,0.6987216,0.2289531,0.3082292,0.6655425,0.4301043,0.3403457,0.6069164,0.5462836,0.3160679,0.6711177,0.6469148,0.4319320,0.5037000,0.8020000,0.4098000,0.7681000,0.5996000,0.3818000,0.8501000,0.5556000,0.3617000,0.8949000,0.5023000,0.3768000,1.0070000,0.4761000,0.4343000,0.6495608,0.2368781,0.3118091},
{0.7096296,0.2982097,0.3024962,0.6933447,0.2365387,0.3097348,0.6620002,0.4384769,0.3386213,0.6056082,0.5551607,0.3131448,0.6730448,0.6483028,0.4323742,0.5036000,0.8021000,0.4098000,0.7703000,0.5988000,0.3821000,0.8501000,0.5561000,0.3613000,0.8948000,0.5024000,0.3763000,1.0060000,0.4751000,0.4336000,0.6443517,0.2448027,0.3119274},
{0.7045893,0.3059983,0.3033291,0.6877963,0.2446048,0.3110886,0.6585357,0.4471951,0.3367565,0.6048064,0.5641635,0.3102874,0.6751196,0.6498528,0.4328268,0.5035000,0.8021000,0.4097000,0.7725000,0.5980000,0.3825000,0.8502000,0.5567000,0.3609000,0.8946000,0.5025000,0.3757000,1.0060000,0.4742000,0.4327000,0.6390658,0.2530818,0.3119008},
{0.6993724,0.3142726,0.3040390,0.6824073,0.2526713,0.3122093,0.6551202,0.4563787,0.3347199,0.6044369,0.5732721,0.3074867,0.6773692,0.6515957,0.4332913,0.5034000,0.8021000,0.4097000,0.7746000,0.5972000,0.3829000,0.8502000,0.5572000,0.3606000,0.8944000,0.5027000,0.3750000,1.0060000,0.4733000,0.4319000,0.6338671,0.2614674,0.3117248},
{0.6939714,0.3230753,0.3046048,0.6763663,0.2619861,0.3132374,0.6518843,0.4657067,0.3325791,0.6044465,0.5825004,0.3047274,0.6799954,0.6537086,0.4338007,0.5033000,0.8021000,0.4097000,0.7768000,0.5964000,0.3832000,0.8501000,0.5578000,0.3603000,0.8943000,0.5029000,0.3744000,1.0060000,0.4724000,0.4311000,0.6284124,0.2705360,0.3113733},
{0.6885043,0.3322408,0.3049952,0.6703965,0.2714762,0.3140148,0.6487320,0.4754869,0.3302602,0.6047846,0.5916001,0.3020737,0.6826009,0.6558844,0.4342727,0.5032000,0.8021000,0.4096000,0.7790000,0.5956000,0.3836000,0.8501000,0.5583000,0.3601000,0.8947000,0.5044000,0.3736000,1.0050000,0.4716000,0.4303000,0.6230140,0.2797965,0.3108492},
{0.6828476,0.3420063,0.3051974,0.6644357,0.2812376,0.3145519,0.6457517,0.4854876,0.3278139,0.6054243,0.6008452,0.2994381,0.6852270,0.6581539,0.4347162,0.5031000,0.8022000,0.4096000,0.7812000,0.5948000,0.3840000,0.8500000,0.5590000,0.3599000,0.8945000,0.5048000,0.3730000,1.0050000,0.4708000,0.4296000,0.6176279,0.2893335,0.3101428},
{0.6771965,0.3520630,0.3051841,0.6584508,0.2913297,0.3148473,0.6428601,0.4960476,0.3251518,0.6063345,0.6101014,0.2968543,0.6879635,0.6605975,0.4351453,0.5030000,0.8022000,0.4095000,0.7834000,0.5940000,0.3843000,0.8499000,0.5595000,0.3598000,0.8943000,0.5051000,0.3725000,1.0040000,0.4701000,0.4288000,0.6121713,0.2993151,0.3092297},
{0.6716046,0.3623263,0.3049478,0.6523710,0.3018861,0.3148926,0.6401594,0.5068653,0.3223440,0.6075208,0.6195715,0.2942629,0.6907482,0.6631634,0.4355485,0.5029000,0.8022000,0.4095000,0.7856000,0.5932000,0.3847000,0.8498000,0.5601000,0.3596000,0.8941000,0.5054000,0.3720000,1.0040000,0.4694000,0.4281000,0.6065248,0.3100038,0.3080628},
{0.6661399,0.3726738,0.3044897,0.6464664,0.3124385,0.3146852,0.6376740,0.5178683,0.3194073,0.6089961,0.6293500,0.2916381,0.6937612,0.6660269,0.4359481,0.5027000,0.8022000,0.4094000,0.7878000,0.5925000,0.3851000,0.8498000,0.5608000,0.3595000,0.8939000,0.5057000,0.3715000,1.0040000,0.4688000,0.4274000,0.6009343,0.3209713,0.3066701},
{0.6608243,0.3830587,0.3038154,0.6406648,0.3231026,0.3142338,0.6353729,0.5292426,0.3162885,0.6107381,0.6392868,0.2890205,0.6967364,0.6689409,0.4363064,0.5026000,0.8022000,0.4094000,0.7878000,0.5925000,0.3851000,0.8496000,0.5613000,0.3595000,0.8936000,0.5059000,0.3711000,1.0030000,0.4682000,0.4268000,0.5952844,0.3324724,0.3050050},
{0.6555930,0.3936076,0.3029168,0.6348934,0.3340110,0.3135338,0.6333675,0.5404318,0.3131407,0.6127689,0.6495001,0.2863790,0.6999873,0.6722200,0.4366578,0.5025000,0.8023000,0.4093000,0.7874000,0.5947000,0.3845000,0.8494000,0.5618000,0.3594000,0.8933000,0.5062000,0.3707000,1.0030000,0.4677000,0.4262000,0.5896916,0.3443039,0.3030814},
{0.6504250,0.4043712,0.3017841,0.6291137,0.3452450,0.3125730,0.6316138,0.5516071,0.3099198,0.6150237,0.6596813,0.2837929,0.7033511,0.6757154,0.4369783,0.5024000,0.8023000,0.4093000,0.7873000,0.5967000,0.3847000,0.8492000,0.5623000,0.3594000,0.8931000,0.5066000,0.3702000,1.0030000,0.4672000,0.4256000,0.5841057,0.3566028,0.3008626},
{0.6452448,0.4155282,0.3003856,0.6232526,0.3569671,0.3113228,0.6301001,0.5628139,0.3066140,0.6175359,0.6700078,0.2812158,0.7068337,0.6794417,0.4372650,0.5023000,0.8023000,0.4092000,0.7871000,0.5991000,0.3843000,0.8490000,0.5628000,0.3594000,0.8928000,0.5069000,0.3698000,1.0020000,0.4668000,0.4250000,0.5787302,0.3689363,0.2984201},
{0.6401106,0.4269796,0.2987181,0.6175293,0.3687482,0.3098218,0.6287990,0.5742970,0.3031496,0.6203580,0.6806642,0.2786032,0.7105718,0.6835611,0.4375223,0.5022000,0.8023000,0.4092000,0.7870000,0.6007000,0.3837000,0.8487000,0.5633000,0.3594000,0.8926000,0.5072000,0.3695000,1.0020000,0.4664000,0.4245000,0.5733517,0.3818156,0.2956437},
{0.6351294,0.4384977,0.2968084,0.6118027,0.3808841,0.3080285,0.6277413,0.5858542,0.2995849,0.6233426,0.6911014,0.2760894,0.7142544,0.6877393,0.4377254,0.5021000,0.8023000,0.4092000,0.7868000,0.6029000,0.3842000,0.8485000,0.5638000,0.3595000,0.8924000,0.5075000,0.3691000,1.0010000,0.4661000,0.4240000,0.5681431,0.3948590,0.2926026},
{0.6303519,0.4499588,0.2946808,0.6062404,0.3930233,0.3059923,0.6269382,0.5973314,0.2959685,0.6266292,0.7018159,0.2735543,0.7179489,0.6920499,0.4378791,0.5020000,0.8023000,0.4091000,0.7868000,0.6029000,0.3842000,0.8482000,0.5644000,0.3595000,0.8921000,0.5079000,0.3688000,1.0010000,0.4658000,0.4235000,0.5630477,0.4082287,0.2892514},
{0.6257361,0.4614559,0.2923219,0.6007672,0.4053275,0.3036878,0.6263819,0.6087560,0.2922935,0.6302350,0.7128135,0.2709996,0.7217283,0.6965829,0.4379844,0.5019000,0.8024000,0.4091000,0.7864000,0.6073000,0.3835000,0.8479000,0.5649000,0.3594000,0.8917000,0.5083000,0.3684000,1.0000000,0.4655000,0.4231000,0.5581686,0.4216695,0.2856482},
{0.6213241,0.4728770,0.2897585,0.5954650,0.4176097,0.3011518,0.6260747,0.6197576,0.2886840,0.6340737,0.7238058,0.2684940,0.7256793,0.7014558,0.4380381,0.5018000,0.8024000,0.4090000,0.7861000,0.6094000,0.3832000,0.8475000,0.5654000,0.3594000,0.8912000,0.5087000,0.3681000,0.9995000,0.4654000,0.4227000,0.5534336,0.4353963,0.2817301},
{0.6170363,0.4844272,0.2869449,0.5902810,0.4299886,0.2983622,0.6259907,0.6303771,0.2851341,0.6380940,0.7346552,0.2660682,0.7298062,0.7066940,0.4380318,0.5017000,0.8024000,0.4090000,0.7863000,0.6130000,0.3824000,0.8471000,0.5661000,0.3593000,0.8906000,0.5091000,0.3678000,0.9987000,0.4652000,0.4224000,0.5489103,0.4492342,0.2775397},
{0.6128410,0.4962113,0.2838466,0.5851753,0.4425666,0.2952914,0.6261126,0.6408215,0.2815795,0.6421794,0.7450871,0.2637807,0.6687940,0.7528440,0.3861309,0.5016000,0.8024000,0.4089000,0.7861000,0.6146000,0.3823000,0.8464000,0.5668000,0.3594000,0.8900000,0.5096000,0.3676000,0.9978000,0.4650000,0.4220000,0.5445780,0.4632642,0.2730472},
{0.6089416,0.5076487,0.2806203,0.5801178,0.4554369,0.2919055,0.6264347,0.6511745,0.2779939,0.6463817,0.7552746,0.2615901,0.6722967,0.7585646,0.3855893,0.5014000,0.8024000,0.4089000,0.7862000,0.6170000,0.3820000,0.8459000,0.5677000,0.3595000,0.8893000,0.5103000,0.3674000,0.9968000,0.4648000,0.4217000,0.5404224,0.4775678,0.2682160},
{0.6051269,0.5193538,0.2770950,0.5751799,0.4684354,0.2882375,0.6269400,0.6612128,0.2744575,0.6506168,0.7650489,0.2595298,0.6756724,0.7639187,0.3851343,0.5013000,0.8025000,0.4088000,0.7862000,0.6193000,0.3818000,0.8452000,0.5686000,0.3596000,0.8885000,0.5109000,0.3672000,0.9957000,0.4647000,0.4214000,0.5365117,0.4919394,0.2631073},
{0.6015047,0.5310117,0.2733588,0.5704333,0.4813751,0.2843392,0.6276292,0.6711426,0.2709009,0.6548843,0.7744490,0.2575881,0.6789815,0.7690268,0.3847473,0.5012000,0.8025000,0.4088000,0.7861000,0.6214000,0.3816000,0.8447000,0.5697000,0.3595000,0.8878000,0.5117000,0.3669000,0.9946000,0.4645000,0.4211000,0.5328506,0.5063747,0.2577193},
{0.5981144,0.5424811,0.2694627,0.5658284,0.4943928,0.2801684,0.6284590,0.6805592,0.2674737,0.6591594,0.7834551,0.2557659,0.6821410,0.7737824,0.3844288,0.5011000,0.8025000,0.4088000,0.7860000,0.6235000,0.3815000,0.8441000,0.5708000,0.3596000,0.8868000,0.5124000,0.3668000,0.9933000,0.4645000,0.4209000,0.5294862,0.5206847,0.2521233},
{0.5949560,0.5537357,0.2654257,0.5614247,0.5073225,0.2757773,0.6294371,0.6897490,0.2640769,0.6633365,0.7918893,0.2540948,0.6852151,0.7783018,0.3841644,0.5010000,0.8025000,0.4087000,0.7855000,0.6248000,0.3813000,0.8433000,0.5719000,0.3596000,0.8858000,0.5133000,0.3667000,0.9919000,0.4646000,0.4207000,0.5264018,0.5349255,0.2463008},
{0.5919019,0.5652394,0.2610781,0.5572335,0.5201232,0.2711838,0.6305101,0.6983813,0.2608386,0.6674840,0.7999311,0.2525350,0.6883452,0.7827995,0.3839389,0.5009000,0.8025000,0.4087000,0.7857000,0.6279000,0.3816000,0.8428000,0.5736000,0.3596000,0.8844000,0.5140000,0.3665000,0.9904000,0.4647000,0.4206000,0.5235964,0.5490961,0.2402533},
{0.5891648,0.5761711,0.2567368,0.5532554,0.5327838,0.2663962,0.6316958,0.7067502,0.2576541,0.6715409,0.8074963,0.2510994,0.6914380,0.7871445,0.3837577,0.5008000,0.8026000,0.4086000,0.7857000,0.6305000,0.3813000,0.8419000,0.5748000,0.3597000,0.8833000,0.5153000,0.3663000,0.9889000,0.4649000,0.4207000,0.5210700,0.5631954,0.2339815},
{0.5866527,0.5868332,0.2523025,0.5495076,0.5452374,0.2614453,0.6330278,0.7151189,0.2544245,0.6757137,0.8149836,0.2497107,0.6945535,0.7914256,0.3836155,0.5007000,0.8026000,0.4086000,0.7854000,0.6321000,0.3815000,0.8411000,0.5762000,0.3599000,0.8824000,0.5167000,0.3662000,0.9872000,0.4651000,0.4207000,0.5188984,0.5767247,0.2277204},
{0.5843373,0.5973146,0.2477475,0.5459120,0.5577464,0.2562257,0.6344051,0.7229237,0.2513707,0.6799198,0.8222433,0.2483969,0.6975410,0.7954432,0.3835160,0.5006000,0.8026000,0.4085000,0.7850000,0.6339000,0.3814000,0.8403000,0.5776000,0.3600000,0.8815000,0.5181000,0.3663000,0.9855000,0.4653000,0.4208000,0.5170239,0.5899184,0.2213807},
{0.5822176,0.6075960,0.2430869,0.5425659,0.5699717,0.2508791,0.6359246,0.7307709,0.2482587,0.6842786,0.8294749,0.2471227,0.7004706,0.7993018,0.3834526,0.5005000,0.8026000,0.4085000,0.7853000,0.6377000,0.3812000,0.8395000,0.5791000,0.3601000,0.8805000,0.5196000,0.3664000,0.9839000,0.4656000,0.4210000,0.5154323,0.6027881,0.2149690},
{0.5803206,0.6175004,0.2384131,0.5395127,0.5817158,0.2455073,0.6374830,0.7381636,0.2452877,0.6887079,0.8365307,0.2459155,0.7035518,0.8032750,0.3834216,0.5004000,0.8026000,0.4084000,0.7848000,0.6394000,0.3809000,0.8389000,0.5807000,0.3601000,0.8783000,0.5196000,0.3675000,0.9822000,0.4660000,0.4213000,0.5141335,0.6151070,0.2086155},
{0.5785902,0.6272807,0.2336163,0.5367905,0.5927610,0.2402371,0.6391635,0.7455375,0.2422853,0.6931594,0.8433338,0.2447884,0.7067142,0.8072642,0.3834272,0.5003000,0.8027000,0.4084000,0.7844000,0.6416000,0.3809000,0.8375000,0.5816000,0.3603000,0.8774000,0.5211000,0.3675000,0.9805000,0.4663000,0.4217000,0.5131028,0.6268919,0.2023339},
{0.5770840,0.6365545,0.2288969,0.5341939,0.6039152,0.2346919,0.6408835,0.7525554,0.2393906,0.6976123,0.8498581,0.2437450,0.7100264,0.8113471,0.3834731,0.5001000,0.8027000,0.4084000,0.7841000,0.6444000,0.3806000,0.8365000,0.5831000,0.3606000,0.8761000,0.5225000,0.3678000,0.9787000,0.4668000,0.4222000,0.5123122,0.6382359,0.1960935},
{0.5757783,0.6453604,0.2242576,0.5319568,0.6141271,0.2294106,0.6426254,0.7592068,0.2366125,0.7020186,0.8560431,0.2427936,0.7134887,0.8155120,0.3835645,0.5000000,0.8027000,0.4083000,0.7842000,0.6478000,0.3801000,0.8361000,0.5853000,0.3607000,0.8742000,0.5232000,0.3684000,0.9769000,0.4673000,0.4227000,0.5117589,0.6488126,0.1900984},
{0.5746512,0.6537424,0.2196943,0.5299507,0.6238800,0.2241759,0.6443901,0.7655460,0.2339325,0.7063482,0.8618622,0.2419361,0.7170465,0.8196827,0.3837042,0.4999000,0.8027000,0.4083000,0.7832000,0.6495000,0.3804000,0.8352000,0.5869000,0.3610000,0.8728000,0.5248000,0.3685000,0.9750000,0.4678000,0.4233000,0.5114043,0.6588181,0.1842647},
{0.5736904,0.6616869,0.2152329,0.5282199,0.6328694,0.2191783,0.6461863,0.7716416,0.2313248,0.7105223,0.8672325,0.2411811,0.7206317,0.8237739,0.3838920,0.4998000,0.8027000,0.4082000,0.7828000,0.6521000,0.3802000,0.8343000,0.5888000,0.3613000,0.8714000,0.5262000,0.3690000,0.9731000,0.4684000,0.4240000,0.5112284,0.6679946,0.1787708},
{0.5728918,0.6690891,0.2109531,0.5266925,0.6413698,0.2142930,0.6480006,0.7774787,0.2287986,0.7146828,0.8723523,0.2404983,0.7240927,0.8276164,0.3841183,0.4997000,0.8027000,0.4082000,0.7823000,0.6547000,0.3800000,0.8335000,0.5907000,0.3615000,0.8700000,0.5277000,0.3695000,0.9711000,0.4690000,0.4248000,0.5111975,0.6765569,0.1735165},
{0.5722231,0.6761123,0.2067795,0.5253704,0.6492841,0.2095982,0.6497973,0.7829788,0.2263912,0.7187546,0.8771382,0.2398973,0.7275073,0.8313037,0.3843852,0.4996000,0.8028000,0.4081000,0.7820000,0.6573000,0.3797000,0.8325000,0.5925000,0.3618000,0.8686000,0.5292000,0.3700000,0.9690000,0.4696000,0.4256000,0.5112901,0.6846215,0.1684507},
{0.5716787,0.6826749,0.2027774,0.5242113,0.6567824,0.2050138,0.6516170,0.7882950,0.2240387,0.7227313,0.8815970,0.2393747,0.7306736,0.8346295,0.3846719,0.4995000,0.8028000,0.4081000,0.7815000,0.6599000,0.3794000,0.8316000,0.5945000,0.3620000,0.8671000,0.5307000,0.3705000,0.9669000,0.4703000,0.4264000,0.5114864,0.6921381,0.1636233},
{0.5712327,0.6889563,0.1988514,0.5231985,0.6639059,0.2005293,0.6533791,0.7932226,0.2218348,0.7266801,0.8858128,0.2389192,0.7336387,0.8376611,0.3849753,0.4994000,0.8028000,0.4080000,0.7815000,0.6632000,0.3789000,0.8307000,0.5964000,0.3624000,0.8657000,0.5323000,0.3710000,0.9648000,0.4711000,0.4273000,0.5117746,0.6992829,0.1589369},
{0.5708957,0.6946137,0.1952332,0.5223170,0.6706997,0.1961290,0.6551010,0.7978471,0.2197454,0.7303269,0.8895166,0.2385552,0.7364206,0.8404311,0.3852912,0.4993000,0.8028000,0.4080000,0.7808000,0.6651000,0.3789000,0.8297000,0.5983000,0.3626000,0.8641000,0.5338000,0.3716000,0.9627000,0.4719000,0.4282000,0.5121415,0.7060371,0.1544160},
{0.5706030,0.7007151,0.1912410,0.5215671,0.6770884,0.1918755,0.6568490,0.8023645,0.2176840,0.7339234,0.8929888,0.2382503,0.7390237,0.8429563,0.3856149,0.4992000,0.8028000,0.4080000,0.7804000,0.6675000,0.3786000,0.8287000,0.6001000,0.3629000,0.8626000,0.5354000,0.3721000,0.9606000,0.4728000,0.4292000,0.5125674,0.7123134,0.1501332},
{0.5704109,0.7059907,0.1877118,0.5209281,0.6831727,0.1877151,0.6584968,0.8064724,0.2157914,0.7373938,0.8961663,0.2380078,0.7415467,0.8453408,0.3859551,0.4991000,0.8029000,0.4079000,0.7801000,0.6700000,0.3784000,0.8277000,0.6020000,0.3631000,0.8611000,0.5370000,0.3727000,0.9584000,0.4737000,0.4302000,0.5130568,0.7183491,0.1459378},
{0.5702818,0.7110351,0.1842678,0.5204094,0.6887561,0.1837979,0.6601523,0.8104624,0.2139362,0.7407330,0.8990602,0.2378234,0.7439212,0.8475267,0.3862998,0.4990000,0.8029000,0.4079000,0.7797000,0.6724000,0.3781000,0.8267000,0.6038000,0.3634000,0.8596000,0.5386000,0.3733000,0.9562000,0.4747000,0.4313000,0.5135762,0.7238776,0.1420267},
{0.5702109,0.7157312,0.1809991,0.5199752,0.6941254,0.1799368,0.6617008,0.8140782,0.2122401,0.7438485,0.9016126,0.2376955,0.7461732,0.8495461,0.3866493,0.4988000,0.8029000,0.4078000,0.7792000,0.6747000,0.3780000,0.8257000,0.6056000,0.3636000,0.8582000,0.5402000,0.3739000,0.9540000,0.4757000,0.4323000,0.5141254,0.7290477,0.1383080},
{0.5701889,0.7200816,0.1779156,0.5196343,0.6990696,0.1762953,0.6631823,0.8174386,0.2106506,0.7468431,0.9039283,0.2376138,0.7482399,0.8513519,0.3869900,0.4987000,0.8029000,0.4078000,0.7788000,0.6769000,0.3778000,0.8248000,0.6074000,0.3638000,0.8567000,0.5418000,0.3745000,0.9519000,0.4768000,0.4334000,0.5146958,0.7338791,0.1347780},
{0.5702069,0.7241070,0.1750137,0.5193745,0.7035908,0.1728893,0.6646299,0.8206336,0.2091274,0.7496682,0.9059861,0.2375746,0.7502911,0.8530981,0.3873476,0.4986000,0.8029000,0.4077000,0.7784000,0.6790000,0.3776000,0.8240000,0.6092000,0.3641000,0.8553000,0.5434000,0.3751000,0.9499000,0.4780000,0.4345000,0.5152801,0.7383912,0.1314317},
{0.5702589,0.7279241,0.1722173,0.5191722,0.7079815,0.1695086,0.6660145,0.8236120,0.2076965,0.7522406,0.9077498,0.2375719,0.7521951,0.8546763,0.3876974,0.4985000,0.8030000,0.4077000,0.7778000,0.6812000,0.3775000,0.8232000,0.6110000,0.3643000,0.8538000,0.5450000,0.3757000,0.9478000,0.4791000,0.4356000,0.5158787,0.7426516,0.1282269},
{0.5703403,0.7315308,0.1695344,0.5190322,0.7120070,0.1663427,0.6673975,0.8265146,0.2062917,0.7546587,0.9093095,0.2375987,0.7540759,0.8561936,0.3880605,0.4984000,0.8030000,0.4076000,0.7774000,0.6834000,0.3772000,0.8224000,0.6127000,0.3646000,0.8524000,0.5466000,0.3764000,0.9458000,0.4803000,0.4367000,0.5164708,0.7465696,0.1252397},
{0.5704435,0.7348547,0.1670259,0.5189445,0.7156683,0.1634052,0.6686639,0.8291117,0.2050257,0.7568948,0.9106648,0.2376495,0.7557196,0.8574846,0.3883925,0.4983000,0.8030000,0.4076000,0.7770000,0.6856000,0.3770000,0.8215000,0.6145000,0.3649000,0.8509000,0.5482000,0.3771000,0.9438000,0.4816000,0.4378000,0.5170484,0.7501546,0.1224719},
{0.5705670,0.7380030,0.1646172,0.5188988,0.7190313,0.1606562,0.6699028,0.8315985,0.2038055,0.7588506,0.9117798,0.2377150,0.7573112,0.8587026,0.3887276,0.4982000,0.8030000,0.4076000,0.7762000,0.6874000,0.3768000,0.8205000,0.6162000,0.3652000,0.8495000,0.5497000,0.3778000,0.9418000,0.4828000,0.4390000,0.5176191,0.7535003,0.1198584},
{0.5707040,0.7409163,0.1623594,0.5188877,0.7222055,0.1580147,0.6710727,0.8338999,0.2026689,0.7605181,0.9126772,0.2377868,0.7586975,0.8597368,0.3890307,0.4981000,0.8030000,0.4075000,0.7758000,0.6898000,0.3765000,0.8197000,0.6180000,0.3655000,0.8481000,0.5513000,0.3784000,0.9398000,0.4841000,0.4401000,0.5181514,0.7564664,0.1175161},
{0.5708528,0.7436473,0.1602171,0.5189052,0.7250329,0.1556219,0.6721284,0.8359388,0.2016560,0.7620103,0.9134378,0.2378638,0.7600043,0.8606881,0.3893262,0.4980000,0.8031000,0.4075000,0.7753000,0.6918000,0.3763000,0.8189000,0.6197000,0.3658000,0.8467000,0.5529000,0.3790000,0.9380000,0.4854000,0.4412000,0.5186739,0.7592504,0.1152956},
{0.5710077,0.7461645,0.1582199,0.5189474,0.7277575,0.1532789,0.6731786,0.8379323,0.2006602,0.7631387,0.9139857,0.2379301,0.7609958,0.8613943,0.3895571,0.4979000,0.8031000,0.4074000,0.7746000,0.6937000,0.3760000,0.8179000,0.6214000,0.3660000,0.8453000,0.5545000,0.3796000,0.9361000,0.4868000,0.4423000,0.5191733,0.7618045,0.1132392},
{0.5711691,0.7485293,0.1563236,0.5190090,0.7302571,0.1510960,0.6741163,0.8396839,0.1997806,0.7641433,0.9144534,0.2379952,0.7620368,0.8621208,0.3898057,0.4978000,0.8031000,0.4074000,0.7740000,0.6956000,0.3758000,0.8172000,0.6229000,0.3659000,0.8440000,0.5562000,0.3802000,0.9342000,0.4882000,0.4434000,0.5196516,0.7641616,0.1113248},
{0.5713370,0.7507780,0.1545018,0.5190906,0.7326878,0.1489415,0.6750223,0.8413516,0.1989390,0.7648781,0.9147834,0.2380464,0.7626041,0.8625101,0.3899440,0.4976000,0.8031000,0.4073000,0.7733000,0.6974000,0.3755000,0.8167000,0.6246000,0.3660000,0.8427000,0.5577000,0.3808000,0.9325000,0.4896000,0.4446000,0.5201432,0.7665020,0.1094077},
{0.5715184,0.7530148,0.1526715,0.5191921,0.7350646,0.1468032,0.6759393,0.8430155,0.1980953,0.7655130,0.9150601,0.2380932,0.7632906,0.8629750,0.3901140,0.4975000,0.8031000,0.4073000,0.7725000,0.6991000,0.3752000,0.8154000,0.6261000,0.3663000,0.8415000,0.5593000,0.3814000,0.9308000,0.4910000,0.4457000,0.5206229,0.7687109,0.1075833},
{0.5716917,0.7550007,0.1510310,0.5193022,0.7372008,0.1448536,0.6767723,0.8445062,0.1973359,0.7660396,0.9152837,0.2381338,0.7637040,0.8632514,0.3902178,0.4974000,0.8031000,0.4072000,0.7718000,0.7007000,0.3750000,0.8145000,0.6276000,0.3664000,0.8402000,0.5609000,0.3820000,0.9291000,0.4924000,0.4467000,0.5211058,0.7708653,0.1057895},
{0.5718759,0.7569788,0.1493821,0.5194345,0.7393921,0.1428255,0.6776095,0.8459853,0.1965791,0.7665115,0.9154794,0.2381715,0.7641160,0.8635244,0.3903223,0.4973000,0.8032000,0.4072000,0.7709000,0.7024000,0.3747000,0.8136000,0.6291000,0.3666000,0.8390000,0.5622000,0.3826000,0.9275000,0.4939000,0.4478000,0.5215419,0.7727563,0.1042031},
{0.5720604,0.7588449,0.1478130,0.5195713,0.7413689,0.1409704,0.6783770,0.8473245,0.1958909,0.7669340,0.9156508,0.2382064,0.7644482,0.8637427,0.3904074,0.4972000,0.8032000,0.4072000,0.7701000,0.7038000,0.3744000,0.8126000,0.6305000,0.3668000,0.8378000,0.5635000,0.3831000,0.9259000,0.4954000,0.4488000,0.5220107,0.7747337,0.1025321},
{0.5722408,0.7605727,0.1463480,0.5197333,0.7434422,0.1389977,0.6790340,0.8484586,0.1953059,0.7672406,0.9157730,0.2382324,0.7645921,0.8638367,0.3904444,0.4971000,0.8032000,0.4071000,0.7692000,0.7053000,0.3741000,0.8115000,0.6319000,0.3669000,0.8365000,0.5649000,0.3836000,0.9244000,0.4968000,0.4498000,0.5224687,0.7766145,0.1009310},
{0.5724334,0.7623265,0.1448489,0.5199092,0.7454528,0.1370573,0.6796173,0.8494559,0.1947898,0.7675434,0.9158919,0.2382587,0.7649446,0.8640656,0.3905358,0.4970000,0.8032000,0.4071000,0.7683000,0.7067000,0.3739000,0.8104000,0.6332000,0.3671000,0.8352000,0.5662000,0.3841000,0.9228000,0.4982000,0.4508000,0.5229157,0.7784040,0.0993969},
{0.5726237,0.7639783,0.1434257,0.5201164,0.7475813,0.1349724,0.6802171,0.8504724,0.1942621,0.7676721,0.9159418,0.2382700,0.7651174,0.8641770,0.3905809,0.4969000,0.8032000,0.4070000,0.7673000,0.7081000,0.3736000,0.8093000,0.6346000,0.3672000,0.8341000,0.5675000,0.3847000,0.9213000,0.4996000,0.4516000,0.5234057,0.7803163,0.0977456},
{0.5728664,0.7659821,0.1416843,0.5203338,0.7496005,0.1329641,0.6809779,0.8517484,0.1935973,0.7677882,0.9159866,0.2382803,0.7653358,0.8643173,0.3906382,0.4968000,0.8033000,0.4070000,0.7664000,0.7096000,0.3733000,0.8081000,0.6358000,0.3674000,0.8329000,0.5687000,0.3852000,0.9197000,0.5010000,0.4525000,0.5239371,0.7823351,0.0959888},
{0.5730807,0.7676675,0.1402066,0.5205168,0.7511659,0.1313860,0.6815623,0.8527188,0.1930899,0.7677249,0.9159622,0.2382746,0.7653961,0.8643559,0.3906541,0.4967000,0.8033000,0.4069000,0.7654000,0.7109000,0.3730000,0.8070000,0.6370000,0.3675000,0.8316000,0.5701000,0.3856000,0.9182000,0.5024000,0.4533000,0.5243187,0.7837516,0.0947477},
{0.5732633,0.7690481,0.1389871,0.5206445,0.7521969,0.1303361,0.6821905,0.8537526,0.1925477,0.7676167,0.9159204,0.2382651,0.7654397,0.8643837,0.3906656,0.4966000,0.8033000,0.4069000,0.7644000,0.7121000,0.3728000,0.8059000,0.6383000,0.3676000,0.8303000,0.5712000,0.3860000,0.9167000,0.5038000,0.4541000,0.5245756,0.7846902,0.0939214},
{0.5734076,0.7701070,0.1380463,0.5207759,0.7532125,0.1292937,0.6827823,0.8547177,0.1920398,0.7674663,0.9158618,0.2382519,0.7653366,0.8643178,0.3906384,0.4965000,0.8033000,0.4068000,0.7630000,0.7129000,0.3725000,0.8048000,0.6395000,0.3676000,0.8290000,0.5723000,0.3864000,0.9152000,0.5051000,0.4548000,0.5248072,0.7855264,0.0931826},
{0.5735268,0.7709606,0.1372844,0.5208808,0.7539924,0.1284873,0.6832050,0.8554018,0.1916788,0.7672810,0.9157890,0.2382359,0.7652857,0.8642852,0.3906250,0.4963000,0.8033000,0.4068000,0.7624000,0.7146000,0.3721000,0.8037000,0.6405000,0.3677000,0.8277000,0.5735000,0.3866000,0.9137000,0.5064000,0.4556000,0.5249816,0.7861496,0.0926305},
{0.5736316,0.7716966,0.1366249,0.5209732,0.7546586,0.1277945,0.6835476,0.8559534,0.1913871,0.7671837,0.9157505,0.2382276,0.7652375,0.8642542,0.3906124,0.4962000,0.8034000,0.4067000,0.7609000,0.7155000,0.3718000,0.8025000,0.6417000,0.3677000,0.8265000,0.5747000,0.3869000,0.9122000,0.5078000,0.4562000,0.5251521,0.7867543,0.0920933},
{0.5737335,0.7723997,0.1359926,0.5210552,0.7552354,0.1271918,0.6839244,0.8565566,0.1910676,0.7670186,0.9156847,0.2382135,0.7653426,0.8643217,0.3906400,0.4961000,0.8034000,0.4067000,0.7601000,0.7169000,0.3715000,0.8013000,0.6429000,0.3678000,0.8251000,0.5758000,0.3872000,0.9106000,0.5090000,0.4569000,0.5252611,0.7871380,0.0917517},
{0.5738241,0.7730159,0.1354366,0.5211429,0.7558368,0.1265601,0.6842614,0.8570934,0.1907827,0.7668327,0.9156100,0.2381979,0.7653733,0.8643413,0.3906481,0.4960000,0.8034000,0.4067000,0.7589000,0.7180000,0.3713000,0.8000000,0.6440000,0.3679000,0.8238000,0.5769000,0.3874000,0.9090000,0.5103000,0.4576000,0.5253797,0.7875538,0.0913811},
{0.5739290,0.7737171,0.1348019,0.5212362,0.7564618,0.1259005,0.6844924,0.8574598,0.1905879,0.7664697,0.9154622,0.2381681,0.7654684,0.8644021,0.3906732,0.4959000,0.8034000,0.4066000,0.7581000,0.7196000,0.3709000,0.7987000,0.6452000,0.3680000,0.8225000,0.5782000,0.3876000,0.9073000,0.5115000,0.4582000,0.5255307,0.7880794,0.0909115},
{0.5740540,0.7745385,0.1340556,0.5213555,0.7572381,0.1250761,0.6846343,0.8576844,0.1904684,0.7660048,0.9152690,0.2381310,0.7656150,0.8644955,0.3907119,0.4958000,0.8034000,0.4066000,0.7572000,0.7208000,0.3707000,0.7974000,0.6464000,0.3680000,0.8210000,0.5792000,0.3879000,0.9056000,0.5128000,0.4588000,0.5257367,0.7887909,0.0902744},
{0.5741865,0.7753926,0.1332763,0.5215143,0.7582360,0.1240085,0.6847987,0.8579438,0.1903303,0.7655625,0.9150813,0.2380969,0.7657885,0.8646056,0.3907580,0.4957000,0.8035000,0.4065000,0.7561000,0.7219000,0.3707000,0.7961000,0.6475000,0.3681000,0.8197000,0.5803000,0.3881000,0.9040000,0.5140000,0.4594000,0.5259718,0.7895946,0.0895523},
{0.5743485,0.7764139,0.1323401,0.5216753,0.7592096,0.1229581,0.6850221,0.8582954,0.1901428,0.7652344,0.9149396,0.2380724,0.7658071,0.8646173,0.3907629,0.4956000,0.8035000,0.4065000,0.7549000,0.7231000,0.3706000,0.7949000,0.6486000,0.3682000,0.8183000,0.5814000,0.3883000,0.9023000,0.5151000,0.4600000,0.5262430,0.7905112,0.0887258},
{0.5745114,0.7774175,0.1314153,0.5218702,0.7603410,0.1217261,0.6852984,0.8587286,0.1899115,0.7650432,0.9148561,0.2380583,0.7658332,0.8646338,0.3907699,0.4955000,0.8035000,0.4064000,0.7539000,0.7243000,0.3706000,0.7935000,0.6497000,0.3684000,0.8169000,0.5824000,0.3886000,0.9006000,0.5163000,0.4605000,0.5265848,0.7916507,0.0876940},
{0.5746805,0.7784362,0.1304719,0.5220590,0.7613928,0.1205695,0.6855580,0.8591342,0.1896947,0.7650637,0.9148651,0.2380598,0.7657336,0.8645708,0.3907434,0.4954000,0.8035000,0.4064000,0.7527000,0.7253000,0.3705000,0.7923000,0.6508000,0.3684000,0.8156000,0.5837000,0.3889000,0.8990000,0.5175000,0.4611000,0.5269051,0.7927030,0.0867367},
{0.5748883,0.7796569,0.1293348,0.5222785,0.7625653,0.1192670,0.6859320,0.8597157,0.1893833,0.7650980,0.9148801,0.2380623,0.7655602,0.8644606,0.3906974,0.4953000,0.8035000,0.4063000,0.7514000,0.7264000,0.3704000,0.7910000,0.6518000,0.3685000,0.8142000,0.5848000,0.3891000,0.8973000,0.5186000,0.4616000,0.5272708,0.7938872,0.0856542},
{0.5751005,0.7808710,0.1281968,0.5225402,0.7638994,0.1177676,0.6862659,0.8602324,0.1891061,0.7650789,0.9148717,0.2380609,0.7654073,0.8643630,0.3906571,0.4952000,0.8035000,0.4063000,0.7503000,0.7275000,0.3702000,0.7897000,0.6529000,0.3685000,0.8129000,0.5858000,0.3893000,0.8957000,0.5197000,0.4622000,0.5276461,0.7950838,0.0845549},
{0.5753521,0.7822698,0.1268767,0.5228122,0.7652203,0.1162642,0.6867189,0.8609292,0.1887315,0.7650142,0.9148433,0.2380562,0.7652147,0.8642396,0.3906064,0.4950000,0.8036000,0.4063000,0.7491000,0.7286000,0.3700000,0.7884000,0.6539000,0.3685000,0.8115000,0.5870000,0.3896000,0.8941000,0.5209000,0.4628000,0.5280700,0.7964128,0.0833271},
{0.5756381,0.7838111,0.1254109,0.5231534,0.7667925,0.1144492,0.6871704,0.8616192,0.1883596,0.7648905,0.9147888,0.2380473,0.7650374,0.8641255,0.3905600,0.4949000,0.8036000,0.4062000,0.7480000,0.7296000,0.3697000,0.7871000,0.6549000,0.3685000,0.8102000,0.5881000,0.3898000,0.8924000,0.5220000,0.4633000,0.5285499,0.7978900,0.0819541},
{0.5759719,0.7855486,0.1237441,0.5235454,0.7684948,0.1124511,0.6877032,0.8624279,0.1879226,0.7647812,0.9147404,0.2380395,0.7648439,0.8640004,0.3905096,0.4948000,0.8036000,0.4062000,0.7467000,0.7306000,0.3695000,0.7858000,0.6559000,0.3684000,0.8088000,0.5891000,0.3900000,0.8908000,0.5231000,0.4639000,0.5291033,0.7995589,0.0803921},
{0.5763551,0.7874687,0.1218840,0.5240147,0.7704057,0.1101654,0.6883130,0.8633458,0.1874250,0.7647535,0.9147282,0.2380375,0.7646503,0.8638746,0.3904595,0.4947000,0.8036000,0.4061000,0.7456000,0.7316000,0.3691000,0.7846000,0.6567000,0.3684000,0.8075000,0.5901000,0.3902000,0.8893000,0.5242000,0.4645000,0.5297359,0.8014233,0.0786332},
{0.5767703,0.7894680,0.1199265,0.5245440,0.7724159,0.1077089,0.6889639,0.8643168,0.1868969,0.7647627,0.9147322,0.2380381,0.7644070,0.8637157,0.3903968,0.4946000,0.8036000,0.4061000,0.7443000,0.7325000,0.3688000,0.7833000,0.6576000,0.3684000,0.8062000,0.5911000,0.3904000,0.8877000,0.5253000,0.4650000,0.5304283,0.8034133,0.0767393},
{0.5772071,0.7914874,0.1179273,0.5251667,0.7746111,0.1049608,0.6896756,0.8653685,0.1863228,0.7648681,0.9147790,0.2380457,0.7642563,0.8636168,0.3903581,0.4945000,0.8037000,0.4060000,0.7431000,0.7334000,0.3684000,0.7819000,0.6584000,0.3683000,0.8048000,0.5919000,0.3905000,0.8862000,0.5264000,0.4655000,0.5312223,0.8056335,0.0746058},
{0.5777023,0.7936833,0.1157276,0.5258302,0.7767758,0.1021788,0.6904663,0.8665244,0.1856892,0.7650351,0.9148525,0.2380577,0.7640959,0.8635112,0.3903172,0.4944000,0.8037000,0.4060000,0.7418000,0.7342000,0.3680000,0.7807000,0.6593000,0.3682000,0.8034000,0.5929000,0.3907000,0.8845000,0.5274000,0.4660000,0.5320583,0.8079040,0.0724007}
};
