fitErrPi Mean = 0.216616
fitErrTh Mean = 0.154033
fitErrWr Mean = 0.213031
fitErrLA Mean = 0.0368
fitErrEl Mean = 0.0174811
fitErrUA Mean = 0.0133919
efPts = {
{0.5136843,0.7308945,0.1058434,0.4237621,0.7172871,0.1446998,0.2954644,0.7691731,0.2349463,0.4178270,0.8620511,0.1961423,0.4966181,0.8879127,0.2682350,0.5315000,0.8542000,0.3855000,0.4923000,0.7561000,0.3016000,0.4443000,0.6388000,0.3101000,0.4768000,0.6990000,0.2268000,0.6423000,0.5294000,0.4568000,0.4507587,0.7244385,0.0672203},
{0.5122934,0.7289580,0.1057239,0.4227452,0.7164460,0.1436842,0.4694308,0.7910317,0.1679959,0.6015260,0.8771305,0.1045696,0.5929310,0.8950679,0.2513612,0.5309000,0.8541000,0.3854000,0.4920000,0.7561000,0.3015000,0.4443000,0.6389000,0.3100000,0.4768000,0.6990000,0.2267000,0.6423000,0.5294000,0.4568000,0.4493083,0.7232679,0.0663496},
{0.5108052,0.7268763,0.1055933,0.4216647,0.7155488,0.1425993,0.4675622,0.7919988,0.1673402,0.5994004,0.8777830,0.1029263,0.5915812,0.8957176,0.2504563,0.5305000,0.8540000,0.3852000,0.4918000,0.7561000,0.3015000,0.4443000,0.6390000,0.3100000,0.4768000,0.6990000,0.2267000,0.6424000,0.5294000,0.4568000,0.4478038,0.7220497,0.0654420},
{0.5094517,0.7249744,0.1054722,0.4206604,0.7147115,0.1415856,0.4655107,0.7930434,0.1666400,0.5970643,0.8784599,0.1012517,0.5901913,0.8963615,0.2495626,0.5302000,0.8538000,0.3852000,0.4918000,0.7560000,0.3016000,0.4445000,0.6391000,0.3101000,0.4769000,0.6990000,0.2267000,0.6424000,0.5294000,0.4568000,0.4462398,0.7207791,0.0644937},
{0.5080064,0.7229346,0.1053402,0.4196810,0.7138919,0.1405920,0.4633735,0.7941133,0.1659315,0.5943945,0.8791884,0.0994855,0.5887043,0.8970248,0.2486455,0.5300000,0.8535000,0.3854000,0.4919000,0.7560000,0.3017000,0.4448000,0.6391000,0.3103000,0.4770000,0.6989000,0.2269000,0.6424000,0.5294000,0.4568000,0.4446687,0.7194984,0.0635360},
{0.5065850,0.7209191,0.1052079,0.4187479,0.7131083,0.1396409,0.4610794,0.7952417,0.1651939,0.5914653,0.8799389,0.0977069,0.5872631,0.8976445,0.2477919,0.5301000,0.8533000,0.3856000,0.4920000,0.7558000,0.3019000,0.4452000,0.6390000,0.3107000,0.4773000,0.6988000,0.2272000,0.6424000,0.5294000,0.4568000,0.4430938,0.7182101,0.0625709},
{0.5052474,0.7190143,0.1050810,0.4178356,0.7123395,0.1387065,0.4587444,0.7963697,0.1644667,0.5882743,0.8807055,0.0959360,0.5857089,0.8982892,0.2469074,0.5301000,0.8532000,0.3859000,0.4922000,0.7558000,0.3022000,0.4458000,0.6389000,0.3110000,0.4775000,0.6986000,0.2275000,0.6424000,0.5294000,0.4568000,0.4416095,0.7169920,0.0616568},
{0.5038421,0.7170041,0.1049452,0.4169622,0.7116009,0.1378080,0.4560818,0.7976317,0.1636652,0.5848301,0.8814802,0.0941970,0.5842300,0.8988816,0.2460976,0.5303000,0.8531000,0.3863000,0.4925000,0.7558000,0.3025000,0.4464000,0.6388000,0.3114000,0.4778000,0.6986000,0.2278000,0.6424000,0.5294000,0.4568000,0.4401589,0.7157977,0.0607590},
{0.5024444,0.7149960,0.1048077,0.4159499,0.7107419,0.1367616,0.4534037,0.7988759,0.1628877,0.5810461,0.8822753,0.0924696,0.5827206,0.8994665,0.2453013,0.5305000,0.8532000,0.3867000,0.4927000,0.7559000,0.3029000,0.4472000,0.6386000,0.3119000,0.4783000,0.6984000,0.2283000,0.6424000,0.5294000,0.4568000,0.4387250,0.7146135,0.0598673},
{0.5009286,0.7128077,0.1046556,0.4150509,0.7099762,0.1358279,0.4505076,0.8001941,0.1620782,0.5770305,0.8830617,0.0908239,0.5812028,0.9000358,0.2445291,0.5306000,0.8535000,0.3871000,0.4930000,0.7560000,0.3034000,0.4481000,0.6385000,0.3125000,0.4787000,0.6984000,0.2289000,0.6424000,0.5294000,0.4568000,0.4373497,0.7134742,0.0590081},
{0.4995626,0.7108266,0.1045159,0.4140352,0.7091080,0.1347678,0.4474228,0.8015682,0.1612501,0.5727254,0.8838459,0.0892520,0.5797126,0.9005774,0.2437975,0.5307000,0.8540000,0.3875000,0.4934000,0.7560000,0.3038000,0.4490000,0.6383000,0.3132000,0.4793000,0.6983000,0.2295000,0.6424000,0.5294000,0.4568000,0.4358779,0.7122512,0.0580842},
{0.4981359,0.7087481,0.1043675,0.4129870,0.7082084,0.1336681,0.4442472,0.8029517,0.1604333,0.5681761,0.8846147,0.0877869,0.5781629,0.9011233,0.2430629,0.5307000,0.8545000,0.3880000,0.4938000,0.7562000,0.3045000,0.4501000,0.6381000,0.3141000,0.4798000,0.6983000,0.2303000,0.6424000,0.5294000,0.4568000,0.4344000,0.7110193,0.0571521},
{0.4965870,0.7064806,0.1042032,0.4119277,0.7072957,0.1325508,0.4407483,0.8044409,0.1595736,0.5633281,0.8853721,0.0864274,0.5765463,0.9016750,0.2423237,0.5308000,0.8551000,0.3884000,0.4941000,0.7563000,0.3052000,0.4513000,0.6378000,0.3150000,0.4804000,0.6981000,0.2311000,0.6425000,0.5294000,0.4568000,0.4329174,0.7097794,0.0562123},
{0.4952885,0.7045710,0.1040630,0.4108689,0.7063799,0.1314281,0.4373095,0.8058698,0.1587683,0.5584172,0.8860796,0.0852456,0.5747915,0.9022544,0.2415510,0.5308000,0.8558000,0.3887000,0.4944000,0.7565000,0.3060000,0.4527000,0.6374000,0.3161000,0.4810000,0.6981000,0.2320000,0.6425000,0.5294000,0.4568000,0.4313185,0.7084379,0.0551938},
{0.4939378,0.7025759,0.1039148,0.4097273,0.7053881,0.1302108,0.4336022,0.8073730,0.1579427,0.5532440,0.8867647,0.0841977,0.5728908,0.9028600,0.2407474,0.5308000,0.8564000,0.3890000,0.4947000,0.7565000,0.3068000,0.4542000,0.6368000,0.3173000,0.4816000,0.6979000,0.2329000,0.6425000,0.5294000,0.4568000,0.4299053,0.7072482,0.0542891},
{0.4925087,0.7004554,0.1037553,0.4085483,0.7043594,0.1289463,0.4298673,0.8088497,0.1571541,0.5479445,0.8874065,0.0833201,0.5707107,0.9035280,0.2398661,0.5307000,0.8571000,0.3892000,0.4950000,0.7566000,0.3077000,0.4559000,0.6361000,0.3186000,0.4823000,0.6977000,0.2340000,0.6425000,0.5294000,0.4568000,0.4284562,0.7060246,0.0533571},
{0.4911642,0.6984514,0.1036026,0.4073713,0.7033277,0.1276764,0.4259801,0.8103476,0.1563780,0.5425427,0.8880018,0.0826179,0.5683774,0.9042129,0.2389687,0.5305000,0.8579000,0.3895000,0.4952000,0.7565000,0.3086000,0.4577000,0.6353000,0.3199000,0.4823000,0.6978000,0.2356000,0.6425000,0.5294000,0.4568000,0.4267854,0.7046089,0.0522769},
{0.4897905,0.6963947,0.1034440,0.4060885,0.7021979,0.1262835,0.4221173,0.8117977,0.1556507,0.5370183,0.8885522,0.0820909,0.5659794,0.9048860,0.2380933,0.5303000,0.8587000,0.3897000,0.4953000,0.7563000,0.3096000,0.4596000,0.6344000,0.3215000,0.4833000,0.6969000,0.2365000,0.6425000,0.5294000,0.4568000,0.4252799,0.7033290,0.0512986},
{0.4883337,0.6942032,0.1032730,0.4048209,0.7010761,0.1248984,0.4181018,0.8132656,0.1549398,0.5314287,0.8890514,0.0817464,0.5635016,0.9055499,0.2372368,0.5299000,0.8595000,0.3899000,0.4955000,0.7561000,0.3106000,0.4617000,0.6335000,0.3231000,0.4841000,0.6960000,0.2378000,0.6425000,0.5294000,0.4568000,0.4236278,0.7019196,0.0502195},
{0.4868340,0.6919363,0.1030939,0.4034872,0.6998899,0.1234314,0.4139597,0.8147386,0.1542536,0.5257612,0.8895002,0.0815843,0.5608408,0.9062287,0.2363692,0.5293000,0.8602000,0.3901000,0.4957000,0.7558000,0.3117000,0.4638000,0.6326000,0.3249000,0.4849000,0.6951000,0.2392000,0.6425000,0.5294000,0.4568000,0.4219659,0.7004967,0.0491281},
{0.4853677,0.6897088,0.1029156,0.4020831,0.6986343,0.1218761,0.4098689,0.8161532,0.1536219,0.5202269,0.8898841,0.0816036,0.5580816,0.9068962,0.2355246,0.5288000,0.8609000,0.3903000,0.4959000,0.7554000,0.3128000,0.4661000,0.6315000,0.3267000,0.4858000,0.6940000,0.2406000,0.6425000,0.5294000,0.4568000,0.4203102,0.6990740,0.0480349},
{0.4840392,0.6876813,0.1027514,0.4007607,0.6974457,0.1204012,0.4051701,0.8177296,0.1529517,0.5146385,0.8902182,0.0817981,0.5550697,0.9075841,0.2346649,0.5281000,0.8613000,0.3905000,0.4961000,0.7549000,0.3139000,0.4686000,0.6304000,0.3286000,0.4867000,0.6929000,0.2420000,0.6425000,0.5294000,0.4568000,0.4187476,0.6977266,0.0469977},
{0.4826081,0.6854870,0.1025717,0.3994692,0.6962787,0.1189511,0.4011185,0.8190481,0.1524205,0.5092113,0.8904917,0.0821536,0.5519837,0.9082456,0.2338498,0.5272000,0.8618000,0.3905000,0.4964000,0.7542000,0.3150000,0.4713000,0.6291000,0.3305000,0.4877000,0.6918000,0.2434000,0.6426000,0.5294000,0.4568000,0.4172917,0.6964671,0.0460266},
{0.4813342,0.6835249,0.1024093,0.3981306,0.6950630,0.1174379,0.3970832,0.8203241,0.1519339,0.5038577,0.8907123,0.0826651,0.5486751,0.9089073,0.2330484,0.5266000,0.8620000,0.3907000,0.4967000,0.7535000,0.3160000,0.4742000,0.6277000,0.3325000,0.4887000,0.6904000,0.2448000,0.6426000,0.5294000,0.4568000,0.4160094,0.6953544,0.0451675},
{0.4800637,0.6815595,0.1022449,0.3968309,0.6938766,0.1159588,0.3932835,0.8214920,0.1515142,0.4986759,0.8908791,0.0833130,0.5453685,0.9095198,0.2323216,0.5260000,0.8621000,0.3908000,0.4971000,0.7526000,0.3171000,0.4772000,0.6263000,0.3345000,0.4899000,0.6888000,0.2463000,0.6426000,0.5294000,0.4568000,0.4146416,0.6941641,0.0442471},
{0.4787545,0.6795254,0.1020730,0.3955524,0.6927035,0.1144942,0.3895129,0.8226190,0.1511342,0.4935770,0.8909978,0.0840989,0.5421095,0.9100761,0.2316774,0.5255000,0.8621000,0.3908000,0.4976000,0.7517000,0.3180000,0.4803000,0.6249000,0.3366000,0.4911000,0.6871000,0.2478000,0.6426000,0.5294000,0.4568000,0.4132581,0.6929565,0.0433121},
{0.4777085,0.6778936,0.1019338,0.3942015,0.6914575,0.1129361,0.3859065,0.8236673,0.1508046,0.4886662,0.8910687,0.0849975,0.5388778,0.9105810,0.2311098,0.5251000,0.8620000,0.3909000,0.4981000,0.7507000,0.3190000,0.4835000,0.6236000,0.3386000,0.4925000,0.6854000,0.2492000,0.6426000,0.5294000,0.4568000,0.4116552,0.6915529,0.0422234},
{0.4763982,0.6758413,0.1017571,0.3928592,0.6902129,0.1113772,0.3823235,0.8246802,0.1505100,0.4839538,0.8910959,0.0859938,0.5358970,0.9110050,0.2306497,0.5246000,0.8620000,0.3910000,0.4988000,0.7499000,0.3201000,0.4866000,0.6224000,0.3407000,0.4941000,0.6837000,0.2508000,0.6426000,0.5294000,0.4568000,0.4101975,0.6902721,0.0412285},
{0.4752729,0.6740715,0.1016033,0.3914863,0.6889328,0.1097714,0.3788771,0.8256275,0.1502574,0.4794427,0.8910831,0.0870739,0.5330712,0.9113694,0.2302707,0.5243000,0.8620000,0.3912000,0.4996000,0.7490000,0.3211000,0.4899000,0.6213000,0.3428000,0.4957000,0.6821000,0.2523000,0.6426000,0.5294000,0.4568000,0.4087268,0.6889757,0.0402198},
{0.4740081,0.6720739,0.1014281,0.3900925,0.6876261,0.1081293,0.3753708,0.8265641,0.1500314,0.4752334,0.8910359,0.0881971,0.5304309,0.9116760,0.2299681,0.5239000,0.8621000,0.3914000,0.5004000,0.7482000,0.3221000,0.4932000,0.6203000,0.3449000,0.4975000,0.6806000,0.2538000,0.6426000,0.5294000,0.4568000,0.4073367,0.6877466,0.0392621},
{0.4729171,0.6703438,0.1012750,0.3887657,0.6863754,0.1065552,0.3721235,0.8274071,0.1498501,0.4711360,0.8909560,0.0894016,0.5278241,0.9119458,0.2297195,0.5235000,0.8622000,0.3916000,0.5013000,0.7473000,0.3232000,0.4967000,0.6192000,0.3469000,0.4994000,0.6791000,0.2555000,0.6426000,0.5293000,0.4568000,0.4059429,0.6865104,0.0382974},
{0.4718525,0.6686492,0.1011238,0.3875942,0.6852653,0.1051561,0.3689895,0.8281983,0.1497009,0.4672541,0.8908481,0.0906480,0.5254300,0.9121638,0.2295365,0.5231000,0.8623000,0.3917000,0.5023000,0.7464000,0.3243000,0.5002000,0.6182000,0.3490000,0.5014000,0.6777000,0.2572000,0.6426000,0.5293000,0.4568000,0.4044308,0.6851649,0.0372459},
{0.4708868,0.6671064,0.1009851,0.3862609,0.6839956,0.1035533,0.3660712,0.8289150,0.1495846,0.4636556,0.8907187,0.0918992,0.5229804,0.9123561,0.2293959,0.5229000,0.8623000,0.3919000,0.5033000,0.7455000,0.3254000,0.5038000,0.6172000,0.3512000,0.5036000,0.6763000,0.2588000,0.6427000,0.5293000,0.4568000,0.4032821,0.6841397,0.0364436},
{0.4699474,0.6656009,0.1008488,0.3852372,0.6830160,0.1023151,0.3633053,0.8295765,0.1494949,0.4602477,0.8905690,0.0931731,0.5207261,0.9125046,0.2293100,0.5229000,0.8621000,0.3921000,0.5045000,0.7445000,0.3265000,0.5072000,0.6162000,0.3532000,0.5058000,0.6749000,0.2604000,0.6427000,0.5293000,0.4569000,0.4020149,0.6830058,0.0355551},
{0.4691294,0.6642857,0.1007289,0.3842882,0.6821040,0.1011611,0.3607613,0.8301694,0.1494301,0.4570870,0.8904053,0.0944359,0.5186541,0.9126159,0.2292693,0.5230000,0.8619000,0.3924000,0.5058000,0.7437000,0.3276000,0.5107000,0.6153000,0.3553000,0.5080000,0.6734000,0.2621000,0.6427000,0.5293000,0.4569000,0.4008501,0.6819607,0.0347351},
{0.4684134,0.6631313,0.1006231,0.3833614,0.6812101,0.1000285,0.3583893,0.8307088,0.1493850,0.4541871,0.8902329,0.0956669,0.5167630,0.9126954,0.2292658,0.5232000,0.8617000,0.3928000,0.5072000,0.7429000,0.3287000,0.5142000,0.6144000,0.3574000,0.5104000,0.6720000,0.2637000,0.6427000,0.5293000,0.4569000,0.3999771,0.6811756,0.0341185},
{0.4675207,0.6616881,0.1004901,0.3824002,0.6802793,0.0988480,0.3563020,0.8311726,0.1493578,0.4514462,0.8900494,0.0968975,0.5150529,0.9127484,0.2292915,0.5236000,0.8614000,0.3934000,0.5085000,0.7422000,0.3298000,0.5177000,0.6138000,0.3593000,0.5128000,0.6708000,0.2653000,0.6427000,0.5293000,0.4569000,0.3989990,0.6802942,0.0334256},
{0.4667075,0.6603693,0.1003678,0.3815210,0.6794246,0.0977629,0.3543040,0.8316070,0.1493427,0.4489372,0.8898631,0.0980841,0.5136555,0.9127776,0.2293339,0.5241000,0.8611000,0.3940000,0.5097000,0.7414000,0.3310000,0.5212000,0.6130000,0.3613000,0.5152000,0.6698000,0.2670000,0.6427000,0.5293000,0.4569000,0.3979849,0.6793783,0.0327048},
{0.4659501,0.6591376,0.1002529,0.3806975,0.6786212,0.0967418,0.3525740,0.8319755,0.1493383,0.4465941,0.8896723,0.0992469,0.5124540,0.9127922,0.2293863,0.5243000,0.8611000,0.3947000,0.5110000,0.7408000,0.3323000,0.5249000,0.6123000,0.3631000,0.5177000,0.6688000,0.2686000,0.6427000,0.5293000,0.4569000,0.3971208,0.6785963,0.0320888},
{0.4652266,0.6579579,0.1001422,0.3798263,0.6777681,0.0956566,0.3510378,0.8322967,0.1493413,0.4444954,0.8894870,0.1003357,0.5112311,0.9127967,0.2294554,0.5253000,0.8608000,0.3955000,0.5124000,0.7401000,0.3336000,0.5285000,0.6117000,0.3649000,0.5202000,0.6680000,0.2703000,0.6427000,0.5293000,0.4569000,0.3962257,0.6777846,0.0314488},
{0.4645774,0.6568968,0.1000422,0.3789295,0.6768867,0.0945341,0.3496982,0.8325722,0.1493492,0.4425070,0.8892982,0.1014106,0.5100874,0.9127911,0.2295350,0.5260000,0.8606000,0.3963000,0.5138000,0.7395000,0.3350000,0.5321000,0.6110000,0.3667000,0.5227000,0.6672000,0.2720000,0.6427000,0.5293000,0.4569000,0.3953352,0.6769755,0.0308103},
{0.4639070,0.6557983,0.0999382,0.3780515,0.6760206,0.0934300,0.3485225,0.8328104,0.1493602,0.4408658,0.8891321,0.1023311,0.5090136,0.9127768,0.2296235,0.5264000,0.8605000,0.3969000,0.5153000,0.7388000,0.3364000,0.5356000,0.6105000,0.3685000,0.5251000,0.6664000,0.2737000,0.6427000,0.5293000,0.4569000,0.3945008,0.6762158,0.0302103},
{0.4634488,0.6550460,0.0998667,0.3772694,0.6752463,0.0924420,0.3476298,0.8329890,0.1493712,0.4393036,0.8889651,0.1032367,0.5079097,0.9127525,0.2297290,0.5268000,0.8600000,0.3975000,0.5168000,0.7381000,0.3378000,0.5390000,0.6100000,0.3704000,0.5274000,0.6656000,0.2754000,0.6427000,0.5293000,0.4569000,0.3936399,0.6754305,0.0295894},
{0.4628384,0.6540419,0.0997708,0.3763948,0.6743774,0.0913321,0.3467199,0.8331690,0.1493847,0.4378739,0.8888042,0.1040915,0.5068712,0.9127205,0.2298422,0.5273000,0.8597000,0.3981000,0.5183000,0.7374000,0.3392000,0.5423000,0.6095000,0.3721000,0.5298000,0.6647000,0.2771000,0.6428000,0.5293000,0.4569000,0.3927734,0.6746387,0.0289629},
{0.4623062,0.6531646,0.0996868,0.3755612,0.6735460,0.0902692,0.3460040,0.8333092,0.1493969,0.4364749,0.8886391,0.1049534,0.5060728,0.9126896,0.2299388,0.5280000,0.8593000,0.3988000,0.5200000,0.7367000,0.3405000,0.5456000,0.6091000,0.3739000,0.5319000,0.6639000,0.2787000,0.6428000,0.5293000,0.4569000,0.3919022,0.6738408,0.0283311},
{0.4617041,0.6521700,0.0995911,0.3747622,0.6727465,0.0892459,0.3453103,0.8334439,0.1494101,0.4350198,0.8884587,0.1058777,0.5051840,0.9126485,0.2300567,0.5288000,0.8589000,0.3996000,0.5217000,0.7360000,0.3419000,0.5490000,0.6085000,0.3756000,0.5340000,0.6631000,0.2804000,0.6428000,0.5293000,0.4569000,0.3910756,0.6730824,0.0277299},
{0.4611605,0.6512702,0.0995042,0.3738871,0.6718674,0.0881198,0.3445966,0.8335812,0.1494252,0.4335405,0.8882661,0.1068478,0.4912254,0.8909395,0.2639635,0.5296000,0.8585000,0.4005000,0.5233000,0.7354000,0.3433000,0.5522000,0.6081000,0.3774000,0.5361000,0.6622000,0.2821000,0.6428000,0.5293000,0.4569000,0.3903016,0.6723710,0.0271655},
{0.4604918,0.6501607,0.0993965,0.3730842,0.6710581,0.0870820,0.3440144,0.8336922,0.1494385,0.4321310,0.8880734,0.1078021,0.4919310,0.8905063,0.2645789,0.5305000,0.8580000,0.4014000,0.5251000,0.7347000,0.3447000,0.5554000,0.6076000,0.3792000,0.5382000,0.6613000,0.2838000,0.6428000,0.5293000,0.4569000,0.3893426,0.6714878,0.0264643},
{0.4598775,0.6491393,0.0992970,0.3721873,0.6701504,0.0859169,0.3434419,0.8338006,0.1494526,0.4307239,0.8878716,0.1087857,0.4928962,0.8899345,0.2653892,0.5315000,0.8576000,0.4024000,0.5268000,0.7341000,0.3461000,0.5584000,0.6071000,0.3809000,0.5414000,0.6607000,0.2855000,0.6428000,0.5293000,0.4569000,0.3887504,0.6709414,0.0260301},
{0.4594034,0.6483492,0.0992197,0.3714431,0.6693947,0.0849459,0.3429574,0.8338917,0.1494652,0.4294510,0.8876804,0.1097034,0.4937841,0.8894274,0.2661057,0.5325000,0.8571000,0.4033000,0.5283000,0.7334000,0.3475000,0.5615000,0.6066000,0.3826000,0.5436000,0.6599000,0.2872000,0.6428000,0.5293000,0.4569000,0.3879617,0.6702126,0.0254506},
{0.4588038,0.6473482,0.0991215,0.3707560,0.6686945,0.0840456,0.3426524,0.8339487,0.1494736,0.4281704,0.8874795,0.1106549,0.4947573,0.8888906,0.2668624,0.5336000,0.8567000,0.4042000,0.5295000,0.7325000,0.3490000,0.5644000,0.6061000,0.3842000,0.5457000,0.6591000,0.2887000,0.6428000,0.5293000,0.4569000,0.3874106,0.6697026,0.0250448},
{0.4583185,0.6465363,0.0990415,0.3699685,0.6678896,0.0830097,0.3424388,0.8339885,0.1494795,0.4269912,0.8872864,0.1115576,0.4955881,0.8884465,0.2674865,0.5347000,0.8562000,0.4051000,0.5315000,0.7318000,0.3504000,0.5676000,0.6056000,0.3859000,0.5477000,0.6584000,0.2902000,0.6428000,0.5293000,0.4569000,0.3868563,0.6691890,0.0246358},
{0.4579179,0.6458650,0.0989751,0.3693424,0.6672475,0.0821826,0.3424682,0.8339830,0.1494787,0.4258724,0.8870956,0.1124388,0.4963710,0.8880392,0.2680579,0.5357000,0.8557000,0.4060000,0.5330000,0.7311000,0.3518000,0.5708000,0.6050000,0.3876000,0.5497000,0.6576000,0.2917000,0.6428000,0.5293000,0.4569000,0.3860175,0.6684105,0.0240156},
{0.4575676,0.6452771,0.0989168,0.3686839,0.6665703,0.0813096,0.3425001,0.8339771,0.1494778,0.4248884,0.8869213,0.1132348,0.4973998,0.8875190,0.2687856,0.5368000,0.8551000,0.4069000,0.5346000,0.7302000,0.3532000,0.5739000,0.6045000,0.3889000,0.5517000,0.6568000,0.2931000,0.6429000,0.5293000,0.4569000,0.3854625,0.6678946,0.0236043},
{0.4570968,0.6444858,0.0988382,0.3680210,0.6658865,0.0804274,0.3425001,0.8339771,0.1494778,0.4238699,0.8867343,0.1140804,0.4983475,0.8870539,0.2694346,0.5378000,0.8545000,0.4078000,0.5363000,0.7294000,0.3546000,0.5769000,0.6038000,0.3903000,0.5537000,0.6560000,0.2944000,0.6429000,0.5293000,0.4569000,0.3848008,0.6672786,0.0231129},
{0.4566090,0.6436645,0.0987563,0.3675033,0.6653510,0.0797362,0.3422951,0.8340152,0.1494836,0.4227660,0.8865235,0.1150234,0.4993406,0.8865801,0.2700940,0.5389000,0.8537000,0.4088000,0.5379000,0.7285000,0.3559000,0.5798000,0.6032000,0.3915000,0.5557000,0.6550000,0.2958000,0.6429000,0.5293000,0.4569000,0.3840694,0.6665966,0.0225684},
{0.4561001,0.6428060,0.0986704,0.3669158,0.6647418,0.0789492,0.3422267,0.8340279,0.1494856,0.4216163,0.8862945,0.1160365,0.5005383,0.8860256,0.2708635,0.5400000,0.8529000,0.4097000,0.5395000,0.7275000,0.3572000,0.5828000,0.6024000,0.3929000,0.5576000,0.6541000,0.2971000,0.6429000,0.5293000,0.4569000,0.3834793,0.6660457,0.0221282},
{0.4555517,0.6418791,0.0985774,0.3663792,0.6641839,0.0782280,0.3419603,0.8340772,0.1494934,0.4203824,0.8860373,0.1171614,0.5014160,0.8856303,0.2714105,0.5411000,0.8522000,0.4106000,0.5411000,0.7266000,0.3585000,0.5856000,0.6018000,0.3941000,0.5595000,0.6531000,0.2984000,0.6429000,0.5293000,0.4569000,0.3829310,0.6655330,0.0217184},
{0.4549107,0.6407932,0.0984679,0.3659445,0.6637309,0.0776421,0.3417126,0.8341229,0.1495008,0.4189333,0.8857186,0.1185363,0.5023746,0.8852087,0.2719927,0.5422000,0.8513000,0.4115000,0.5428000,0.7256000,0.3598000,0.5886000,0.6010000,0.3954000,0.5614000,0.6520000,0.2998000,0.6429000,0.5293000,0.4569000,0.3824201,0.6650546,0.0213358},
{0.4543822,0.6398960,0.0983771,0.3654027,0.6631651,0.0769099,0.3414443,0.8341723,0.1495091,0.4172514,0.8853243,0.1202125,0.5033189,0.8848030,0.2725514,0.5432000,0.8505000,0.4122000,0.5444000,0.7247000,0.3610000,0.5915000,0.6003000,0.3966000,0.5633000,0.6509000,0.3010000,0.6429000,0.5293000,0.4569000,0.3821126,0.6647665,0.0211052},
{0.4538683,0.6390217,0.0982883,0.3649551,0.6626966,0.0763032,0.3411923,0.8342184,0.1495171,0.4154798,0.8848767,0.1220830,0.5042966,0.8843926,0.2731152,0.5443000,0.8496000,0.4131000,0.5459000,0.7236000,0.3622000,0.5944000,0.5995000,0.3978000,0.5653000,0.6498000,0.3022000,0.6429000,0.5293000,0.4569000,0.3816774,0.6643583,0.0207786},
{0.4533200,0.6380871,0.0981930,0.3644580,0.6621751,0.0756275,0.3408772,0.8342759,0.1495273,0.4135347,0.8843414,0.1242805,0.5053021,0.8839803,0.2736803,0.5453000,0.8486000,0.4139000,0.5474000,0.7225000,0.3635000,0.5973000,0.5986000,0.3990000,0.5674000,0.6486000,0.3035000,0.6429000,0.5293000,0.4569000,0.3812763,0.6639818,0.0204771},
{0.4527159,0.6370550,0.0980874,0.3639530,0.6616441,0.0749391,0.3402739,0.8343853,0.1495476,0.4113240,0.8836659,0.1269970,0.5061910,0.8836236,0.2741679,0.5464000,0.8475000,0.4149000,0.5490000,0.7212000,0.3647000,0.6003000,0.5978000,0.4002000,0.5695000,0.6476000,0.3047000,0.6429000,0.5293000,0.4569000,0.3806599,0.6634024,0.0200128},
{0.4522442,0.6362476,0.0980045,0.3634009,0.6610621,0.0741841,0.3395161,0.8345214,0.1495747,0.4091646,0.8829196,0.1299332,0.5070729,0.8832766,0.2746412,0.5475000,0.8464000,0.4159000,0.5505000,0.7200000,0.3660000,0.6031000,0.5970000,0.4014000,0.5718000,0.6465000,0.3059000,0.6430000,0.5293000,0.4569000,0.3800462,0.6628248,0.0195498},
{0.4516140,0.6351664,0.0978930,0.3627358,0.6603588,0.0732712,0.3385601,0.8346910,0.1496113,0.4068321,0.8819846,0.1335260,0.5079235,0.8829483,0.2750880,0.5487000,0.8452000,0.4170000,0.5520000,0.7188000,0.3674000,0.6059000,0.5961000,0.4025000,0.5741000,0.6454000,0.3071000,0.6430000,0.5293000,0.4569000,0.3793414,0.6621603,0.0190168},
{0.4510151,0.6341364,0.0977864,0.3619789,0.6595560,0.0722282,0.3373516,0.8349019,0.1496614,0.4045091,0.8808575,0.1377443,0.5087882,0.8826207,0.2755329,0.5498000,0.8440000,0.4181000,0.5535000,0.7176000,0.3687000,0.6087000,0.5953000,0.4036000,0.5762000,0.6444000,0.3083000,0.6430000,0.5293000,0.4569000,0.3785553,0.6614180,0.0184208},
{0.4503661,0.6330177,0.0976701,0.3613343,0.6588700,0.0713360,0.3358806,0.8351534,0.1497283,0.4022872,0.8794633,0.1428126,0.5095411,0.8823402,0.2759129,0.5509000,0.8428000,0.4192000,0.5550000,0.7163000,0.3699000,0.6114000,0.5944000,0.4047000,0.5782000,0.6434000,0.3095000,0.6430000,0.5293000,0.4569000,0.3777626,0.6606680,0.0178182},
{0.4497665,0.6319815,0.0975620,0.3604292,0.6579030,0.0700774,0.3343190,0.8354142,0.1498066,0.4004063,0.8777256,0.1489247,0.5101022,0.8821341,0.2761918,0.5519000,0.8416000,0.4203000,0.5565000,0.7150000,0.3711000,0.6141000,0.5936000,0.4058000,0.5801000,0.6423000,0.3107000,0.6430000,0.5293000,0.4569000,0.3769193,0.6598687,0.0171755},
{0.4490688,0.6307727,0.0974353,0.3596910,0.6571111,0.0690458,0.3325909,0.8356951,0.1499019,0.3993783,0.8759134,0.1550842,0.5106265,0.8819437,0.2764490,0.5529000,0.8404000,0.4214000,0.5582000,0.7139000,0.3723000,0.6168000,0.5928000,0.4069000,0.5820000,0.6412000,0.3118000,0.6430000,0.5293000,0.4569000,0.3759249,0.6589241,0.0164152},
{0.4484371,0.6296755,0.0973198,0.3590054,0.6563733,0.0680837,0.3310425,0.8359399,0.1499953,0.3992329,0.8739850,0.1614202,0.5111691,0.8817488,0.2767120,0.5537000,0.8391000,0.4224000,0.5608000,0.7130000,0.3729000,0.6195000,0.5919000,0.4079000,0.5839000,0.6401000,0.3130000,0.6430000,0.5293000,0.4569000,0.3752760,0.6583064,0.0159176},
{0.4479375,0.6288058,0.0972279,0.3583529,0.6556686,0.0671640,0.3293526,0.8361995,0.1501058,0.3998496,0.8723041,0.1667718,0.5117148,0.8815549,0.2769731,0.5546000,0.8377000,0.4235000,0.5624000,0.7117000,0.3739000,0.6222000,0.5911000,0.4089000,0.5857000,0.6388000,0.3142000,0.6430000,0.5293000,0.4569000,0.3743874,0.6574591,0.0152346},
{0.4474356,0.6279303,0.0971351,0.3577762,0.6550439,0.0663482,0.3279077,0.8364151,0.1502076,0.4008942,0.8708759,0.1711988,0.5121625,0.8813974,0.2771850,0.5553000,0.8363000,0.4246000,0.5639000,0.7103000,0.3750000,0.6250000,0.5900000,0.4099000,0.5876000,0.6375000,0.3153000,0.6430000,0.5293000,0.4569000,0.3735936,0.6567007,0.0146226},
{0.4468600,0.6269240,0.0970280,0.3572159,0.6544353,0.0655529,0.3264755,0.8366230,0.1503152,0.4021539,0.8696586,0.1748872,0.5126098,0.8812415,0.2773944,0.5561000,0.8347000,0.4257000,0.5655000,0.7089000,0.3761000,0.6276000,0.5892000,0.4108000,0.5895000,0.6363000,0.3164000,0.6430000,0.5293000,0.4569000,0.3729893,0.6561223,0.0141557},
{0.4461899,0.6257499,0.0969026,0.3567010,0.6538745,0.0648195,0.3250199,0.8368281,0.1504315,0.4034891,0.8686243,0.1779603,0.5132965,0.8810049,0.2777119,0.5568000,0.8330000,0.4268000,0.5670000,0.7074000,0.3772000,0.6303000,0.5882000,0.4118000,0.5913000,0.6350000,0.3175000,0.6431000,0.5293000,0.4569000,0.3724678,0.6556226,0.0137519},
{0.4456524,0.6248055,0.0968013,0.3561372,0.6532589,0.0640139,0.3236432,0.8370165,0.1505480,0.4048288,0.8677368,0.1805525,0.5138221,0.8808259,0.2779517,0.5576000,0.8314000,0.4279000,0.5685000,0.7060000,0.3783000,0.6328000,0.5872000,0.4128000,0.5931000,0.6337000,0.3186000,0.6431000,0.5293000,0.4569000,0.3718877,0.6550659,0.0133019},
{0.4450919,0.6238188,0.0966951,0.3557095,0.6527906,0.0634007,0.3222593,0.8372001,0.1506716,0.4061178,0.8669776,0.1827370,0.5144175,0.8806254,0.2782198,0.5584000,0.8297000,0.4290000,0.5700000,0.7046000,0.3794000,0.6354000,0.5863000,0.4137000,0.5950000,0.6324000,0.3196000,0.6431000,0.5293000,0.4569000,0.3715279,0.6547202,0.0130224},
{0.4446949,0.6231186,0.0966195,0.3553787,0.6524277,0.0629254,0.3211189,0.8373470,0.1507785,0.4074497,0.8662646,0.1847606,0.5150612,0.8804113,0.2785056,0.5592000,0.8282000,0.4301000,0.5715000,0.7033000,0.3804000,0.6378000,0.5854000,0.4147000,0.5969000,0.6311000,0.3206000,0.6431000,0.5293000,0.4569000,0.3709860,0.6541991,0.0126008},
{0.4443453,0.6225010,0.0965527,0.3552683,0.6523065,0.0627665,0.3198515,0.8375057,0.1509026,0.4086356,0.8656775,0.1864064,0.5157132,0.8801972,0.2787911,0.5600000,0.8267000,0.4311000,0.5730000,0.7019000,0.3814000,0.6403000,0.5844000,0.4155000,0.5987000,0.6297000,0.3217000,0.6431000,0.5293000,0.4569000,0.3708040,0.6540240,0.0124590},
{0.4441364,0.6221315,0.0965126,0.3551933,0.6522241,0.0626585,0.2887012,0.7728649,0.2323542,0.4097938,0.8651396,0.1878978,0.5163035,0.8800056,0.2790460,0.5608000,0.8252000,0.4321000,0.5744000,0.7004000,0.3825000,0.6427000,0.5835000,0.4164000,0.6004000,0.6285000,0.3227000,0.6431000,0.5293000,0.4569000,0.3704775,0.6537095,0.0122044},
{0.4438847,0.6216858,0.0964642,0.3551933,0.6522241,0.0626585,0.2893130,0.7725213,0.2325996,0.4108554,0.8646727,0.1891793,0.5170417,0.8797691,0.2793600,0.5615000,0.8236000,0.4331000,0.5757000,0.6989000,0.3835000,0.6450000,0.5825000,0.4173000,0.6020000,0.6271000,0.3237000,0.6431000,0.5293000,0.4569000,0.3705860,0.6538140,0.0122890}
};
