fitErrPi Mean = 0.328214
fitErrTh Mean = 0.336865
fitErrWr Mean = 0.317654
fitErrLA Mean = 0.282031
fitErrEl Mean = 0.257566
fitErrUA Mean = 0.285566
efPts = {
{0.4923838,0.7498995,0.1110996,0.4759107,0.6924369,0.1249498,0.5392204,0.8136122,0.0986991,0.6169360,0.8747746,0.0872819,0.7106949,0.9100869,0.2012919,0.6397000,0.8338000,0.4582000,0.6387000,0.7243000,0.4019000,0.6813000,0.5930000,0.4213000,0.6455000,0.6526000,0.3332000,0.5686000,0.5365000,0.4431000,0.4597724,0.7330590,0.0905624},
{0.4888361,0.7481256,0.1061477,0.4731862,0.6910066,0.1202112,0.5342662,0.8112795,0.0937221,0.6104481,0.8719436,0.0823766,0.7077244,0.9079497,0.1979134,0.6359000,0.8317000,0.4581000,0.6359000,0.7223000,0.4015000,0.6806000,0.5922000,0.4209000,0.6451000,0.6515000,0.3326000,0.5686000,0.5365000,0.4431000,0.4566292,0.7315775,0.0858796},
{0.4852956,0.7463493,0.1011623,0.4705091,0.6895959,0.1155181,0.5296058,0.8090806,0.0889900,0.6042448,0.8692337,0.0776196,0.7048417,0.9058709,0.1946093,0.6320000,0.8295000,0.4580000,0.6328000,0.7202000,0.4012000,0.6797000,0.5913000,0.4205000,0.6441000,0.6502000,0.3320000,0.5686000,0.5365000,0.4431000,0.4534050,0.7300524,0.0810372},
{0.4818071,0.7445930,0.0962069,0.4678075,0.6881666,0.1107441,0.5251727,0.8069846,0.0844432,0.5983745,0.8666664,0.0730573,0.7020097,0.9038241,0.1913388,0.6280000,0.8273000,0.4579000,0.6290000,0.7171000,0.4009000,0.6789000,0.5904000,0.4200000,0.6430000,0.6489000,0.3313000,0.5686000,0.5365000,0.4431000,0.4502163,0.7285383,0.0762084},
{0.4785168,0.7429312,0.0914936,0.4651223,0.6867405,0.1059609,0.5209304,0.8049749,0.0800502,0.5925754,0.8641275,0.0684923,0.6991417,0.9017467,0.1880015,0.6241000,0.8251000,0.4578000,0.6257000,0.7135000,0.4006000,0.6780000,0.5893000,0.4195000,0.6419000,0.6475000,0.3307000,0.5686000,0.5365000,0.4431000,0.4470792,0.7270431,0.0714192},
{0.4752048,0.7412529,0.0867098,0.4623111,0.6852415,0.1009119,0.5168846,0.8030547,0.0758221,0.5875310,0.8619168,0.0644740,0.6964494,0.8997921,0.1848454,0.6202000,0.8229000,0.4576000,0.6269000,0.7147000,0.3996000,0.6770000,0.5884000,0.4190000,0.6407000,0.6461000,0.3300000,0.5686000,0.5365000,0.4431000,0.4439679,0.7255548,0.0666309},
{0.4718884,0.7395668,0.0818795,0.4595066,0.6837398,0.0958323,0.5129460,0.8011821,0.0716698,0.5824576,0.8596913,0.0603879,0.6937468,0.8978259,0.1816547,0.6148000,0.8189000,0.4575000,0.6243000,0.7127000,0.3990000,0.6761000,0.5874000,0.4185000,0.6394000,0.6446000,0.3293000,0.5686000,0.5365000,0.4431000,0.4408696,0.7240671,0.0618240},
{0.4687093,0.7379454,0.0772113,0.4568846,0.6823301,0.0910440,0.5090533,0.7993278,0.0675302,0.5777394,0.8576198,0.0565473,0.6912381,0.8959971,0.1786723,0.6105000,0.8161000,0.4574000,0.6215000,0.7106000,0.3984000,0.6750000,0.5866000,0.4179000,0.6381000,0.6432000,0.3286000,0.5686000,0.5365000,0.4431000,0.4380541,0.7227103,0.0574221},
{0.4657869,0.7364502,0.0728866,0.4542057,0.6808840,0.0861118,0.5053949,0.7975822,0.0636072,0.5732945,0.8556666,0.0528932,0.6887435,0.8941747,0.1756869,0.6063000,0.8132000,0.4573000,0.6188000,0.7084000,0.3978000,0.6739000,0.5855000,0.4173000,0.6366000,0.6417000,0.3279000,0.5687000,0.5365000,0.4431000,0.4351077,0.7212854,0.0527806},
{0.4628358,0.7349359,0.0684866,0.4517861,0.6795728,0.0816221,0.5019341,0.7959282,0.0598668,0.5690762,0.8538113,0.0493927,0.6862738,0.8923669,0.1727116,0.6022000,0.8102000,0.4572000,0.6160000,0.7062000,0.3971000,0.6728000,0.5846000,0.4167000,0.6351000,0.6401000,0.3271000,0.5687000,0.5365000,0.4431000,0.4324043,0.7199735,0.0484901},
{0.4600698,0.7335123,0.0643323,0.4494462,0.6783002,0.0772482,0.4983718,0.7942227,0.0559866,0.5650843,0.8520544,0.0460507,0.6839258,0.8906449,0.1698650,0.5982000,0.8071000,0.4571000,0.6133000,0.7040000,0.3964000,0.6717000,0.5835000,0.4160000,0.6336000,0.6385000,0.3263000,0.5687000,0.5365000,0.4431000,0.4297571,0.7186846,0.0442590},
{0.4573926,0.7321306,0.0602832,0.4473380,0.6771495,0.0732798,0.4951899,0.7926970,0.0524947,0.5612224,0.8503533,0.0427900,0.6816927,0.8890040,0.1671409,0.5942000,0.8039000,0.4569000,0.6106000,0.7018000,0.3956000,0.6705000,0.5825000,0.4154000,0.6320000,0.6369000,0.3255000,0.5687000,0.5365000,0.4431000,0.4272772,0.7174732,0.0402679},
{0.4548478,0.7308136,0.0564082,0.4450312,0.6758860,0.0689072,0.4921621,0.7912431,0.0491490,0.5578035,0.8488463,0.0398805,0.6794755,0.8873719,0.1644201,0.5902000,0.8006000,0.4567000,0.6078000,0.6997000,0.3948000,0.6693000,0.5815000,0.4147000,0.6303000,0.6353000,0.3247000,0.5687000,0.5365000,0.4431000,0.4248461,0.7162820,0.0363297},
{0.4524199,0.7295538,0.0526872,0.4430078,0.6747739,0.0650456,0.4894112,0.7899202,0.0460896,0.5543985,0.8473444,0.0369615,0.6774342,0.8858665,0.1619008,0.5860000,0.7975000,0.4564000,0.6050000,0.6976000,0.3939000,0.6679000,0.5805000,0.4139000,0.6285000,0.6337000,0.3238000,0.5687000,0.5365000,0.4431000,0.4225037,0.7151306,0.0325106},
{0.4501278,0.7283614,0.0491525,0.4410363,0.6736868,0.0612587,0.4866505,0.7885909,0.0430002,0.5511326,0.8459029,0.0341415,0.6754552,0.8844046,0.1594452,0.5816000,0.7944000,0.4561000,0.6024000,0.6955000,0.3929000,0.6666000,0.5795000,0.4133000,0.6269000,0.6321000,0.3229000,0.5687000,0.5365000,0.4431000,0.4202286,0.7140091,0.0287779},
{0.4479146,0.7272073,0.0457191,0.4391881,0.6726645,0.0576871,0.4842591,0.7874380,0.0403088,0.5481776,0.8445979,0.0315727,0.6735253,0.8829767,0.1570379,0.5773000,0.7913000,0.4557000,0.5997000,0.6936000,0.3920000,0.6651000,0.5785000,0.4126000,0.6252000,0.6305000,0.3221000,0.5687000,0.5365000,0.4431000,0.4182906,0.7130510,0.0255800},
{0.4459063,0.7261577,0.0425864,0.4374054,0.6716755,0.0542214,0.4817704,0.7862367,0.0374923,0.5452722,0.8433140,0.0290309,0.6717026,0.8816259,0.1547527,0.5730000,0.7883000,0.4552000,0.5971000,0.6917000,0.3910000,0.6636000,0.5774000,0.4119000,0.6234000,0.6290000,0.3211000,0.5687000,0.5365000,0.4431000,0.4161796,0.7120047,0.0220771},
{0.4439651,0.7251409,0.0395423,0.4354984,0.6706142,0.0504918,0.4795690,0.7851729,0.0349878,0.5424633,0.8420721,0.0265583,0.6697663,0.8801887,0.1523129,0.5688000,0.7852000,0.4547000,0.5945000,0.6899000,0.3899000,0.6621000,0.5765000,0.4112000,0.6215000,0.6274000,0.3204000,0.5687000,0.5365000,0.4431000,0.4142700,0.7110556,0.0188908},
{0.4421252,0.7241751,0.0366423,0.4338714,0.6697061,0.0472912,0.4773126,0.7840813,0.0324078,0.5399732,0.8409705,0.0243537,0.6679930,0.8788703,0.1500671,0.5646000,0.7822000,0.4541000,0.5919000,0.6882000,0.3888000,0.6605000,0.5754000,0.4106000,0.6196000,0.6258000,0.3195000,0.5688000,0.5365000,0.4431000,0.4125934,0.7102204,0.0160792},
{0.4406404,0.7233943,0.0342916,0.4323134,0.6688341,0.0442103,0.4753300,0.7831211,0.0301299,0.5374106,0.8398362,0.0220723,0.6662454,0.8775691,0.1478433,0.5606000,0.7793000,0.4535000,0.5894000,0.6865000,0.3877000,0.6589000,0.5744000,0.4099000,0.6178000,0.6244000,0.3187000,0.5688000,0.5365000,0.4431000,0.4110135,0.7094315,0.0134178},
{0.4388289,0.7224399,0.0314108,0.4307138,0.6679364,0.0410302,0.4734172,0.7821938,0.0279225,0.5348636,0.8387083,0.0197922,0.6646149,0.8763533,0.1457588,0.5567000,0.7765000,0.4528000,0.5868000,0.6847000,0.3866000,0.6571000,0.5734000,0.4093000,0.6159000,0.6229000,0.3178000,0.5688000,0.5365000,0.4431000,0.4094625,0.7086555,0.0107935},
{0.4372382,0.7216003,0.0288694,0.4295349,0.6672732,0.0386756,0.4715571,0.7812912,0.0257666,0.5326161,0.8377125,0.0177696,0.6629252,0.8750916,0.1435890,0.5530000,0.7739000,0.4522000,0.5841000,0.6830000,0.3855000,0.6553000,0.5724000,0.4086000,0.6141000,0.6215000,0.3170000,0.5688000,0.5365000,0.4431000,0.4079462,0.7078952,0.0082169},
{0.4358122,0.7208463,0.0265820,0.4282475,0.6665474,0.0360935,0.4697729,0.7804246,0.0236900,0.5306198,0.8368276,0.0159647,0.6614335,0.8739761,0.1416649,0.5494000,0.7713000,0.4515000,0.5815000,0.6813000,0.3844000,0.6534000,0.5714000,0.4079000,0.6122000,0.6202000,0.3162000,0.5688000,0.5365000,0.4431000,0.4065578,0.7071977,0.0058478},
{0.4344473,0.7201234,0.0243840,0.4268736,0.6657710,0.0333254,0.4680303,0.7795775,0.0216537,0.5285741,0.8359204,0.0141070,0.6599307,0.8728509,0.1397186,0.5459000,0.7689000,0.4508000,0.5788000,0.6795000,0.3835000,0.6515000,0.5704000,0.4072000,0.6104000,0.6190000,0.3153000,0.5688000,0.5365000,0.4431000,0.4051843,0.7065062,0.0034948},
{0.4331063,0.7194121,0.0222163,0.4258504,0.6651916,0.0312554,0.4663784,0.7787737,0.0197157,0.5265736,0.8350329,0.0122821,0.6585643,0.8718265,0.1379420,0.5426000,0.7665000,0.4501000,0.5761000,0.6777000,0.3826000,0.6496000,0.5694000,0.4065000,0.6086000,0.6178000,0.3144000,0.5688000,0.5365000,0.4431000,0.4038945,0.7058557,0.0012767},
{0.4318693,0.7187549,0.0202098,0.4247709,0.6645792,0.0290637,0.4648397,0.7780245,0.0179039,0.5248562,0.8342707,0.0107090,0.6571048,0.8707309,0.1360368,0.5393000,0.7643000,0.4493000,0.5735000,0.6759000,0.3817000,0.6477000,0.5685000,0.4057000,0.6067000,0.6166000,0.3135000,0.5688000,0.5365000,0.4432000,0.4026451,0.7052245,-0.0008795},
{0.4305775,0.7180676,0.0181069,0.4237247,0.6639844,0.0269316,0.4633093,0.7772786,0.0160954,0.5231080,0.8334945,0.0091015,0.6558811,0.8698112,0.1344335,0.5362000,0.7622000,0.4483000,0.5709000,0.6743000,0.3808000,0.6456000,0.5677000,0.4049000,0.6048000,0.6155000,0.3126000,0.5688000,0.5365000,0.4432000,0.4015300,0.7046602,-0.0028109},
{0.4293999,0.7174402,0.0161834,0.4227235,0.6634142,0.0248841,0.4618535,0.7765685,0.0143692,0.5213433,0.8327107,0.0074726,0.6545213,0.8687880,0.1326454,0.5331000,0.7604000,0.4474000,0.5683000,0.6727000,0.3799000,0.6436000,0.5667000,0.4042000,0.6029000,0.6144000,0.3117000,0.5688000,0.5365000,0.4432000,0.4003633,0.7040688,-0.0048382},
{0.4282684,0.7168365,0.0143291,0.4217184,0.6628407,0.0228213,0.4603006,0.7758105,0.0125213,0.5192916,0.8317991,0.0055707,0.6533435,0.8679008,0.1310913,0.5302000,0.7586000,0.4463000,0.5658000,0.6712000,0.3790000,0.6415000,0.5659000,0.4034000,0.6010000,0.6133000,0.3107000,0.5689000,0.5365000,0.4432000,0.3992389,0.7034979,-0.0067984},
{0.4271553,0.7162419,0.0124993,0.4207891,0.6623096,0.0209076,0.4590736,0.7752112,0.0110565,0.5178690,0.8311668,0.0042469,0.6520781,0.8669465,0.1294158,0.5274000,0.7570000,0.4453000,0.5634000,0.6698000,0.3780000,0.6395000,0.5649000,0.4025000,0.5991000,0.6123000,0.3098000,0.5689000,0.5365000,0.4432000,0.3981489,0.7029435,-0.0087049},
{0.4260814,0.7156674,0.0107283,0.4198290,0.6617599,0.0189239,0.4577792,0.7745784,0.0095066,0.5164820,0.8305500,0.0029520,0.6509992,0.8661320,0.1279824,0.5247000,0.7556000,0.4442000,0.5613000,0.6685000,0.3770000,0.6376000,0.5640000,0.4016000,0.5973000,0.6114000,0.3088000,0.5689000,0.5365000,0.4432000,0.3972347,0.7024779,-0.0103087},
{0.4251193,0.7151521,0.0091372,0.4190163,0.6612937,0.0172395,0.4564111,0.7739092,0.0078634,0.5148786,0.8298369,0.0014502,0.6499339,0.8653269,0.1265630,0.5222000,0.7541000,0.4431000,0.5591000,0.6674000,0.3760000,0.6356000,0.5633000,0.4007000,0.5954000,0.6105000,0.3078000,0.5689000,0.5365000,0.4432000,0.3962595,0.7019806,-0.0120243},
{0.4241186,0.7146155,0.0074777,0.4179874,0.6607026,0.0150999,0.4552881,0.7733595,0.0065106,0.5136846,0.8293057,0.0003283,0.6488885,0.8645362,0.1251659,0.5197000,0.7529000,0.4421000,0.5570000,0.6665000,0.3749000,0.6336000,0.5624000,0.3999000,0.5935000,0.6096000,0.3069000,0.5689000,0.5365000,0.4432000,0.3954548,0.7015696,-0.0134435},
{0.4231524,0.7140968,0.0058709,0.4171240,0.6602057,0.0132983,0.4541460,0.7728001,0.0051310,0.5124070,0.8287371,-0.0008755,0.6479774,0.8638464,0.1239449,0.5174000,0.7517000,0.4411000,0.5550000,0.6656000,0.3738000,0.6316000,0.5617000,0.3990000,0.5918000,0.6088000,0.3060000,0.5689000,0.5365000,0.4432000,0.3945215,0.7010924,-0.0150941},
{0.4221850,0.7135768,0.0042575,0.4163799,0.6597767,0.0117410,0.4531315,0.7723029,0.0039025,0.5113080,0.8282478,-0.0019138,0.6470494,0.8631431,0.1226980,0.5153000,0.7505000,0.4401000,0.5530000,0.6646000,0.3728000,0.6297000,0.5611000,0.3981000,0.5901000,0.6081000,0.3051000,0.5689000,0.5365000,0.4432000,0.3935689,0.7006046,-0.0167834},
{0.4212217,0.7130583,0.0026464,0.4154671,0.6592498,0.0098253,0.4521033,0.7717987,0.0026543,0.5100600,0.8276921,-0.0030960,0.6462312,0.8625226,0.1215959,0.5133000,0.7494000,0.4391000,0.5512000,0.6638000,0.3716000,0.6278000,0.5603000,0.3973000,0.5885000,0.6074000,0.3041000,0.5689000,0.5365000,0.4432000,0.3927261,0.7001725,-0.0182821},
{0.4203947,0.7126128,0.0012598,0.4146294,0.6587653,0.0080613,0.4509705,0.7712428,0.0012756,0.5090066,0.8272229,-0.0040964,0.6453731,0.8618714,0.1204373,0.5115000,0.7484000,0.4381000,0.5495000,0.6629000,0.3706000,0.6259000,0.5597000,0.3965000,0.5870000,0.6067000,0.3032000,0.5689000,0.5365000,0.4432000,0.3917548,0.6996738,-0.0200139},
{0.4195425,0.7121532,-0.0001725,0.4138671,0.6583237,0.0064516,0.4499954,0.7707641,0.0000859,0.5080382,0.8267915,-0.0050183,0.6445460,0.8612431,0.1193180,0.5097000,0.7474000,0.4371000,0.5479000,0.6621000,0.3696000,0.6242000,0.5591000,0.3956000,0.5855000,0.6061000,0.3023000,0.5689000,0.5365000,0.4432000,0.3909119,0.6992404,-0.0215209},
{0.4187070,0.7117021,-0.0015803,0.4130313,0.6578389,0.0046814,0.4490319,0.7702909,-0.0010925,0.5069526,0.8263077,-0.0060541,0.6437761,0.8606579,0.1182736,0.5079000,0.7465000,0.4360000,0.5463000,0.6613000,0.3685000,0.6224000,0.5584000,0.3948000,0.5841000,0.6055000,0.3014000,0.5690000,0.5365000,0.4432000,0.3901918,0.6988697,-0.0228116},
{0.4178768,0.7112534,-0.0029825,0.4124344,0.6574921,0.0034136,0.4480604,0.7698134,-0.0022833,0.5059755,0.8258723,-0.0069886,0.6430325,0.8600922,0.1172627,0.5063000,0.7456000,0.4350000,0.5447000,0.6606000,0.3674000,0.6209000,0.5577000,0.3939000,0.5829000,0.6049000,0.3004000,0.5690000,0.5365000,0.4432000,0.3893352,0.6984282,-0.0243505},
{0.4171044,0.7108355,-0.0042902,0.4117026,0.6570664,0.0018559,0.4471151,0.7693486,-0.0034448,0.5049639,0.8254213,-0.0079583,0.6423386,0.8595640,0.1163173,0.5048000,0.7448000,0.4339000,0.5434000,0.6598000,0.3663000,0.6194000,0.5572000,0.3930000,0.5817000,0.6044000,0.2995000,0.5690000,0.5365000,0.4432000,0.3887274,0.6981147,-0.0254449},
{0.4163111,0.7104059,-0.0056364,0.4110253,0.6566718,0.0004101,0.4462416,0.7689188,-0.0045203,0.5040848,0.8250293,-0.0088029,0.6416525,0.8590414,0.1153809,0.5033000,0.7440000,0.4328000,0.5419000,0.6590000,0.3652000,0.6179000,0.5566000,0.3921000,0.5806000,0.6038000,0.2986000,0.5690000,0.5365000,0.4432000,0.3880289,0.6977539,-0.0267051},
{0.4154987,0.7099655,-0.0070183,0.4103593,0.6562834,-0.0010149,0.4455575,0.7685821,-0.0053642,0.5032788,0.8246698,-0.0095787,0.6408604,0.8584376,0.1142974,0.5019000,0.7433000,0.4317000,0.5407000,0.6582000,0.3642000,0.6165000,0.5559000,0.3913000,0.5795000,0.6033000,0.2977000,0.5690000,0.5365000,0.4432000,0.3872832,0.6973684,-0.0280534},
{0.4150480,0.7097210,-0.0077862,0.4099902,0.6560678,-0.0018063,0.4448072,0.7682127,-0.0062915,0.5024002,0.8242779,-0.0104259,0.6403224,0.8580272,0.1135600,0.5005000,0.7427000,0.4307000,0.5395000,0.6575000,0.3633000,0.6152000,0.5554000,0.3905000,0.5786000,0.6028000,0.2969000,0.5690000,0.5365000,0.4432000,0.3867938,0.6971151,-0.0289400},
{0.4144658,0.7094049,-0.0087800,0.4095035,0.6557834,-0.0028516,0.4440129,0.7678213,-0.0072750,0.5017843,0.8240031,-0.0110209,0.6396672,0.8575272,0.1126605,0.4993000,0.7422000,0.4297000,0.5384000,0.6568000,0.3625000,0.6140000,0.5549000,0.3897000,0.5776000,0.6024000,0.2961000,0.5690000,0.5364000,0.4432000,0.3861629,0.6967882,-0.0300851},
{0.4139718,0.7091365,-0.0096245,0.4089572,0.6554638,-0.0040269,0.4435682,0.7676022,-0.0078265,0.5009396,0.8236262,-0.0118383,0.6390466,0.8570533,0.1118069,0.4981000,0.7418000,0.4288000,0.5374000,0.6562000,0.3617000,0.6129000,0.5544000,0.3890000,0.5768000,0.6019000,0.2952000,0.5690000,0.5364000,0.4432000,0.3857603,0.6965796,-0.0308168},
{0.4133128,0.7087782,-0.0107529,0.4085469,0.6552236,-0.0049112,0.4425950,0.7671224,-0.0090353,0.5003292,0.8233537,-0.0124300,0.6386825,0.8567751,0.1113055,0.4971000,0.7412000,0.4280000,0.5363000,0.6557000,0.3609000,0.6118000,0.5539000,0.3883000,0.5760000,0.6014000,0.2945000,0.5690000,0.5364000,0.4432000,0.3850457,0.6962088,-0.0321180},
{0.4129430,0.7085770,-0.0113872,0.4082072,0.6550245,-0.0056446,0.4421474,0.7669016,-0.0095923,0.4995772,0.8230181,-0.0131600,0.6378910,0.8561700,0.1102133,0.4960000,0.7407000,0.4272000,0.5355000,0.6551000,0.3601000,0.6108000,0.5533000,0.3877000,0.5752000,0.6009000,0.2938000,0.5690000,0.5364000,0.4432000,0.3847424,0.6960512,-0.0326713},
{0.4123775,0.7082692,-0.0123584,0.4078661,0.6548244,-0.0063818,0.4413547,0.7665106,-0.0105801,0.4990972,0.8228038,-0.0136267,0.6375505,0.8559096,0.1097428,0.4951000,0.7401000,0.4264000,0.5347000,0.6546000,0.3593000,0.6099000,0.5529000,0.3871000,0.5744000,0.6004000,0.2931000,0.5691000,0.5364000,0.4432000,0.3843371,0.6958407,-0.0334112},
{0.4119813,0.7080534,-0.0130399,0.4076116,0.6546751,-0.0069326,0.4410416,0.7663560,-0.0109709,0.4984361,0.8225086,-0.0142703,0.6370357,0.8555156,0.1090305,0.4942000,0.7396000,0.4256000,0.5338000,0.6542000,0.3586000,0.6090000,0.5524000,0.3865000,0.5737000,0.6000000,0.2924000,0.5691000,0.5364000,0.4432000,0.3840529,0.6956929,-0.0339307},
{0.4116562,0.7078762,-0.0135997,0.4073463,0.6545193,-0.0075072,0.4404490,0.7660635,-0.0117113,0.4979091,0.8222733,-0.0147840,0.6364838,0.8550931,0.1082657,0.4932000,0.7392000,0.4248000,0.5331000,0.6537000,0.3579000,0.6082000,0.5519000,0.3859000,0.5731000,0.5995000,0.2918000,0.5691000,0.5364000,0.4432000,0.3836330,0.6954745,-0.0346991},
{0.4113290,0.7076978,-0.0141635,0.4070267,0.6543315,-0.0082003,0.4401131,0.7658976,-0.0121314,0.4974884,0.8220853,-0.0151946,0.6361292,0.8548215,0.1077736,0.4925000,0.7387000,0.4242000,0.5325000,0.6532000,0.3573000,0.6076000,0.5515000,0.3853000,0.5725000,0.5991000,0.2912000,0.5691000,0.5364000,0.4432000,0.3833783,0.6953420,-0.0351655},
{0.4109548,0.7074937,-0.0148093,0.4067854,0.6541897,-0.0087241,0.4397479,0.7657172,-0.0125885,0.4970464,0.8218879,-0.0156265,0.6357972,0.8545671,0.1073123,0.4916000,0.7383000,0.4234000,0.5318000,0.6528000,0.3567000,0.6069000,0.5510000,0.3849000,0.5719000,0.5986000,0.2907000,0.5691000,0.5364000,0.4432000,0.3830443,0.6951680,-0.0357779},
{0.4107027,0.7073561,-0.0152446,0.4063624,0.6539409,-0.0096436,0.4392734,0.7654828,-0.0131831,0.4966350,0.8217041,-0.0160287,0.6353669,0.8542373,0.1067140,0.4908000,0.7378000,0.4229000,0.5312000,0.6525000,0.3561000,0.6063000,0.5506000,0.3843000,0.5715000,0.5983000,0.2902000,0.5691000,0.5364000,0.4432000,0.3828569,0.6950704,-0.0361218},
{0.4102504,0.7071092,-0.0160265,0.4061517,0.6538168,-0.0101021,0.4387560,0.7652272,-0.0138322,0.4961465,0.8214859,-0.0165069,0.6350601,0.8540020,0.1062868,0.4903000,0.7373000,0.4224000,0.5307000,0.6521000,0.3556000,0.6057000,0.5503000,0.3839000,0.5710000,0.5978000,0.2897000,0.5691000,0.5364000,0.4432000,0.3823893,0.6948267,-0.0369808},
{0.4100025,0.7069737,-0.0164557,0.4058784,0.6536559,-0.0106973,0.4385790,0.7651397,-0.0140545,0.4958223,0.8213410,-0.0168246,0.6348766,0.8538613,0.1060313,0.4896000,0.7369000,0.4219000,0.5303000,0.6517000,0.3550000,0.6052000,0.5498000,0.3835000,0.5705000,0.5975000,0.2893000,0.5691000,0.5364000,0.4432000,0.3819917,0.6946194,-0.0377120},
{0.4095399,0.7067210,-0.0172571,0.4055342,0.6534531,-0.0114481,0.4380608,0.7648835,-0.0147058,0.4953405,0.8211257,-0.0172972,0.6344540,0.8535371,0.1054419,0.4890000,0.7364000,0.4216000,0.5298000,0.6513000,0.3546000,0.6047000,0.5495000,0.3831000,0.5701000,0.5971000,0.2889000,0.5691000,0.5364000,0.4432000,0.3816855,0.6944596,-0.0382759},
{0.4091714,0.7065195,-0.0178964,0.4052272,0.6532721,-0.0121183,0.4378201,0.7647645,-0.0150086,0.4950851,0.8210116,-0.0175479,0.6341421,0.8532977,0.1050065,0.4885000,0.7359000,0.4212000,0.5294000,0.6509000,0.3542000,0.6043000,0.5491000,0.3827000,0.5698000,0.5968000,0.2885000,0.5691000,0.5364000,0.4432000,0.3814289,0.6943256,-0.0387488},
{0.4090624,0.7064599,-0.0180855,0.4048520,0.6530506,-0.0129389,0.4374848,0.7645987,-0.0154307,0.4949365,0.8209452,-0.0176937,0.6339927,0.8531830,0.1047978,0.4880000,0.7355000,0.4209000,0.5289000,0.6505000,0.3539000,0.6040000,0.5489000,0.3824000,0.5695000,0.5964000,0.2882000,0.5691000,0.5364000,0.4432000,0.3810716,0.6941390,-0.0394080},
{0.4087581,0.7062934,-0.0186143,0.4046478,0.6529301,-0.0133858,0.4371098,0.7644131,-0.0159033,0.4946487,0.8208166,-0.0179766,0.6338731,0.8530912,0.1046307,0.4876000,0.7351000,0.4206000,0.5285000,0.6501000,0.3535000,0.6036000,0.5486000,0.3821000,0.5692000,0.5961000,0.2879000,0.5692000,0.5364000,0.4432000,0.3806865,0.6939377,-0.0401193},
{0.4082750,0.7060290,-0.0194544,0.4043791,0.6527713,-0.0139745,0.4371098,0.7644131,-0.0159033,0.4943735,0.8206936,-0.0182471,0.6336980,0.8529568,0.1043859,0.4872000,0.7347000,0.4204000,0.5282000,0.6498000,0.3534000,0.6033000,0.5483000,0.3818000,0.5690000,0.5958000,0.2877000,0.5692000,0.5364000,0.4432000,0.3805237,0.6938526,-0.0404203},
{0.4082750,0.7060290,-0.0194544,0.4042706,0.6527072,-0.0142124,0.4369213,0.7643199,-0.0161409,0.4941599,0.8205981,-0.0184573,0.6335586,0.8528497,0.1041910,0.4869000,0.7344000,0.4202000,0.5279000,0.6496000,0.3531000,0.6030000,0.5480000,0.3816000,0.5687000,0.5955000,0.2874000,0.5692000,0.5364000,0.4432000,0.3804178,0.6937972,-0.0406162},
{0.4080186,0.7058885,-0.0199009,0.4041926,0.6526611,-0.0143836,0.4366338,0.7641776,-0.0165036,0.4940912,0.8205674,-0.0185249,0.6333827,0.8527146,0.1039448,0.4867000,0.7341000,0.4200000,0.5277000,0.6494000,0.3529000,0.6027000,0.5477000,0.3813000,0.5685000,0.5953000,0.2872000,0.5692000,0.5364000,0.4432000,0.3803845,0.6937798,-0.0406779},
{0.4080186,0.7058885,-0.0199009,0.4041926,0.6526611,-0.0143836,0.4364065,0.7640652,-0.0167905,0.4939972,0.8205254,-0.0186175,0.6332141,0.8525851,0.1037088,0.4865000,0.7339000,0.4199000,0.5275000,0.6491000,0.3527000,0.6025000,0.5475000,0.3811000,0.5683000,0.5951000,0.2870000,0.5692000,0.5364000,0.4432000,0.3803048,0.6937381,-0.0408252},
{0.4080186,0.7058885,-0.0199009,0.4041474,0.6526344,-0.0144827,0.4364065,0.7640652,-0.0167905,0.4938337,0.8204523,-0.0187784,0.6331610,0.8525442,0.1036344,0.4863000,0.7337000,0.4197000,0.5273000,0.6490000,0.3525000,0.6023000,0.5472000,0.3810000,0.5684000,0.5952000,0.2867000,0.5692000,0.5364000,0.4432000,0.3802819,0.6937261,-0.0408677},
{0.4080186,0.7058885,-0.0199009,0.4041474,0.6526344,-0.0144827,0.4362958,0.7640103,-0.0169304,0.4937992,0.8204369,-0.0188124,0.6330290,0.8524429,0.1034495,0.4861000,0.7336000,0.4195000,0.5272000,0.6488000,0.3523000,0.6021000,0.5471000,0.3809000,0.5681000,0.5949000,0.2866000,0.5692000,0.5364000,0.4432000,0.3802819,0.6937261,-0.0408677},
{0.4080186,0.7058885,-0.0199009,0.4041779,0.6526524,-0.0144157,0.4362999,0.7640124,-0.0169252,0.4937992,0.8204369,-0.0188124,0.6329555,0.8523864,0.1033465,0.4860000,0.7335000,0.4194000,0.5271000,0.6487000,0.3522000,0.6019000,0.5469000,0.3806000,0.5680000,0.5949000,0.2865000,0.5692000,0.5364000,0.4432000,0.3802819,0.6937261,-0.0408677},
{0.4080186,0.7058885,-0.0199009,0.4042154,0.6526746,-0.0143334,0.4362999,0.7640124,-0.0169252,0.4935650,0.8203322,-0.0190431,0.6328754,0.8523248,0.1032342,0.4859000,0.7335000,0.4193000,0.5270000,0.6486000,0.3520000,0.6018000,0.5468000,0.3804000,0.5680000,0.5948000,0.2863000,0.5692000,0.5364000,0.4432000,0.3803477,0.6937605,-0.0407459},
{0.4080186,0.7058885,-0.0199009,0.4042154,0.6526746,-0.0143334,0.4362997,0.7640123,-0.0169255,0.4935650,0.8203322,-0.0190431,0.6329525,0.8523840,0.1033422,0.4859000,0.7334000,0.4193000,0.5270000,0.6487000,0.3520000,0.6017000,0.5467000,0.3803000,0.5679000,0.5948000,0.2862000,0.5692000,0.5364000,0.4432000,0.3803477,0.6937605,-0.0407459},
{0.4080186,0.7058885,-0.0199009,0.4041430,0.6526318,-0.0144923,0.4362749,0.7640000,-0.0169568,0.4935650,0.8203322,-0.0190431,0.6329525,0.8523840,0.1033422,0.4860000,0.7334000,0.4193000,0.5270000,0.6487000,0.3519000,0.6017000,0.5466000,0.3802000,0.5679000,0.5948000,0.2861000,0.5693000,0.5364000,0.4432000,0.3803844,0.6937797,-0.0406780},
{0.4080186,0.7058885,-0.0199009,0.4041430,0.6526318,-0.0144923,0.4363669,0.7640455,-0.0168406,0.4936116,0.8203530,-0.0189972,0.6329525,0.8523840,0.1033422,0.4861000,0.7335000,0.4193000,0.5270000,0.6488000,0.3518000,0.6016000,0.5466000,0.3801000,0.5679000,0.5949000,0.2860000,0.5693000,0.5364000,0.4432000,0.3803844,0.6937797,-0.0406780},
{0.4080186,0.7058885,-0.0199009,0.4041430,0.6526318,-0.0144923,0.4363669,0.7640455,-0.0168406,0.4937975,0.8204361,-0.0188141,0.6331259,0.8525173,0.1035853,0.4863000,0.7334000,0.4194000,0.5271000,0.6489000,0.3518000,0.6015000,0.5465000,0.3800000,0.5680000,0.5950000,0.2859000,0.5693000,0.5364000,0.4432000,0.3804761,0.6938277,-0.0405083},
{0.4080065,0.7058819,-0.0199219,0.4041430,0.6526318,-0.0144923,0.4363669,0.7640455,-0.0168406,0.4939298,0.8204952,-0.0186838,0.6331296,0.8525201,0.1035904,0.4865000,0.7334000,0.4194000,0.5272000,0.6489000,0.3517000,0.6015000,0.5465000,0.3799000,0.5680000,0.5950000,0.2859000,0.5693000,0.5364000,0.4432000,0.3804744,0.6938268,-0.0405116},
{0.4080065,0.7058819,-0.0199219,0.4041430,0.6526318,-0.0144923,0.4363669,0.7640455,-0.0168406,0.4939417,0.8205006,-0.0186720,0.6332796,0.8526353,0.1038004,0.4867000,0.7334000,0.4195000,0.5274000,0.6490000,0.3517000,0.6016000,0.5465000,0.3799000,0.5682000,0.5951000,0.2858000,0.5693000,0.5364000,0.4432000,0.3804744,0.6938268,-0.0405116},
{0.4080065,0.7058819,-0.0199219,0.4039420,0.6525129,-0.0149336,0.4364894,0.7641062,-0.0166859,0.4940403,0.8205446,-0.0185750,0.6332796,0.8526353,0.1038004,0.4869000,0.7333000,0.4195000,0.5275000,0.6490000,0.3517000,0.6017000,0.5465000,0.3799000,0.5683000,0.5951000,0.2858000,0.5693000,0.5364000,0.4432000,0.3804744,0.6938268,-0.0405116},
{0.4080065,0.7058819,-0.0199219,0.4040333,0.6525669,-0.0147331,0.4365859,0.7641539,-0.0165640,0.4941400,0.8205892,-0.0184768,0.6335176,0.8528182,0.1041336,0.4871000,0.7333000,0.4196000,0.5277000,0.6490000,0.3517000,0.6018000,0.5465000,0.3799000,0.5684000,0.5952000,0.2858000,0.5693000,0.5364000,0.4432000,0.3804893,0.6938346,-0.0404839},
{0.4080065,0.7058819,-0.0199219,0.4040333,0.6525669,-0.0147331,0.4365859,0.7641539,-0.0165640,0.4944414,0.8207239,-0.0181804,0.6335333,0.8528303,0.1041556,0.4874000,0.7333000,0.4197000,0.5280000,0.6491000,0.3518000,0.6019000,0.5465000,0.3799000,0.5687000,0.5953000,0.2858000,0.5693000,0.5364000,0.4432000,0.3805481,0.6938654,-0.0403752},
{0.4080065,0.7058819,-0.0199219,0.4040333,0.6525669,-0.0147331,0.4367113,0.7642160,-0.0164059,0.4945791,0.8207855,-0.0180449,0.6335333,0.8528303,0.1041556,0.4877000,0.7334000,0.4197000,0.5282000,0.6491000,0.3518000,0.6020000,0.5465000,0.3799000,0.5689000,0.5954000,0.2858000,0.5693000,0.5364000,0.4432000,0.3805481,0.6938654,-0.0403752},
{0.4080761,0.7059200,-0.0198007,0.4040333,0.6525669,-0.0147331,0.4368657,0.7642924,-0.0162110,0.4946484,0.8208165,-0.0179768,0.6337562,0.8530014,0.1044673,0.4881000,0.7335000,0.4198000,0.5284000,0.6492000,0.3519000,0.6022000,0.5465000,0.3799000,0.5692000,0.5955000,0.2858000,0.5693000,0.5364000,0.4432000,0.3805481,0.6938654,-0.0403752},
{0.4080761,0.7059200,-0.0198007,0.4040333,0.6525669,-0.0147331,0.4369107,0.7643147,-0.0161542,0.4949060,0.8209316,-0.0177237,0.6340031,0.8531910,0.1048123,0.4885000,0.7337000,0.4199000,0.5286000,0.6493000,0.3520000,0.6023000,0.5465000,0.3799000,0.5695000,0.5957000,0.2859000,0.5694000,0.5364000,0.4433000,0.3805481,0.6938654,-0.0403752},
{0.4080761,0.7059200,-0.0198007,0.4039518,0.6525187,-0.0149121,0.4369609,0.7643395,-0.0160910,0.4951150,0.8210250,-0.0175185,0.6340031,0.8531910,0.1048123,0.4888000,0.7338000,0.4199000,0.5289000,0.6495000,0.3520000,0.6026000,0.5464000,0.3799000,0.5697000,0.5957000,0.2859000,0.5694000,0.5364000,0.4433000,0.3805481,0.6938654,-0.0403752},
{0.4080761,0.7059200,-0.0198007,0.4039518,0.6525187,-0.0149121,0.4371284,0.7644223,-0.0158798,0.4954250,0.8211635,-0.0172142,0.6341258,0.8532852,0.1049838,0.4891000,0.7340000,0.4200000,0.5292000,0.6495000,0.3521000,0.6028000,0.5464000,0.3800000,0.5700000,0.5958000,0.2859000,0.5694000,0.5364000,0.4433000,0.3805590,0.6938711,-0.0403551},
{0.4080761,0.7059200,-0.0198007,0.4039091,0.6524934,-0.0150058,0.4371785,0.7644472,-0.0158166,0.4956094,0.8212459,-0.0170334,0.6341326,0.8532904,0.1049932,0.4894000,0.7342000,0.4200000,0.5295000,0.6496000,0.3521000,0.6031000,0.5465000,0.3800000,0.5703000,0.5959000,0.2859000,0.5694000,0.5364000,0.4433000,0.3805590,0.6938711,-0.0403551},
{0.4080761,0.7059200,-0.0198007,0.4039998,0.6525471,-0.0148065,0.4373054,0.7645099,-0.0156567,0.4957381,0.8213034,-0.0169072,0.6343357,0.8534463,0.1052768,0.4897000,0.7343000,0.4200000,0.5298000,0.6496000,0.3522000,0.6033000,0.5465000,0.3801000,0.5704000,0.5960000,0.2860000,0.5694000,0.5364000,0.4433000,0.3805590,0.6938711,-0.0403551},
{0.4080761,0.7059200,-0.0198007,0.4040282,0.6525639,-0.0147442,0.4373393,0.7645267,-0.0156140,0.4958408,0.8213493,-0.0168065,0.6343357,0.8534463,0.1052768,0.4900000,0.7345000,0.4200000,0.5300000,0.6496000,0.3522000,0.6035000,0.5465000,0.3801000,0.5708000,0.5961000,0.2860000,0.5694000,0.5364000,0.4433000,0.3807597,0.6939760,-0.0399841},
{0.4081283,0.7059486,-0.0197098,0.4041325,0.6526256,-0.0145153,0.4373495,0.7645317,-0.0156012,0.4960209,0.8214298,-0.0166300,0.6344533,0.8535366,0.1054410,0.4903000,0.7345000,0.4200000,0.5302000,0.6497000,0.3523000,0.6037000,0.5465000,0.3801000,0.5710000,0.5962000,0.2860000,0.5694000,0.5364000,0.4433000,0.3807463,0.6939690,-0.0400089}
};
