fitErrPi Mean = 0.318282
fitErrTh Mean = 0.0912175
fitErrWr Mean = 0.0152574
fitErrLA Mean = 0.405168
fitErrEl Mean = 0.249415
fitErrUA Mean = 0.142451
efPts = {
{0.6428424,0.7737648,0.0655226,0.7202582,0.4798764,-0.0436881,0.9275044,-0.0639852,0.1186804,1.1958372,0.0273147,0.5660062,0.8062658,0.7625360,0.3858355,0.6320000,0.7753000,0.4827000,0.6551000,0.6230000,0.3821000,0.6929000,0.5808000,0.2846000,0.7195000,0.5417000,0.4017000,0.8233000,0.4696000,0.5231000,0.3182823,0.0000000,0.0000000},
{0.6061731,0.4018903,0.2324383,0.5492405,0.3661731,0.3104624,0.6539231,0.3204272,0.2014349,0.5513091,0.5842258,0.2408323,0.8062757,0.7624418,0.3858527,0.6330000,0.7752000,0.4829000,0.6560000,0.6229000,0.3823000,0.6937000,0.5810000,0.2848000,0.7206000,0.5421000,0.4020000,0.8241000,0.4694000,0.5230000,0.3182823,0.0000000,0.0000000},
{0.6062251,0.4018028,0.2323849,0.5492401,0.3674926,0.3098066,0.6546149,0.3208933,0.2011936,0.5523240,0.5846572,0.2410813,0.8062757,0.7624418,0.3858527,0.6340000,0.7751000,0.4831000,0.6568000,0.6229000,0.3825000,0.6945000,0.5811000,0.2849000,0.7211000,0.5417000,0.4020000,0.8248000,0.4691000,0.5227000,0.3182823,0.0000000,0.0000000},
{0.6061664,0.4019015,0.2324451,0.5492412,0.3685768,0.3092654,0.6552682,0.3213333,0.2009656,0.5534419,0.5851310,0.2413558,0.8062760,0.7624394,0.3858531,0.6350000,0.7751000,0.4833000,0.6577000,0.6229000,0.3826000,0.6953000,0.5813000,0.2851000,0.7220000,0.5422000,0.4017000,0.8255000,0.4689000,0.5225000,0.3182823,0.0000000,0.0000000},
{0.6060205,0.4021478,0.2325945,0.5492439,0.3697875,0.3086585,0.6560746,0.3218758,0.2006843,0.5544537,0.5855586,0.2416046,0.8062569,0.7626194,0.3858204,0.6359000,0.7752000,0.4834000,0.6585000,0.6230000,0.3826000,0.6961000,0.5815000,0.2852000,0.7226000,0.5419000,0.4017000,0.8261000,0.4686000,0.5223000,0.3182823,0.0000000,0.0000000},
{0.6057397,0.4026245,0.2328811,0.5492498,0.3713835,0.3078543,0.6569557,0.3224681,0.2003769,0.5554015,0.5859581,0.2418378,0.8062136,0.7630303,0.3857456,0.6369000,0.7753000,0.4836000,0.6592000,0.6232000,0.3826000,0.6969000,0.5816000,0.2854000,0.7228000,0.5416000,0.4017000,0.8266000,0.4685000,0.5220000,0.3182823,0.0000000,0.0000000},
{0.6054026,0.4032021,0.2332236,0.5492563,0.3726352,0.3072204,0.6576667,0.3229457,0.2001289,0.5563672,0.5863641,0.2420756,0.8061905,0.7632494,0.3857058,0.6378000,0.7755000,0.4838000,0.6598000,0.6234000,0.3827000,0.6977000,0.5818000,0.2855000,0.7238000,0.5422000,0.4012000,0.8272000,0.4683000,0.5218000,0.3182823,0.0000000,0.0000000},
{0.6049597,0.4039699,0.2336709,0.5492661,0.3741076,0.3064710,0.6585987,0.3235711,0.1998038,0.5573468,0.5867749,0.2423170,0.8061350,0.7637790,0.3856095,0.6387000,0.7756000,0.4840000,0.6605000,0.6237000,0.3826000,0.6985000,0.5820000,0.2857000,0.7242000,0.5419000,0.4013000,0.8277000,0.4681000,0.5216000,0.3182823,0.0000000,0.0000000},
{0.6044223,0.4049149,0.2342097,0.5492760,0.3753422,0.3058396,0.6591569,0.3239454,0.1996091,0.5581781,0.5871226,0.2425221,0.8061176,0.7639457,0.3855792,0.6397000,0.7758000,0.4842000,0.6612000,0.6240000,0.3826000,0.6993000,0.5821000,0.2858000,0.7250000,0.5424000,0.4008000,0.8281000,0.4679000,0.5212000,0.3182823,0.0000000,0.0000000},
{0.6037885,0.4060487,0.2348395,0.5492887,0.3766982,0.3051430,0.6599620,0.3244849,0.1993282,0.5591165,0.5875142,0.2427538,0.8060591,0.7645091,0.3854769,0.6407000,0.7760000,0.4845000,0.6618000,0.6243000,0.3825000,0.7001000,0.5823000,0.2860000,0.7255000,0.5422000,0.4008000,0.8286000,0.4677000,0.5210000,0.3182823,0.0000000,0.0000000},
{0.6030348,0.4074242,0.2355802,0.5493033,0.3780496,0.3044454,0.6607298,0.3249990,0.1990604,0.5599893,0.5878776,0.2429695,0.8060119,0.7649654,0.3853941,0.6417000,0.7762000,0.4847000,0.6625000,0.6247000,0.3824000,0.7009000,0.5825000,0.2861000,0.7258000,0.5419000,0.4007000,0.8289000,0.4676000,0.5208000,0.3182823,0.0000000,0.0000000},
{0.6022171,0.4089503,0.2363736,0.5493202,0.3794385,0.3037250,0.6617263,0.3256656,0.1987128,0.5608345,0.5882286,0.2431785,0.8059495,0.7655734,0.3852838,0.6428000,0.7764000,0.4850000,0.6631000,0.6252000,0.3823000,0.7017000,0.5826000,0.2863000,0.7267000,0.5426000,0.4004000,0.8293000,0.4674000,0.5205000,0.3182823,0.0000000,0.0000000},
{0.6012380,0.4108245,0.2373097,0.5493421,0.3810285,0.3028961,0.6628966,0.3264475,0.1983047,0.5617937,0.5886261,0.2434159,0.8058945,0.7661119,0.3851862,0.6439000,0.7767000,0.4852000,0.6638000,0.6257000,0.3821000,0.7026000,0.5828000,0.2864000,0.7268000,0.5426000,0.3998000,0.8296000,0.4672000,0.5202000,0.3182823,0.0000000,0.0000000},
{0.6002076,0.4128532,0.2382781,0.5493675,0.3826752,0.3020328,0.6640286,0.3272029,0.1979099,0.5626757,0.5889906,0.2436343,0.8058030,0.7670157,0.3850226,0.6451000,0.7770000,0.4854000,0.6644000,0.6261000,0.3820000,0.7034000,0.5829000,0.2866000,0.7271000,0.5421000,0.4002000,0.8298000,0.4669000,0.5200000,0.3182823,0.0000000,0.0000000},
{0.5990391,0.4152249,0.2393552,0.5494001,0.3845670,0.3010351,0.6652716,0.3280314,0.1974764,0.5637183,0.5894204,0.2438928,0.8057293,0.7677500,0.3848897,0.6461000,0.7774000,0.4857000,0.6650000,0.6267000,0.3818000,0.7042000,0.5831000,0.2867000,0.7282000,0.5428000,0.3996000,0.8302000,0.4667000,0.5197000,0.3182823,0.0000000,0.0000000},
{0.5978084,0.4178061,0.2404647,0.5494374,0.3865130,0.3000020,0.6664346,0.3288055,0.1970709,0.5647039,0.5898256,0.2441374,0.8056203,0.7688484,0.3846912,0.6473000,0.7778000,0.4859000,0.6656000,0.6272000,0.3817000,0.7050000,0.5833000,0.2869000,0.7287000,0.5429000,0.3993000,0.8304000,0.4663000,0.5194000,0.3182823,0.0000000,0.0000000},
{0.5964684,0.4207160,0.2416429,0.5494853,0.3887568,0.2988026,0.6676715,0.3296279,0.1966396,0.5660919,0.5903944,0.2444822,0.8055097,0.7699776,0.3844875,0.6484000,0.7783000,0.4862000,0.6661000,0.6277000,0.3815000,0.7058000,0.5834000,0.2870000,0.7290000,0.5428000,0.3991000,0.8308000,0.4660000,0.5192000,0.3182823,0.0000000,0.0000000},
{0.5950684,0.4238707,0.2428400,0.5495447,0.3912543,0.2974570,0.6694136,0.3307843,0.1960321,0.5674430,0.5909461,0.2448182,0.8053973,0.7711401,0.3842780,0.6495000,0.7788000,0.4864000,0.6667000,0.6283000,0.3814000,0.7066000,0.5836000,0.2872000,0.7296000,0.5429000,0.3989000,0.8311000,0.4657000,0.5189000,0.3182823,0.0000000,0.0000000},
{0.5935923,0.4273269,0.2440632,0.5496116,0.3937986,0.2960749,0.6709745,0.3318186,0.1954879,0.5691437,0.5916376,0.2452417,0.8052614,0.7725682,0.3840210,0.6507000,0.7793000,0.4867000,0.6671000,0.6290000,0.3813000,0.7074000,0.5838000,0.2873000,0.7300000,0.5428000,0.3987000,0.8315000,0.4653000,0.5187000,0.3182823,0.0000000,0.0000000},
{0.5920173,0.4311678,0.2453228,0.5496964,0.3967125,0.2944779,0.6729712,0.3331392,0.1947918,0.5707450,0.5922858,0.2456411,0.8051163,0.7741200,0.3837424,0.6520000,0.7799000,0.4869000,0.6676000,0.6296000,0.3812000,0.7082000,0.5839000,0.2875000,0.7300000,0.5425000,0.3985000,0.8319000,0.4650000,0.5185000,0.3182823,0.0000000,0.0000000},
{0.5904173,0.4352381,0.2465521,0.5497961,0.3998158,0.2927606,0.6750387,0.3345037,0.1940711,0.5726758,0.5930638,0.2461234,0.8049612,0.7758121,0.3834390,0.6532000,0.7806000,0.4872000,0.6680000,0.6302000,0.3811000,0.7090000,0.5841000,0.2876000,0.7308000,0.5427000,0.3983000,0.8321000,0.4646000,0.5182000,0.3182823,0.0000000,0.0000000},
{0.5887240,0.4397392,0.2477953,0.5499140,0.4031481,0.2908979,0.6771313,0.3358817,0.1933417,0.5747848,0.5939089,0.2466511,0.8047945,0.7776703,0.3831067,0.6545000,0.7812000,0.4874000,0.6684000,0.6310000,0.3810000,0.7098000,0.5843000,0.2878000,0.7312000,0.5426000,0.3982000,0.8323000,0.4642000,0.5178000,0.3182823,0.0000000,0.0000000},
{0.5870119,0.4445031,0.2489888,0.5500592,0.4068753,0.2887914,0.6794479,0.3374038,0.1925343,0.5770844,0.5948249,0.2472277,0.8046231,0.7796290,0.3827572,0.6558000,0.7820000,0.4876000,0.6689000,0.6317000,0.3808000,0.7106000,0.5844000,0.2879000,0.7315000,0.5425000,0.3981000,0.8327000,0.4638000,0.5178000,0.3182823,0.0000000,0.0000000},
{0.5852049,0.4497776,0.2501751,0.5502276,0.4108134,0.2865393,0.6820364,0.3391000,0.1916323,0.5795057,0.5957832,0.2478359,0.8044383,0.7817986,0.3823710,0.6572000,0.7828000,0.4878000,0.6694000,0.6325000,0.3807000,0.7114000,0.5846000,0.2881000,0.7318000,0.5425000,0.3981000,0.8331000,0.4634000,0.5176000,0.3182823,0.0000000,0.0000000},
{0.5834136,0.4552721,0.2512717,0.5504250,0.4150243,0.2841013,0.6846533,0.3408102,0.1907204,0.5823409,0.5968974,0.2485498,0.8042446,0.7841415,0.3819551,0.6586000,0.7836000,0.4879000,0.6699000,0.6333000,0.3805000,0.7122000,0.5847000,0.2882000,0.7322000,0.5423000,0.3980000,0.8334000,0.4629000,0.5174000,0.3182823,0.0000000,0.0000000},
{0.5816272,0.4610353,0.2522808,0.5506546,0.4195076,0.2814717,0.6874859,0.3426560,0.1897336,0.5851399,0.5979891,0.2492562,0.8040616,0.7864266,0.3815505,0.6600000,0.7845000,0.4880000,0.6704000,0.6340000,0.3803000,0.7130000,0.5849000,0.2884000,0.7325000,0.5421000,0.3980000,0.8337000,0.4625000,0.5172000,0.3182823,0.0000000,0.0000000},
{0.5798184,0.4671825,0.2532094,0.5509227,0.4243080,0.2786173,0.6905199,0.3446270,0.1886766,0.5881048,0.5991364,0.2500063,0.8038502,0.7891606,0.3810680,0.6614000,0.7855000,0.4881000,0.6709000,0.6348000,0.3801000,0.7139000,0.5851000,0.2885000,0.7327000,0.5420000,0.3980000,0.8339000,0.4619000,0.5169000,0.3182823,0.0000000,0.0000000},
{0.5780568,0.4734983,0.2540157,0.5512242,0.4292722,0.2756233,0.6935715,0.3466030,0.1876137,0.5913903,0.6003971,0.2508397,0.8036437,0.7919420,0.3805788,0.6629000,0.7865000,0.4882000,0.6714000,0.6356000,0.3799000,0.7147000,0.5852000,0.2887000,0.7330000,0.5419000,0.3979000,0.8340000,0.4613000,0.5167000,0.3182823,0.0000000,0.0000000},
{0.5763204,0.4800727,0.2547063,0.5515552,0.4343077,0.2725426,0.6965997,0.3485574,0.1865592,0.5946405,0.6016332,0.2516663,0.8034275,0.7949851,0.3800453,0.6645000,0.7875000,0.4882000,0.6719000,0.6365000,0.3797000,0.7147000,0.5852000,0.2887000,0.7333000,0.5418000,0.3978000,0.8341000,0.4608000,0.5165000,0.3182823,0.0000000,0.0000000},
{0.5746112,0.4869193,0.2552743,0.5519360,0.4396763,0.2692093,0.6999805,0.3507322,0.1853819,0.5982635,0.6029983,0.2525903,0.8032180,0.7980808,0.3795047,0.6661000,0.7887000,0.4882000,0.6725000,0.6374000,0.3794000,0.7155000,0.5862000,0.2884000,0.7336000,0.5418000,0.3976000,0.8343000,0.4602000,0.5164000,0.3182823,0.0000000,0.0000000},
{0.5729365,0.4940312,0.2557105,0.5523531,0.4451360,0.2657677,0.7035666,0.3530305,0.1841333,0.6019219,0.6043631,0.2535261,0.8030081,0.8013500,0.3789359,0.6677000,0.7898000,0.4882000,0.6731000,0.6383000,0.3791000,0.7161000,0.5870000,0.2879000,0.7338000,0.5418000,0.3975000,0.8344000,0.4598000,0.5162000,0.3182823,0.0000000,0.0000000},
{0.5713134,0.5013554,0.2560046,0.5528203,0.4508327,0.2621210,0.7070610,0.3552616,0.1829169,0.6056984,0.6057577,0.2544949,0.8028095,0.8046252,0.3783684,0.6695000,0.7910000,0.4882000,0.6737000,0.6394000,0.3788000,0.7171000,0.5876000,0.2878000,0.7339000,0.5417000,0.3973000,0.8344000,0.4593000,0.5160000,0.3182823,0.0000000,0.0000000},
{0.5697633,0.5088030,0.2561503,0.5533417,0.4567637,0.2582635,0.7104204,0.3573986,0.1817477,0.6096539,0.6072030,0.2555128,0.8026123,0.8080863,0.3777710,0.6712000,0.7923000,0.4882000,0.6744000,0.6404000,0.3786000,0.7174000,0.5881000,0.2874000,0.7340000,0.5417000,0.3972000,0.8344000,0.4588000,0.5158000,0.3182823,0.0000000,0.0000000},
{0.5681834,0.5169218,0.2561413,0.5538985,0.4626892,0.2543471,0.7142678,0.3598367,0.1804088,0.6138476,0.6087182,0.2565955,0.8024305,0.8115014,0.3771841,0.6730000,0.7935000,0.4881000,0.6750000,0.6414000,0.3783000,0.7180000,0.5887000,0.2871000,0.7340000,0.5416000,0.3970000,0.8342000,0.4581000,0.5156000,0.3182823,0.0000000,0.0000000},
{0.5666820,0.5252207,0.2559587,0.5545208,0.4689002,0.2501746,0.7181652,0.3622963,0.1790527,0.6181439,0.6102524,0.2577082,0.8022473,0.8152089,0.3765496,0.6748000,0.7948000,0.4880000,0.6755000,0.6424000,0.3780000,0.7185000,0.5893000,0.2869000,0.7340000,0.5415000,0.3969000,0.8342000,0.4577000,0.5154000,0.3182823,0.0000000,0.0000000},
{0.5652791,0.5335934,0.2556038,0.5551839,0.4751166,0.2459286,0.7219287,0.3646617,0.1777434,0.6225868,0.6118199,0.2588627,0.8020862,0.8187471,0.3759467,0.6766000,0.7960000,0.4880000,0.6760000,0.6433000,0.3777000,0.7188000,0.5898000,0.2866000,0.7339000,0.5414000,0.3967000,0.8342000,0.4572000,0.5152000,0.3182823,0.0000000,0.0000000},
{0.5639490,0.5422075,0.2550656,0.5558936,0.4813852,0.2415754,0.7256761,0.3670075,0.1764400,0.6271667,0.6134155,0.2600569,0.8019290,0.8225254,0.3753058,0.6785000,0.7972000,0.4879000,0.6765000,0.6443000,0.3774000,0.7190000,0.5902000,0.2864000,0.7338000,0.5413000,0.3964000,0.8341000,0.4568000,0.5150000,0.3182823,0.0000000,0.0000000},
{0.5627396,0.5507549,0.2543631,0.5566614,0.4877851,0.2370559,0.7295522,0.3694240,0.1750919,0.6317547,0.6149937,0.2612573,0.8017867,0.8263144,0.3746660,0.6805000,0.7985000,0.4878000,0.6771000,0.6452000,0.3771000,0.7193000,0.5906000,0.2861000,0.7337000,0.5413000,0.3961000,0.8339000,0.4563000,0.5147000,0.3182823,0.0000000,0.0000000},
{0.5616228,0.5594217,0.2534835,0.5574448,0.4939653,0.2326184,0.7332552,0.3717231,0.1738044,0.6365498,0.6166216,0.2625162,0.8016626,0.8300099,0.3740448,0.6824000,0.7998000,0.4877000,0.6777000,0.6462000,0.3768000,0.7197000,0.5909000,0.2858000,0.7336000,0.5413000,0.3958000,0.8337000,0.4559000,0.5145000,0.3182823,0.0000000,0.0000000},
{0.5606153,0.5680791,0.2524397,0.5582740,0.5001731,0.2280877,0.7374141,0.3742943,0.1723585,0.6412330,0.6181903,0.2637500,0.8015547,0.8336456,0.3734363,0.6843000,0.8010000,0.4876000,0.6782000,0.6471000,0.3767000,0.7201000,0.5912000,0.2856000,0.7335000,0.5413000,0.3955000,0.8334000,0.4553000,0.5143000,0.3182823,0.0000000,0.0000000},
{0.5597038,0.5768457,0.2512169,0.5592060,0.5067955,0.2231717,0.7415336,0.3768298,0.1709266,0.6462144,0.6198362,0.2650669,0.8014491,0.8377784,0.3727480,0.6863000,0.8023000,0.4875000,0.6787000,0.6481000,0.3765000,0.7203000,0.5916000,0.2855000,0.7334000,0.5413000,0.3952000,0.8332000,0.4549000,0.5141000,0.3182823,0.0000000,0.0000000},
{0.5588753,0.5859087,0.2497789,0.5601054,0.5128732,0.2185835,0.7457495,0.3794128,0.1694614,0.6511320,0.6214383,0.2663715,0.8013711,0.8414168,0.3721448,0.6883000,0.8035000,0.4873000,0.6792000,0.6490000,0.3764000,0.7203000,0.5920000,0.2854000,0.7332000,0.5414000,0.3949000,0.8328000,0.4545000,0.5140000,0.3182823,0.0000000,0.0000000},
{0.5581700,0.5948637,0.2481850,0.5610670,0.5190718,0.2138268,0.7501399,0.3820902,0.1679359,0.6561912,0.6230630,0.2677184,0.8013064,0.8451014,0.3715368,0.6902000,0.8047000,0.4871000,0.6796000,0.6498000,0.3763000,0.7200000,0.5925000,0.2853000,0.7330000,0.5415000,0.3948000,0.8324000,0.4541000,0.5140000,0.3182823,0.0000000,0.0000000},
{0.5575815,0.6037503,0.2464330,0.5621080,0.5254724,0.2088315,0.7539255,0.3843885,0.1666207,0.6612150,0.6246531,0.2690606,0.8012587,0.8485650,0.3709677,0.6922000,0.8058000,0.4868000,0.6798000,0.6506000,0.3763000,0.7198000,0.5929000,0.2853000,0.7327000,0.5416000,0.3947000,0.8320000,0.4537000,0.5140000,0.3182823,0.0000000,0.0000000},
{0.5571000,0.6127393,0.2444872,0.5631556,0.5316232,0.2039489,0.7581318,0.3869309,0.1651597,0.6662317,0.6262179,0.2704055,0.8012255,0.8518050,0.3704376,0.6940000,0.8069000,0.4865000,0.6801000,0.6513000,0.3762000,0.7194000,0.5933000,0.2853000,0.7325000,0.5416000,0.3945000,0.8315000,0.4533000,0.5140000,0.3182823,0.0000000,0.0000000},
{0.5567374,0.6216351,0.2423876,0.5642439,0.5377361,0.1990145,0.7626740,0.3896632,0.1635822,0.6714136,0.6278103,0.2717994,0.8012016,0.8553953,0.3698526,0.6959000,0.8080000,0.4863000,0.6800000,0.6518000,0.3761000,0.7190000,0.5936000,0.2853000,0.7321000,0.5416000,0.3944000,0.8310000,0.4530000,0.5140000,0.3182823,0.0000000,0.0000000},
{0.5564930,0.6303939,0.2401483,0.5653301,0.5435834,0.1942157,0.7666107,0.3920202,0.1622153,0.6766056,0.6293815,0.2732010,0.8011917,0.8586643,0.3693223,0.6978000,0.8092000,0.4860000,0.6789000,0.6522000,0.3757000,0.7186000,0.5940000,0.2853000,0.7316000,0.5416000,0.3942000,0.8304000,0.4526000,0.5141000,0.3182823,0.0000000,0.0000000},
{0.5563626,0.6391849,0.2377254,0.5664597,0.5494197,0.1893469,0.7707861,0.3945089,0.1607658,0.6819083,0.6309614,0.2746375,0.8011932,0.8619673,0.3687886,0.6996000,0.8104000,0.4857000,0.6791000,0.6529000,0.3756000,0.7181000,0.5942000,0.2852000,0.7313000,0.5416000,0.3940000,0.8297000,0.4523000,0.5141000,0.3182823,0.0000000,0.0000000},
{0.5563485,0.6476010,0.2352366,0.5676139,0.5551478,0.1844892,0.7753860,0.3972373,0.1591692,0.6870809,0.6324784,0.2760435,0.8012064,0.8653090,0.3682509,0.7014000,0.8117000,0.4854000,0.6791000,0.6536000,0.3755000,0.7176000,0.5944000,0.2851000,0.7309000,0.5417000,0.3938000,0.8289000,0.4521000,0.5141000,0.3182823,0.0000000,0.0000000},
{0.5564506,0.6562385,0.2325044,0.5687639,0.5606377,0.1797573,0.7796069,0.3997285,0.1577044,0.6923826,0.6340089,0.2774896,0.8012296,0.8684613,0.3677458,0.7031000,0.8130000,0.4851000,0.6789000,0.6543000,0.3754000,0.7171000,0.5947000,0.2850000,0.7304000,0.5420000,0.3936000,0.8282000,0.4518000,0.5141000,0.3182823,0.0000000,0.0000000},
{0.5566557,0.6642799,0.2297927,0.5699151,0.5659334,0.1751197,0.7843301,0.4025021,0.1560656,0.6976444,0.6355035,0.2789297,0.8012641,0.8716694,0.3672338,0.7048000,0.8144000,0.4848000,0.6785000,0.6549000,0.3753000,0.7167000,0.5950000,0.2848000,0.7300000,0.5421000,0.3933000,0.8273000,0.4517000,0.5141000,0.3182823,0.0000000,0.0000000},
{0.5569635,0.6721452,0.2269767,0.5710816,0.5711093,0.1705152,0.7880921,0.4047007,0.1547606,0.7027937,0.6369428,0.2803437,0.8013058,0.8746453,0.3667608,0.7064000,0.8157000,0.4845000,0.6780000,0.6557000,0.3752000,0.7163000,0.5954000,0.2846000,0.7295000,0.5424000,0.3931000,0.8264000,0.4515000,0.5141000,0.3182823,0.0000000,0.0000000},
{0.5573809,0.6799847,0.2240011,0.5722258,0.5760132,0.1660849,0.7923339,0.4071686,0.1532893,0.7083113,0.6384597,0.2818639,0.8013574,0.8776543,0.3662843,0.7079000,0.8170000,0.4842000,0.6774000,0.6564000,0.3751000,0.7159000,0.5958000,0.2845000,0.7290000,0.5426000,0.3928000,0.8256000,0.4514000,0.5142000,0.3182823,0.0000000,0.0000000},
{0.5578737,0.6872802,0.2210725,0.5733829,0.5808092,0.1616857,0.7964701,0.4095635,0.1518550,0.7134979,0.6398616,0.2832977,0.8014164,0.8805582,0.3658261,0.7093000,0.8182000,0.4839000,0.6770000,0.6572000,0.3749000,0.7156000,0.5962000,0.2843000,0.7285000,0.5429000,0.3927000,0.8246000,0.4513000,0.5143000,0.3182823,0.0000000,0.0000000},
{0.5584540,0.6943626,0.2180738,0.5745349,0.5854306,0.1573824,0.8009656,0.4121536,0.1502963,0.7187368,0.6412544,0.2847507,0.8014790,0.8832496,0.3654031,0.7106000,0.8194000,0.4836000,0.6767000,0.6580000,0.3748000,0.7151000,0.5968000,0.2842000,0.7280000,0.5431000,0.3925000,0.8237000,0.4514000,0.5145000,0.3182823,0.0000000,0.0000000},
{0.5591117,0.7011633,0.2150411,0.5756564,0.5897914,0.1532615,0.8050781,0.4145113,0.1488707,0.7240650,0.6426471,0.2862333,0.8015512,0.8860105,0.3649706,0.7119000,0.8206000,0.4835000,0.6765000,0.6589000,0.3747000,0.7149000,0.5973000,0.2841000,0.7274000,0.5435000,0.3923000,0.8228000,0.4514000,0.5146000,0.3182823,0.0000000,0.0000000},
{0.5598292,0.7075886,0.2120288,0.5767873,0.5940570,0.1491719,0.8090268,0.4167646,0.1475021,0.7291219,0.6439466,0.2876448,0.8016195,0.8883756,0.3646014,0.7131000,0.8217000,0.4833000,0.6764000,0.6599000,0.3746000,0.7144000,0.5978000,0.2840000,0.7268000,0.5439000,0.3923000,0.8218000,0.4514000,0.5148000,0.3182823,0.0000000,0.0000000},
{0.5605984,0.7136533,0.2090454,0.5779033,0.5981439,0.1451969,0.8132486,0.4191623,0.1460391,0.7340369,0.6451891,0.2890208,0.8016939,0.8907447,0.3642327,0.7143000,0.8228000,0.4833000,0.6764000,0.6609000,0.3745000,0.7141000,0.5984000,0.2839000,0.7263000,0.5444000,0.3922000,0.8208000,0.4516000,0.5149000,0.3182823,0.0000000,0.0000000},
{0.5614228,0.7194492,0.2060576,0.5790038,0.6020601,0.1413339,0.8167363,0.4211341,0.1448307,0.7389828,0.6464189,0.2904096,0.8017682,0.8929388,0.3638923,0.7155000,0.8240000,0.4832000,0.6763000,0.6619000,0.3745000,0.7137000,0.5989000,0.2839000,0.7257000,0.5448000,0.3921000,0.8198000,0.4518000,0.5151000,0.3182823,0.0000000,0.0000000},
{0.5622893,0.7249321,0.2030990,0.5800703,0.6057520,0.1376417,0.8208219,0.4234337,0.1434154,0.7437435,0.6475835,0.2917503,0.8018437,0.8950307,0.3635686,0.7166000,0.8252000,0.4833000,0.6762000,0.6630000,0.3746000,0.7131000,0.5996000,0.2838000,0.7251000,0.5454000,0.3920000,0.8188000,0.4519000,0.5152000,0.3182823,0.0000000,0.0000000},
{0.5631876,0.7300911,0.2001885,0.5811372,0.6093481,0.1339963,0.8245076,0.4254987,0.1421388,0.7482960,0.6486796,0.2930359,0.8019185,0.8969840,0.3632672,0.7178000,0.8265000,0.4833000,0.6761000,0.6641000,0.3746000,0.7122000,0.6002000,0.2835000,0.7245000,0.5460000,0.3920000,0.8178000,0.4521000,0.5153000,0.3182823,0.0000000,0.0000000},
{0.5640883,0.7348244,0.1974013,0.5821626,0.6127158,0.1305369,0.8280717,0.4274870,0.1409045,0.7525808,0.6496955,0.2942490,0.8019922,0.8988116,0.3629859,0.7189000,0.8276000,0.4833000,0.6760000,0.6652000,0.3748000,0.7118000,0.6009000,0.2833000,0.7240000,0.5465000,0.3920000,0.8168000,0.4524000,0.5155000,0.3182823,0.0000000,0.0000000},
{0.5650368,0.7394109,0.1945849,0.5832061,0.6160574,0.1270588,0.8316236,0.4294601,0.1396747,0.7567755,0.6506755,0.2954396,0.8020643,0.9005207,0.3627235,0.7200000,0.8288000,0.4834000,0.6758000,0.6664000,0.3748000,0.7116000,0.6015000,0.2832000,0.7234000,0.5470000,0.3919000,0.8159000,0.4527000,0.5157000,0.3182823,0.0000000,0.0000000},
{0.5659806,0.7436297,0.1918852,0.5841815,0.6191056,0.1238452,0.8349306,0.4312896,0.1385297,0.7607482,0.6515902,0.2965698,0.8021357,0.9021435,0.3624748,0.7211000,0.8299000,0.4834000,0.6756000,0.6674000,0.3750000,0.7113000,0.6023000,0.2831000,0.7228000,0.5477000,0.3919000,0.8149000,0.4530000,0.5158000,0.3182823,0.0000000,0.0000000},
{0.5669342,0.7475891,0.1892480,0.5851648,0.6221068,0.1206413,0.8379330,0.4329442,0.1374904,0.7643730,0.6524136,0.2976033,0.8021960,0.9034666,0.3622725,0.7221000,0.8310000,0.4834000,0.6754000,0.6686000,0.3750000,0.7109000,0.6030000,0.2831000,0.7222000,0.5483000,0.3919000,0.8140000,0.4533000,0.5160000,0.3182823,0.0000000,0.0000000},
{0.5678881,0.7512823,0.1866899,0.5861116,0.6249309,0.1175890,0.8410729,0.4346682,0.1364037,0.7680884,0.6532465,0.2986649,0.8022607,0.9048405,0.3620628,0.7229000,0.8321000,0.4834000,0.6752000,0.6697000,0.3751000,0.7106000,0.6036000,0.2830000,0.7216000,0.5488000,0.3919000,0.8130000,0.4537000,0.5162000,0.3182823,0.0000000,0.0000000},
{0.5688364,0.7547189,0.1842166,0.5870267,0.6276010,0.1146684,0.8436820,0.4360958,0.1355007,0.7710933,0.6539118,0.2995251,0.8023243,0.9061532,0.3618628,0.7237000,0.8331000,0.4833000,0.6751000,0.6707000,0.3751000,0.7101000,0.6042000,0.2830000,0.7211000,0.5495000,0.3919000,0.8121000,0.4541000,0.5163000,0.3182823,0.0000000,0.0000000},
{0.5697836,0.7579405,0.1818093,0.5879246,0.6301653,0.1118305,0.8465641,0.4376675,0.1345034,0.7741196,0.6545745,0.3003930,0.8023761,0.9071946,0.3617044,0.7244000,0.8340000,0.4831000,0.6750000,0.6718000,0.3749000,0.7096000,0.6049000,0.2830000,0.7206000,0.5501000,0.3919000,0.8112000,0.4546000,0.5165000,0.3182823,0.0000000,0.0000000},
{0.5707056,0.7608932,0.1795206,0.5887942,0.6325978,0.1091072,0.8490912,0.4390409,0.1336291,0.7767868,0.6551524,0.3011591,0.8024308,0.9082697,0.3615411,0.7251000,0.8350000,0.4829000,0.6750000,0.6727000,0.3748000,0.7093000,0.6056000,0.2829000,0.7200000,0.5508000,0.3919000,0.8103000,0.4551000,0.5167000,0.3182823,0.0000000,0.0000000},
{0.5716234,0.7636682,0.1772914,0.5895953,0.6347954,0.1066200,0.8512038,0.4401858,0.1328982,0.7789555,0.6556180,0.3017829,0.8024846,0.9093026,0.3613845,0.7256000,0.8359000,0.4827000,0.6749000,0.6738000,0.3747000,0.7089000,0.6063000,0.2828000,0.7195000,0.5515000,0.3918000,0.8095000,0.4556000,0.5169000,0.3182823,0.0000000,0.0000000},
{0.5725263,0.7662508,0.1751423,0.5903932,0.6369435,0.1041630,0.8534861,0.4414193,0.1321087,0.7814069,0.6561398,0.3024889,0.8025296,0.9101522,0.3612558,0.7261000,0.8368000,0.4823000,0.6748000,0.6746000,0.3745000,0.7086000,0.6069000,0.2827000,0.7190000,0.5521000,0.3918000,0.8086000,0.4562000,0.5171000,0.3182823,0.0000000,0.0000000},
{0.5733962,0.7686107,0.1731100,0.5911799,0.6390226,0.1017599,0.8555654,0.4425401,0.1313895,0.7829180,0.6564590,0.3029246,0.8025728,0.9109518,0.3611348,0.7264000,0.8377000,0.4820000,0.6746000,0.6755000,0.3743000,0.7084000,0.6076000,0.2825000,0.7185000,0.5529000,0.3917000,0.8078000,0.4568000,0.5173000,0.3182823,0.0000000,0.0000000},
{0.5742834,0.7708964,0.1710734,0.5919128,0.6409258,0.0995378,0.8574407,0.4435484,0.1307410,0.7846794,0.6568288,0.3034329,0.8026145,0.9117142,0.3610196,0.7267000,0.8386000,0.4816000,0.6745000,0.6763000,0.3740000,0.7082000,0.6082000,0.2824000,0.7181000,0.5535000,0.3917000,0.8071000,0.4574000,0.5174000,0.3182823,0.0000000,0.0000000},
{0.5751526,0.7730244,0.1691114,0.5926535,0.6428162,0.0973085,0.8588682,0.4443143,0.1302473,0.7860195,0.6571084,0.3038200,0.8026499,0.9123497,0.3609236,0.7269000,0.8394000,0.4811000,0.6744000,0.6771000,0.3737000,0.7079000,0.6087000,0.2823000,0.7176000,0.5541000,0.3916000,0.8063000,0.4579000,0.5176000,0.3182823,0.0000000,0.0000000},
{0.5760035,0.7750072,0.1672205,0.5933306,0.6445160,0.0952849,0.8606347,0.4452603,0.1296364,0.7870794,0.6573286,0.3041263,0.8026826,0.9129322,0.3608357,0.7269000,0.8402000,0.4806000,0.6743000,0.6779000,0.3734000,0.7077000,0.6093000,0.2821000,0.7172000,0.5548000,0.3915000,0.8057000,0.4586000,0.5178000,0.3182823,0.0000000,0.0000000},
{0.5768480,0.7768820,0.1653717,0.5939483,0.6460434,0.0934502,0.8620434,0.4460131,0.1291493,0.7879807,0.6575151,0.3043870,0.8027156,0.9135132,0.3607481,0.7269000,0.8410000,0.4801000,0.6742000,0.6785000,0.3731000,0.7075000,0.6098000,0.2819000,0.7169000,0.5553000,0.3914000,0.8051000,0.4592000,0.5179000,0.3182823,0.0000000,0.0000000},
{0.5776828,0.7786491,0.1635698,0.5945218,0.6474422,0.0917564,0.8632889,0.4466776,0.1287186,0.7886397,0.6576510,0.3045776,0.8027369,0.9138836,0.3606923,0.7268000,0.8417000,0.4796000,0.6740000,0.6792000,0.3727000,0.7073000,0.6103000,0.2817000,0.7165000,0.5559000,0.3913000,0.8044000,0.4598000,0.5181000,0.3182823,0.0000000,0.0000000},
{0.5784905,0.7802810,0.1618496,0.5951152,0.6488695,0.0900139,0.8642862,0.4472089,0.1283739,0.7891046,0.6577467,0.3047122,0.8027723,0.9144949,0.3606003,0.7266000,0.8424000,0.4790000,0.6739000,0.6798000,0.3724000,0.7071000,0.6107000,0.2815000,0.7161000,0.5564000,0.3912000,0.8039000,0.4605000,0.5182000,0.3182823,0.0000000,0.0000000},
{0.5793121,0.7818659,0.1601223,0.5957318,0.6503320,0.0882135,0.8651649,0.4476765,0.1280700,0.7892310,0.6577727,0.3047488,0.8027907,0.9148114,0.3605527,0.7264000,0.8431000,0.4783000,0.6736000,0.6803000,0.3720000,0.7069000,0.6112000,0.2813000,0.7158000,0.5570000,0.3910000,0.8033000,0.4611000,0.5183000,0.3182823,0.0000000,0.0000000},
{0.5801480,0.7834040,0.1583871,0.5963127,0.6516906,0.0865268,0.8660586,0.4481515,0.1277611,0.7894526,0.6578182,0.3048129,0.8028063,0.9150771,0.3605127,0.7261000,0.8438000,0.4777000,0.6733000,0.6809000,0.3716000,0.7068000,0.6116000,0.2811000,0.7155000,0.5575000,0.3909000,0.8028000,0.4618000,0.5185000,0.3182823,0.0000000,0.0000000},
{0.5809152,0.7847525,0.1568132,0.5968248,0.6528731,0.0850475,0.8667632,0.4485257,0.1275175,0.7893533,0.6577978,0.3047842,0.8028186,0.9152846,0.3604815,0.7258000,0.8444000,0.4770000,0.6730000,0.6814000,0.3713000,0.7066000,0.6120000,0.2810000,0.7153000,0.5581000,0.3908000,0.8023000,0.4625000,0.5186000,0.3182823,0.0000000,0.0000000},
{0.5817293,0.7861197,0.1551622,0.5973482,0.6540671,0.0835427,0.8673333,0.4488282,0.1273204,0.7891936,0.6577650,0.3047379,0.8028314,0.9155002,0.3604491,0.7253000,0.8451000,0.4763000,0.6728000,0.6817000,0.3709000,0.7064000,0.6123000,0.2808000,0.7150000,0.5586000,0.3907000,0.8018000,0.4631000,0.5188000,0.3182823,0.0000000,0.0000000},
{0.5825125,0.7873753,0.1535917,0.5978115,0.6551116,0.0822169,0.8677708,0.4490601,0.1271692,0.7887745,0.6576788,0.3046166,0.8028419,0.9156782,0.3604224,0.7248000,0.8456000,0.4756000,0.6724000,0.6821000,0.3705000,0.7062000,0.6126000,0.2806000,0.7147000,0.5590000,0.3906000,0.8014000,0.4638000,0.5190000,0.3182823,0.0000000,0.0000000},
{0.5832411,0.7884925,0.1521459,0.5982323,0.6560504,0.0810178,0.8679088,0.4491333,0.1271214,0.7882699,0.6575748,0.3044706,0.8028452,0.9157332,0.3604141,0.7242000,0.8462000,0.4748000,0.6722000,0.6825000,0.3700000,0.7060000,0.6129000,0.2804000,0.7144000,0.5596000,0.3906000,0.8010000,0.4645000,0.5192000,0.3182823,0.0000000,0.0000000},
{0.5839806,0.7895781,0.1506927,0.5986405,0.6569522,0.0798589,0.8682807,0.4493303,0.1269929,0.7877734,0.6574722,0.3043270,0.8028548,0.9158933,0.3603901,0.7235000,0.8467000,0.4741000,0.6718000,0.6828000,0.3696000,0.7058000,0.6132000,0.2802000,0.7142000,0.5601000,0.3905000,0.8005000,0.4651000,0.5194000,0.3182823,0.0000000,0.0000000},
{0.5846835,0.7905659,0.1493248,0.5990042,0.6577485,0.0788299,0.8688429,0.4496280,0.1267986,0.7874026,0.6573955,0.3042198,0.8028548,0.9158933,0.3603901,0.7227000,0.8472000,0.4733000,0.6715000,0.6831000,0.3691000,0.7056000,0.6133000,0.2799000,0.7139000,0.5605000,0.3904000,0.8000000,0.4659000,0.5196000,0.3182823,0.0000000,0.0000000},
{0.5854078,0.7915404,0.1479280,0.5993738,0.6585505,0.0777878,0.8688429,0.4496280,0.1267986,0.7864918,0.6572066,0.3039564,0.8028690,0.9161313,0.3603543,0.7218000,0.8476000,0.4726000,0.6711000,0.6833000,0.3686000,0.7054000,0.6135000,0.2797000,0.7137000,0.5609000,0.3903000,0.7996000,0.4666000,0.5198000,0.3182823,0.0000000,0.0000000},
{0.5860733,0.7923979,0.1466559,0.5996982,0.6592488,0.0768759,0.8688429,0.4496280,0.1267986,0.7859372,0.6570913,0.3037962,0.8028633,0.9160367,0.3603685,0.7210000,0.8481000,0.4719000,0.6708000,0.6835000,0.3681000,0.7052000,0.6137000,0.2795000,0.7134000,0.5614000,0.3901000,0.7991000,0.4673000,0.5200000,0.3182823,0.0000000,0.0000000},
{0.5868414,0.7933435,0.1452011,0.6000560,0.6600125,0.0758735,0.8690915,0.4497596,0.1267126,0.7854635,0.6569926,0.3036593,0.8028726,0.9161908,0.3603454,0.7201000,0.8485000,0.4712000,0.6704000,0.6838000,0.3676000,0.7050000,0.6138000,0.2793000,0.7131000,0.5618000,0.3901000,0.7986000,0.4680000,0.5202000,0.3182823,0.0000000,0.0000000},
{0.5877430,0.7943953,0.1435104,0.6004520,0.6608503,0.0747676,0.8690915,0.4497596,0.1267126,0.7843272,0.6567550,0.3033312,0.8028714,0.9161716,0.3603483,0.7191000,0.8489000,0.4706000,0.6700000,0.6840000,0.3671000,0.7048000,0.6139000,0.2790000,0.7128000,0.5622000,0.3899000,0.7981000,0.4686000,0.5204000,0.3182823,0.0000000,0.0000000},
{0.5885536,0.7952884,0.1420063,0.6008436,0.6616709,0.0736781,0.8690915,0.4497596,0.1267126,0.7836957,0.6566226,0.3031489,0.8028777,0.9162764,0.3603326,0.7181000,0.8492000,0.4701000,0.6697000,0.6842000,0.3667000,0.7046000,0.6140000,0.2788000,0.7125000,0.5625000,0.3898000,0.7976000,0.4692000,0.5206000,0.3182823,0.0000000,0.0000000}
};
