fitErrPi Mean = 0.383461
fitErrTh Mean = 0.427965
fitErrWr Mean = 0.479141
fitErrLA Mean = 0.433366
fitErrEl Mean = 0.239256
fitErrUA Mean = 0.251547
efPts = {
{0.7808027,0.7678626,-0.0743803,0.6795511,0.7754159,-0.0469402,0.8915237,0.8112299,0.1260649,0.8007737,0.9389130,0.2092064,0.8399392,0.8708380,0.3864262,0.6863000,0.8323000,0.4521000,0.6989000,0.7431000,0.3451000,0.7411000,0.6711000,0.3513000,0.7619000,0.6065000,0.3790000,0.8321000,0.5487000,0.4671000,0.6318237,0.8018196,-0.0622915},
{0.7792278,0.7662991,-0.0759523,0.6780928,0.7743308,-0.0485023,0.8909338,0.8092901,0.1262558,0.7997473,0.9369358,0.2100799,0.8394837,0.8698236,0.3868627,0.6839000,0.8323000,0.4517000,0.6965000,0.7426000,0.3448000,0.7393000,0.6709000,0.3510000,0.7601000,0.6065000,0.3789000,0.8297000,0.5489000,0.4674000,0.6295474,0.8003102,-0.0642348},
{0.7773917,0.7644738,-0.0777899,0.6765209,0.7731599,-0.0501902,0.8902235,0.8069460,0.1264861,0.7985961,0.9347048,0.2110665,0.8390274,0.8688041,0.3873016,0.6815000,0.8322000,0.4512000,0.6943000,0.7421000,0.3445000,0.7372000,0.6707000,0.3508000,0.7582000,0.6065000,0.3788000,0.8273000,0.5490000,0.4677000,0.6270508,0.7986524,-0.0663737},
{0.7753295,0.7624203,-0.0798602,0.6748865,0.7719411,-0.0519497,0.8894492,0.8043798,0.1267377,0.7973476,0.9322692,0.2121447,0.8385752,0.8677911,0.3877379,0.6792000,0.8320000,0.4507000,0.6920000,0.7415000,0.3444000,0.7354000,0.6705000,0.3506000,0.7560000,0.6063000,0.3788000,0.8250000,0.5492000,0.4681000,0.6242795,0.7968094,-0.0687572},
{0.7733641,0.7604598,-0.0818395,0.6729061,0.7704625,-0.0540876,0.8886206,0.8016208,0.1270075,0.7959943,0.9296100,0.2133231,0.8380252,0.8665544,0.3882709,0.6768000,0.8318000,0.4502000,0.6901000,0.7412000,0.3441000,0.7335000,0.6703000,0.3504000,0.7542000,0.6062000,0.3788000,0.8227000,0.5493000,0.4685000,0.6215732,0.7950069,-0.0710942},
{0.7708106,0.7579078,-0.0844201,0.6709071,0.7689681,-0.0562523,0.8876369,0.7983280,0.1273288,0.7944971,0.9266442,0.2146389,0.8374639,0.8652878,0.3888171,0.6744000,0.8316000,0.4498000,0.6880000,0.7407000,0.3437000,0.7314000,0.6700000,0.3502000,0.7520000,0.6059000,0.3788000,0.8205000,0.5494000,0.4688000,0.6183329,0.7928449,-0.0739047},
{0.7683907,0.7554841,-0.0868753,0.6686011,0.7672414,-0.0587581,0.8866891,0.7951372,0.1276392,0.7929611,0.9235752,0.2160022,0.8367981,0.8637791,0.3894682,0.6726000,0.8311000,0.4490000,0.6860000,0.7401000,0.3436000,0.7296000,0.6698000,0.3501000,0.7503000,0.6059000,0.3788000,0.8183000,0.5496000,0.4692000,0.6152061,0.7907547,-0.0766295},
{0.7658075,0.7528915,-0.0895064,0.6660217,0.7653069,-0.0615716,0.8855698,0.7913461,0.1280068,0.7913120,0.9202501,0.2174812,0.8361601,0.8623272,0.3900953,0.6701000,0.8309000,0.4486000,0.6844000,0.7406000,0.3431000,0.7275000,0.6694000,0.3500000,0.7481000,0.6057000,0.3789000,0.8161000,0.5498000,0.4696000,0.6117007,0.7884070,-0.0796992},
{0.7631407,0.7502087,-0.0922339,0.6634751,0.7633936,-0.0643606,0.8844396,0.7874925,0.1283793,0.7895773,0.9167180,0.2190544,0.8353810,0.8605454,0.3908655,0.6675000,0.8305000,0.4482000,0.6829000,0.7415000,0.3428000,0.7257000,0.6692000,0.3499000,0.7463000,0.6056000,0.3789000,0.8140000,0.5500000,0.4700000,0.6082651,0.7861013,-0.0827232},
{0.7600916,0.7471340,-0.0953664,0.6608430,0.7614125,-0.0672549,0.8831953,0.7832191,0.1287910,0.7877046,0.9128647,0.2207733,0.8345737,0.8586891,0.3916687,0.6649000,0.8301000,0.4478000,0.6806000,0.7409000,0.3426000,0.7240000,0.6690000,0.3496000,0.7445000,0.6055000,0.3791000,0.8119000,0.5502000,0.4704000,0.6044813,0.7835566,-0.0860715},
{0.7571725,0.7441827,-0.0983796,0.6580035,0.7592713,-0.0703906,0.8819704,0.7789805,0.1291977,0.7858034,0.9089090,0.2225406,0.8337383,0.8567572,0.3925054,0.6622000,0.8296000,0.4474000,0.6788000,0.7405000,0.3423000,0.7222000,0.6687000,0.3494000,0.7425000,0.6054000,0.3791000,0.8098000,0.5505000,0.4708000,0.6006522,0.7809757,-0.0894790},
{0.7539307,0.7408962,-0.1017422,0.6551705,0.7571307,-0.0735333,0.8806466,0.7743635,0.1296391,0.7837529,0.9045921,0.2244724,0.8328018,0.8545785,0.3934499,0.6596000,0.8291000,0.4470000,0.6764000,0.7396000,0.3421000,0.7204000,0.6684000,0.3492000,0.7408000,0.6054000,0.3792000,0.8077000,0.5507000,0.4713000,0.5969221,0.7784558,-0.0928171},
{0.7506508,0.7375617,-0.1051618,0.6522560,0.7549242,-0.0767811,0.8792349,0.7693978,0.1301119,0.7816924,0.9002000,0.2264411,0.8318920,0.8524481,0.3943746,0.6570000,0.8285000,0.4466000,0.6734000,0.7369000,0.3421000,0.7186000,0.6681000,0.3489000,0.7391000,0.6054000,0.3792000,0.8057000,0.5510000,0.4717000,0.5930741,0.7758504,-0.0962800},
{0.7472224,0.7340659,-0.1087555,0.6490266,0.7524740,-0.0803972,0.8778054,0.7643240,0.1305928,0.7795747,0.8956277,0.2284940,0.8308970,0.8501024,0.3953938,0.6544000,0.8279000,0.4462000,0.6709000,0.7352000,0.3424000,0.7170000,0.6679000,0.3487000,0.7371000,0.6052000,0.3793000,0.8036000,0.5513000,0.4721000,0.5891016,0.7731545,-0.0998757},
{0.7439551,0.7307245,-0.1121986,0.6457957,0.7500170,-0.0840336,0.8764003,0.7592910,0.1310678,0.7773716,0.8908069,0.2306625,0.8299206,0.8477848,0.3964020,0.6517000,0.8272000,0.4459000,0.6693000,0.7357000,0.3420000,0.7152000,0.6677000,0.3486000,0.7354000,0.6052000,0.3793000,0.8016000,0.5516000,0.4726000,0.5850178,0.7703763,-0.1035944},
{0.7404585,0.7271378,-0.1159034,0.6426985,0.7476564,-0.0875370,0.8748672,0.7537470,0.1315886,0.7751725,0.8859275,0.2328612,0.8288550,0.8452369,0.3975117,0.6490000,0.8264000,0.4456000,0.6673000,0.7355000,0.3419000,0.7133000,0.6673000,0.3485000,0.7337000,0.6052000,0.3794000,0.7996000,0.5519000,0.4730000,0.5809338,0.7675911,-0.1073360},
{0.7371687,0.7237530,-0.1194081,0.6394070,0.7451421,-0.0912790,0.8733521,0.7482122,0.1321061,0.7728888,0.8807870,0.2351818,0.8277388,0.8425469,0.3986849,0.6463000,0.8257000,0.4453000,0.6649000,0.7343000,0.3417000,0.7118000,0.6672000,0.3483000,0.7317000,0.6051000,0.3795000,0.7975000,0.5522000,0.4734000,0.5769321,0.7648554,-0.1110244},
{0.7336062,0.7200764,-0.1232241,0.6360373,0.7425620,-0.0951302,0.8718355,0.7426153,0.1326268,0.7706852,0.8757534,0.2374583,0.8266947,0.8400108,0.3997923,0.6434000,0.8249000,0.4449000,0.6625000,0.7327000,0.3414000,0.7103000,0.6671000,0.3481000,0.7300000,0.6051000,0.3795000,0.7955000,0.5525000,0.4737000,0.5726904,0.7619482,-0.1149581},
{0.7300432,0.7163873,-0.1270629,0.6327455,0.7400354,-0.0989125,0.8703212,0.7369686,0.1331497,0.7684704,0.8706197,0.2397843,0.8256022,0.8373364,0.4009616,0.6406000,0.8241000,0.4446000,0.6601000,0.7319000,0.3411000,0.7086000,0.6670000,0.3478000,0.7282000,0.6051000,0.3796000,0.7935000,0.5528000,0.4742000,0.5685023,0.7590703,-0.1188670},
{0.7267567,0.7129738,-0.1306235,0.6294135,0.7374718,-0.1027613,0.8688853,0.7315592,0.1336481,0.7662616,0.8654226,0.2421433,0.8244468,0.8344842,0.4022102,0.6377000,0.8233000,0.4443000,0.6578000,0.7307000,0.3408000,0.7070000,0.6668000,0.3476000,0.7266000,0.6050000,0.3796000,0.7915000,0.5532000,0.4745000,0.5644500,0.7562786,-0.1226725},
{0.7234369,0.7095154,-0.1342395,0.6261141,0.7349273,-0.1065927,0.8673419,0.7256833,0.1341869,0.7641445,0.8603663,0.2444424,0.8234195,0.8319278,0.4033309,0.6349000,0.8224000,0.4440000,0.6551000,0.7291000,0.3407000,0.7054000,0.6665000,0.3473000,0.7247000,0.6049000,0.3796000,0.7894000,0.5535000,0.4748000,0.5605293,0.7535708,-0.1263767},
{0.7202092,0.7061427,-0.1377741,0.6225492,0.7321711,-0.1107553,0.8658695,0.7200164,0.1347039,0.7619928,0.8551496,0.2468187,0.8223139,0.8291541,0.4045483,0.6321000,0.8214000,0.4439000,0.6536000,0.7299000,0.3404000,0.7036000,0.6663000,0.3471000,0.7229000,0.6048000,0.3796000,0.7874000,0.5538000,0.4751000,0.5564040,0.7507146,-0.1302982},
{0.7168972,0.7026714,-0.1414207,0.6192743,0.7296328,-0.1146003,0.8644468,0.7144823,0.1352063,0.7599544,0.8501326,0.2491080,0.8212847,0.8265509,0.4056923,0.6293000,0.8205000,0.4437000,0.6513000,0.7282000,0.3408000,0.7019000,0.6660000,0.3469000,0.7214000,0.6047000,0.3796000,0.7854000,0.5541000,0.4755000,0.5526104,0.7480814,-0.1339261},
{0.7136887,0.6992982,-0.1449723,0.6158230,0.7269510,-0.1186746,0.8631009,0.7091925,0.1356842,0.7579436,0.8451097,0.2514039,0.8202190,0.8238337,0.4068879,0.6263000,0.8199000,0.4438000,0.6490000,0.7269000,0.3408000,0.7003000,0.6657000,0.3467000,0.7198000,0.6047000,0.3796000,0.7835000,0.5545000,0.4758000,0.5488623,0.7454734,-0.1375314},
{0.7108860,0.6963434,-0.1480903,0.6127620,0.7245668,-0.1223072,0.8616455,0.7034113,0.1362041,0.7559892,0.8401548,0.2536723,0.8191346,0.8210455,0.4081164,0.6236000,0.8187000,0.4436000,0.6469000,0.7261000,0.3405000,0.6987000,0.6655000,0.3465000,0.7179000,0.6044000,0.3797000,0.7816000,0.5548000,0.4761000,0.5449554,0.7427483,-0.1413115},
{0.7081377,0.6934383,-0.1511618,0.6098155,0.7222666,-0.1258211,0.8603434,0.6981832,0.1366719,0.7541010,0.8352969,0.2559000,0.8181014,0.8183669,0.4092980,0.6207000,0.8177000,0.4433000,0.6451000,0.7258000,0.3398000,0.6971000,0.6652000,0.3464000,0.7163000,0.6043000,0.3796000,0.7796000,0.5551000,0.4764000,0.5415075,0.7403376,-0.1446665},
{0.7049437,0.6900524,-0.1547493,0.6068489,0.7199455,-0.1293761,0.8590477,0.6929277,0.1371400,0.7523061,0.8306125,0.2580514,0.8170993,0.8157475,0.4104549,0.6180000,0.8167000,0.4430000,0.6426000,0.7238000,0.3400000,0.6955000,0.6649000,0.3461000,0.7147000,0.6041000,0.3796000,0.7778000,0.5553000,0.4767000,0.5380805,0.7379362,-0.1480191},
{0.7021691,0.6871027,-0.1578815,0.6041049,0.7177940,-0.1326798,0.8577578,0.6876408,0.1376087,0.7504978,0.8258248,0.2602537,0.8161096,0.8131399,0.4116079,0.6156000,0.8153000,0.4427000,0.6406000,0.7232000,0.3395000,0.6939000,0.6645000,0.3458000,0.7132000,0.6040000,0.3796000,0.7761000,0.5557000,0.4770000,0.5346421,0.7355213,-0.1514007},
{0.6994249,0.6841775,-0.1609938,0.6014676,0.7157219,-0.1358691,0.8565380,0.6825897,0.1380545,0.7488604,0.8214285,0.2622789,0.8152369,0.8108232,0.4126335,0.6125000,0.8148000,0.4426000,0.6386000,0.7223000,0.3392000,0.6924000,0.6642000,0.3456000,0.7118000,0.6039000,0.3796000,0.7743000,0.5559000,0.4773000,0.5314200,0.7332532,-0.1545864},
{0.6969067,0.6814863,-0.1638626,0.5987926,0.7136158,-0.1391183,0.8553753,0.6777273,0.1384817,0.7472528,0.8170536,0.2642970,0.8143247,0.8083835,0.4137147,0.6103000,0.8134000,0.4421000,0.6366000,0.7212000,0.3390000,0.6909000,0.6639000,0.3454000,0.7104000,0.6037000,0.3795000,0.7727000,0.5561000,0.4775000,0.5284603,0.7311656,-0.1575268},
{0.6942003,0.6785866,-0.1669595,0.5960652,0.7114641,-0.1424459,0.8542755,0.6730834,0.1388881,0.7456999,0.8127709,0.2662752,0.8134288,0.8059698,0.4147855,0.6079000,0.8123000,0.4418000,0.6349000,0.7197000,0.3391000,0.6895000,0.6636000,0.3453000,0.7091000,0.6035000,0.3795000,0.7711000,0.5562000,0.4778000,0.5257070,0.7292199,-0.1602745},
{0.6917479,0.6759523,-0.1697783,0.5932746,0.7092577,-0.1458664,0.8532163,0.6685692,0.1392814,0.7442476,0.8087130,0.2681521,0.8125691,0.8036362,0.4158218,0.6053000,0.8115000,0.4417000,0.6330000,0.7185000,0.3392000,0.6881000,0.6632000,0.3452000,0.7078000,0.6033000,0.3795000,0.7696000,0.5564000,0.4780000,0.5227892,0.7271539,-0.1631995},
{0.6895302,0.6735645,-0.1723375,0.5910803,0.7075195,-0.1485671,0.8521074,0.6637982,0.1396954,0.7429171,0.8049498,0.2698947,0.8117450,0.8013832,0.4168234,0.6033000,0.8102000,0.4415000,0.6313000,0.7177000,0.3389000,0.6868000,0.6629000,0.3450000,0.7065000,0.6032000,0.3795000,0.7682000,0.5565000,0.4782000,0.5200907,0.7252395,-0.1659169},
{0.6869394,0.6707684,-0.1753398,0.5886053,0.7055553,-0.1516253,0.8511112,0.6594718,0.1400693,0.7415235,0.8009593,0.2717449,0.8110334,0.7994250,0.4176948,0.6013000,0.8091000,0.4413000,0.6299000,0.7171000,0.3390000,0.6855000,0.6626000,0.3448000,0.7053000,0.6029000,0.3794000,0.7668000,0.5566000,0.4784000,0.5175021,0.7233997,-0.1685348},
{0.6850151,0.6686869,-0.1775785,0.5863157,0.7037347,-0.1544659,0.8502416,0.6556627,0.1403974,0.7403809,0.7976494,0.2732811,0.8102417,0.7972323,0.4186713,0.5993000,0.8082000,0.4411000,0.6282000,0.7159000,0.3388000,0.6844000,0.6622000,0.3446000,0.7043000,0.6027000,0.3793000,0.7656000,0.5567000,0.4785000,0.5146537,0.7213714,-0.1714279},
{0.6826927,0.6661692,-0.1802904,0.5839931,0.7018846,-0.1573585,0.8493385,0.6516751,0.1407395,0.7391750,0.7941178,0.2749220,0.8096224,0.7955065,0.4194406,0.5975000,0.8072000,0.4408000,0.6266000,0.7153000,0.3387000,0.6831000,0.6617000,0.3444000,0.7034000,0.6026000,0.3792000,0.7644000,0.5567000,0.4787000,0.5122558,0.7196608,-0.1738739},
{0.6805831,0.6638773,-0.1827633,0.5814280,0.6998373,-0.1605665,0.8485720,0.6482637,0.1410313,0.7381612,0.7911173,0.2763175,0.8090257,0.7938347,0.4201864,0.5958000,0.8064000,0.4405000,0.6251000,0.7142000,0.3385000,0.6820000,0.6612000,0.3441000,0.7024000,0.6022000,0.3792000,0.7634000,0.5567000,0.4787000,0.5095375,0.7177182,-0.1766582},
{0.6783310,0.6614249,-0.1854135,0.5790147,0.6979073,-0.1635975,0.8477315,0.6444942,0.1413526,0.7370757,0.7878717,0.2778284,0.8083834,0.7920255,0.4209940,0.5942000,0.8056000,0.4401000,0.6240000,0.7135000,0.3383000,0.6808000,0.6607000,0.3440000,0.7013000,0.6018000,0.3792000,0.7624000,0.5567000,0.4788000,0.5071381,0.7160003,-0.1791262},
{0.6764606,0.6593837,-0.1876227,0.5764383,0.6958426,-0.1668472,0.8469408,0.6409203,0.1416563,0.7361326,0.7850239,0.2791554,0.8078571,0.7905350,0.4216599,0.5927000,0.8049000,0.4396000,0.6227000,0.7128000,0.3380000,0.6797000,0.6603000,0.3437000,0.7006000,0.6015000,0.3789000,0.7616000,0.5566000,0.4787000,0.5043518,0.7140017,-0.1820044},
{0.6742752,0.6569939,-0.1902131,0.5735401,0.6935149,-0.1705201,0.8462158,0.6376191,0.1419359,0.7351498,0.7820276,0.2805528,0.8072795,0.7888913,0.4223947,0.5914000,0.8041000,0.4392000,0.6217000,0.7118000,0.3380000,0.6791000,0.6600000,0.3434000,0.6994000,0.6007000,0.3788000,0.7608000,0.5565000,0.4787000,0.5018064,0.7121724,-0.1846454},
{0.6722423,0.6547660,-0.1926319,0.5702136,0.6908363,-0.1747585,0.8455472,0.6345537,0.1421948,0.7342573,0.7792805,0.2818350,0.8067909,0.7874939,0.4230198,0.5902000,0.8034000,0.4389000,0.6206000,0.7101000,0.3384000,0.6781000,0.6593000,0.3432000,0.6990000,0.6006000,0.3786000,0.7601000,0.5564000,0.4786000,0.4991122,0.7102325,-0.1874530},
{0.6704326,0.6527786,-0.1947925,0.5669404,0.6881934,-0.1789531,0.8449409,0.6317561,0.1424304,0.7333881,0.7765807,0.2830961,0.8063134,0.7861226,0.4236336,0.5891000,0.8027000,0.4386000,0.6206000,0.7101000,0.3384000,0.6773000,0.6588000,0.3430000,0.6985000,0.6003000,0.3785000,0.7595000,0.5562000,0.4785000,0.4965717,0.7083998,-0.1901120},
{0.6681545,0.6502715,-0.1975224,0.5636214,0.6855061,-0.1832311,0.8444179,0.6293289,0.1426343,0.7326351,0.7742218,0.2841989,0.8058047,0.7846547,0.4242910,0.5881000,0.8019000,0.4383000,0.6198000,0.7093000,0.3381000,0.6770000,0.6586000,0.3426000,0.6979000,0.5999000,0.3782000,0.7589000,0.5560000,0.4783000,0.4940374,0.7065680,-0.1927760},
{0.6661963,0.6481115,-0.1998781,0.5623331,0.6844610,-0.1848984,0.8439291,0.6270490,0.1428255,0.7319410,0.7720309,0.2852238,0.8053924,0.7834601,0.4248263,0.5872000,0.8012000,0.4381000,0.6191000,0.7084000,0.3377000,0.6764000,0.6582000,0.3423000,0.6976000,0.5996000,0.3780000,0.7586000,0.5559000,0.4782000,0.4918090,0.7049545,-0.1951278},
{0.6649814,0.6467691,-0.2013438,0.5617313,0.6839724,-0.1856785,0.8434005,0.6245700,0.1430329,0.7313921,0.7702867,0.2860402,0.8049630,0.7822110,0.4253863,0.5863000,0.8004000,0.4379000,0.6184000,0.7075000,0.3374000,0.6761000,0.6579000,0.3421000,0.6970000,0.5991000,0.3778000,0.7583000,0.5557000,0.4781000,0.4902605,0.7038318,-0.1967672},
{0.6645648,0.6463085,-0.2018471,0.5615951,0.6838618,-0.1858552,0.8430689,0.6230082,0.1431633,0.7308674,0.7686098,0.2868255,0.8046793,0.7813828,0.4257578,0.5856000,0.7996000,0.4379000,0.6176000,0.7066000,0.3371000,0.6758000,0.6575000,0.3419000,0.6969000,0.5987000,0.3777000,0.7581000,0.5555000,0.4780000,0.4896338,0.7033769,-0.1974320},
{0.6641523,0.6458521,-0.2023459,0.5615951,0.6838618,-0.1858552,0.8428191,0.6218274,0.1432618,0.7304984,0.7674243,0.2873809,0.8043533,0.7804285,0.4261860,0.5849000,0.7989000,0.4380000,0.6169000,0.7057000,0.3368000,0.6756000,0.6570000,0.3418000,0.6968000,0.5984000,0.3775000,0.7580000,0.5552000,0.4778000,0.4896056,0.7033565,-0.1974620},
{0.6638666,0.6455358,-0.2026916,0.5615951,0.6838618,-0.1858552,0.8428191,0.6218274,0.1432618,0.7303415,0.7669192,0.2876176,0.8042083,0.7800033,0.4263769,0.5844000,0.7982000,0.4379000,0.6169000,0.7057000,0.3368000,0.6754000,0.6566000,0.3417000,0.6969000,0.5981000,0.3773000,0.7581000,0.5550000,0.4777000,0.4896056,0.7033565,-0.1974620},
{0.6638666,0.6455358,-0.2026916,0.5613591,0.6836700,-0.1861614,0.8428894,0.6221600,0.1432341,0.7304328,0.7672133,0.2874797,0.8042083,0.7800033,0.4263769,0.5841000,0.7976000,0.4377000,0.6165000,0.7051000,0.3364000,0.6753000,0.6561000,0.3415000,0.6969000,0.5977000,0.3771000,0.7583000,0.5547000,0.4775000,0.4896056,0.7033565,-0.1974620},
{0.6638666,0.6455358,-0.2026916,0.5613591,0.6836700,-0.1861614,0.8429163,0.6222873,0.1432235,0.7307507,0.7682355,0.2870008,0.8042210,0.7800407,0.4263601,0.5839000,0.7973000,0.4374000,0.6162000,0.7042000,0.3363000,0.6752000,0.6556000,0.3414000,0.6970000,0.5971000,0.3770000,0.7584000,0.5543000,0.4773000,0.4896670,0.7034011,-0.1973968},
{0.6638405,0.6455070,-0.2027231,0.5613591,0.6836700,-0.1861614,0.8429163,0.6222873,0.1432235,0.7311795,0.7696083,0.2863579,0.8043959,0.7805536,0.4261298,0.5839000,0.7972000,0.4371000,0.6161000,0.7040000,0.3361000,0.6752000,0.6551000,0.3412000,0.6972000,0.5966000,0.3768000,0.7586000,0.5539000,0.4771000,0.4897527,0.7034633,-0.1973058},
{0.6635838,0.6452228,-0.2030338,0.5613093,0.6836296,-0.1862260,0.8429163,0.6222873,0.1432235,0.7314174,0.7703673,0.2860024,0.8045680,0.7810576,0.4259037,0.5841000,0.7973000,0.4369000,0.6164000,0.7042000,0.3361000,0.6756000,0.6551000,0.3409000,0.6974000,0.5963000,0.3766000,0.7589000,0.5535000,0.4769000,0.4897527,0.7034633,-0.1973058},
{0.6635838,0.6452228,-0.2030338,0.5613093,0.6836296,-0.1862260,0.8429163,0.6222873,0.1432235,0.7315091,0.7706595,0.2858657,0.8046972,0.7814353,0.4257342,0.5845000,0.7975000,0.4368000,0.6166000,0.7042000,0.3360000,0.6753000,0.6543000,0.3410000,0.6976000,0.5958000,0.3765000,0.7591000,0.5531000,0.4766000,0.4900546,0.7036823,-0.1969856},
{0.6635838,0.6452228,-0.2030338,0.5613093,0.6836296,-0.1862260,0.8429163,0.6222873,0.1432235,0.7314264,0.7703959,0.2859891,0.8048167,0.7817843,0.4255777,0.5849000,0.7977000,0.4368000,0.6168000,0.7041000,0.3360000,0.6753000,0.6540000,0.3410000,0.6979000,0.5954000,0.3763000,0.7595000,0.5527000,0.4764000,0.4904286,0.7039537,-0.1965891}
};
