fitErrPi Mean = 0.318282
fitErrTh Mean = 0.017268
fitErrWr Mean = 0.0183541
fitErrLA Mean = 0.0253505
fitErrEl Mean = 0.0242085
fitErrUA Mean = 0.076153
efPts = {
{0.7675382,0.3843669,0.2408131,0.7802249,0.3222465,0.2456906,0.6900084,0.4925371,0.2727058,1.1133791,0.9323494,0.3195500,0.8931871,0.6765138,0.5023003,0.7459000,0.7281000,0.5434000,0.7666000,0.5793000,0.4189000,0.7671000,0.5789000,0.2913000,0.8236000,0.5151000,0.3881000,0.9503000,0.4308000,0.4662000,0.3182823,0.0000000,0.0000000},
{0.7676666,0.3841976,0.2407289,0.7802735,0.3221939,0.2456564,0.6900084,0.4925371,0.2727058,0.6278848,0.6108213,0.2887901,0.6539957,0.6993171,0.3910995,0.7460000,0.7282000,0.5431000,0.7666000,0.5794000,0.4187000,0.7671000,0.5785000,0.2912000,0.8230000,0.5149000,0.3883000,0.9495000,0.4304000,0.4667000,0.3182823,0.0000000,0.0000000},
{0.7677613,0.3840729,0.2406668,0.7803162,0.3221477,0.2456264,0.6900226,0.4925106,0.2727097,0.6278252,0.6110768,0.2886515,0.6541308,0.6994623,0.3910816,0.7459000,0.7283000,0.5428000,0.7665000,0.5794000,0.4185000,0.7672000,0.5781000,0.2910000,0.8225000,0.5148000,0.3884000,0.9489000,0.4301000,0.4671000,0.3182823,0.0000000,0.0000000},
{0.7677387,0.3841027,0.2406816,0.7802806,0.3221863,0.2456514,0.6899798,0.4925904,0.2726980,0.6277501,0.6114003,0.2884762,0.6543085,0.6996533,0.3910580,0.7458000,0.7285000,0.5424000,0.7664000,0.5795000,0.4183000,0.7672000,0.5777000,0.2908000,0.8223000,0.5148000,0.3884000,0.9482000,0.4298000,0.4675000,0.3182823,0.0000000,0.0000000},
{0.7677387,0.3841027,0.2406816,0.7801249,0.3223549,0.2457608,0.6898295,0.4928713,0.2726569,0.6276421,0.6118686,0.2882228,0.6544572,0.6998129,0.3910383,0.7456000,0.7286000,0.5419000,0.7663000,0.5795000,0.4180000,0.7673000,0.5773000,0.2906000,0.8221000,0.5148000,0.3884000,0.9476000,0.4295000,0.4679000,0.3182823,0.0000000,0.0000000},
{0.7676373,0.3842362,0.2407482,0.7798645,0.3226372,0.2459434,0.6897133,0.4930888,0.2726250,0.6275455,0.6122909,0.2879945,0.6546367,0.7000054,0.3910147,0.7454000,0.7288000,0.5413000,0.7661000,0.5796000,0.4176000,0.7673000,0.5769000,0.2904000,0.8216000,0.5146000,0.3884000,0.9471000,0.4293000,0.4682000,0.3182823,0.0000000,0.0000000},
{0.7674463,0.3844879,0.2408732,0.7794121,0.3231284,0.2462596,0.6896048,0.4932923,0.2725952,0.6274128,0.6128765,0.2876784,0.6547980,0.7001785,0.3909935,0.7451000,0.7289000,0.5407000,0.7659000,0.5796000,0.4172000,0.7674000,0.5765000,0.2903000,0.8212000,0.5145000,0.3883000,0.9466000,0.4290000,0.4685000,0.3182823,0.0000000,0.0000000},
{0.7672408,0.3847591,0.2410075,0.7787978,0.3237969,0.2466870,0.6894026,0.4936718,0.2725394,0.6272656,0.6135326,0.2873248,0.6549141,0.7003028,0.3909782,0.7448000,0.7290000,0.5401000,0.7657000,0.5797000,0.4168000,0.7674000,0.5761000,0.2901000,0.8211000,0.5145000,0.3882000,0.9462000,0.4289000,0.4688000,0.3182823,0.0000000,0.0000000},
{0.7668811,0.3852343,0.2412419,0.7780747,0.3245860,0.2471871,0.6891478,0.4941514,0.2724688,0.6270981,0.6142897,0.2869175,0.6550138,0.7004096,0.3909652,0.7444000,0.7291000,0.5395000,0.7654000,0.5797000,0.4163000,0.7675000,0.5757000,0.2899000,0.8209000,0.5144000,0.3880000,0.9459000,0.4287000,0.4690000,0.3182823,0.0000000,0.0000000},
{0.7665122,0.3857226,0.2414812,0.7771493,0.3255993,0.2478224,0.6888343,0.4947435,0.2723813,0.6269112,0.6151466,0.2864576,0.6551810,0.7005886,0.3909433,0.7440000,0.7292000,0.5389000,0.7652000,0.5797000,0.4159000,0.7676000,0.5753000,0.2897000,0.8207000,0.5143000,0.3877000,0.9455000,0.4286000,0.4692000,0.3182823,0.0000000,0.0000000},
{0.7660768,0.3863001,0.2417625,0.7761547,0.3266927,0.2484992,0.6884357,0.4954992,0.2722693,0.6267148,0.6160617,0.2859677,0.6552788,0.7006933,0.3909306,0.7436000,0.7293000,0.5383000,0.7650000,0.5798000,0.4153000,0.7676000,0.5749000,0.2895000,0.8203000,0.5141000,0.3875000,0.9452000,0.4285000,0.4693000,0.3182823,0.0000000,0.0000000},
{0.7655554,0.3869934,0.2420976,0.7750731,0.3278868,0.2492282,0.6879979,0.4963334,0.2721452,0.6265057,0.6170534,0.2854381,0.6554097,0.7008333,0.3909135,0.7431000,0.7294000,0.5378000,0.7645000,0.5799000,0.4149000,0.7677000,0.5745000,0.2894000,0.8200000,0.5140000,0.3873000,0.9449000,0.4284000,0.4694000,0.3182823,0.0000000,0.0000000},
{0.7649600,0.3877873,0.2424779,0.7739103,0.3291764,0.2500040,0.6875547,0.4971822,0.2720183,0.6262669,0.6182092,0.2848227,0.6556561,0.7010967,0.3908815,0.7427000,0.7296000,0.5372000,0.7641000,0.5801000,0.4143000,0.7677000,0.5741000,0.2892000,0.8198000,0.5141000,0.3869000,0.9445000,0.4284000,0.4695000,0.3182823,0.0000000,0.0000000},
{0.7643749,0.3885700,0.2428491,0.7727646,0.3304530,0.2507602,0.6870826,0.4980910,0.2718818,0.6260327,0.6193681,0.2842074,0.6558306,0.7012830,0.3908590,0.7423000,0.7298000,0.5367000,0.7637000,0.5803000,0.4137000,0.7678000,0.5737000,0.2890000,0.8195000,0.5141000,0.3866000,0.9441000,0.4283000,0.4696000,0.3182823,0.0000000,0.0000000},
{0.7637764,0.3893727,0.2432263,0.7715250,0.3318408,0.2515694,0.6865591,0.4991047,0.2717289,0.6258051,0.6205194,0.2835982,0.6560805,0.7015496,0.3908268,0.7418000,0.7300000,0.5361000,0.7632000,0.5805000,0.4133000,0.7678000,0.5733000,0.2888000,0.8192000,0.5142000,0.3864000,0.9437000,0.4284000,0.4697000,0.3182823,0.0000000,0.0000000},
{0.7630265,0.3903822,0.2436954,0.7702550,0.3332698,0.2523886,0.6860379,0.5001200,0.2715749,0.6255698,0.6217382,0.2829553,0.6562892,0.7017721,0.3908000,0.7414000,0.7303000,0.5355000,0.7627000,0.5808000,0.4128000,0.7679000,0.5729000,0.2886000,0.8188000,0.5143000,0.3861000,0.9432000,0.4284000,0.4699000,0.3182823,0.0000000,0.0000000},
{0.7623102,0.3913499,0.2441397,0.7689024,0.3347996,0.2532502,0.6854418,0.5012889,0.2713967,0.6253179,0.6230766,0.2822516,0.6565619,0.7020625,0.3907651,0.7410000,0.7306000,0.5350000,0.7622000,0.5811000,0.4123000,0.7679000,0.5725000,0.2884000,0.8182000,0.5144000,0.3859000,0.9426000,0.4285000,0.4701000,0.3182823,0.0000000,0.0000000},
{0.7614916,0.3924601,0.2446429,0.7675792,0.3363041,0.2540823,0.6848520,0.5024537,0.2712181,0.6250469,0.6245584,0.2814754,0.6569126,0.7024356,0.3907205,0.7406000,0.7310000,0.5344000,0.7617000,0.5816000,0.4118000,0.7680000,0.5721000,0.2883000,0.8177000,0.5145000,0.3857000,0.9419000,0.4286000,0.4703000,0.3182823,0.0000000,0.0000000},
{0.7606159,0.3936528,0.2451760,0.7663382,0.3377222,0.2548529,0.6841962,0.5037582,0.2710168,0.6247828,0.6260474,0.2806985,0.6573391,0.7028886,0.3906666,0.7402000,0.7314000,0.5337000,0.7613000,0.5823000,0.4112000,0.7681000,0.5716000,0.2881000,0.8172000,0.5148000,0.3855000,0.9412000,0.4287000,0.4706000,0.3182823,0.0000000,0.0000000},
{0.7597109,0.3948908,0.2457212,0.7650041,0.3392544,0.2556711,0.6834918,0.5051709,0.2707976,0.6244894,0.6277592,0.2798090,0.6577610,0.7033359,0.3906137,0.7398000,0.7320000,0.5330000,0.7605000,0.5826000,0.4107000,0.7681000,0.5712000,0.2879000,0.8166000,0.5150000,0.3854000,0.9405000,0.4289000,0.4710000,0.3182823,0.0000000,0.0000000},
{0.7586841,0.3963021,0.2463326,0.7636413,0.3408275,0.2564956,0.6826873,0.5067993,0.2705430,0.6241866,0.6295961,0.2788590,0.6582835,0.7038889,0.3905487,0.7394000,0.7326000,0.5323000,0.7598000,0.5833000,0.4101000,0.7682000,0.5708000,0.2877000,0.8161000,0.5154000,0.3853000,0.9397000,0.4292000,0.4713000,0.3182823,0.0000000,0.0000000},
{0.7575172,0.3979148,0.2470184,0.7621880,0.3425142,0.2573625,0.6818636,0.5084830,0.2702778,0.6238633,0.6316443,0.2778049,0.6589087,0.7045491,0.3904716,0.7391000,0.7333000,0.5315000,0.7592000,0.5841000,0.4095000,0.7682000,0.5704000,0.2875000,0.8154000,0.5156000,0.3852000,0.9390000,0.4295000,0.4718000,0.3182823,0.0000000,0.0000000},
{0.7562682,0.3996513,0.2477417,0.7605564,0.3444190,0.2583205,0.6808984,0.5104779,0.2699609,0.6235302,0.6338631,0.2766693,0.6595873,0.7052640,0.3903889,0.7387000,0.7341000,0.5307000,0.7585000,0.5848000,0.4090000,0.7683000,0.5700000,0.2874000,0.8146000,0.5158000,0.3853000,0.9382000,0.4298000,0.4722000,0.3182823,0.0000000,0.0000000},
{0.7548506,0.4016349,0.2485490,0.7587954,0.3464879,0.2593364,0.6798252,0.5127241,0.2696008,0.6231797,0.6363345,0.2754119,0.6604047,0.7061225,0.3902905,0.7384000,0.7350000,0.5298000,0.7577000,0.5857000,0.4084000,0.7683000,0.5696000,0.2872000,0.8139000,0.5162000,0.3852000,0.9374000,0.4303000,0.4727000,0.3182823,0.0000000,0.0000000},
{0.7532909,0.4038334,0.2494207,0.7568505,0.3487888,0.2604367,0.6786544,0.5152097,0.2691983,0.6228051,0.6391598,0.2739839,0.6612887,0.7070480,0.3901857,0.7380000,0.7360000,0.5290000,0.7566000,0.5865000,0.4079000,0.7684000,0.5692000,0.2870000,0.8132000,0.5165000,0.3852000,0.9365000,0.4307000,0.4732000,0.3182823,0.0000000,0.0000000},
{0.7516265,0.4061977,0.2503315,0.7548322,0.3511940,0.2615543,0.6774262,0.5178574,0.2687649,0.6224315,0.6422122,0.2724526,0.6622216,0.7080213,0.3900768,0.7375000,0.7370000,0.5282000,0.7556000,0.5874000,0.4075000,0.7684000,0.5688000,0.2868000,0.8127000,0.5171000,0.3851000,0.9356000,0.4312000,0.4736000,0.3182823,0.0000000,0.0000000},
{0.7498072,0.4088038,0.2513043,0.7526607,0.3538019,0.2627295,0.6760970,0.5207708,0.2682826,0.6220587,0.6455528,0.2707900,0.6633518,0.7091958,0.3899472,0.7371000,0.7382000,0.5273000,0.7547000,0.5884000,0.4070000,0.7685000,0.5684000,0.2866000,0.8119000,0.5175000,0.3851000,0.9346000,0.4316000,0.4741000,0.3182823,0.0000000,0.0000000},
{0.7479207,0.4115302,0.2522878,0.7504820,0.3564392,0.2638801,0.6746860,0.5239202,0.2677549,0.6217078,0.6490576,0.2690603,0.6644759,0.7103591,0.3898208,0.7368000,0.7394000,0.5265000,0.7537000,0.5896000,0.4065000,0.7686000,0.5680000,0.2865000,0.8111000,0.5180000,0.3851000,0.9336000,0.4320000,0.4746000,0.3182823,0.0000000,0.0000000},
{0.7459336,0.4144285,0.2532958,0.7481499,0.3592851,0.2650801,0.6732244,0.5272467,0.2671905,0.6213791,0.6527824,0.2672382,0.6657511,0.7116728,0.3896805,0.7364000,0.7407000,0.5257000,0.7529000,0.5908000,0.4059000,0.7686000,0.5676000,0.2863000,0.8103000,0.5186000,0.3850000,0.9326000,0.4325000,0.4752000,0.3182823,0.0000000,0.0000000},
{0.7438282,0.4175295,0.2543325,0.7458075,0.3621678,0.2662526,0.6716657,0.5308688,0.2665680,0.6210869,0.6566249,0.2653758,0.6671703,0.7131275,0.3895280,0.7362000,0.7421000,0.5248000,0.7519000,0.5921000,0.4054000,0.7687000,0.5672000,0.2861000,0.8095000,0.5191000,0.3850000,0.9314000,0.4330000,0.4757000,0.3182823,0.0000000,0.0000000},
{0.7416641,0.4207489,0.2553642,0.7432299,0.3653675,0.2675046,0.6700730,0.5346537,0.2659088,0.6208284,0.6606999,0.2634194,0.6685779,0.7145629,0.3893806,0.7360000,0.7436000,0.5239000,0.7511000,0.5934000,0.4048000,0.7687000,0.5668000,0.2859000,0.8087000,0.5198000,0.3850000,0.9302000,0.4334000,0.4763000,0.3182823,0.0000000,0.0000000},
{0.7393371,0.4242474,0.2564352,0.7405390,0.3687390,0.2687691,0.6684309,0.5386489,0.2652033,0.6206072,0.6651063,0.2613252,0.6701885,0.7161962,0.3892166,0.7358000,0.7452000,0.5231000,0.7501000,0.5949000,0.4042000,0.7688000,0.5664000,0.2857000,0.8079000,0.5204000,0.3850000,0.9290000,0.4339000,0.4769000,0.3182823,0.0000000,0.0000000},
{0.7369913,0.4278127,0.2574743,0.7377617,0.3722520,0.2700285,0.6668959,0.5424736,0.2645190,0.6204395,0.6697160,0.2591578,0.6717469,0.7177675,0.3890625,0.7356000,0.7470000,0.5222000,0.7493000,0.5965000,0.4037000,0.7688000,0.5660000,0.2855000,0.8070000,0.5211000,0.3851000,0.9279000,0.4346000,0.4777000,0.3182823,0.0000000,0.0000000},
{0.7345009,0.4316405,0.2585325,0.7348923,0.3759172,0.2712809,0.6650255,0.5472584,0.2636508,0.6203337,0.6744794,0.2569428,0.6730892,0.7191139,0.3889334,0.7354000,0.7489000,0.5213000,0.7483000,0.5982000,0.4031000,0.7689000,0.5656000,0.2854000,0.8061000,0.5218000,0.3852000,0.9265000,0.4351000,0.4783000,0.3182823,0.0000000,0.0000000},
{0.7319237,0.4356485,0.2595785,0.7318116,0.3798925,0.2725701,0.6632358,0.5519726,0.2627824,0.6202952,0.6793608,0.2546984,0.6754235,0.7214400,0.3887167,0.7353000,0.7509000,0.5203000,0.7473000,0.6001000,0.4025000,0.7689000,0.5652000,0.2852000,0.8053000,0.5225000,0.3853000,0.9252000,0.4356000,0.4790000,0.3182823,0.0000000,0.0000000},
{0.7292349,0.4398813,0.2606161,0.7286229,0.3840515,0.2738440,0.6615166,0.5566353,0.2619110,0.6203277,0.6843527,0.2524297,0.6774460,0.7234397,0.3885369,0.7353000,0.7529000,0.5193000,0.7464000,0.6020000,0.4018000,0.7690000,0.5648000,0.2850000,0.8044000,0.5233000,0.3853000,0.9240000,0.4362000,0.4797000,0.3182823,0.0000000,0.0000000},
{0.7264429,0.4443325,0.2616349,0.7251886,0.3885813,0.2751468,0.6596950,0.5617296,0.2609453,0.6204399,0.6896282,0.2500605,0.6793704,0.7253294,0.3883725,0.7353000,0.7549000,0.5182000,0.7455000,0.6039000,0.4011000,0.7691000,0.5644000,0.2848000,0.8036000,0.5240000,0.3853000,0.9227000,0.4367000,0.4803000,0.3182823,0.0000000,0.0000000},
{0.7234453,0.4491754,0.2626614,0.7216411,0.3933155,0.2764170,0.6578634,0.5670239,0.2599266,0.6206386,0.6950792,0.2476427,0.6813448,0.7272551,0.3882106,0.7353000,0.7569000,0.5171000,0.7446000,0.6059000,0.4002000,0.7691000,0.5644000,0.2848000,0.8028000,0.5247000,0.3853000,0.9213000,0.4373000,0.4810000,0.3182823,0.0000000,0.0000000},
{0.7204848,0.4540244,0.2636059,0.7179696,0.3982745,0.2776500,0.6560264,0.5725216,0.2588529,0.6209310,0.7007113,0.2451765,0.6834013,0.7292469,0.3880490,0.7354000,0.7590000,0.5159000,0.7437000,0.6078000,0.3994000,0.7683000,0.5654000,0.2841000,0.8019000,0.5254000,0.3853000,0.9201000,0.4379000,0.4816000,0.3182823,0.0000000,0.0000000},
{0.7175205,0.4589463,0.2644816,0.7141743,0.4034648,0.2788369,0.6541712,0.5782826,0.2577109,0.6213255,0.7065403,0.2426577,0.6855937,0.7313549,0.3878847,0.7356000,0.7612000,0.5147000,0.7430000,0.6099000,0.3985000,0.7683000,0.5668000,0.2839000,0.8010000,0.5261000,0.3853000,0.9187000,0.4385000,0.4822000,0.3182823,0.0000000,0.0000000},
{0.7144597,0.4640996,0.2653112,0.7102981,0.4088334,0.2799563,0.6523598,0.5841301,0.2565342,0.6218222,0.7124781,0.2401266,0.6879167,0.7335713,0.3877193,0.7358000,0.7636000,0.5136000,0.7422000,0.6121000,0.3976000,0.7679000,0.5681000,0.2834000,0.8001000,0.5270000,0.3852000,0.9173000,0.4391000,0.4827000,0.3182823,0.0000000,0.0000000},
{0.7113387,0.4694299,0.2660776,0.7063225,0.4144116,0.2810060,0.6505372,0.5902583,0.2552826,0.6224365,0.7186290,0.2375412,0.6902766,0.7358052,0.3875604,0.7361000,0.7660000,0.5125000,0.7414000,0.6142000,0.3967000,0.7673000,0.5693000,0.2830000,0.7991000,0.5278000,0.3850000,0.9157000,0.4398000,0.4833000,0.3182823,0.0000000,0.0000000},
{0.7081644,0.4749312,0.2667733,0.7022941,0.4201387,0.2819668,0.6487625,0.5964886,0.2539911,0.6231586,0.7248403,0.2349676,0.6928331,0.7382053,0.3873983,0.7365000,0.7685000,0.5113000,0.7406000,0.6165000,0.3959000,0.7668000,0.5706000,0.2826000,0.7981000,0.5289000,0.3849000,0.9141000,0.4404000,0.4839000,0.3182823,0.0000000,0.0000000},
{0.7049361,0.4806103,0.2673922,0.6981478,0.4261133,0.2828463,0.6470332,0.6028390,0.2526554,0.6239998,0.7311782,0.2323798,0.6953681,0.7405650,0.3872479,0.7370000,0.7711000,0.5102000,0.7398000,0.6189000,0.3952000,0.7661000,0.5718000,0.2823000,0.7971000,0.5299000,0.3848000,0.9124000,0.4412000,0.4845000,0.3182823,0.0000000,0.0000000},
{0.7016292,0.4865178,0.2679316,0.6938333,0.4324174,0.2836419,0.6453153,0.6094566,0.2512429,0.6249731,0.7376910,0.2297604,0.6981597,0.7431409,0.3870940,0.7375000,0.7736000,0.5091000,0.7390000,0.6214000,0.3944000,0.7655000,0.5731000,0.2820000,0.7961000,0.5311000,0.3847000,0.9107000,0.4420000,0.4851000,0.3182823,0.0000000,0.0000000},
{0.6982417,0.4926663,0.2683824,0.6894368,0.4389344,0.2843252,0.6436219,0.6163236,0.2497554,0.6261160,0.7445471,0.2270462,0.7008493,0.7456003,0.3869571,0.7380000,0.7762000,0.5080000,0.7382000,0.6239000,0.3936000,0.7646000,0.5744000,0.2816000,0.7951000,0.5323000,0.3846000,0.9089000,0.4428000,0.4857000,0.3182823,0.0000000,0.0000000},
{0.6948019,0.4990127,0.2687319,0.6848911,0.4457729,0.2848938,0.6419546,0.6234702,0.2481842,0.6274047,0.7515342,0.2243255,0.7036809,0.7481662,0.3868248,0.7386000,0.7787000,0.5069000,0.7374000,0.6265000,0.3928000,0.7640000,0.5758000,0.2814000,0.7940000,0.5334000,0.3846000,0.9071000,0.4436000,0.4864000,0.3182823,0.0000000,0.0000000},
{0.6913129,0.5055591,0.2689717,0.6802940,0.4527951,0.2853234,0.6403249,0.6308883,0.2465288,0.6288489,0.7586675,0.2215950,0.7065749,0.7507644,0.3867021,0.7391000,0.7813000,0.5059000,0.7367000,0.6289000,0.3920000,0.7631000,0.5772000,0.2812000,0.7931000,0.5345000,0.3846000,0.9054000,0.4443000,0.4870000,0.3182823,0.0000000,0.0000000},
{0.6878018,0.5122617,0.2690928,0.6756424,0.4600115,0.2856057,0.6388153,0.6382124,0.2448701,0.6304799,0.7660505,0.2188186,0.7095425,0.7534034,0.3865891,0.7397000,0.7839000,0.5049000,0.7361000,0.6315000,0.3912000,0.7623000,0.5786000,0.2810000,0.7920000,0.5356000,0.3846000,0.9036000,0.4451000,0.4876000,0.3182823,0.0000000,0.0000000},
{0.6843145,0.5190366,0.2690894,0.6709716,0.4673731,0.2857310,0.6373416,0.6458674,0.2431111,0.6322498,0.7734365,0.2160918,0.7125811,0.7560795,0.3864867,0.7404000,0.7865000,0.5038000,0.7353000,0.6341000,0.3903000,0.7615000,0.5801000,0.2808000,0.7909000,0.5366000,0.3845000,0.9018000,0.4459000,0.4882000,0.3182823,0.0000000,0.0000000},
{0.6808036,0.5259802,0.2689570,0.6663178,0.4748261,0.2856938,0.6359865,0.6534448,0.2413447,0.6341799,0.7809042,0.2133862,0.7157218,0.7588182,0.3863948,0.7411000,0.7892000,0.5028000,0.7347000,0.6368000,0.3895000,0.7606000,0.5816000,0.2805000,0.7897000,0.5378000,0.3845000,0.8999000,0.4467000,0.4888000,0.3182823,0.0000000,0.0000000},
{0.6772895,0.5330584,0.2686898,0.6616432,0.4824347,0.2854888,0.6347082,0.6611806,0.2395158,0.6362693,0.7884336,0.2107108,0.7189286,0.7615862,0.3863155,0.7418000,0.7920000,0.5019000,0.7340000,0.6394000,0.3887000,0.7597000,0.5831000,0.2802000,0.7886000,0.5389000,0.3844000,0.8980000,0.4475000,0.4894000,0.3182823,0.0000000,0.0000000},
{0.6738355,0.5401457,0.2682903,0.6570607,0.4900163,0.2851193,0.6335207,0.6690161,0.2376372,0.6385077,0.7959782,0.2080829,0.7222231,0.7644004,0.3862491,0.7427000,0.7947000,0.5008000,0.7335000,0.6420000,0.3880000,0.7587000,0.5847000,0.2800000,0.7873000,0.5400000,0.3843000,0.8960000,0.4483000,0.4900000,0.3182823,0.0000000,0.0000000},
{0.6703859,0.5473590,0.2677499,0.6523821,0.4978866,0.2845640,0.6324435,0.6768266,0.2357386,0.6408933,0.8035276,0.2055067,0.7255206,0.7671878,0.3861977,0.7436000,0.7975000,0.4998000,0.7328000,0.6446000,0.3872000,0.7575000,0.5864000,0.2797000,0.7860000,0.5412000,0.3842000,0.8940000,0.4491000,0.4906000,0.3182823,0.0000000,0.0000000},
{0.6668806,0.5548331,0.2670489,0.6477829,0.5057562,0.2838361,0.6314523,0.6848040,0.2337729,0.6436149,0.8116235,0.2028038,0.7287983,0.7699294,0.3861614,0.7445000,0.8002000,0.4988000,0.7323000,0.6472000,0.3865000,0.7564000,0.5880000,0.2794000,0.7848000,0.5424000,0.3841000,0.8919000,0.4499000,0.4911000,0.3182823,0.0000000,0.0000000},
{0.6634572,0.5622806,0.2662091,0.6431590,0.5138063,0.2829150,0.6305618,0.6928662,0.2317592,0.6463889,0.8193982,0.2002668,0.7320329,0.7726069,0.3861398,0.7453000,0.8029000,0.4978000,0.7316000,0.6497000,0.3858000,0.7553000,0.5896000,0.2792000,0.7835000,0.5436000,0.3840000,0.8898000,0.4508000,0.4917000,0.3182823,0.0000000,0.0000000},
{0.6600712,0.5697983,0.2652194,0.6386525,0.5217910,0.2818265,0.6297795,0.7009625,0.2297098,0.6492935,0.8270995,0.1978111,0.7353956,0.7753612,0.3861324,0.7462000,0.8056000,0.4969000,0.7310000,0.6523000,0.3849000,0.7543000,0.5912000,0.2793000,0.7822000,0.5449000,0.3840000,0.8877000,0.4516000,0.4922000,0.3182823,0.0000000,0.0000000},
{0.6567440,0.5773405,0.2640838,0.6341681,0.5298791,0.2805479,0.6291007,0.7091682,0.2276048,0.6523368,0.8347535,0.1954279,0.7387996,0.7781193,0.3861402,0.7470000,0.8082000,0.4960000,0.7303000,0.6548000,0.3842000,0.7532000,0.5930000,0.2786000,0.7810000,0.5462000,0.3839000,0.8855000,0.4526000,0.4928000,0.3182823,0.0000000,0.0000000},
{0.6535065,0.5848365,0.2628143,0.6297450,0.5380028,0.2790863,0.6285436,0.7172615,0.2255013,0.6555313,0.8423904,0.1931077,0.7420958,0.7807614,0.3861624,0.7478000,0.8107000,0.4950000,0.7298000,0.6574000,0.3833000,0.7521000,0.5948000,0.2782000,0.7797000,0.5474000,0.3837000,0.8832000,0.4535000,0.4933000,0.3182823,0.0000000,0.0000000},
{0.6503107,0.5923969,0.2613918,0.6252683,0.5463808,0.2773935,0.6280985,0.7253431,0.2233738,0.6588277,0.8498969,0.1908844,0.7456138,0.7835505,0.3862018,0.7486000,0.8133000,0.4941000,0.7292000,0.6599000,0.3824000,0.7510000,0.5966000,0.2778000,0.7782000,0.5488000,0.3835000,0.8808000,0.4545000,0.4937000,0.3182823,0.0000000,0.0000000},
{0.6471824,0.5999633,0.2598255,0.6210250,0.5544745,0.2755796,0.6277680,0.7333250,0.2212459,0.6622641,0.8573652,0.1887298,0.7490017,0.7862066,0.3862551,0.7495000,0.8158000,0.4931000,0.7288000,0.6625000,0.3815000,0.7500000,0.5984000,0.2773000,0.7767000,0.5503000,0.3832000,0.8783000,0.4555000,0.4940000,0.3182823,0.0000000,0.0000000},
{0.6441501,0.6074651,0.2581313,0.6166675,0.5629503,0.2734921,0.6275470,0.7412761,0.2190999,0.6658145,0.8647405,0.1866594,0.7523959,0.7888383,0.3863234,0.7504000,0.8184000,0.4920000,0.7284000,0.6650000,0.3806000,0.7489000,0.6002000,0.2767000,0.7752000,0.5518000,0.3829000,0.8756000,0.4564000,0.4943000,0.3182823,0.0000000,0.0000000},
{0.6412410,0.6148284,0.2563314,0.6129527,0.5703149,0.2715216,0.6274337,0.7492981,0.2169081,0.6694987,0.8720659,0.1846607,0.7557948,0.7914446,0.3864066,0.7512000,0.8209000,0.4910000,0.7268000,0.6672000,0.3794000,0.7478000,0.6021000,0.2761000,0.7736000,0.5535000,0.3824000,0.8729000,0.4574000,0.4946000,0.3182823,0.0000000,0.0000000},
{0.6384044,0.6221772,0.2543988,0.6090004,0.5783002,0.2692199,0.6274297,0.7571024,0.2147499,0.6732875,0.8792855,0.1827487,0.7592615,0.7940729,0.3865069,0.7521000,0.8234000,0.4900000,0.7266000,0.6699000,0.3785000,0.7468000,0.6040000,0.2753000,0.7720000,0.5552000,0.3819000,0.8700000,0.4584000,0.4949000,0.3182823,0.0000000,0.0000000},
{0.6359399,0.6287081,0.2525665,0.6049976,0.5865553,0.2666587,0.6275329,0.7649968,0.2125406,0.6772129,0.8864616,0.1809065,0.7627198,0.7966647,0.3866222,0.7530000,0.8259000,0.4890000,0.7263000,0.6725000,0.3775000,0.7458000,0.6060000,0.2746000,0.7703000,0.5569000,0.3814000,0.8670000,0.4595000,0.4951000,0.3182823,0.0000000,0.0000000},
{0.6331272,0.6363412,0.2502869,0.6012797,0.5943850,0.2640575,0.6277404,0.7727617,0.2103417,0.6812031,0.8934674,0.1791659,0.7661162,0.7991811,0.3867504,0.7539000,0.8284000,0.4880000,0.7259000,0.6751000,0.3765000,0.7449000,0.6080000,0.2740000,0.7687000,0.5586000,0.3809000,0.8640000,0.4606000,0.4953000,0.3182823,0.0000000,0.0000000},
{0.6304251,0.6438701,0.2478912,0.5975404,0.6024295,0.2612087,0.6280520,0.7804861,0.2081287,0.6852889,0.9003649,0.1775097,0.7695346,0.8016847,0.3868942,0.7548000,0.8309000,0.4869000,0.7254000,0.6777000,0.3755000,0.7440000,0.6101000,0.2733000,0.7669000,0.5603000,0.3804000,0.8608000,0.4616000,0.4956000,0.3182823,0.0000000,0.0000000},
{0.6277046,0.6516632,0.2452554,0.5939419,0.6103442,0.2582296,0.6284594,0.7880413,0.2059392,0.6892772,0.9068497,0.1760064,0.7728906,0.8041142,0.3870499,0.7557000,0.8334000,0.4859000,0.7248000,0.6804000,0.3745000,0.7427000,0.6121000,0.2726000,0.7651000,0.5620000,0.3799000,0.8576000,0.4627000,0.4959000,0.3182823,0.0000000,0.0000000},
{0.6253047,0.6587337,0.2427249,0.5904075,0.6182978,0.2550572,0.6289593,0.7954635,0.2037640,0.6935956,0.9136155,0.1744954,0.7762732,0.8065346,0.3872213,0.7566000,0.8359000,0.4848000,0.7241000,0.6830000,0.3735000,0.7415000,0.6142000,0.2718000,0.7633000,0.5638000,0.3794000,0.8544000,0.4638000,0.4963000,0.3182823,0.0000000,0.0000000},
{0.6228644,0.6661310,0.2399334,0.5870337,0.6260704,0.2517812,0.6295529,0.8028128,0.2015860,0.6977387,0.9198744,0.1731520,0.7795883,0.8088791,0.3874034,0.7574000,0.8384000,0.4838000,0.7232000,0.6856000,0.3726000,0.7408000,0.6163000,0.2711000,0.7614000,0.5656000,0.3790000,0.8511000,0.4648000,0.4966000,0.3182823,0.0000000,0.0000000},
{0.6206172,0.6731494,0.2371465,0.5836790,0.6339909,0.2482610,0.6302293,0.8099968,0.1994337,0.7019716,0.9260501,0.1718795,0.7827690,0.8111027,0.3875913,0.7583000,0.8409000,0.4828000,0.7223000,0.6883000,0.3717000,0.7400000,0.6183000,0.2706000,0.7595000,0.5673000,0.3786000,0.8477000,0.4660000,0.4970000,0.3182823,0.0000000,0.0000000},
{0.6184310,0.6801883,0.2342133,0.5803673,0.6420162,0.2445031,0.6309851,0.8170317,0.1973033,0.7062255,0.9320470,0.1706962,0.7858638,0.8132420,0.3877865,0.7591000,0.8433000,0.4818000,0.7213000,0.6907000,0.3708000,0.7391000,0.6204000,0.2701000,0.7574000,0.5690000,0.3783000,0.8444000,0.4672000,0.4975000,0.3182823,0.0000000,0.0000000},
{0.6163360,0.6871531,0.2311721,0.5773331,0.6495678,0.2407873,0.6318154,0.8239154,0.1951966,0.7104677,0.9378309,0.1696060,0.7888810,0.8153046,0.3879886,0.7600000,0.8457000,0.4809000,0.7203000,0.6932000,0.3700000,0.7382000,0.6223000,0.2697000,0.7553000,0.5708000,0.3780000,0.8410000,0.4685000,0.4980000,0.3182823,0.0000000,0.0000000},
{0.6143684,0.6939150,0.2280842,0.5743756,0.6571319,0.2368866,0.6327219,0.8306916,0.1931010,0.7147041,0.9434219,0.1686019,0.7918420,0.8173066,0.3881983,0.7607000,0.8480000,0.4799000,0.7192000,0.6956000,0.3692000,0.7372000,0.6241000,0.2693000,0.7532000,0.5725000,0.3778000,0.8376000,0.4697000,0.4985000,0.3182823,0.0000000,0.0000000},
{0.6125026,0.7005507,0.2249213,0.5715970,0.6644429,0.2329418,0.6336924,0.8372991,0.1910366,0.7189430,0.9488409,0.1676772,0.7946600,0.8191914,0.3884084,0.7613000,0.8502000,0.4789000,0.7181000,0.6979000,0.3684000,0.7361000,0.6260000,0.2689000,0.7497000,0.5739000,0.3775000,0.8342000,0.4711000,0.4991000,0.3182823,0.0000000,0.0000000},
{0.6107503,0.7070082,0.2217140,0.5690003,0.6714749,0.2289811,0.6347050,0.8436361,0.1890367,0.7230715,0.9539580,0.1668500,0.7973601,0.8209784,0.3886193,0.7619000,0.8524000,0.4780000,0.7169000,0.7002000,0.3676000,0.7350000,0.6279000,0.2686000,0.7476000,0.5758000,0.3774000,0.8308000,0.4724000,0.4996000,0.3182823,0.0000000,0.0000000},
{0.6091302,0.7132012,0.2185149,0.5665024,0.6784448,0.2248898,0.6357686,0.8498020,0.1870718,0.7271693,0.9588878,0.1660973,0.7999569,0.8226797,0.3888310,0.7624000,0.8545000,0.4770000,0.7158000,0.7024000,0.3667000,0.7339000,0.6296000,0.2683000,0.7456000,0.5775000,0.3772000,0.8273000,0.4738000,0.5001000,0.3182823,0.0000000,0.0000000},
{0.6075769,0.7193701,0.2152050,0.5641492,0.6852189,0.2207504,0.6368622,0.8557138,0.1851698,0.7311501,0.9635400,0.1654285,0.8023484,0.8242313,0.3890338,0.7628000,0.8566000,0.4760000,0.7146000,0.7046000,0.3659000,0.7328000,0.6313000,0.2679000,0.7436000,0.5793000,0.3770000,0.8240000,0.4752000,0.5007000,0.3182823,0.0000000,0.0000000},
{0.6061773,0.7251523,0.2119877,0.5619913,0.6916316,0.2166790,0.6379746,0.8613560,0.1833378,0.7349949,0.9679105,0.1648386,0.8047661,0.8257849,0.3892463,0.7632000,0.8587000,0.4751000,0.7133000,0.7067000,0.3652000,0.7317000,0.6330000,0.2676000,0.7416000,0.5811000,0.3769000,0.8207000,0.4766000,0.5012000,0.3182823,0.0000000,0.0000000},
{0.6048801,0.7307319,0.2087745,0.5599532,0.6978896,0.2125578,0.6390998,0.8667389,0.1815745,0.7387482,0.9720646,0.1643142,0.8069868,0.8271988,0.3894484,0.7636000,0.8607000,0.4742000,0.7121000,0.7089000,0.3644000,0.7306000,0.6346000,0.2672000,0.7397000,0.5829000,0.3767000,0.8174000,0.4781000,0.5017000,0.3182823,0.0000000,0.0000000},
{0.6036708,0.7361555,0.2055458,0.5581011,0.7037698,0.2085475,0.6402227,0.8718314,0.1798921,0.7423162,0.9759143,0.1638610,0.8091312,0.8285520,0.3896496,0.7639000,0.8628000,0.4734000,0.7109000,0.7110000,0.3638000,0.7294000,0.6363000,0.2669000,0.7377000,0.5846000,0.3765000,0.8142000,0.4795000,0.5022000,0.3182823,0.0000000,0.0000000},
{0.6026091,0.7411241,0.2024939,0.5563873,0.7093990,0.2045789,0.6413447,0.8766757,0.1782785,0.7457104,0.9794890,0.1634698,0.8110606,0.8297593,0.3898359,0.7642000,0.8647000,0.4725000,0.7097000,0.7131000,0.3631000,0.7282000,0.6379000,0.2665000,0.7358000,0.5863000,0.3763000,0.8109000,0.4810000,0.5027000,0.3182823,0.0000000,0.0000000},
{0.6016235,0.7459392,0.1994478,0.5548385,0.7146640,0.2007484,0.6424699,0.8813175,0.1767202,0.7489682,0.9828423,0.1631299,0.8129196,0.8309134,0.3900201,0.7644000,0.8666000,0.4716000,0.7085000,0.7150000,0.3624000,0.7270000,0.6394000,0.2663000,0.7338000,0.5881000,0.3762000,0.8077000,0.4825000,0.5032000,0.3182823,0.0000000,0.0000000},
{0.6007373,0.7504651,0.1965028,0.5534410,0.7195816,0.1970636,0.6435671,0.8856573,0.1752523,0.7520560,0.9859520,0.1628391,0.8146292,0.8319667,0.3901936,0.7645000,0.8685000,0.4707000,0.7072000,0.7169000,0.3617000,0.7256000,0.6409000,0.2659000,0.7318000,0.5897000,0.3760000,0.8045000,0.4840000,0.5035000,0.3182823,0.0000000,0.0000000},
{0.5999421,0.7547129,0.1936644,0.5521637,0.7242346,0.1934785,0.6446348,0.8897205,0.1738681,0.7549829,0.9888393,0.1625910,0.8161967,0.8329257,0.3903561,0.7645000,0.8703000,0.4697000,0.7059000,0.7188000,0.3609000,0.7242000,0.6423000,0.2655000,0.7298000,0.5913000,0.3758000,0.8013000,0.4855000,0.5040000,0.3182823,0.0000000,0.0000000},
{0.5992352,0.7586632,0.1909582,0.5510260,0.7285255,0.1900844,0.6456604,0.8934880,0.1725760,0.7577236,0.9914909,0.1623825,0.8176627,0.8338167,0.3905110,0.7644000,0.8720000,0.4687000,0.7045000,0.7205000,0.3602000,0.7228000,0.6437000,0.2652000,0.7279000,0.5929000,0.3757000,0.7981000,0.4870000,0.5045000,0.3182823,0.0000000,0.0000000},
{0.5986042,0.7623528,0.1883709,0.5499793,0.7326128,0.1867705,0.6466612,0.8970473,0.1713475,0.7602389,0.9938810,0.1622110,0.8190139,0.8346330,0.3906565,0.7643000,0.8737000,0.4677000,0.7031000,0.7223000,0.3594000,0.7215000,0.6451000,0.2649000,0.7259000,0.5946000,0.3755000,0.7950000,0.4886000,0.5050000,0.3182823,0.0000000,0.0000000},
{0.5980306,0.7658654,0.1858526,0.5490335,0.7364377,0.1835953,0.6476032,0.9002993,0.1702183,0.7624875,0.9959829,0.1620735,0.8201982,0.8353443,0.3907860,0.7640000,0.8753000,0.4667000,0.7018000,0.7240000,0.3587000,0.7202000,0.6464000,0.2646000,0.7240000,0.5961000,0.3754000,0.7920000,0.4901000,0.5056000,0.3182823,0.0000000,0.0000000},
{0.5975123,0.7691922,0.1834166,0.5481796,0.7400145,0.1805593,0.6485140,0.9033593,0.1691499,0.7644420,0.9977838,0.1619659,0.8212233,0.8359571,0.3908996,0.7638000,0.8769000,0.4656000,0.7004000,0.7256000,0.3579000,0.7189000,0.6477000,0.2643000,0.7221000,0.5976000,0.3753000,0.7891000,0.4918000,0.5062000,0.3182823,0.0000000,0.0000000},
{0.5970597,0.7722382,0.1811414,0.5473954,0.7434178,0.1776089,0.6493292,0.9060318,0.1682120,0.7662806,0.9994559,0.1618747,0.8220347,0.8364401,0.3909906,0.7635000,0.8785000,0.4646000,0.6991000,0.7273000,0.3572000,0.7176000,0.6488000,0.2641000,0.7201000,0.5992000,0.3753000,0.7861000,0.4934000,0.5068000,0.3182823,0.0000000,0.0000000},
{0.5966407,0.7751969,0.1788894,0.5466878,0.7466001,0.1747938,0.6500934,0.9084835,0.1673475,0.7677549,1.0007816,0.1618086,0.8228967,0.8369512,0.3910882,0.7631000,0.8801000,0.4636000,0.6978000,0.7289000,0.3565000,0.7164000,0.6500000,0.2638000,0.7182000,0.6008000,0.3752000,0.7833000,0.4951000,0.5074000,0.3182823,0.0000000,0.0000000},
{0.5962782,0.7778840,0.1768073,0.5460605,0.7495224,0.1721595,0.6507760,0.9106317,0.1665869,0.7691092,1.0019874,0.1617532,0.8235247,0.8373224,0.3911600,0.7627000,0.8817000,0.4626000,0.6965000,0.7305000,0.3558000,0.7151000,0.6512000,0.2636000,0.7164000,0.6022000,0.3751000,0.7804000,0.4967000,0.5079000,0.3182823,0.0000000,0.0000000},
{0.5959645,0.7803226,0.1748866,0.5454692,0.7523768,0.1695395,0.6514356,0.9126711,0.1658620,0.7701198,1.0028799,0.1617153,0.8239972,0.8376009,0.3912144,0.7621000,0.8832000,0.4615000,0.6952000,0.7320000,0.3551000,0.7138000,0.6523000,0.2634000,0.7145000,0.6037000,0.3751000,0.7775000,0.4983000,0.5085000,0.3182823,0.0000000,0.0000000},
{0.5956674,0.7827464,0.1729476,0.5449225,0.7551146,0.1669818,0.6519861,0.9143475,0.1652641,0.7709751,1.0036305,0.1616853,0.8242953,0.8377764,0.3912488,0.7614000,0.8848000,0.4605000,0.6940000,0.7335000,0.3544000,0.7125000,0.6534000,0.2631000,0.7127000,0.6052000,0.3750000,0.7748000,0.4999000,0.5090000,0.3182823,0.0000000,0.0000000},
{0.5954020,0.7850236,0.1710978,0.5444296,0.7576762,0.1645481,0.6524945,0.9158753,0.1647176,0.7715450,1.0041282,0.1616665,0.8245592,0.8379314,0.3912794,0.7606000,0.8862000,0.4595000,0.6927000,0.7350000,0.3537000,0.7112000,0.6545000,0.2629000,0.7108000,0.6066000,0.3749000,0.7721000,0.5016000,0.5096000,0.3182823,0.0000000,0.0000000},
{0.5951565,0.7872423,0.1692691,0.5439559,0.7602344,0.1620770,0.6529627,0.9172656,0.1642189,0.7719733,1.0045008,0.1616530,0.8245975,0.8379539,0.3912839,0.7597000,0.8876000,0.4584000,0.6914000,0.7362000,0.3531000,0.7098000,0.6554000,0.2627000,0.7090000,0.6079000,0.3749000,0.7695000,0.5032000,0.5102000,0.3182823,0.0000000,0.0000000},
{0.5949363,0.7893417,0.1675138,0.5435238,0.7626631,0.1596925,0.6533308,0.9183477,0.1638299,0.7721760,1.0046768,0.1616468,0.8245346,0.8379170,0.3912766,0.7588000,0.8889000,0.4574000,0.6901000,0.7374000,0.3524000,0.7085000,0.6563000,0.2625000,0.7073000,0.6092000,0.3749000,0.7670000,0.5048000,0.5110000,0.3182823,0.0000000,0.0000000},
{0.5947309,0.7914136,0.1657574,0.5431087,0.7650946,0.1572666,0.6536909,0.9193969,0.1634519,0.7721689,1.0046707,0.1616470,0.8244114,0.8378446,0.3912623,0.7578000,0.8901000,0.4564000,0.6887000,0.7386000,0.3517000,0.7072000,0.6572000,0.2624000,0.7055000,0.6104000,0.3750000,0.7645000,0.5064000,0.5117000,0.3182823,0.0000000,0.0000000},
{0.5945581,0.7932584,0.1641729,0.5427455,0.7673155,0.1550163,0.6539595,0.9201739,0.1631715,0.7721443,1.0046493,0.1616477,0.8241322,0.8376804,0.3912300,0.7568000,0.8911000,0.4554000,0.6873000,0.7396000,0.3511000,0.7059000,0.6580000,0.2623000,0.7038000,0.6116000,0.3750000,0.7621000,0.5081000,0.5125000,0.3182823,0.0000000,0.0000000},
{0.5943900,0.7951618,0.1625172,0.5424088,0.7694649,0.1528059,0.6542253,0.9209377,0.1628955,0.7718728,1.0044134,0.1616561,0.8237920,0.8374800,0.3911907,0.7555000,0.8922000,0.4543000,0.6859000,0.7406000,0.3504000,0.7046000,0.6587000,0.2622000,0.7020000,0.6129000,0.3752000,0.7597000,0.5098000,0.5132000,0.3182823,0.0000000,0.0000000},
{0.5942556,0.7967788,0.1610936,0.5420994,0.7715296,0.1506520,0.6544477,0.9215734,0.1626654,0.7716089,1.0041838,0.1616645,0.8233050,0.8371926,0.3911348,0.7541000,0.8933000,0.4533000,0.6845000,0.7415000,0.3497000,0.7033000,0.6594000,0.2621000,0.7003000,0.6141000,0.3753000,0.7574000,0.5114000,0.5140000,0.3182823,0.0000000,0.0000000},
{0.5941420,0.7982236,0.1598083,0.5418136,0.7735270,0.1485386,0.6546267,0.9220827,0.1624809,0.7712233,1.0038475,0.1616770,0.8227645,0.8368730,0.3910732,0.7527000,0.8943000,0.4522000,0.6831000,0.7423000,0.3490000,0.7020000,0.6601000,0.2620000,0.6986000,0.6151000,0.3754000,0.7552000,0.5131000,0.5148000,0.3182823,0.0000000,0.0000000},
{0.5940007,0.8001467,0.1580774,0.5415690,0.7753173,0.1466191,0.6547933,0.9225547,0.1623098,0.7706659,1.0033597,0.1616959,0.8222201,0.8365501,0.3910115,0.7511000,0.8954000,0.4511000,0.6817000,0.7431000,0.3482000,0.7007000,0.6607000,0.2619000,0.6970000,0.6162000,0.3754000,0.7529000,0.5147000,0.5156000,0.3182823,0.0000000,0.0000000},
{0.5938918,0.8017473,0.1566190,0.5413291,0.7771590,0.1446191,0.6549300,0.9229407,0.1621697,0.7701579,1.0029135,0.1617139,0.8215246,0.8361366,0.3909333,0.7495000,0.8963000,0.4501000,0.6803000,0.7438000,0.3475000,0.6994000,0.6612000,0.2619000,0.6953000,0.6172000,0.3756000,0.7507000,0.5163000,0.5164000,0.3182823,0.0000000,0.0000000},
{0.5937882,0.8033955,0.1550998,0.5411069,0.7789539,0.1426442,0.6550578,0.9233003,0.1620391,0.7695884,1.0024114,0.1617349,0.8208927,0.8357597,0.3908628,0.7477000,0.8973000,0.4491000,0.6789000,0.7445000,0.3467000,0.6981000,0.6618000,0.2617000,0.6937000,0.6181000,0.3756000,0.7486000,0.5179000,0.5172000,0.3182823,0.0000000,0.0000000},
{0.5936980,0.8049595,0.1536418,0.5409046,0.7806785,0.1407222,0.6551859,0.9236599,0.1619084,0.7689764,1.0018696,0.1617584,0.8201996,0.8353452,0.3907861,0.7459000,0.8981000,0.4480000,0.6775000,0.7450000,0.3460000,0.6968000,0.6622000,0.2616000,0.6920000,0.6191000,0.3757000,0.7466000,0.5194000,0.5179000,0.3182823,0.0000000,0.0000000},
{0.5936202,0.8064367,0.1522496,0.5407361,0.7821927,0.1390147,0.6553413,0.9240949,0.1617502,0.7685270,1.0014704,0.1617764,0.8193968,0.8348633,0.3906981,0.7440000,0.8990000,0.4470000,0.6760000,0.7457000,0.3452000,0.6955000,0.6626000,0.2615000,0.6905000,0.6198000,0.3758000,0.7447000,0.5209000,0.5186000,0.3182823,0.0000000,0.0000000},
{0.5935506,0.8078937,0.1508616,0.5405792,0.7836813,0.1373171,0.6554844,0.9244939,0.1616049,0.7680736,1.0010663,0.1617951,0.8186649,0.8344226,0.3906187,0.7421000,0.8998000,0.4459000,0.6746000,0.7461000,0.3445000,0.6942000,0.6630000,0.2614000,0.6889000,0.6206000,0.3758000,0.7428000,0.5222000,0.5192000,0.3182823,0.0000000,0.0000000},
{0.5934981,0.8091098,0.1496919,0.5404408,0.7850676,0.1357190,0.6556213,0.9248744,0.1614663,0.7676724,1.0007077,0.1618121,0.8178010,0.8339005,0.3905258,0.7400000,0.9006000,0.4448000,0.6730000,0.7465000,0.3436000,0.6929000,0.6633000,0.2612000,0.6873000,0.6213000,0.3758000,0.7410000,0.5235000,0.5197000,0.3182823,0.0000000,0.0000000},
{0.5934526,0.8102768,0.1485595,0.5403220,0.7863249,0.1342552,0.6557576,0.9252522,0.1613286,0.7673220,1.0003937,0.1618274,0.8171795,0.8335237,0.3904596,0.7379000,0.9014000,0.4438000,0.6713000,0.7470000,0.3429000,0.6916000,0.6636000,0.2609000,0.6857000,0.6220000,0.3756000,0.7391000,0.5246000,0.5201000,0.3182823,0.0000000,0.0000000}
};
