fitErrPi Mean = 0.318282
fitErrTh Mean = 0.0521301
fitErrWr Mean = 0.111239
fitErrLA Mean = 0.0304313
fitErrEl Mean = 0.0483392
fitErrUA Mean = 0.0460649
efPts = {
{0.8929909,0.5585188,-0.0317258,0.7426647,0.2702117,0.2732516,0.7826383,0.8455819,0.1116496,0.8054584,0.9042968,0.3421526,0.7747594,0.8249812,0.4774951,0.7236000,0.7221000,0.5460000,0.7157000,0.6158000,0.3996000,0.7322000,0.5960000,0.2783000,0.7837000,0.5357000,0.3831000,0.9139000,0.4338000,0.4552000,0.3182823,0.0000000,0.0000000},
{0.6169443,0.4000106,0.3512649,0.7423248,0.2698662,0.2738496,0.5797277,0.4848639,0.3256125,0.5054888,0.6244124,0.2855037,0.6134032,0.7016265,0.3950260,0.7241000,0.7216000,0.5461000,0.7162000,0.6153000,0.3996000,0.7328000,0.5956000,0.2782000,0.7841000,0.5353000,0.3829000,0.9140000,0.4332000,0.4551000,0.3182823,0.0000000,0.0000000},
{0.6168949,0.4006032,0.3509233,0.7419261,0.2694691,0.2745451,0.5795247,0.4855073,0.3255858,0.5057059,0.6252308,0.2852084,0.6134220,0.7016656,0.3950195,0.7246000,0.7211000,0.5462000,0.7167000,0.6148000,0.3996000,0.7334000,0.5951000,0.2781000,0.7844000,0.5348000,0.3826000,0.9140000,0.4327000,0.4550000,0.3182823,0.0000000,0.0000000},
{0.6168321,0.4013682,0.3504813,0.7417380,0.2692848,0.2748710,0.5792776,0.4862979,0.3255515,0.5059005,0.6259545,0.2849491,0.6134890,0.7018045,0.3949963,0.7250000,0.7208000,0.5463000,0.7173000,0.6142000,0.3996000,0.7339000,0.5947000,0.2779000,0.7847000,0.5344000,0.3824000,0.9140000,0.4322000,0.4550000,0.3182823,0.0000000,0.0000000},
{0.6167686,0.4021544,0.3500259,0.7416037,0.2691543,0.2751028,0.5789649,0.4873097,0.3255053,0.5062065,0.6270750,0.2845510,0.6135559,0.7019430,0.3949732,0.7253000,0.7204000,0.5463000,0.7178000,0.6137000,0.3996000,0.7345000,0.5943000,0.2778000,0.7851000,0.5340000,0.3822000,0.9139000,0.4317000,0.4550000,0.3182823,0.0000000,0.0000000},
{0.6166948,0.4030871,0.3494843,0.7413776,0.2689369,0.2754914,0.5785316,0.4887343,0.3254360,0.5065866,0.6284392,0.2840715,0.6137359,0.7023150,0.3949114,0.7255000,0.7201000,0.5463000,0.7183000,0.6131000,0.3996000,0.7351000,0.5939000,0.2777000,0.7854000,0.5335000,0.3820000,0.9138000,0.4312000,0.4550000,0.3182823,0.0000000,0.0000000},
{0.6165951,0.4043783,0.3487319,0.7410453,0.2686224,0.2760589,0.5780686,0.4902859,0.3253548,0.5070829,0.6301782,0.2834685,0.6139466,0.7027495,0.3948399,0.7257000,0.7198000,0.5462000,0.7188000,0.6126000,0.3995000,0.7357000,0.5935000,0.2776000,0.7857000,0.5331000,0.3817000,0.9136000,0.4306000,0.4549000,0.3182823,0.0000000,0.0000000},
{0.6164970,0.4056876,0.3479659,0.7405896,0.2682004,0.2768302,0.5774810,0.4923011,0.3252408,0.5077012,0.6322842,0.2827503,0.6142344,0.7033410,0.3947433,0.7258000,0.7197000,0.5461000,0.7194000,0.6120000,0.3995000,0.7362000,0.5931000,0.2774000,0.7861000,0.5327000,0.3815000,0.9135000,0.4301000,0.4549000,0.3182823,0.0000000,0.0000000},
{0.6164061,0.4069378,0.3472317,0.7398301,0.2675208,0.2780979,0.5768766,0.4944301,0.3251100,0.5083534,0.6344412,0.2820278,0.6145561,0.7039999,0.3946370,0.7259000,0.7196000,0.5460000,0.7199000,0.6115000,0.3995000,0.7368000,0.5927000,0.2773000,0.7864000,0.5323000,0.3813000,0.9132000,0.4296000,0.4549000,0.3182823,0.0000000,0.0000000},
{0.6163005,0.4084411,0.3463451,0.7388505,0.2666869,0.2797014,0.5761762,0.4969726,0.3249404,0.5091530,0.6370061,0.2811857,0.6149816,0.7048673,0.3944989,0.7259000,0.7195000,0.5457000,0.7204000,0.6110000,0.3995000,0.7374000,0.5923000,0.2772000,0.7867000,0.5318000,0.3810000,0.9129000,0.4291000,0.4549000,0.3182823,0.0000000,0.0000000},
{0.6162013,0.4099083,0.3454761,0.7375399,0.2656430,0.2817934,0.5754184,0.4998217,0.3247334,0.5100644,0.6398353,0.2802772,0.6154030,0.7057221,0.3943650,0.7259000,0.7195000,0.5454000,0.7209000,0.6104000,0.3995000,0.7380000,0.5919000,0.2770000,0.7871000,0.5314000,0.3808000,0.9125000,0.4287000,0.4550000,0.3182823,0.0000000,0.0000000},
{0.6160915,0.4116001,0.3444692,0.7358088,0.2643839,0.2844677,0.5746411,0.5028578,0.3244937,0.5110541,0.6428087,0.2793447,0.6159778,0.7068811,0.3941869,0.7258000,0.7195000,0.5451000,0.7215000,0.6099000,0.3995000,0.7385000,0.5915000,0.2769000,0.7874000,0.5310000,0.3806000,0.9122000,0.4283000,0.4550000,0.3182823,0.0000000,0.0000000},
{0.6159758,0.4134711,0.3433500,0.7334911,0.2628988,0.2878991,0.5737890,0.5063311,0.3241962,0.5121708,0.6460553,0.2783517,0.6165868,0.7081010,0.3940035,0.7257000,0.7197000,0.5448000,0.7220000,0.6093000,0.3994000,0.7391000,0.5911000,0.2768000,0.7877000,0.5305000,0.3803000,0.9118000,0.4279000,0.4551000,0.3182823,0.0000000,0.0000000},
{0.6158630,0.4153994,0.3421900,0.6653087,0.2821514,0.3420929,0.5729324,0.5099915,0.3238568,0.5134456,0.6496397,0.2772846,0.6172683,0.7094563,0.3938047,0.7255000,0.7200000,0.5446000,0.7225000,0.6088000,0.3994000,0.7397000,0.5907000,0.2767000,0.7881000,0.5301000,0.3801000,0.9113000,0.4276000,0.4552000,0.3182823,0.0000000,0.0000000},
{0.6157417,0.4176066,0.3408544,0.6576272,0.2897253,0.3441837,0.5721345,0.5135695,0.3235001,0.5147718,0.6532490,0.2762400,0.6180750,0.7110477,0.3935778,0.7252000,0.7205000,0.5442000,0.7230000,0.6082000,0.3994000,0.7403000,0.5903000,0.2765000,0.7884000,0.5297000,0.3799000,0.9108000,0.4273000,0.4554000,0.3182823,0.0000000,0.0000000},
{0.6156368,0.4196500,0.3396104,0.6517310,0.2961613,0.3453263,0.5713448,0.5172905,0.3231040,0.5161551,0.6568993,0.2752127,0.6189463,0.7127514,0.3933427,0.7250000,0.7211000,0.5439000,0.7236000,0.6077000,0.3994000,0.7408000,0.5899000,0.2764000,0.7887000,0.5292000,0.3796000,0.9102000,0.4272000,0.4556000,0.3182823,0.0000000,0.0000000},
{0.6155338,0.4218054,0.3382904,0.6467513,0.3020160,0.3459800,0.5705881,0.5210441,0.3226794,0.5175788,0.6605492,0.2742138,0.6198768,0.7145544,0.3931025,0.7247000,0.7218000,0.5435000,0.7241000,0.6072000,0.3994000,0.7414000,0.5895000,0.2763000,0.7891000,0.5288000,0.3794000,0.9094000,0.4270000,0.4558000,0.3182823,0.0000000,0.0000000},
{0.6154421,0.4238826,0.3370108,0.6423198,0.3075498,0.3463212,0.5698076,0.5251352,0.3221888,0.5191111,0.6643701,0.2731974,0.6207743,0.7162778,0.3928809,0.7244000,0.7225000,0.5431000,0.7246000,0.6066000,0.3994000,0.7420000,0.5891000,0.2762000,0.7894000,0.5284000,0.3792000,0.9087000,0.4269000,0.4560000,0.3182823,0.0000000,0.0000000},
{0.6153545,0.4260409,0.3356734,0.6384411,0.3126452,0.3464328,0.5690730,0.5292189,0.3216712,0.5207032,0.6682350,0.2721988,0.6216991,0.7180383,0.3926628,0.7240000,0.7232000,0.5427000,0.7251000,0.6061000,0.3994000,0.7426000,0.5887000,0.2760000,0.7897000,0.5279000,0.3789000,0.9079000,0.4269000,0.4562000,0.3182823,0.0000000,0.0000000},
{0.6152789,0.4280816,0.3344017,0.6348482,0.3175771,0.3463789,0.5683397,0.5335570,0.3210917,0.5223883,0.6722214,0.2711988,0.6226090,0.7197557,0.3924577,0.7237000,0.7239000,0.5422000,0.7257000,0.6055000,0.3993000,0.7431000,0.5883000,0.2759000,0.7901000,0.5275000,0.3787000,0.9071000,0.4269000,0.4564000,0.3182823,0.0000000,0.0000000},
{0.6152001,0.4304408,0.3329227,0.6312277,0.3227553,0.3461696,0.5676253,0.5380792,0.3204562,0.5241693,0.6763302,0.2701989,0.6235610,0.7215376,0.3922530,0.7232000,0.7246000,0.5417000,0.7262000,0.6050000,0.3993000,0.7437000,0.5879000,0.2758000,0.7904000,0.5271000,0.3785000,0.9064000,0.4269000,0.4567000,0.3182823,0.0000000,0.0000000},
{0.6151258,0.4329792,0.3313210,0.6277486,0.3279316,0.3458197,0.5669180,0.5429004,0.3197446,0.5260667,0.6806010,0.2691918,0.6244518,0.7231916,0.3920702,0.7227000,0.7252000,0.5412000,0.7262000,0.6050000,0.3993000,0.7443000,0.5875000,0.2756000,0.7904000,0.5271000,0.3785000,0.9057000,0.4270000,0.4570000,0.3182823,0.0000000,0.0000000},
{0.6150604,0.4355946,0.3296593,0.6241675,0.3334682,0.3453046,0.5662537,0.5478100,0.3189847,0.5280600,0.6849812,0.2681920,0.6254448,0.7250207,0.3918761,0.7222000,0.7259000,0.5405000,0.7260000,0.6061000,0.3985000,0.7449000,0.5871000,0.2755000,0.7900000,0.5273000,0.3782000,0.9050000,0.4271000,0.4574000,0.3182823,0.0000000,0.0000000},
{0.6149992,0.4385985,0.3277367,0.6204135,0.3395041,0.3445924,0.5656063,0.5530395,0.3181376,0.5302025,0.6895790,0.2671775,0.6264424,0.7268432,0.3916910,0.7216000,0.7266000,0.5399000,0.7258000,0.6071000,0.3977000,0.7454000,0.5867000,0.2754000,0.7898000,0.5277000,0.3781000,0.9043000,0.4273000,0.4578000,0.3182823,0.0000000,0.0000000},
{0.6149477,0.4420156,0.3255315,0.6168267,0.3454985,0.3437430,0.5649717,0.5587136,0.3171758,0.5325949,0.6945912,0.2661113,0.6276014,0.7289421,0.3914880,0.7210000,0.7273000,0.5392000,0.7255000,0.6083000,0.3969000,0.7460000,0.5863000,0.2753000,0.7892000,0.5278000,0.3777000,0.9037000,0.4274000,0.4581000,0.3182823,0.0000000,0.0000000},
{0.6149141,0.4456254,0.3231809,0.6130963,0.3519754,0.3426795,0.5643643,0.5648333,0.3160901,0.5352451,0.7000074,0.2650044,0.6288393,0.7311631,0.3912848,0.7203000,0.7281000,0.5385000,0.7252000,0.6093000,0.3960000,0.7466000,0.5859000,0.2751000,0.7883000,0.5275000,0.3777000,0.9030000,0.4276000,0.4585000,0.3182823,0.0000000,0.0000000},
{0.6149018,0.4493138,0.3207570,0.6093260,0.3587810,0.3414119,0.5638083,0.5712755,0.3148947,0.5382100,0.7059146,0.2638493,0.6302197,0.7336153,0.3910743,0.7195000,0.7289000,0.5377000,0.7247000,0.6105000,0.3951000,0.7472000,0.5855000,0.2750000,0.7880000,0.5277000,0.3775000,0.9025000,0.4277000,0.4587000,0.3182823,0.0000000,0.0000000},
{0.6149142,0.4534416,0.3180180,0.6055855,0.3658001,0.3399558,0.5632815,0.5785343,0.3134853,0.5414491,0.7122017,0.2626781,0.6317118,0.7362380,0.3908650,0.7188000,0.7298000,0.5369000,0.7242000,0.6114000,0.3942000,0.7477000,0.5851000,0.2749000,0.7876000,0.5282000,0.3769000,0.9018000,0.4279000,0.4590000,0.3182823,0.0000000,0.0000000},
{0.6149556,0.4576831,0.3151744,0.6016043,0.3735759,0.3381793,0.5628400,0.5861260,0.3119424,0.5450131,0.7189392,0.2614880,0.6334393,0.7392400,0.3906453,0.7180000,0.7307000,0.5361000,0.7236000,0.6125000,0.3932000,0.7483000,0.5846000,0.2748000,0.7873000,0.5284000,0.3767000,0.9012000,0.4279000,0.4592000,0.3182823,0.0000000,0.0000000},
{0.6150337,0.4622968,0.3120482,0.5976167,0.3816954,0.3361541,0.5624833,0.5943784,0.3101878,0.5487864,0.7258862,0.2603295,0.6352460,0.7423418,0.3904404,0.7173000,0.7318000,0.5351000,0.7229000,0.6135000,0.3923000,0.7489000,0.5842000,0.2746000,0.7860000,0.5280000,0.3763000,0.9004000,0.4281000,0.4595000,0.3182823,0.0000000,0.0000000},
{0.6151558,0.4672543,0.3086505,0.5936988,0.3900137,0.3339112,0.5622566,0.6023864,0.3084101,0.5528068,0.7330977,0.2591992,0.6372677,0.7457691,0.3902398,0.7165000,0.7330000,0.5340000,0.7222000,0.6145000,0.3913000,0.7495000,0.5838000,0.2745000,0.7856000,0.5283000,0.3760000,0.8997000,0.4282000,0.4597000,0.3182823,0.0000000,0.0000000},
{0.6153207,0.4723062,0.3051471,0.5898407,0.3985553,0.3314422,0.5621420,0.6108281,0.3064581,0.5570457,0.7405076,0.2581132,0.6394390,0.7494008,0.3900565,0.7159000,0.7344000,0.5329000,0.7216000,0.6156000,0.3902000,0.7500000,0.5834000,0.2744000,0.7851000,0.5287000,0.3753000,0.8989000,0.4283000,0.4600000,0.3182823,0.0000000,0.0000000},
{0.6155322,0.4774833,0.3015142,0.5860122,0.4073992,0.3287191,0.5621575,0.6198578,0.3042833,0.5613738,0.7478860,0.2571067,0.6416751,0.7530904,0.3899008,0.7152000,0.7359000,0.5317000,0.7209000,0.6166000,0.3891000,0.7506000,0.5830000,0.2742000,0.7839000,0.5282000,0.3753000,0.8979000,0.4285000,0.4602000,0.3182823,0.0000000,0.0000000},
{0.6157980,0.4828725,0.2976866,0.5821766,0.4166544,0.3256976,0.5623111,0.6288086,0.3020407,0.5659236,0.7554548,0.2561510,0.6441021,0.7570397,0.3897682,0.7147000,0.7376000,0.5304000,0.7202000,0.6178000,0.3879000,0.7512000,0.5826000,0.2741000,0.7833000,0.5287000,0.3746000,0.8970000,0.4287000,0.4606000,0.3182823,0.0000000,0.0000000},
{0.6161238,0.4884788,0.2936549,0.5784967,0.4259368,0.3224994,0.5626058,0.6378982,0.2996761,0.5706994,0.7632086,0.2552521,0.6466065,0.7610572,0.3896691,0.7142000,0.7395000,0.5292000,0.7194000,0.6190000,0.3868000,0.7518000,0.5822000,0.2740000,0.7826000,0.5288000,0.3744000,0.8959000,0.4289000,0.4611000,0.3182823,0.0000000,0.0000000},
{0.6165055,0.4941624,0.2895157,0.5747938,0.4357127,0.3189577,0.5630466,0.6471337,0.2971848,0.5756584,0.7710680,0.2544235,0.6492979,0.7653124,0.3896035,0.7138000,0.7415000,0.5280000,0.7187000,0.6202000,0.3858000,0.7523000,0.5818000,0.2739000,0.7817000,0.5289000,0.3741000,0.8949000,0.4291000,0.4616000,0.3182823,0.0000000,0.0000000},
{0.6169559,0.5000523,0.2851712,0.5712112,0.4456294,0.3151907,0.5636395,0.6565225,0.2945612,0.5809162,0.7792017,0.2536538,0.6520194,0.7695525,0.3895784,0.7135000,0.7437000,0.5267000,0.7179000,0.6216000,0.3846000,0.7529000,0.5814000,0.2737000,0.7808000,0.5293000,0.3737000,0.8936000,0.4294000,0.4621000,0.3182823,0.0000000,0.0000000},
{0.6174786,0.5061220,0.2806349,0.5677014,0.4558316,0.3111385,0.5643857,0.6660048,0.2918189,0.5863009,0.7873332,0.2529739,0.6548464,0.7738925,0.3895944,0.7133000,0.7461000,0.5255000,0.7173000,0.6230000,0.3836000,0.7529000,0.5814000,0.2737000,0.7799000,0.5296000,0.3736000,0.8924000,0.4297000,0.4628000,0.3182823,0.0000000,0.0000000},
{0.6180588,0.5121692,0.2760555,0.5642928,0.4662585,0.3068176,0.5652871,0.6755586,0.2889619,0.5916860,0.7952759,0.2523974,0.6577513,0.7782868,0.3896538,0.7132000,0.7485000,0.5243000,0.7166000,0.6246000,0.3827000,0.7530000,0.5826000,0.2731000,0.7790000,0.5301000,0.3733000,0.8910000,0.4300000,0.4634000,0.3182823,0.0000000,0.0000000},
{0.6187198,0.5184073,0.2712686,0.5610414,0.4767470,0.3022931,0.5663252,0.6849960,0.2860469,0.5971026,0.8030842,0.2519162,0.6606578,0.7826193,0.3897553,0.7130000,0.7509000,0.5231000,0.7159000,0.6261000,0.3817000,0.7530000,0.5838000,0.2724000,0.7780000,0.5306000,0.3732000,0.8896000,0.4304000,0.4641000,0.3182823,0.0000000,0.0000000},
{0.6194400,0.5246051,0.2664487,0.5578837,0.4875178,0.2974648,0.5675292,0.6945685,0.2829954,0.6026234,0.8108650,0.2515228,0.6636445,0.7870066,0.3899020,0.7129000,0.7534000,0.5220000,0.7153000,0.6277000,0.3808000,0.7525000,0.5843000,0.2724000,0.7770000,0.5312000,0.3730000,0.8881000,0.4308000,0.4649000,0.3182823,0.0000000,0.0000000},
{0.6202165,0.5307465,0.2616092,0.5548974,0.4983227,0.2924390,0.5688663,0.7040047,0.2798929,0.6081366,0.8184637,0.2512236,0.6667432,0.7914914,0.3900983,0.7128000,0.7559000,0.5208000,0.7146000,0.6292000,0.3799000,0.7527000,0.5858000,0.2716000,0.7760000,0.5319000,0.3729000,0.8864000,0.4312000,0.4657000,0.3182823,0.0000000,0.0000000},
{0.6210705,0.5369877,0.2566257,0.5520710,0.5092064,0.2871940,0.5703556,0.7134468,0.2766933,0.6136751,0.8259312,0.2510137,0.6697320,0.7957538,0.3903290,0.7128000,0.7584000,0.5197000,0.7140000,0.6307000,0.3791000,0.7526000,0.5870000,0.2714000,0.7748000,0.5326000,0.3728000,0.8848000,0.4317000,0.4666000,0.3182823,0.0000000,0.0000000},
{0.6219676,0.5430785,0.2516980,0.5493771,0.5202981,0.2816613,0.5719354,0.7225386,0.2735209,0.6192130,0.8332370,0.2508916,0.6727182,0.7999523,0.3905991,0.7128000,0.7610000,0.5186000,0.7133000,0.6323000,0.3782000,0.7521000,0.5882000,0.2710000,0.7736000,0.5333000,0.3728000,0.8830000,0.4323000,0.4675000,0.3182823,0.0000000,0.0000000},
{0.6229469,0.5492810,0.2466137,0.5468721,0.5313871,0.2759410,0.5736514,0.7315806,0.2702748,0.6246906,0.8403095,0.2508549,0.6758034,0.8042277,0.3909189,0.7129000,0.7635000,0.5175000,0.7126000,0.6338000,0.3776000,0.7513000,0.5891000,0.2708000,0.7726000,0.5340000,0.3728000,0.8812000,0.4328000,0.4684000,0.3182823,0.0000000,0.0000000},
{0.6239357,0.5551519,0.2417389,0.5445445,0.5425345,0.2699990,0.5754637,0.7403807,0.2670263,0.6302028,0.8472758,0.2509003,0.6788076,0.8083315,0.3912693,0.7130000,0.7660000,0.5165000,0.7118000,0.6353000,0.3770000,0.7504000,0.5902000,0.2706000,0.7715000,0.5347000,0.3729000,0.8794000,0.4334000,0.4693000,0.3182823,0.0000000,0.0000000},
{0.6251938,0.5621468,0.2358501,0.5424207,0.5536245,0.2638950,0.5773845,0.7490253,0.2637469,0.6355648,0.8539101,0.2510221,0.6817635,0.8123126,0.3916513,0.7132000,0.7686000,0.5156000,0.7110000,0.6369000,0.3765000,0.7493000,0.5912000,0.2705000,0.7703000,0.5355000,0.3730000,0.8776000,0.4340000,0.4703000,0.3182823,0.0000000,0.0000000},
{0.6263895,0.5683794,0.2305279,0.5405239,0.5645176,0.2577091,0.5794041,0.7574879,0.2604491,0.6409562,0.8604414,0.2512207,0.6847486,0.8162768,0.3920738,0.7135000,0.7712000,0.5147000,0.7101000,0.6386000,0.3760000,0.7479000,0.5922000,0.2705000,0.7692000,0.5363000,0.3731000,0.8756000,0.4346000,0.4714000,0.3182823,0.0000000,0.0000000},
{0.6276280,0.5744737,0.2252536,0.5388347,0.5753044,0.2513937,0.5814983,0.7656918,0.2571665,0.6462906,0.8667678,0.2514913,0.6876348,0.8200565,0.3925173,0.7138000,0.7738000,0.5139000,0.7094000,0.6404000,0.3755000,0.7466000,0.5932000,0.2705000,0.7681000,0.5370000,0.3732000,0.8737000,0.4354000,0.4726000,0.3182823,0.0000000,0.0000000},
{0.6289501,0.5806282,0.2198556,0.5373752,0.5858107,0.2450558,0.5836840,0.7737255,0.2538671,0.6515604,0.8728859,0.2518306,0.6904857,0.8237389,0.3929888,0.7141000,0.7764000,0.5131000,0.7085000,0.6423000,0.3750000,0.7451000,0.5943000,0.2705000,0.7669000,0.5379000,0.3733000,0.8717000,0.4362000,0.4736000,0.3182823,0.0000000,0.0000000},
{0.6303046,0.5866071,0.2145407,0.5361103,0.5962746,0.2385541,0.5859537,0.7815727,0.2505597,0.6568349,0.8788789,0.2522415,0.6933189,0.8273484,0.3934902,0.7144000,0.7790000,0.5123000,0.7077000,0.6440000,0.3745000,0.7436000,0.5955000,0.2705000,0.7657000,0.5386000,0.3734000,0.8697000,0.4371000,0.4747000,0.3182823,0.0000000,0.0000000},
{0.6317238,0.5925606,0.2091774,0.5351084,0.6060147,0.2323256,0.5882745,0.7891410,0.2472871,0.6620501,0.8846764,0.2527178,0.6960956,0.8308376,0.3940133,0.7147000,0.7815000,0.5115000,0.7068000,0.6457000,0.3740000,0.7422000,0.5966000,0.2704000,0.7643000,0.5395000,0.3735000,0.8676000,0.4381000,0.4758000,0.3182823,0.0000000,0.0000000},
{0.6331551,0.5982801,0.2039565,0.5342905,0.6156620,0.2259813,0.5906639,0.7965076,0.2440197,0.6672366,0.8903150,0.2532607,0.6988542,0.8342567,0.3945641,0.7150000,0.7840000,0.5107000,0.7058000,0.6474000,0.3735000,0.7407000,0.5977000,0.2704000,0.7630000,0.5404000,0.3735000,0.8654000,0.4389000,0.4768000,0.3182823,0.0000000,0.0000000},
{0.6346361,0.6039296,0.1987317,0.5336817,0.6248328,0.2197809,0.5931020,0.8036270,0.2407810,0.6723424,0.8957417,0.2538630,0.7015771,0.8375849,0.3951382,0.7154000,0.7865000,0.5099000,0.7047000,0.6490000,0.3731000,0.7394000,0.5988000,0.2703000,0.7616000,0.5413000,0.3736000,0.8632000,0.4397000,0.4777000,0.3182823,0.0000000,0.0000000},
{0.6361381,0.6094089,0.1935982,0.5332645,0.6335249,0.2137436,0.5956038,0.8105574,0.2375476,0.6773644,0.9009579,0.2545218,0.7042873,0.8408517,0.3957398,0.7157000,0.7891000,0.5090000,0.7021000,0.6502000,0.3725000,0.7384000,0.5999000,0.2701000,0.7602000,0.5422000,0.3735000,0.8610000,0.4406000,0.4787000,0.3182823,0.0000000,0.0000000},
{0.6376332,0.6146367,0.1886377,0.5330179,0.6419154,0.2077589,0.5981054,0.8171430,0.2343970,0.6823239,0.9059896,0.2552376,0.7069419,0.8440066,0.3963585,0.7160000,0.7916000,0.5082000,0.7015000,0.6520000,0.3720000,0.7374000,0.6012000,0.2699000,0.7588000,0.5433000,0.3735000,0.8589000,0.4415000,0.4796000,0.3182823,0.0000000,0.0000000},
{0.6391373,0.6196883,0.1837846,0.5329345,0.6497390,0.2020314,0.6005746,0.8233343,0.2313613,0.6871136,0.9107344,0.2559915,0.7095873,0.8471060,0.3970043,0.7164000,0.7941000,0.5074000,0.7005000,0.6537000,0.3714000,0.7365000,0.6024000,0.2697000,0.7573000,0.5443000,0.3734000,0.8566000,0.4423000,0.4805000,0.3182823,0.0000000,0.0000000},
{0.6406479,0.6245701,0.1790371,0.5329947,0.6571714,0.1964501,0.6030755,0.8293168,0.2283558,0.6917444,0.9152129,0.2567799,0.7121888,0.8501102,0.3976681,0.7167000,0.7967000,0.5066000,0.6993000,0.6553000,0.3709000,0.7359000,0.6036000,0.2694000,0.7560000,0.5454000,0.3732000,0.8544000,0.4433000,0.4813000,0.3182823,0.0000000,0.0000000},
{0.6421200,0.6291569,0.1745233,0.5331824,0.6641304,0.1910924,0.6055731,0.8350231,0.2254185,0.6962119,0.9194297,0.2575971,0.7147277,0.8529996,0.3983437,0.7171000,0.7994000,0.5057000,0.6979000,0.6570000,0.3703000,0.7351000,0.6050000,0.2692000,0.7545000,0.5466000,0.3731000,0.8521000,0.4442000,0.4822000,0.3182823,0.0000000,0.0000000},
{0.6435753,0.6335377,0.1701625,0.5334789,0.6706018,0.1859877,0.6080512,0.8404376,0.2225635,0.7006106,0.9234800,0.2584572,0.7172201,0.8557947,0.3990342,0.7174000,0.8020000,0.5049000,0.6963000,0.6587000,0.3697000,0.7344000,0.6063000,0.2690000,0.7530000,0.5479000,0.3728000,0.8497000,0.4453000,0.4830000,0.3182823,0.0000000,0.0000000},
{0.6450474,0.6378246,0.1658467,0.5338573,0.6764823,0.1812396,0.6104832,0.8455269,0.2198154,0.7047641,0.9272093,0.2593214,0.7195395,0.8583584,0.3997012,0.7177000,0.8046000,0.5039000,0.6948000,0.6606000,0.3691000,0.7335000,0.6076000,0.2687000,0.7515000,0.5491000,0.3727000,0.8475000,0.4465000,0.4838000,0.3182823,0.0000000,0.0000000},
{0.6464692,0.6418352,0.1617642,0.5343132,0.6819993,0.1766835,0.6128899,0.8503564,0.2171455,0.7088038,0.9307455,0.2602115,0.7218338,0.8608582,0.4003848,0.7179000,0.8072000,0.5030000,0.6934000,0.6625000,0.3684000,0.7326000,0.6091000,0.2684000,0.7500000,0.5503000,0.3725000,0.8451000,0.4476000,0.4846000,0.3182823,0.0000000,0.0000000},
{0.6478614,0.6456467,0.1578430,0.5348317,0.6871342,0.1723485,0.6152803,0.8549606,0.2145398,0.7126906,0.9340607,0.2611155,0.7239574,0.8631393,0.4010388,0.7180000,0.8098000,0.5020000,0.6922000,0.6646000,0.3677000,0.7317000,0.6105000,0.2682000,0.7485000,0.5517000,0.3723000,0.8427000,0.4488000,0.4854000,0.3182823,0.0000000,0.0000000},
{0.6492206,0.6492629,0.1540841,0.5354320,0.6921498,0.1680199,0.6175984,0.8592509,0.2120549,0.7163390,0.9370923,0.2620079,0.7260049,0.8653085,0.4016893,0.7181000,0.8123000,0.5010000,0.6912000,0.6666000,0.3669000,0.7307000,0.6118000,0.2681000,0.7470000,0.5530000,0.3722000,0.8404000,0.4501000,0.4862000,0.3182823,0.0000000,0.0000000},
{0.6505661,0.6527461,0.1504268,0.5360321,0.6964917,0.1641919,0.6198346,0.8632339,0.2096950,0.7198458,0.9399308,0.2629069,0.7279173,0.8673071,0.4023148,0.7180000,0.8148000,0.4999000,0.6903000,0.6686000,0.3661000,0.7297000,0.6132000,0.2679000,0.7454000,0.5543000,0.3722000,0.8380000,0.4514000,0.4871000,0.3182823,0.0000000,0.0000000},
{0.6518632,0.6560176,0.1469582,0.5366585,0.7005091,0.1605786,0.6220139,0.8669743,0.2074291,0.7230622,0.9424670,0.2637682,0.7296450,0.8690895,0.4028951,0.7180000,0.8172000,0.4989000,0.6896000,0.6705000,0.3654000,0.7287000,0.6145000,0.2677000,0.7438000,0.5557000,0.3721000,0.8356000,0.4528000,0.4880000,0.3182823,0.0000000,0.0000000},
{0.6531049,0.6590730,0.1436882,0.5373052,0.7042365,0.1571603,0.6241131,0.8704503,0.2052768,0.7259823,0.9447120,0.2645815,0.7313400,0.8708164,0.4034788,0.7180000,0.8197000,0.4978000,0.6888000,0.6726000,0.3646000,0.7277000,0.6159000,0.2676000,0.7423000,0.5571000,0.3720000,0.8333000,0.4542000,0.4889000,0.3182823,0.0000000,0.0000000},
{0.6543082,0.6619658,0.1405643,0.5379512,0.7076240,0.1539950,0.6260840,0.8736041,0.2032825,0.7287663,0.9467998,0.2653857,0.7328928,0.8723790,0.4040261,0.7179000,0.8221000,0.4968000,0.6880000,0.6746000,0.3639000,0.7267000,0.6173000,0.2674000,0.7408000,0.5585000,0.3721000,0.8309000,0.4558000,0.4898000,0.3182823,0.0000000,0.0000000},
{0.6555019,0.6647720,0.1375073,0.5385981,0.7107413,0.1510297,0.6280253,0.8766099,0.2013422,0.7312066,0.9485862,0.2661143,0.7343694,0.8738475,0.4045581,0.7178000,0.8246000,0.4957000,0.6872000,0.6767000,0.3633000,0.7254000,0.6188000,0.2670000,0.7393000,0.5600000,0.3721000,0.8286000,0.4573000,0.4907000,0.3182823,0.0000000,0.0000000},
{0.6566434,0.6673981,0.1346219,0.5392419,0.7136150,0.1482484,0.6298843,0.8793971,0.1995061,0.7333675,0.9501331,0.2667787,0.7356874,0.8751436,0.4050426,0.7177000,0.8270000,0.4946000,0.6863000,0.6787000,0.3627000,0.7246000,0.6202000,0.2668000,0.7378000,0.5616000,0.3722000,0.8262000,0.4590000,0.4917000,0.3182823,0.0000000,0.0000000},
{0.6577321,0.6698525,0.1319031,0.5398773,0.7162608,0.1456448,0.6316146,0.8819134,0.1978157,0.7353181,0.9515004,0.2673942,0.7368438,0.8762690,0.4054753,0.7176000,0.8294000,0.4935000,0.6854000,0.6806000,0.3621000,0.7237000,0.6217000,0.2667000,0.7363000,0.5632000,0.3722000,0.8239000,0.4607000,0.4927000,0.3182823,0.0000000,0.0000000},
{0.6587327,0.6720664,0.1294320,0.5404872,0.7186453,0.1432609,0.6333596,0.8843766,0.1961288,0.7370241,0.9526732,0.2679452,0.7379887,0.8773724,0.4059108,0.7174000,0.8318000,0.4923000,0.6845000,0.6826000,0.3615000,0.7229000,0.6231000,0.2666000,0.7349000,0.5648000,0.3724000,0.8215000,0.4625000,0.4937000,0.3182823,0.0000000,0.0000000},
{0.6597875,0.6743578,0.1268551,0.5410742,0.7208138,0.1410605,0.6349346,0.8865369,0.1946214,0.7385004,0.9536701,0.2684318,0.7388975,0.8782404,0.4062617,0.7172000,0.8342000,0.4911000,0.6836000,0.6845000,0.3609000,0.7221000,0.6245000,0.2666000,0.7334000,0.5665000,0.3726000,0.8191000,0.4643000,0.4947000,0.3182823,0.0000000,0.0000000},
{0.6607229,0.6763547,0.1245930,0.5416827,0.7229441,0.1388668,0.6364420,0.8885496,0.1931918,0.7396999,0.9544678,0.2688339,0.7397327,0.8790320,0.4065882,0.7170000,0.8365000,0.4899000,0.6827000,0.6864000,0.3602000,0.7211000,0.6259000,0.2666000,0.7319000,0.5681000,0.3727000,0.8168000,0.4662000,0.4958000,0.3182823,0.0000000,0.0000000},
{0.6616424,0.6782858,0.1223905,0.5422446,0.7248151,0.1369126,0.6378666,0.8904032,0.1918524,0.7407349,0.9551469,0.2691859,0.7404982,0.8797521,0.4068910,0.7166000,0.8389000,0.4886000,0.6819000,0.6883000,0.3596000,0.7202000,0.6273000,0.2666000,0.7306000,0.5698000,0.3728000,0.8146000,0.4681000,0.4968000,0.3182823,0.0000000,0.0000000},
{0.6625199,0.6801005,0.1203072,0.5428055,0.7265990,0.1350241,0.6392143,0.8921142,0.1905955,0.7414476,0.9556095,0.2694309,0.7410522,0.8802701,0.4071122,0.7163000,0.8412000,0.4874000,0.6813000,0.6902000,0.3589000,0.7192000,0.6287000,0.2666000,0.7292000,0.5714000,0.3730000,0.8123000,0.4700000,0.4979000,0.3182823,0.0000000,0.0000000},
{0.6633777,0.6818480,0.1182881,0.5433223,0.7281746,0.1333345,0.6404325,0.8936255,0.1894678,0.7420373,0.9559891,0.2696354,0.7415934,0.8807736,0.4073300,0.7159000,0.8434000,0.4861000,0.6807000,0.6921000,0.3582000,0.7184000,0.6300000,0.2665000,0.7278000,0.5731000,0.3731000,0.8100000,0.4719000,0.4989000,0.3182823,0.0000000,0.0000000},
{0.6641749,0.6834494,0.1164266,0.5438878,0.7298292,0.1315374,0.6416706,0.8951277,0.1883299,0.7425113,0.9562923,0.2698009,0.7420579,0.8812035,0.4075183,0.7155000,0.8456000,0.4847000,0.6800000,0.6939000,0.3575000,0.7174000,0.6314000,0.2665000,0.7264000,0.5747000,0.3733000,0.8077000,0.4738000,0.4999000,0.3182823,0.0000000,0.0000000},
{0.6650175,0.6851186,0.1144746,0.5444780,0.7314839,0.1297154,0.6428400,0.8965155,0.1872625,0.7429147,0.9565488,0.2699426,0.7424307,0.8815472,0.4076703,0.7151000,0.8478000,0.4834000,0.6794000,0.6957000,0.3567000,0.7165000,0.6327000,0.2664000,0.7251000,0.5765000,0.3735000,0.8055000,0.4758000,0.5008000,0.3182823,0.0000000,0.0000000},
{0.6658657,0.6867749,0.1125254,0.5450516,0.7330272,0.1279928,0.6439803,0.8978403,0.1862284,0.7428991,0.9565389,0.2699371,0.7426521,0.8817507,0.4077610,0.7146000,0.8499000,0.4820000,0.6788000,0.6975000,0.3560000,0.7157000,0.6340000,0.2664000,0.7237000,0.5781000,0.3736000,0.8034000,0.4777000,0.5018000,0.3182823,0.0000000,0.0000000},
{0.6666974,0.6883764,0.1106291,0.5457457,0.7348146,0.1259679,0.6450197,0.8990233,0.1852918,0.7430185,0.9566145,0.2699792,0.7429178,0.8819943,0.4078703,0.7141000,0.8520000,0.4807000,0.6781000,0.6992000,0.3553000,0.7148000,0.6353000,0.2663000,0.7224000,0.5798000,0.3738000,0.8013000,0.4797000,0.5027000,0.3182823,0.0000000,0.0000000},
{0.6675309,0.6899590,0.1087434,0.5464179,0.7364681,0.1240644,0.6460189,0.9001388,0.1843966,0.7428527,0.9565094,0.2699208,0.7429942,0.8820642,0.4079017,0.7135000,0.8540000,0.4793000,0.6774000,0.7009000,0.3546000,0.7140000,0.6365000,0.2663000,0.7212000,0.5815000,0.3740000,0.7993000,0.4817000,0.5036000,0.3182823,0.0000000,0.0000000},
{0.6683975,0.6915815,0.1067981,0.5471237,0.7381279,0.1221224,0.6470004,0.9012140,0.1835222,0.7425424,0.9563121,0.2698118,0.7430794,0.8821422,0.4079369,0.7128000,0.8560000,0.4779000,0.6767000,0.7025000,0.3539000,0.7132000,0.6378000,0.2662000,0.7199000,0.5831000,0.3741000,0.7973000,0.4837000,0.5045000,0.3182823,0.0000000,0.0000000},
{0.6692783,0.6932068,0.1048366,0.5478771,0.7398195,0.1201091,0.6478528,0.9021313,0.1827668,0.7421701,0.9560743,0.2696817,0.7431079,0.8821683,0.4079487,0.7122000,0.8580000,0.4765000,0.6759000,0.7041000,0.3533000,0.7124000,0.6389000,0.2661000,0.7187000,0.5847000,0.3742000,0.7954000,0.4857000,0.5054000,0.3182823,0.0000000,0.0000000},
{0.6701466,0.6947861,0.1029180,0.5486856,0.7415493,0.1180121,0.6487067,0.9030351,0.1820136,0.7417780,0.9558226,0.2695454,0.7430673,0.8821312,0.4079319,0.7115000,0.8599000,0.4750000,0.6752000,0.7055000,0.3527000,0.7116000,0.6400000,0.2659000,0.7175000,0.5862000,0.3744000,0.7935000,0.4876000,0.5063000,0.3182823,0.0000000,0.0000000},
{0.6710119,0.6963377,0.1010208,0.5495552,0.7433180,0.1158247,0.6496088,0.9039735,0.1812219,0.7412740,0.9554972,0.2693711,0.7429045,0.8819822,0.4078648,0.7108000,0.8618000,0.4736000,0.6744000,0.7071000,0.3520000,0.7108000,0.6410000,0.2658000,0.7163000,0.5877000,0.3745000,0.7916000,0.4895000,0.5071000,0.3182823,0.0000000,0.0000000},
{0.6719107,0.6979262,0.0990653,0.5504945,0.7451289,0.1135360,0.6503321,0.9047137,0.1805901,0.7407609,0.9551638,0.2691948,0.7428301,0.8819140,0.4078342,0.7100000,0.8637000,0.4721000,0.6735000,0.7084000,0.3514000,0.7100000,0.6420000,0.2657000,0.7152000,0.5892000,0.3746000,0.7897000,0.4914000,0.5079000,0.3182823,0.0000000,0.0000000},
{0.6728502,0.6995620,0.0970377,0.5515982,0.7471352,0.1109370,0.6510705,0.9054584,0.1799476,0.7402500,0.9548298,0.2690204,0.7426812,0.8817774,0.4077730,0.7092000,0.8655000,0.4707000,0.6726000,0.7097000,0.3507000,0.7091000,0.6430000,0.2656000,0.7141000,0.5906000,0.3747000,0.7880000,0.4933000,0.5086000,0.3182823,0.0000000,0.0000000},
{0.6737827,0.7011608,0.0950416,0.5525018,0.7486867,0.1088767,0.6520399,0.9064192,0.1791082,0.7397405,0.9544945,0.2688476,0.7425142,0.8816240,0.4077045,0.7084000,0.8672000,0.4693000,0.6718000,0.7110000,0.3501000,0.7084000,0.6439000,0.2654000,0.7128000,0.5920000,0.3747000,0.7861000,0.4951000,0.5093000,0.3182823,0.0000000,0.0000000},
{0.6745510,0.7024602,0.0934088,0.5532032,0.7498382,0.1073169,0.6531436,0.9074899,0.1781581,0.7392526,0.9541717,0.2686832,0.7423808,0.8815013,0.4076500,0.7075000,0.8690000,0.4680000,0.6708000,0.7124000,0.3494000,0.7075000,0.6449000,0.2652000,0.7118000,0.5934000,0.3748000,0.7843000,0.4970000,0.5100000,0.3182823,0.0000000,0.0000000},
{0.6751915,0.7035310,0.0920557,0.5537382,0.7506869,0.1061489,0.6539437,0.9082508,0.1774731,0.7387060,0.9538077,0.2685003,0.7422268,0.8813594,0.4075871,0.7066000,0.8706000,0.4666000,0.6700000,0.7138000,0.3488000,0.7068000,0.6458000,0.2649000,0.7107000,0.5948000,0.3748000,0.7825000,0.4988000,0.5107000,0.3182823,0.0000000,0.0000000},
{0.6755864,0.7041858,0.0912251,0.5541673,0.7513498,0.1052255,0.6544960,0.9087685,0.1770019,0.7385814,0.9537244,0.2684587,0.7420986,0.8812411,0.4075349,0.7057000,0.8723000,0.4653000,0.6691000,0.7150000,0.3481000,0.7060000,0.6468000,0.2648000,0.7095000,0.5962000,0.3748000,0.7808000,0.5005000,0.5113000,0.3182823,0.0000000,0.0000000},
{0.6759284,0.7047494,0.0905081,0.5543916,0.7516900,0.1047475,0.6548984,0.9091419,0.1766596,0.7381345,0.9534246,0.2683103,0.7420141,0.8811630,0.4075005,0.7049000,0.8740000,0.4640000,0.6682000,0.7162000,0.3474000,0.7051000,0.6476000,0.2646000,0.7084000,0.5975000,0.3748000,0.7790000,0.5023000,0.5119000,0.3182823,0.0000000,0.0000000},
{0.6761585,0.7051269,0.0900267,0.5545427,0.7519171,0.1044270,0.6552473,0.9094630,0.1763635,0.7377413,0.9531596,0.2681804,0.7420510,0.8811971,0.4075155,0.7040000,0.8757000,0.4628000,0.6673000,0.7176000,0.3468000,0.7043000,0.6486000,0.2644000,0.7073000,0.5988000,0.3748000,0.7773000,0.5041000,0.5126000,0.3182823,0.0000000,0.0000000},
{0.6762671,0.7053046,0.0897998,0.5546083,0.7520150,0.1042884,0.6555275,0.9097192,0.1761260,0.7373905,0.9529222,0.2680651,0.7420510,0.8811971,0.4075155,0.7033000,0.8773000,0.4617000,0.6664000,0.7189000,0.3462000,0.7035000,0.6494000,0.2642000,0.7062000,0.6002000,0.3748000,0.7756000,0.5058000,0.5132000,0.3182823,0.0000000,0.0000000}
};
