fitErrPi Mean = 0.128349
fitErrTh Mean = 0.0283653
fitErrWr Mean = 0.0542316
fitErrLA Mean = 0.0563769
fitErrEl Mean = 0.012782
fitErrUA Mean = 0.0268261
efPts = {
{0.7947067,0.3333652,0.3344490,0.8390608,0.2661942,0.2944687,1.1287137,1.0179891,0.1774126,0.8887733,0.8684165,0.3096295,0.6708792,0.6602525,0.4037101,0.7320000,0.6872000,0.5014000,0.7361000,0.6372000,0.3785000,0.8214000,0.5918000,0.3657000,0.8685000,0.5376000,0.3961000,0.9729000,0.5131000,0.4627000,0.7369764,0.2975801,0.2952796},
{0.7946728,0.3334055,0.3344435,0.8388826,0.2663096,0.2945582,0.7877853,0.5421024,0.2701214,0.6655068,0.5932270,0.2510180,0.6719663,0.6607315,0.4045012,0.7336000,0.6860000,0.5020000,0.7372000,0.6367000,0.3786000,0.8232000,0.5908000,0.3658000,0.8700000,0.5368000,0.3959000,0.9747000,0.5123000,0.4620000,0.7368623,0.2982795,0.2948977},
{0.7944976,0.3336136,0.3344150,0.8386884,0.2664357,0.2946556,0.7873444,0.5425514,0.2700433,0.6652552,0.5938209,0.2508060,0.6730466,0.6612279,0.4052787,0.7352000,0.6849000,0.5026000,0.7382000,0.6362000,0.3786000,0.8250000,0.5898000,0.3659000,0.8714000,0.5360000,0.3955000,0.9764000,0.5114000,0.4612000,0.7367645,0.2988820,0.2945683},
{0.7942953,0.3338542,0.3343820,0.8381074,0.2668143,0.2949452,0.7869057,0.5429993,0.2699653,0.6649803,0.5944791,0.2505728,0.6741487,0.6617540,0.4060631,0.7367000,0.6841000,0.5031000,0.7392000,0.6358000,0.3787000,0.8267000,0.5888000,0.3660000,0.8728000,0.5353000,0.3952000,0.9780000,0.5105000,0.4604000,0.7366261,0.2997394,0.2940992},
{0.7937465,0.3345085,0.3342909,0.8369552,0.2675712,0.2955125,0.7863848,0.5435329,0.2698725,0.6646573,0.5952659,0.2502966,0.6751609,0.6622540,0.4067762,0.7383000,0.6832000,0.5038000,0.7403000,0.6353000,0.3788000,0.8285000,0.5878000,0.3661000,0.8739000,0.5346000,0.3948000,0.9793000,0.5096000,0.4596000,0.7364448,0.3008701,0.2934796},
{0.7932414,0.3351126,0.3342054,0.8355930,0.2684765,0.2961713,0.7858642,0.5440678,0.2697794,0.6643130,0.5961210,0.2499995,0.6762869,0.6628286,0.4075616,0.7398000,0.6825000,0.5043000,0.7413000,0.6348000,0.3789000,0.8303000,0.5868000,0.3662000,0.8750000,0.5338000,0.3945000,0.9805000,0.5087000,0.4588000,0.7362720,0.3019572,0.2928831},
{0.7925699,0.3359187,0.3340892,0.8342161,0.2694027,0.2968240,0.7853024,0.5446469,0.2696785,0.6640103,0.5968870,0.2497360,0.6773891,0.6634089,0.4083226,0.7413000,0.6820000,0.5051000,0.7423000,0.6343000,0.3790000,0.8321000,0.5858000,0.3663000,0.8758000,0.5331000,0.3941000,0.9816000,0.5077000,0.4580000,0.7360821,0.3031618,0.2922210},
{0.7917602,0.3368954,0.3339452,0.8329201,0.2702848,0.2974266,0.7846735,0.5452977,0.2695652,0.6636859,0.5977237,0.2494511,0.6784799,0.6640001,0.4090684,0.7428000,0.6815000,0.5056000,0.7434000,0.6338000,0.3791000,0.8339000,0.5848000,0.3664000,0.8767000,0.5326000,0.3937000,0.9826000,0.5068000,0.4571000,0.7359371,0.3040885,0.2917109},
{0.7908308,0.3380225,0.3337747,0.8318275,0.2710360,0.2979258,0.7841019,0.5458914,0.2694618,0.6634051,0.5984613,0.2492024,0.6795604,0.6646014,0.4098001,0.7442000,0.6811000,0.5063000,0.7444000,0.6334000,0.3792000,0.8356000,0.5838000,0.3664000,0.8773000,0.5319000,0.3934000,0.9834000,0.5058000,0.4564000,0.7357822,0.3050859,0.2911612},
{0.7899505,0.3390961,0.3336081,0.8308188,0.2717358,0.2983796,0.7834046,0.5466185,0.2693351,0.6630998,0.5992781,0.2489295,0.6804900,0.6651312,0.4104244,0.7456000,0.6807000,0.5068000,0.7454000,0.6329000,0.3793000,0.8374000,0.5828000,0.3665000,0.8780000,0.5314000,0.3930000,0.9841000,0.5048000,0.4556000,0.7356801,0.3057472,0.2907964},
{0.7892513,0.3399529,0.3334721,0.8298919,0.2723839,0.2987906,0.7828721,0.5471759,0.2692380,0.6627848,0.6001379,0.2486452,0.6814043,0.6656629,0.4110337,0.7469000,0.6805000,0.5073000,0.7464000,0.6324000,0.3794000,0.8392000,0.5818000,0.3666000,0.8784000,0.5310000,0.3927000,0.9846000,0.5039000,0.4548000,0.7356122,0.3061892,0.2905523},
{0.7885835,0.3407748,0.3333393,0.8291565,0.2729015,0.2991126,0.7823486,0.5477258,0.2691421,0.6625141,0.6008909,0.2483986,0.6823247,0.6662085,0.4116425,0.7481000,0.6803000,0.5077000,0.7475000,0.6319000,0.3795000,0.8392000,0.5818000,0.3666000,0.8789000,0.5304000,0.3924000,0.9851000,0.5030000,0.4542000,0.7355703,0.3064626,0.2904013},
{0.7879718,0.3415307,0.3332150,0.8285376,0.2733396,0.2993809,0.7818778,0.5482217,0.2690557,0.6623276,0.6014175,0.2482275,0.6831607,0.6667131,0.4121916,0.7491000,0.6802000,0.5081000,0.7485000,0.6314000,0.3796000,0.8395000,0.5812000,0.3666000,0.8793000,0.5300000,0.3921000,0.9855000,0.5021000,0.4536000,0.7355314,0.3067168,0.2902609},
{0.7874681,0.3421552,0.3331109,0.8284028,0.2734353,0.2994391,0.7813890,0.5487382,0.2689656,0.6621603,0.6018955,0.2480730,0.6838322,0.6671244,0.4126300,0.7502000,0.6801000,0.5084000,0.7495000,0.6310000,0.3797000,0.8398000,0.5809000,0.3665000,0.8795000,0.5296000,0.3919000,0.9858000,0.5012000,0.4531000,0.7355022,0.3069081,0.2901551},
{0.7871854,0.3425065,0.3330517,0.8283195,0.2734945,0.2994749,0.7810204,0.5491287,0.2688975,0.6620359,0.6022547,0.2479576,0.6848079,0.6677315,0.4132630,0.7512000,0.6802000,0.5087000,0.7506000,0.6305000,0.3798000,0.8400000,0.5804000,0.3665000,0.8797000,0.5292000,0.3918000,0.9861000,0.5004000,0.4526000,0.7354502,0.3072490,0.2899666},
{0.7867549,0.3430428,0.3329606,0.8283250,0.2734906,0.2994726,0.7806452,0.5495271,0.2688280,0.6618977,0.6026572,0.2478288,0.6855565,0.6682045,0.4137454,0.7522000,0.6804000,0.5090000,0.7516000,0.6300000,0.3799000,0.8402000,0.5802000,0.3665000,0.8799000,0.5288000,0.3916000,0.9863000,0.4996000,0.4523000,0.7354075,0.3075300,0.2898111},
{0.7864081,0.3434758,0.3328863,0.8282421,0.2735495,0.2995082,0.7804555,0.5497289,0.2687928,0.6617737,0.6030216,0.2477127,0.6863842,0.6687349,0.4142756,0.7532000,0.6807000,0.5094000,0.7526000,0.6295000,0.3800000,0.8404000,0.5800000,0.3665000,0.8801000,0.5284000,0.3915000,0.9864000,0.4989000,0.4519000,0.7353601,0.3078422,0.2896384},
{0.7858487,0.3441762,0.3327648,0.8279565,0.2737528,0.2996306,0.7801763,0.5500263,0.2687409,0.6616765,0.6033097,0.2476213,0.6873794,0.6693825,0.4149088,0.7543000,0.6810000,0.5097000,0.7537000,0.6290000,0.3801000,0.8405000,0.5799000,0.3667000,0.8802000,0.5281000,0.3914000,0.9865000,0.4981000,0.4517000,0.7353204,0.3081042,0.2894933},
{0.7852844,0.3448853,0.3326401,0.8275898,0.2740146,0.2997870,0.7800584,0.5501521,0.2687190,0.6616208,0.6034755,0.2475688,0.6881720,0.6699058,0.4154097,0.7553000,0.6814000,0.5099000,0.7547000,0.6286000,0.3802000,0.8407000,0.5799000,0.3668000,0.8802000,0.5279000,0.3914000,0.9866000,0.4974000,0.4515000,0.7352953,0.3082707,0.2894011},
{0.7845390,0.3458256,0.3324722,0.8271004,0.2743651,0.2999944,0.7798388,0.5503866,0.2686780,0.6615548,0.6036728,0.2475065,0.6889923,0.6704546,0.4159252,0.7563000,0.6817000,0.5101000,0.7557000,0.6281000,0.3803000,0.8409000,0.5798000,0.3670000,0.8802000,0.5276000,0.3914000,0.9866000,0.4967000,0.4513000,0.7352897,0.3083078,0.2893805},
{0.7836968,0.3468932,0.3322781,0.8264054,0.2748651,0.3002863,0.7795547,0.5506905,0.2686250,0.6614414,0.6040143,0.2473989,0.6898893,0.6710626,0.4164853,0.7572000,0.6820000,0.5103000,0.7568000,0.6276000,0.3804000,0.8410000,0.5797000,0.3671000,0.8802000,0.5274000,0.3915000,0.9866000,0.4961000,0.4511000,0.7352263,0.3087282,0.2891476},
{0.7827393,0.3481137,0.3320516,0.8253691,0.2756158,0.3007157,0.7791592,0.5511144,0.2685510,0.6612939,0.6044628,0.2472584,0.6905464,0.6715132,0.4168933,0.7580000,0.6824000,0.5104000,0.7578000,0.6271000,0.3805000,0.8412000,0.5797000,0.3671000,0.8801000,0.5272000,0.3915000,0.9865000,0.4955000,0.4509000,0.7351213,0.3094272,0.2887600},
{0.7815261,0.3496704,0.3317559,0.8239295,0.2766682,0.3013010,0.7786588,0.5516521,0.2684571,0.6610370,0.6052553,0.2470118,0.6909118,0.6717657,0.4171194,0.7586000,0.6826000,0.5105000,0.7588000,0.6266000,0.3806000,0.8413000,0.5798000,0.3671000,0.8801000,0.5271000,0.3915000,0.9864000,0.4949000,0.4508000,0.7349606,0.3105050,0.2881617},
{0.7800892,0.3515291,0.3313928,0.8221904,0.2779547,0.3019907,0.7779905,0.5523732,0.2683312,0.6607343,0.6062090,0.2467180,0.6916249,0.6722623,0.4175589,0.7588000,0.6826000,0.5111000,0.7599000,0.6262000,0.3807000,0.8415000,0.5798000,0.3671000,0.8800000,0.5270000,0.3914000,0.9863000,0.4944000,0.4506000,0.7347706,0.3117914,0.2874465},
{0.7784046,0.3537291,0.3309492,0.8198993,0.2796742,0.3028706,0.7769904,0.5534576,0.2681418,0.6603003,0.6076162,0.2462904,0.6922053,0.6726702,0.4179150,0.7595000,0.6828000,0.5109000,0.7609000,0.6257000,0.3808000,0.8416000,0.5799000,0.3670000,0.8800000,0.5269000,0.3913000,0.9863000,0.4939000,0.4504000,0.7345463,0.3133266,0.2865914},
{0.7764012,0.3563748,0.3303966,0.8169820,0.2819037,0.3039447,0.7757679,0.5547927,0.2679085,0.6597764,0.6093821,0.2457633,0.6926366,0.6729754,0.4181786,0.7601000,0.6830000,0.5105000,0.7619000,0.6252000,0.3809000,0.8417000,0.5799000,0.3669000,0.8800000,0.5268000,0.3912000,0.9863000,0.4934000,0.4502000,0.7343084,0.3149751,0.2856712},
{0.7740230,0.3595575,0.3297045,0.8136207,0.2845271,0.3051191,0.7742826,0.5564288,0.2676224,0.6591458,0.6116162,0.2451113,0.6930821,0.6732927,0.4184502,0.7605000,0.6832000,0.5103000,0.7630000,0.6247000,0.3810000,0.8418000,0.5799000,0.3668000,0.8800000,0.5268000,0.3910000,0.9863000,0.4929000,0.4499000,0.7340287,0.3169422,0.2845705},
{0.7714761,0.3630171,0.3289196,0.8097826,0.2875928,0.3063790,0.7724649,0.5584521,0.2672684,0.6583660,0.6145656,0.2442749,0.6935778,0.6736479,0.4187514,0.7607000,0.6834000,0.5100000,0.7640000,0.6243000,0.3811000,0.8419000,0.5799000,0.3666000,0.8800000,0.5267000,0.3909000,0.9863000,0.4924000,0.4496000,0.7337123,0.3192052,0.2833008},
{0.7686117,0.3669722,0.3279819,0.8048347,0.2916524,0.3078788,0.7704120,0.5607657,0.2668632,0.6575227,0.6180327,0.2433256,0.6940861,0.6740146,0.4190591,0.7607000,0.6836000,0.5099000,0.7650000,0.6238000,0.3812000,0.8419000,0.5798000,0.3665000,0.8800000,0.5265000,0.3906000,0.9863000,0.4919000,0.4493000,0.7333528,0.3218296,0.2818236},
{0.7653635,0.3715408,0.3268470,0.7993253,0.2963119,0.3093878,0.7681002,0.5634078,0.2664002,0.6566479,0.6220115,0.2422791,0.6946454,0.6744209,0.4193964,0.7610000,0.6840000,0.5090000,0.7661000,0.6233000,0.3813000,0.8420000,0.5798000,0.3663000,0.8800000,0.5263000,0.3903000,0.9863000,0.4914000,0.4489000,0.7329585,0.3247752,0.2801596},
{0.7619453,0.3764462,0.3255688,0.7930781,0.3017679,0.3108991,0.7655164,0.5664082,0.2658738,0.6557797,0.6264667,0.2411587,0.6951832,0.6748145,0.4197196,0.7612000,0.6844000,0.5082000,0.7671000,0.6228000,0.3814000,0.8420000,0.5797000,0.3661000,0.8801000,0.5261000,0.3900000,0.9863000,0.4908000,0.4485000,0.7325089,0.3282278,0.2782011},
{0.7582389,0.3818817,0.3240834,0.7862909,0.3078983,0.3123064,0.7626045,0.5698508,0.2652692,0.6549695,0.6312611,0.2400103,0.6957715,0.6752481,0.4200718,0.7614000,0.6848000,0.5075000,0.7681000,0.6223000,0.3815000,0.8419000,0.5796000,0.3659000,0.8801000,0.5259000,0.3896000,0.9863000,0.4903000,0.4480000,0.7320317,0.3320109,0.2760453},
{0.7542090,0.3879325,0.3223476,0.7792026,0.3145208,0.3135214,0.7594809,0.5736180,0.2646069,0.6542374,0.6363906,0.2388438,0.6964790,0.6757738,0.4204935,0.7617000,0.6852000,0.5067000,0.7691000,0.6219000,0.3816000,0.8418000,0.5794000,0.3656000,0.8801000,0.5255000,0.3892000,0.9863000,0.4896000,0.4474000,0.7315068,0.3363277,0.2735728},
{0.7500944,0.3942668,0.3204414,0.7717843,0.3216879,0.3145197,0.7560462,0.5778524,0.2638614,0.6536006,0.6418705,0.2376646,0.6972499,0.6763518,0.4209506,0.7620000,0.6857000,0.5058000,0.7702000,0.6214000,0.3817000,0.8418000,0.5792000,0.3654000,0.8802000,0.5251000,0.3887000,0.9863000,0.4889000,0.4467000,0.7309662,0.3409656,0.2709014},
{0.7458128,0.4010322,0.3183089,0.7642774,0.3291823,0.3152500,0.7523387,0.5825353,0.2630359,0.6530627,0.6479205,0.2364391,0.6703772,0.7238116,0.3755394,0.7623000,0.6862000,0.5050000,0.7712000,0.6209000,0.3818000,0.8416000,0.5790000,0.3652000,0.8802000,0.5246000,0.3881000,0.9864000,0.4881000,0.4460000,0.7304363,0.3457246,0.2681442},
{0.7414300,0.4081488,0.3159622,0.7566166,0.3370784,0.3157083,0.7484167,0.5876215,0.2621380,0.6526704,0.6543595,0.2352179,0.6715902,0.7255248,0.3759084,0.7625000,0.6866000,0.5041000,0.7722000,0.6204000,0.3819000,0.8414000,0.5787000,0.3650000,0.8802000,0.5242000,0.3875000,0.9864000,0.4873000,0.4451000,0.7298984,0.3508061,0.2651823},
{0.7369364,0.4156551,0.3133764,0.7490159,0.3451586,0.3158784,0.7443173,0.5930903,0.2611711,0.6524447,0.6613366,0.2339867,0.6733623,0.7279818,0.3764675,0.7628000,0.6875000,0.5032000,0.7733000,0.6199000,0.3820000,0.8412000,0.5783000,0.3646000,0.8801000,0.5236000,0.3869000,0.9864000,0.4866000,0.4442000,0.7293608,0.3561781,0.2620311},
{0.7325404,0.4232149,0.3106616,0.7413055,0.3536050,0.3157620,0.7401600,0.5988043,0.2601593,0.6524214,0.6687989,0.2327706,0.6751194,0.7303673,0.3770439,0.7631000,0.6882000,0.5026000,0.7743000,0.6195000,0.3821000,0.8409000,0.5780000,0.3644000,0.8801000,0.5233000,0.3863000,0.9864000,0.4858000,0.4433000,0.7288432,0.3616799,0.2587826},
{0.7281183,0.4310469,0.3077357,0.7335747,0.3623272,0.3153521,0.7358640,0.6048966,0.2590789,0.6526254,0.6765507,0.2316126,0.6770276,0.7329051,0.3776930,0.7634000,0.6889000,0.5019000,0.7753000,0.6190000,0.3822000,0.8406000,0.5778000,0.3641000,0.8800000,0.5230000,0.3856000,0.9864000,0.4852000,0.4423000,0.7283207,0.3676317,0.2552444},
{0.7236603,0.4391875,0.3045764,0.7258743,0.3712694,0.3146495,0.7315795,0.6111748,0.2579637,0.6530762,0.6846411,0.2305139,0.6790031,0.7354779,0.3783887,0.7636000,0.6899000,0.5012000,0.7764000,0.6185000,0.3823000,0.8403000,0.5776000,0.3639000,0.8800000,0.5228000,0.3850000,0.9864000,0.4845000,0.4415000,0.7278262,0.3737227,0.2515976},
{0.7192364,0.4475251,0.3012194,0.7180825,0.3805793,0.3136358,0.7270861,0.6179910,0.2567510,0.6537814,0.6929326,0.2295001,0.6810606,0.7381021,0.3791374,0.7638000,0.6907000,0.5007000,0.7774000,0.6180000,0.3824000,0.8399000,0.5775000,0.3639000,0.8800000,0.5226000,0.3843000,0.9864000,0.4839000,0.4406000,0.7273385,0.3802908,0.2476359},
{0.7149308,0.4559052,0.2977246,0.7103371,0.3900997,0.3123205,0.7229261,0.6245286,0.2555861,0.6547556,0.7014588,0.2285725,0.6832403,0.7408244,0.3799558,0.7640000,0.6918000,0.5003000,0.7774000,0.6180000,0.3824000,0.8395000,0.5774000,0.3638000,0.8799000,0.5224000,0.3837000,0.9863000,0.4833000,0.4398000,0.7268792,0.3871524,0.2434649},
{0.7106911,0.4644331,0.2940472,0.7026813,0.3997769,0.3107117,0.7184342,0.6318522,0.2542790,0.6560418,0.7104010,0.2277218,0.6855325,0.7436265,0.3808429,0.7644000,0.6928000,0.5000000,0.7767000,0.6194000,0.3823000,0.8392000,0.5774000,0.3638000,0.8797000,0.5222000,0.3831000,0.9862000,0.4826000,0.4390000,0.7264580,0.3942515,0.2391149},
{0.7065635,0.4730199,0.2902233,0.6950162,0.4097394,0.3087841,0.7142158,0.6390009,0.2530011,0.6577099,0.7199549,0.2269486,0.6878655,0.7464182,0.3817721,0.7648000,0.6938000,0.4997000,0.7763000,0.6181000,0.3819000,0.8389000,0.5776000,0.3637000,0.8795000,0.5222000,0.3825000,0.9859000,0.4820000,0.4383000,0.7260751,0.4016950,0.2345161},
{0.7024637,0.4818516,0.2861660,0.6873948,0.4199265,0.3065420,0.7100525,0.6463370,0.2516877,0.6595930,0.7291248,0.2263367,0.6902450,0.7492057,0.3827458,0.7652000,0.6948000,0.4994000,0.7757000,0.6206000,0.3821000,0.8384000,0.5777000,0.3636000,0.8792000,0.5222000,0.3820000,0.9855000,0.4813000,0.4378000,0.7257492,0.4092234,0.2298256},
{0.6985133,0.4906745,0.2819884,0.6798295,0.4303279,0.3039816,0.7058592,0.6540350,0.2503073,0.6617735,0.7383840,0.2258475,0.6926260,0.7519373,0.3837453,0.7656000,0.6957000,0.4993000,0.7748000,0.6218000,0.3818000,0.8379000,0.5778000,0.3636000,0.8788000,0.5221000,0.3816000,0.9851000,0.4807000,0.4373000,0.7254756,0.4170504,0.2249070},
{0.6946832,0.4995525,0.2776609,0.6723975,0.4408405,0.3011255,0.7018012,0.6618100,0.2489109,0.6641964,0.7475062,0.2254925,0.6949759,0.7545790,0.3847553,0.7660000,0.6967000,0.4992000,0.7744000,0.6230000,0.3815000,0.8376000,0.5781000,0.3635000,0.8784000,0.5221000,0.3813000,0.9845000,0.4801000,0.4368000,0.7252620,0.4251768,0.2197551},
{0.6909590,0.5085248,0.2731621,0.6649599,0.4516696,0.2979102,0.6978436,0.6697346,0.2474855,0.6669040,0.7566581,0.2252641,0.6973838,0.7572319,0.3858139,0.7663000,0.6977000,0.4992000,0.7741000,0.6244000,0.3814000,0.8372000,0.5784000,0.3636000,0.8779000,0.5222000,0.3809000,0.9840000,0.4796000,0.4365000,0.7251193,0.4333921,0.2144998},
{0.6873766,0.5175092,0.2685316,0.6575935,0.4627191,0.2943509,0.6940740,0.6776337,0.2460625,0.6698601,0.7657123,0.2251661,0.6998172,0.7598593,0.3869070,0.7665000,0.6987000,0.4993000,0.7737000,0.6260000,0.3812000,0.8366000,0.5786000,0.3636000,0.8774000,0.5222000,0.3806000,0.9833000,0.4791000,0.4362000,0.7250494,0.4418026,0.2090706},
{0.6839652,0.5264292,0.2638102,0.6503484,0.4739239,0.2904598,0.6904860,0.6855087,0.2446417,0.6731232,0.7748323,0.2251992,0.7023656,0.7625546,0.3880764,0.7667000,0.6997000,0.4987000,0.7736000,0.6270000,0.3816000,0.8362000,0.5790000,0.3637000,0.8768000,0.5223000,0.3805000,0.9826000,0.4787000,0.4360000,0.7250599,0.4506914,0.2032786},
{0.6806741,0.5354176,0.2589273,0.6432745,0.4852130,0.2862566,0.6871064,0.6932851,0.2432368,0.6766376,0.7838429,0.2253661,0.7049816,0.7652629,0.3893022,0.7669000,0.7008000,0.4994000,0.7732000,0.6279000,0.3823000,0.8357000,0.5793000,0.3639000,0.8762000,0.5224000,0.3803000,0.9818000,0.4782000,0.4359000,0.7251576,0.4595947,0.1974212},
{0.6775468,0.5443592,0.2539444,0.6364019,0.4965416,0.2817556,0.6838555,0.7011376,0.2418161,0.6803850,0.7927003,0.2256652,0.7075390,0.7678546,0.3905249,0.7671000,0.7020000,0.4994000,0.7729000,0.6295000,0.3822000,0.8350000,0.5796000,0.3640000,0.8754000,0.5225000,0.3802000,0.9810000,0.4778000,0.4357000,0.7253467,0.4686387,0.1914134},
{0.6745917,0.5532247,0.2488795,0.6297570,0.5078671,0.2769731,0.6807249,0.7090934,0.2403747,0.6843110,0.8012927,0.2260896,0.7102158,0.7705090,0.3918302,0.7674000,0.7031000,0.4994000,0.7725000,0.6312000,0.3821000,0.8345000,0.5801000,0.3640000,0.8747000,0.5226000,0.3800000,0.9800000,0.4774000,0.4356000,0.7256340,0.4778746,0.1852178},
{0.6717916,0.5620631,0.2437053,0.6233048,0.5192533,0.2718789,0.6778522,0.7167846,0.2389793,0.6883841,0.8095805,0.2266310,0.7128584,0.7730718,0.3931440,0.7676000,0.7043000,0.4994000,0.7725000,0.6312000,0.3821000,0.8333000,0.5796000,0.3647000,0.8738000,0.5227000,0.3799000,0.9790000,0.4769000,0.4356000,0.7260161,0.4870893,0.1789750},
{0.6691535,0.5708525,0.2384344,0.6171045,0.5306011,0.2665136,0.6752159,0.7242229,0.2376281,0.6925777,0.8175410,0.2272810,0.7155152,0.7755911,0.3944898,0.7672000,0.7064000,0.4995000,0.7719000,0.6328000,0.3816000,0.8331000,0.5806000,0.3646000,0.8730000,0.5229000,0.3797000,0.9778000,0.4765000,0.4355000,0.7264971,0.4963463,0.1726412},
{0.6667201,0.5794391,0.2331623,0.6110907,0.5420401,0.2608091,0.6727437,0.7315809,0.2362898,0.6968468,0.8251234,0.2280269,0.7182356,0.7781114,0.3958936,0.7675000,0.7076000,0.4995000,0.7714000,0.6344000,0.3812000,0.8326000,0.5816000,0.3645000,0.8720000,0.5230000,0.3795000,0.9766000,0.4761000,0.4354000,0.7270751,0.5055861,0.1662563},
{0.6644449,0.5879737,0.2277994,0.6054120,0.5532921,0.2549014,0.6704555,0.7387766,0.2349794,0.7011268,0.8322575,0.2288502,0.7209809,0.7805941,0.3973368,0.7680000,0.7087000,0.4994000,0.7708000,0.6359000,0.3807000,0.8315000,0.5819000,0.3643000,0.8710000,0.5232000,0.3794000,0.9754000,0.4758000,0.4353000,0.7277609,0.5149367,0.1597301},
{0.6623462,0.5963849,0.2223913,0.6000875,0.5643062,0.2488254,0.6683687,0.7457172,0.2337141,0.7054312,0.8390075,0.2297468,0.7237204,0.7830105,0.3988034,0.7684000,0.7102000,0.4991000,0.7703000,0.6375000,0.3803000,0.8306000,0.5824000,0.3644000,0.8694000,0.5228000,0.3795000,0.9740000,0.4753000,0.4353000,0.7285399,0.5241804,0.1532136},
{0.6604288,0.6046400,0.2169619,0.5952147,0.5748505,0.2427271,0.6664204,0.7525808,0.2324613,0.7096538,0.8452526,0.2306873,0.7263580,0.7852790,0.4002409,0.7688000,0.7114000,0.4991000,0.7698000,0.6391000,0.3798000,0.8298000,0.5831000,0.3643000,0.8687000,0.5237000,0.3790000,0.9725000,0.4750000,0.4352000,0.7293658,0.5328769,0.1470231},
{0.6587240,0.6125678,0.2116309,0.5904869,0.5855906,0.2362207,0.6646348,0.7592576,0.2312413,0.7138376,0.8511019,0.2316738,0.7289022,0.7874126,0.4016513,0.7691000,0.7130000,0.4990000,0.7692000,0.6407000,0.3793000,0.8288000,0.5836000,0.3642000,0.8675000,0.5241000,0.3788000,0.9709000,0.4746000,0.4351000,0.7302975,0.5417028,0.1406805},
{0.6572207,0.6201625,0.2064130,0.5862384,0.5957636,0.2297701,0.6629950,0.7657769,0.2300488,0.7180018,0.8566125,0.2327059,0.7313383,0.7894044,0.4030239,0.7691000,0.7152000,0.4986000,0.7687000,0.6423000,0.3789000,0.8280000,0.5844000,0.3641000,0.8663000,0.5244000,0.3786000,0.9692000,0.4742000,0.4350000,0.7313045,0.5503596,0.1343996},
{0.6558841,0.6275517,0.2012283,0.5823315,0.6056604,0.2232113,0.6615108,0.7720627,0.2288978,0.7222309,0.8619115,0.2338021,0.7335935,0.7912031,0.4043144,0.7692000,0.7169000,0.4984000,0.7687000,0.6423000,0.3789000,0.8270000,0.5852000,0.3639000,0.8650000,0.5249000,0.3783000,0.9675000,0.4739000,0.4349000,0.7323502,0.5586011,0.1283641},
{0.6547361,0.6345571,0.1962112,0.5788828,0.6149415,0.2167911,0.6601442,0.7782425,0.2277651,0.7264397,0.8669045,0.2349385,0.7356763,0.7928247,0.4055235,0.7692000,0.7185000,0.4981000,0.7682000,0.6442000,0.3786000,0.8262000,0.5860000,0.3637000,0.8637000,0.5254000,0.3780000,0.9657000,0.4736000,0.4348000,0.7334644,0.5667169,0.1223665},
{0.6537539,0.6412357,0.1913321,0.5758014,0.6237895,0.2104120,0.6589107,0.7842148,0.2266693,0.7307096,0.8716984,0.2361351,0.7376557,0.7943299,0.4066882,0.7691000,0.7201000,0.4978000,0.7677000,0.6457000,0.3782000,0.8251000,0.5869000,0.3635000,0.8623000,0.5259000,0.3778000,0.9639000,0.4733000,0.4348000,0.7346191,0.5745396,0.1165336},
{0.6529095,0.6477185,0.1865030,0.5731182,0.6320531,0.2042103,0.6577986,0.7899938,0.2256080,0.7348613,0.8761093,0.2373391,0.7395851,0.7957626,0.4078386,0.7691000,0.7218000,0.4975000,0.7671000,0.6474000,0.3779000,0.8242000,0.5879000,0.3634000,0.8608000,0.5266000,0.3775000,0.9620000,0.4732000,0.4348000,0.7357837,0.5819266,0.1109779},
{0.6522045,0.6539390,0.1817792,0.5707800,0.6398216,0.1981494,0.6568375,0.7953622,0.2246213,0.7388398,0.8801140,0.2385288,0.7413295,0.7970278,0.4088917,0.7690000,0.7236000,0.4972000,0.7664000,0.6490000,0.3777000,0.8230000,0.5888000,0.3633000,0.8593000,0.5272000,0.3774000,0.9600000,0.4730000,0.4348000,0.7369473,0.5888820,0.1057038},
{0.6516386,0.6598003,0.1772440,0.5687740,0.6470609,0.1922848,0.6559855,0.8004819,0.2236794,0.7427107,0.8838086,0.2397188,0.7430098,0.7982187,0.4099183,0.7690000,0.7254000,0.4969000,0.7659000,0.6506000,0.3774000,0.8218000,0.5897000,0.3631000,0.8578000,0.5279000,0.3773000,0.9579000,0.4729000,0.4348000,0.7381358,0.5956095,0.1005620},
{0.6511935,0.6653691,0.1728560,0.5671040,0.6536532,0.1867482,0.6552435,0.8052866,0.2227948,0.7464254,0.8871727,0.2408902,0.7445612,0.7992935,0.4108769,0.7689000,0.7272000,0.4966000,0.7653000,0.6523000,0.3772000,0.8206000,0.5905000,0.3630000,0.8563000,0.5287000,0.3772000,0.9559000,0.4728000,0.4349000,0.7392947,0.6018494,0.0957567},
{0.6508599,0.6706237,0.1686418,0.5656762,0.6598735,0.1813385,0.6545824,0.8099087,0.2219432,0.7498224,0.8900971,0.2419859,0.7460223,0.8002833,0.4117895,0.7689000,0.7289000,0.4962000,0.7647000,0.6537000,0.3769000,0.8193000,0.5915000,0.3630000,0.8548000,0.5296000,0.3769000,0.9539000,0.4728000,0.4351000,0.7404735,0.6079112,0.0910544},
{0.6506268,0.6755506,0.1646223,0.5645140,0.6655238,0.1762558,0.6540061,0.8142702,0.2211390,0.7530593,0.8927516,0.2430513,0.7474085,0.8012016,0.4126643,0.7688000,0.7307000,0.4958000,0.7642000,0.6554000,0.3766000,0.8177000,0.5922000,0.3631000,0.8532000,0.5303000,0.3769000,0.9517000,0.4728000,0.4352000,0.7415940,0.6134350,0.0867397},
{0.6504807,0.6802028,0.1607635,0.5635488,0.6708318,0.1713225,0.6534780,0.8186158,0.2203371,0.7560773,0.8951123,0.2440632,0.7486461,0.8020041,0.4134530,0.7684000,0.7324000,0.4955000,0.7636000,0.6571000,0.3763000,0.8163000,0.5930000,0.3630000,0.8517000,0.5311000,0.3768000,0.9497000,0.4728000,0.4354000,0.7426944,0.6186560,0.0826349},
{0.6504123,0.6845522,0.1570977,0.5627740,0.6757440,0.1666087,0.6530217,0.8227194,0.2195794,0.7588984,0.8972206,0.2450248,0.7497969,0.8027351,0.4141930,0.7681000,0.7342000,0.4951000,0.7629000,0.6585000,0.3760000,0.8139000,0.5934000,0.3627000,0.8500000,0.5318000,0.3768000,0.9475000,0.4729000,0.4357000,0.7437865,0.6236555,0.0786797},
{0.6504105,0.6886226,0.1536137,0.5621616,0.6803337,0.1620646,0.6526205,0.8266806,0.2188475,0.7615420,0.8991110,0.2459398,0.7508599,0.8033969,0.4148823,0.7679000,0.7358000,0.4945000,0.7623000,0.6603000,0.3756000,0.8125000,0.5943000,0.3625000,0.8485000,0.5327000,0.3767000,0.9453000,0.4730000,0.4359000,0.7448517,0.6283717,0.0749263},
{0.6504662,0.6924461,0.1502921,0.5617215,0.6843525,0.1579655,0.6522638,0.8305735,0.2181278,0.7639326,0.9007499,0.2467786,0.7517781,0.8039580,0.4154824,0.7675000,0.7376000,0.4940000,0.7616000,0.6620000,0.3753000,0.8110000,0.5957000,0.3624000,0.8469000,0.5335000,0.3767000,0.9430000,0.4733000,0.4362000,0.7458226,0.6325433,0.0715877},
{0.6505755,0.6961485,0.1470283,0.5613845,0.6882888,0.1538324,0.6519701,0.8341386,0.2174682,0.7660792,0.9021650,0.2475409,0.7525325,0.8044115,0.4159787,0.7671000,0.7392000,0.4934000,0.7608000,0.6635000,0.3747000,0.8109000,0.5970000,0.3625000,0.8452000,0.5344000,0.3767000,0.9408000,0.4735000,0.4366000,0.7467523,0.6364318,0.0684599},
{0.6507276,0.6995795,0.1439603,0.5611695,0.6917927,0.1500471,0.6517264,0.8374399,0.2168572,0.7679638,0.9033634,0.2482173,0.7532928,0.8048616,0.4164819,0.7670000,0.7407000,0.4927000,0.7604000,0.6654000,0.3745000,0.8094000,0.5980000,0.3622000,0.8436000,0.5354000,0.3767000,0.9384000,0.4738000,0.4370000,0.7476774,0.6402046,0.0654103},
{0.6509158,0.7027848,0.1410548,0.5610455,0.6951236,0.1463480,0.6515328,0.8403702,0.2163145,0.7695382,0.9043331,0.2487874,0.7538278,0.8051740,0.4168379,0.7665000,0.7425000,0.4922000,0.7594000,0.6667000,0.3739000,0.8084000,0.5991000,0.3623000,0.8419000,0.5362000,0.3767000,0.9361000,0.4741000,0.4374000,0.7485143,0.6435392,0.0627026},
{0.6511361,0.7058110,0.1382751,0.5610064,0.6981369,0.1429100,0.6513760,0.8430264,0.2158223,0.7708700,0.9051313,0.2492733,0.7543868,0.8054965,0.4172115,0.7660000,0.7442000,0.4916000,0.7589000,0.6685000,0.3735000,0.8078000,0.6006000,0.3620000,0.8402000,0.5372000,0.3766000,0.9337000,0.4745000,0.4378000,0.7493130,0.6466555,0.0601615},
{0.6513672,0.7084897,0.1357838,0.5610369,0.7009221,0.1396488,0.6512516,0.8453866,0.2153848,0.7719060,0.9057380,0.2496535,0.7548373,0.8057535,0.4175139,0.7654000,0.7458000,0.4910000,0.7578000,0.6697000,0.3730000,0.8067000,0.6018000,0.3618000,0.8385000,0.5382000,0.3766000,0.9314000,0.4749000,0.4383000,0.7500296,0.6493998,0.0579152},
{0.6516177,0.7110191,0.1334038,0.5611277,0.7035159,0.1365336,0.6511538,0.8474621,0.2150000,0.7727608,0.9062294,0.2499687,0.7550905,0.8058968,0.4176843,0.7646000,0.7475000,0.4903000,0.7571000,0.6713000,0.3724000,0.8056000,0.6030000,0.3615000,0.8368000,0.5392000,0.3767000,0.9290000,0.4754000,0.4388000,0.7506892,0.6518834,0.0558752},
{0.6518755,0.7133337,0.1312014,0.5612678,0.7058926,0.1336079,0.6510720,0.8494090,0.2146388,0.7734645,0.9066276,0.2502292,0.7551906,0.8059532,0.4177518,0.7638000,0.7492000,0.4896000,0.7560000,0.6725000,0.3719000,0.8054000,0.6044000,0.3609000,0.8351000,0.5402000,0.3767000,0.9266000,0.4759000,0.4393000,0.7513570,0.6543588,0.0538353},
{0.6521446,0.7155172,0.1291016,0.5614518,0.7081157,0.1308048,0.6509984,0.8513997,0.2142694,0.7739651,0.9069075,0.2504151,0.7552579,0.8059911,0.4177972,0.7628000,0.7508000,0.4888000,0.7554000,0.6745000,0.3711000,0.8041000,0.6054000,0.3606000,0.8333000,0.5411000,0.3767000,0.9242000,0.4765000,0.4399000,0.7519632,0.6565731,0.0520048},
{0.6524148,0.7175232,0.1271528,0.5616604,0.7100801,0.1282704,0.6509411,0.8531805,0.2139389,0.7744509,0.9071763,0.2505959,0.7551048,0.8059049,0.4176940,0.7616000,0.7523000,0.4879000,0.7542000,0.6755000,0.3706000,0.8027000,0.6066000,0.3603000,0.8316000,0.5421000,0.3766000,0.9217000,0.4771000,0.4404000,0.7525396,0.6586497,0.0502832},
{0.6526840,0.7193713,0.1253403,0.5619127,0.7120262,0.1257024,0.6509027,0.8545465,0.2136853,0.7747811,0.9073575,0.2507191,0.7549052,0.8057920,0.4175596,0.7604000,0.7538000,0.4870000,0.7533000,0.6769000,0.3699000,0.8014000,0.6078000,0.3600000,0.8299000,0.5433000,0.3765000,0.9193000,0.4778000,0.4410000,0.7530356,0.6604157,0.0488152},
{0.6529597,0.7211369,0.1235926,0.5621938,0.7138529,0.1232364,0.6508705,0.8558518,0.2134429,0.7750227,0.9074893,0.2508093,0.7546659,0.8056560,0.4173987,0.7590000,0.7552000,0.4862000,0.7523000,0.6782000,0.3693000,0.8001000,0.6089000,0.3596000,0.8281000,0.5441000,0.3767000,0.9168000,0.4785000,0.4416000,0.7534887,0.6620116,0.0474856},
{0.6532279,0.7227489,0.1219830,0.5625185,0.7156654,0.1207324,0.6508456,0.8570107,0.2132276,0.7750408,0.9074991,0.2508161,0.7542847,0.8054378,0.4171431,0.7576000,0.7566000,0.4853000,0.7513000,0.6795000,0.3685000,0.7989000,0.6100000,0.3592000,0.8264000,0.5451000,0.3766000,0.9145000,0.4792000,0.4422000,0.7539699,0.6636897,0.0460844},
{0.6535115,0.7243571,0.1203634,0.5628779,0.7174122,0.1182608,0.6508304,0.8578108,0.2130790,0.7748157,0.9073764,0.2507320,0.7539723,0.8052577,0.4169343,0.7561000,0.7579000,0.4845000,0.7503000,0.6810000,0.3677000,0.7977000,0.6112000,0.3588000,0.8247000,0.5463000,0.3766000,0.9121000,0.4800000,0.4428000,0.7544109,0.6652124,0.0448102},
{0.6538098,0.7259554,0.1187398,0.5633214,0.7192981,0.1155230,0.6508192,0.8584627,0.2129578,0.7744409,0.9071708,0.2505922,0.7535091,0.8049883,0.4166256,0.7545000,0.7592000,0.4836000,0.7492000,0.6819000,0.3670000,0.7964000,0.6122000,0.3584000,0.8230000,0.5472000,0.3766000,0.9097000,0.4808000,0.4434000,0.7548810,0.6668197,0.0434622},
{0.6541242,0.7275496,0.1171059,0.5638334,0.7212040,0.1126763,0.6508111,0.8589841,0.2128610,0.7738902,0.9068658,0.2503873,0.7530545,0.8047213,0.4163239,0.7529000,0.7606000,0.4828000,0.7482000,0.6832000,0.3663000,0.7952000,0.6132000,0.3580000,0.8213000,0.5484000,0.3765000,0.9074000,0.4816000,0.4441000,0.7554042,0.6685899,0.0419741},
{0.6544858,0.7292839,0.1153117,0.5644038,0.7230717,0.1098005,0.6508046,0.8594399,0.2127762,0.7732519,0.9065079,0.2501504,0.7525850,0.8044428,0.4160133,0.7513000,0.7620000,0.4819000,0.7470000,0.6845000,0.3654000,0.7939000,0.6144000,0.3575000,0.8196000,0.5494000,0.3765000,0.9050000,0.4825000,0.4447000,0.7560238,0.6706617,0.0402278}
};
