fitErrPi Mean = 0.318282
fitErrTh Mean = 0.0354435
fitErrWr Mean = 0.0127597
fitErrLA Mean = 0.0139565
fitErrEl Mean = 0.0710502
fitErrUA Mean = 0.00763645
efPts = {
{0.7651135,0.3454533,0.2762536,0.7791311,0.2760448,0.2920390,1.1430464,0.9248333,0.2773266,1.2407846,1.0034033,0.5907492,0.6453582,0.6590424,0.3860338,0.7168000,0.7135000,0.5150000,0.7234000,0.6160000,0.3770000,0.7509000,0.5915000,0.2704000,0.7928000,0.5345000,0.3743000,0.9230000,0.4303000,0.4711000,0.3182822,0.0000000,0.0000000},
{0.7651625,0.3454153,0.2762434,0.7788953,0.2762628,0.2920667,0.6489074,0.4505418,0.2901185,0.6588198,0.6102714,0.3217579,0.6452957,0.6592640,0.3858722,0.7166000,0.7127000,0.5148000,0.7235000,0.6153000,0.3768000,0.7510000,0.5910000,0.2702000,0.7927000,0.5340000,0.3743000,0.9229000,0.4293000,0.4707000,0.3182822,0.0000000,0.0000000},
{0.7650891,0.3454723,0.2762587,0.7786787,0.2764633,0.2920919,0.6484132,0.4513282,0.2897729,0.6587071,0.6111065,0.3211786,0.6452289,0.6595027,0.3856985,0.7164000,0.7120000,0.5146000,0.7236000,0.6146000,0.3767000,0.7512000,0.5905000,0.2701000,0.7927000,0.5336000,0.3742000,0.9227000,0.4284000,0.4704000,0.3182822,0.0000000,0.0000000},
{0.7647636,0.3457256,0.2763266,0.7782821,0.2768309,0.2921377,0.6479355,0.4520928,0.2894375,0.6585755,0.6120964,0.3204937,0.6451021,0.6599610,0.3853662,0.7164000,0.7114000,0.5145000,0.7238000,0.6139000,0.3766000,0.7514000,0.5900000,0.2700000,0.7926000,0.5331000,0.3742000,0.9223000,0.4274000,0.4701000,0.3182822,0.0000000,0.0000000},
{0.7644383,0.3459794,0.2763941,0.7778561,0.2772264,0.2921863,0.6473716,0.4530014,0.2890399,0.6584349,0.6131731,0.3197509,0.6449856,0.6603883,0.3850577,0.7163000,0.7110000,0.5142000,0.7239000,0.6132000,0.3765000,0.7516000,0.5896000,0.2698000,0.7925000,0.5327000,0.3742000,0.9219000,0.4266000,0.4699000,0.3182822,0.0000000,0.0000000},
{0.7639638,0.3463506,0.2764918,0.7772506,0.2777900,0.2922544,0.6467861,0.4539514,0.2886252,0.6582884,0.6143161,0.3189647,0.6448587,0.6608603,0.3847185,0.7162000,0.7107000,0.5140000,0.7240000,0.6124000,0.3764000,0.7517000,0.5891000,0.2697000,0.7925000,0.5323000,0.3742000,0.9214000,0.4258000,0.4698000,0.3182822,0.0000000,0.0000000},
{0.7633593,0.3468255,0.2766152,0.7766035,0.2783940,0.2923258,0.6462204,0.4548759,0.2882227,0.6581531,0.6153934,0.3182261,0.6447037,0.6614465,0.3842992,0.7161000,0.7105000,0.5138000,0.7242000,0.6117000,0.3763000,0.7519000,0.5886000,0.2696000,0.7924000,0.5318000,0.3741000,0.9208000,0.4251000,0.4697000,0.3182822,0.0000000,0.0000000},
{0.7627229,0.3473279,0.2767438,0.7758185,0.2791290,0.2924106,0.6456310,0.4558464,0.2878012,0.6580316,0.6163781,0.3175528,0.6445505,0.6620377,0.3838787,0.7160000,0.7104000,0.5136000,0.7243000,0.6110000,0.3761000,0.7521000,0.5881000,0.2695000,0.7924000,0.5314000,0.3741000,0.9202000,0.4245000,0.4698000,0.3182822,0.0000000,0.0000000},
{0.7619935,0.3479066,0.2768894,0.7748946,0.2799975,0.2925078,0.6450758,0.4567670,0.2874024,0.6579069,0.6174080,0.3168507,0.6444156,0.6625673,0.3835040,0.7159000,0.7102000,0.5134000,0.7244000,0.6103000,0.3760000,0.7523000,0.5877000,0.2693000,0.7923000,0.5310000,0.3741000,0.9197000,0.4239000,0.4699000,0.3182822,0.0000000,0.0000000},
{0.7612259,0.3485189,0.2770406,0.7739479,0.2808911,0.2926045,0.6445115,0.4577095,0.2869950,0.6577815,0.6184638,0.3161329,0.6442901,0.6630690,0.3831508,0.7158000,0.7102000,0.5132000,0.7245000,0.6096000,0.3759000,0.7524000,0.5872000,0.2692000,0.7922000,0.5305000,0.3741000,0.9190000,0.4234000,0.4701000,0.3182822,0.0000000,0.0000000},
{0.7604916,0.3491079,0.2771833,0.7729043,0.2818807,0.2927076,0.6440127,0.4585485,0.2866333,0.6576728,0.6193962,0.3155008,0.6441594,0.6636004,0.3827784,0.7157000,0.7102000,0.5130000,0.7247000,0.6089000,0.3758000,0.7526000,0.5867000,0.2691000,0.7922000,0.5301000,0.3741000,0.9185000,0.4230000,0.4704000,0.3182822,0.0000000,0.0000000},
{0.7597444,0.3497106,0.2773266,0.7719306,0.2828080,0.2928005,0.6434765,0.4594562,0.2862428,0.6575691,0.6203007,0.3148891,0.6440438,0.6640781,0.3824453,0.7155000,0.7102000,0.5127000,0.7248000,0.6081000,0.3757000,0.7528000,0.5863000,0.2690000,0.7921000,0.5296000,0.3740000,0.9178000,0.4226000,0.4706000,0.3182822,0.0000000,0.0000000},
{0.7589502,0.3503548,0.2774768,0.7707978,0.2838922,0.2929046,0.6429295,0.4603890,0.2858425,0.6574687,0.6211925,0.3142875,0.6439267,0.6645701,0.3821037,0.7153000,0.7102000,0.5123000,0.7249000,0.6074000,0.3756000,0.7530000,0.5858000,0.2688000,0.7920000,0.5292000,0.3740000,0.9172000,0.4222000,0.4709000,0.3182822,0.0000000,0.0000000},
{0.7580559,0.3510848,0.2776432,0.7696036,0.2850410,0.2930096,0.6423601,0.4613669,0.2854239,0.6573622,0.6221552,0.3136398,0.6437819,0.6651902,0.3816753,0.7150000,0.7102000,0.5120000,0.7251000,0.6067000,0.3754000,0.7531000,0.5853000,0.2687000,0.7920000,0.5288000,0.3740000,0.9165000,0.4219000,0.4712000,0.3182822,0.0000000,0.0000000},
{0.7570186,0.3519374,0.2778327,0.7682425,0.2863580,0.2931234,0.6417601,0.4624055,0.2849805,0.6572600,0.6230969,0.3130078,0.6436654,0.6656986,0.3813259,0.7147000,0.7103000,0.5115000,0.7252000,0.6060000,0.3753000,0.7533000,0.5848000,0.2686000,0.7919000,0.5283000,0.3740000,0.9158000,0.4216000,0.4715000,0.3182822,0.0000000,0.0000000},
{0.7558669,0.3528916,0.2780387,0.7666964,0.2878638,0.2932451,0.6411032,0.4635522,0.2844922,0.6571351,0.6242725,0.3122212,0.6434964,0.6664525,0.3808108,0.7144000,0.7104000,0.5111000,0.7253000,0.6053000,0.3752000,0.7535000,0.5844000,0.2684000,0.7919000,0.5279000,0.3739000,0.9151000,0.4213000,0.4717000,0.3182822,0.0000000,0.0000000},
{0.7546550,0.3539043,0.2782503,0.7650409,0.2894877,0.2933662,0.6403969,0.4647964,0.2839641,0.6570195,0.6253855,0.3114788,0.6433116,0.6673004,0.3802355,0.7140000,0.7107000,0.5106000,0.7255000,0.6046000,0.3751000,0.7537000,0.5839000,0.2683000,0.7918000,0.5275000,0.3739000,0.9143000,0.4212000,0.4720000,0.3182822,0.0000000,0.0000000},
{0.7533902,0.3549708,0.2784656,0.7633548,0.2911542,0.2934799,0.6396753,0.4660801,0.2834209,0.6568898,0.6266668,0.3106269,0.6431206,0.6682037,0.3796274,0.7135000,0.7109000,0.5101000,0.7256000,0.6039000,0.3750000,0.7538000,0.5834000,0.2682000,0.7917000,0.5270000,0.3739000,0.9136000,0.4210000,0.4723000,0.3182822,0.0000000,0.0000000},
{0.7520192,0.3561377,0.2786926,0.7617655,0.2927365,0.2935780,0.6388629,0.4675404,0.2828051,0.6567565,0.6280210,0.3097298,0.6429222,0.6691747,0.3789792,0.7130000,0.7112000,0.5095000,0.7257000,0.6031000,0.3749000,0.7540000,0.5829000,0.2681000,0.7917000,0.5266000,0.3739000,0.9127000,0.4210000,0.4726000,0.3182822,0.0000000,0.0000000},
{0.7506024,0.3573556,0.2789200,0.7601093,0.2943975,0.2936708,0.6380260,0.4690622,0.2821657,0.6566212,0.6294384,0.3087944,0.6427171,0.6702155,0.3782904,0.7124000,0.7115000,0.5089000,0.7259000,0.6024000,0.3747000,0.7542000,0.5825000,0.2679000,0.7916000,0.5262000,0.3738000,0.9118000,0.4209000,0.4729000,0.3182822,0.0000000,0.0000000},
{0.7491192,0.3586438,0.2791503,0.7584950,0.2960284,0.2937519,0.6370966,0.4707734,0.2814497,0.6564616,0.6311704,0.3076563,0.6425089,0.6713153,0.3775694,0.7117000,0.7119000,0.5082000,0.7260000,0.6017000,0.3746000,0.7544000,0.5820000,0.2678000,0.7915000,0.5257000,0.3738000,0.9109000,0.4209000,0.4733000,0.3182822,0.0000000,0.0000000},
{0.7474940,0.3600708,0.2793935,0.7568662,0.2976860,0.2938243,0.6360729,0.4726845,0.2806536,0.6563039,0.6329527,0.3064907,0.6422892,0.6725278,0.3767822,0.7111000,0.7122000,0.5075000,0.7261000,0.6010000,0.3745000,0.7546000,0.5815000,0.2677000,0.7915000,0.5253000,0.3738000,0.9099000,0.4210000,0.4737000,0.3182822,0.0000000,0.0000000},
{0.7458344,0.3615450,0.2796319,0.7551501,0.2994456,0.2938904,0.6350425,0.4746368,0.2798440,0.6561394,0.6348978,0.3052251,0.6420797,0.6737402,0.3760032,0.7104000,0.7127000,0.5067000,0.7262000,0.6003000,0.3744000,0.7547000,0.5810000,0.2675000,0.7914000,0.5248000,0.3738000,0.9089000,0.4210000,0.4741000,0.3182822,0.0000000,0.0000000},
{0.7441412,0.3630666,0.2798646,0.7532378,0.3014225,0.2939514,0.6339193,0.4767992,0.2789519,0.6559665,0.6370485,0.3038335,0.6418319,0.6752546,0.3750413,0.7097000,0.7132000,0.5059000,0.7264000,0.5996000,0.3743000,0.7549000,0.5806000,0.2674000,0.7913000,0.5244000,0.3737000,0.9078000,0.4212000,0.4746000,0.3182822,0.0000000,0.0000000},
{0.7422424,0.3647944,0.2801131,0.7512838,0.3034600,0.2940000,0.6328110,0.4789689,0.2780613,0.6558068,0.6391515,0.3024806,0.6415965,0.6767878,0.3740796,0.7089000,0.7139000,0.5050000,0.7265000,0.5989000,0.3742000,0.7551000,0.5801000,0.2673000,0.7913000,0.5240000,0.3737000,0.9067000,0.4214000,0.4751000,0.3182822,0.0000000,0.0000000},
{0.7404018,0.3664911,0.2803411,0.7492495,0.3056005,0.2940356,0.6316274,0.4813268,0.2770986,0.6556480,0.6413703,0.3010616,0.6413565,0.6784639,0.3730421,0.7082000,0.7147000,0.5041000,0.7266000,0.5981000,0.3740000,0.7553000,0.5796000,0.2672000,0.7912000,0.5235000,0.3737000,0.9055000,0.4217000,0.4757000,0.3182822,0.0000000,0.0000000},
{0.7384562,0.3683080,0.2805682,0.7472260,0.3077492,0.2940557,0.6304575,0.4837007,0.2761348,0.6554906,0.6437214,0.2995672,0.6411203,0.6802482,0.3719531,0.7074000,0.7156000,0.5032000,0.7268000,0.5974000,0.3739000,0.7554000,0.5791000,0.2670000,0.7912000,0.5231000,0.3737000,0.9043000,0.4221000,0.4763000,0.3182822,0.0000000,0.0000000},
{0.7364127,0.3702425,0.2807914,0.7451488,0.3099755,0.2940603,0.6292547,0.4861880,0.2751306,0.6553402,0.6461412,0.2980391,0.6408857,0.6821884,0.3707864,0.7066000,0.7167000,0.5022000,0.7269000,0.5967000,0.3738000,0.7556000,0.5787000,0.2669000,0.7911000,0.5227000,0.3736000,0.9031000,0.4226000,0.4770000,0.3182822,0.0000000,0.0000000},
{0.7342700,0.3723000,0.2810082,0.7429444,0.3123611,0.2940472,0.6279053,0.4890371,0.2739873,0.6551930,0.6487159,0.2964241,0.6406679,0.6841819,0.3696063,0.7058000,0.7178000,0.5013000,0.7270000,0.5960000,0.3737000,0.7558000,0.5782000,0.2668000,0.7910000,0.5222000,0.3736000,0.9018000,0.4231000,0.4777000,0.3182822,0.0000000,0.0000000},
{0.7319803,0.3745320,0.2812203,0.7406076,0.3149161,0.2940128,0.6265791,0.4919009,0.2728456,0.6550524,0.6514228,0.2947382,0.6404598,0.6863214,0.3683601,0.7051000,0.7190000,0.5003000,0.7272000,0.5953000,0.3736000,0.7560000,0.5777000,0.2666000,0.7910000,0.5218000,0.3736000,0.9005000,0.4238000,0.4785000,0.3182822,0.0000000,0.0000000},
{0.7296468,0.3768425,0.2814153,0.7381294,0.3176557,0.2939530,0.6251619,0.4950344,0.2716048,0.6549178,0.6543215,0.2929465,0.6402803,0.6884265,0.3671539,0.7042000,0.7203000,0.4993000,0.7273000,0.5946000,0.3735000,0.7561000,0.5773000,0.2665000,0.7909000,0.5213000,0.3736000,0.8993000,0.4244000,0.4792000,0.3182822,0.0000000,0.0000000},
{0.7270619,0.3794445,0.2816062,0.7354719,0.3206280,0.2938619,0.6237264,0.4982900,0.2703247,0.6547914,0.6574364,0.2910367,0.6401085,0.6907771,0.3658299,0.7035000,0.7216000,0.4984000,0.7274000,0.5939000,0.3733000,0.7563000,0.5768000,0.2664000,0.7908000,0.5209000,0.3735000,0.8979000,0.4251000,0.4800000,0.3182822,0.0000000,0.0000000},
{0.7243410,0.3822326,0.2817781,0.7327654,0.3236927,0.2937397,0.6222226,0.5017942,0.2689571,0.6546791,0.6606943,0.2890563,0.6399644,0.6931601,0.3645114,0.7027000,0.7229000,0.4974000,0.7274000,0.5939000,0.3733000,0.7565000,0.5763000,0.2663000,0.7908000,0.5205000,0.3735000,0.8965000,0.4258000,0.4807000,0.3182822,0.0000000,0.0000000},
{0.7215006,0.3851978,0.2819254,0.7299147,0.3269622,0.2935786,0.6206887,0.5054739,0.2675321,0.6545838,0.6640880,0.2870117,0.6398459,0.6956332,0.3631680,0.7019000,0.7243000,0.4964000,0.7269000,0.5952000,0.3728000,0.7567000,0.5758000,0.2661000,0.7908000,0.5205000,0.3735000,0.8952000,0.4265000,0.4814000,0.3182822,0.0000000,0.0000000},
{0.7185016,0.3883900,0.2820447,0.7267870,0.3305994,0.2933628,0.6192090,0.5091312,0.2661269,0.6545057,0.6677328,0.2848366,0.6397559,0.6981903,0.3618046,0.7012000,0.7258000,0.4955000,0.7262000,0.5965000,0.3719000,0.7568000,0.5754000,0.2660000,0.7902000,0.5215000,0.3736000,0.8938000,0.4274000,0.4821000,0.3182822,0.0000000,0.0000000},
{0.7153599,0.3918033,0.2821288,0.7236082,0.3343505,0.2931007,0.6177063,0.5129620,0.2646667,0.6544515,0.6714590,0.2826348,0.6396942,0.7009887,0.3603419,0.7006000,0.7274000,0.4945000,0.7255000,0.5979000,0.3713000,0.7570000,0.5749000,0.2659000,0.7893000,0.5224000,0.3735000,0.8924000,0.4282000,0.4829000,0.3182822,0.0000000,0.0000000},
{0.7119442,0.3955963,0.2821719,0.7202966,0.3383184,0.2927809,0.6158890,0.5177654,0.2628523,0.6544228,0.6752833,0.2803979,0.6396697,0.7039146,0.3588442,0.6999000,0.7290000,0.4935000,0.7249000,0.5994000,0.3704000,0.7572000,0.5744000,0.2658000,0.7882000,0.5229000,0.3736000,0.8910000,0.4291000,0.4836000,0.3182822,0.0000000,0.0000000},
{0.7084463,0.3995713,0.2821627,0.7165774,0.3428493,0.2923633,0.6141874,0.5224481,0.2611007,0.6544215,0.6792893,0.2780794,0.6396865,0.7069716,0.3573132,0.6993000,0.7308000,0.4924000,0.7241000,0.6010000,0.3697000,0.7574000,0.5739000,0.2656000,0.7873000,0.5236000,0.3738000,0.8897000,0.4300000,0.4844000,0.3182822,0.0000000,0.0000000},
{0.7045006,0.4041680,0.2820857,0.7130433,0.3472299,0.2919078,0.6124529,0.5274259,0.2592572,0.6544532,0.6836395,0.2755898,0.6397490,0.7101623,0.3557510,0.6987000,0.7327000,0.4914000,0.7232000,0.6026000,0.3688000,0.7575000,0.5735000,0.2655000,0.7865000,0.5243000,0.3740000,0.8884000,0.4309000,0.4851000,0.3182822,0.0000000,0.0000000},
{0.7007203,0.4086877,0.2819436,0.7090762,0.3522369,0.2913263,0.6106866,0.5327311,0.2573127,0.6545221,0.6881463,0.2730414,0.6398614,0.7134770,0.3541657,0.6982000,0.7347000,0.4903000,0.7224000,0.6043000,0.3680000,0.7577000,0.5730000,0.2654000,0.7856000,0.5250000,0.3742000,0.8870000,0.4318000,0.4858000,0.3182822,0.0000000,0.0000000},
{0.6965775,0.4137752,0.2817088,0.7048990,0.3576150,0.2906313,0.6088869,0.5384134,0.2552528,0.6546356,0.6929600,0.2703535,0.6400282,0.7169264,0.3525558,0.6976000,0.7367000,0.4891000,0.7217000,0.6061000,0.3670000,0.7579000,0.5725000,0.2652000,0.7847000,0.5260000,0.3740000,0.8857000,0.4328000,0.4865000,0.3182822,0.0000000,0.0000000},
{0.6922561,0.4192374,0.2813722,0.7005573,0.3633241,0.2898158,0.6070914,0.5444014,0.2531069,0.6547997,0.6980353,0.2675575,0.6402261,0.7201077,0.3511058,0.6970000,0.7388000,0.4880000,0.7209000,0.6080000,0.3661000,0.7581000,0.5720000,0.2651000,0.7839000,0.5267000,0.3741000,0.8844000,0.4337000,0.4872000,0.3182822,0.0000000,0.0000000},
{0.6877979,0.4250455,0.2809230,0.6960057,0.3694447,0.2888549,0.6053138,0.5506934,0.2508792,0.6550228,0.7034138,0.2646363,0.6405508,0.7243107,0.3492405,0.6964000,0.7410000,0.4869000,0.7201000,0.6099000,0.3651000,0.7583000,0.5716000,0.2650000,0.7838000,0.5282000,0.3740000,0.8831000,0.4346000,0.4879000,0.3182822,0.0000000,0.0000000},
{0.6832516,0.4311579,0.2803532,0.6912993,0.3759257,0.2877424,0.6035223,0.5574670,0.2485110,0.6553016,0.7088934,0.2617041,0.6409391,0.7284514,0.3474573,0.6959000,0.7432000,0.4858000,0.7193000,0.6117000,0.3643000,0.7584000,0.5711000,0.2649000,0.7827000,0.5289000,0.3739000,0.8817000,0.4356000,0.4886000,0.3182822,0.0000000,0.0000000},
{0.6786029,0.4376156,0.2796481,0.6866072,0.3825482,0.2865073,0.6017856,0.5645322,0.2460735,0.6556556,0.7147365,0.2586259,0.6414100,0.7327291,0.3456704,0.6954000,0.7455000,0.4847000,0.7186000,0.6135000,0.3633000,0.7586000,0.5706000,0.2647000,0.7819000,0.5299000,0.3738000,0.8802000,0.4366000,0.4892000,0.3182822,0.0000000,0.0000000},
{0.6739638,0.4442812,0.2788141,0.6817502,0.3895814,0.2850896,0.6001123,0.5719122,0.2435621,0.6560811,0.7207594,0.2555046,0.6419551,0.7370439,0.3439238,0.6950000,0.7478000,0.4837000,0.7179000,0.6154000,0.3623000,0.7588000,0.5701000,0.2646000,0.7812000,0.5308000,0.3737000,0.8788000,0.4376000,0.4899000,0.3182822,0.0000000,0.0000000},
{0.6692474,0.4512979,0.2778247,0.6768030,0.3969418,0.2834921,0.5985080,0.5796554,0.2409646,0.6565978,0.7271317,0.2522590,0.6426174,0.7416786,0.3421087,0.6945000,0.7502000,0.4826000,0.7171000,0.6173000,0.3614000,0.7588000,0.5701000,0.2646000,0.7804000,0.5317000,0.3735000,0.8773000,0.4387000,0.4906000,0.3182822,0.0000000,0.0000000},
{0.6644749,0.4586610,0.2766684,0.6718704,0.4044893,0.2817360,0.5970135,0.5876354,0.2383268,0.6572117,0.7338083,0.2489202,0.6433672,0.7463710,0.3403340,0.6942000,0.7527000,0.4816000,0.7164000,0.6193000,0.3605000,0.7584000,0.5717000,0.2641000,0.7796000,0.5327000,0.3734000,0.8757000,0.4397000,0.4912000,0.3182822,0.0000000,0.0000000},
{0.6597306,0.4662619,0.2753532,0.6668566,0.4123885,0.2797732,0.5956150,0.5960106,0.2356004,0.6579155,0.7406346,0.2455716,0.6442397,0.7513026,0.3385361,0.6938000,0.7553000,0.4804000,0.7156000,0.6212000,0.3596000,0.7580000,0.5732000,0.2637000,0.7785000,0.5337000,0.3733000,0.8741000,0.4409000,0.4918000,0.3182822,0.0000000,0.0000000},
{0.6550412,0.4740721,0.2738778,0.6618597,0.4205048,0.2776266,0.5943376,0.6047531,0.2327994,0.6587230,0.7476880,0.2421800,0.6452276,0.7563827,0.3367546,0.6935000,0.7579000,0.4794000,0.7149000,0.6233000,0.3587000,0.7572000,0.5746000,0.2635000,0.7775000,0.5347000,0.3732000,0.8724000,0.4420000,0.4925000,0.3182822,0.0000000,0.0000000},
{0.6503575,0.4821938,0.2722151,0.6568088,0.4289746,0.2752492,0.5932283,0.6136255,0.2300031,0.6596423,0.7549761,0.2387480,0.6463325,0.7615901,0.3350020,0.6933000,0.7607000,0.4783000,0.7141000,0.6255000,0.3578000,0.7565000,0.5762000,0.2633000,0.7764000,0.5358000,0.3731000,0.8708000,0.4431000,0.4931000,0.3182822,0.0000000,0.0000000},
{0.6457602,0.4905064,0.2703821,0.6518238,0.4376167,0.2726817,0.5922766,0.6227962,0.2271609,0.6606862,0.7625339,0.2352663,0.6475668,0.7669522,0.3332740,0.6931000,0.7635000,0.4772000,0.7133000,0.6278000,0.3569000,0.7557000,0.5777000,0.2632000,0.7752000,0.5368000,0.3731000,0.8690000,0.4442000,0.4936000,0.3182822,0.0000000,0.0000000},
{0.6414403,0.4986562,0.2684600,0.6468799,0.4464886,0.2699001,0.5915115,0.6320920,0.2243292,0.6618502,0.7702732,0.2317821,0.6489448,0.7724954,0.3315687,0.6930000,0.7664000,0.4761000,0.7125000,0.6299000,0.3560000,0.7548000,0.5794000,0.2631000,0.7739000,0.5380000,0.3731000,0.8672000,0.4452000,0.4942000,0.3182822,0.0000000,0.0000000},
{0.6366584,0.5081035,0.2660813,0.6419914,0.4555834,0.2668978,0.5909206,0.6418699,0.2214035,0.6631367,0.7781709,0.2283106,0.6504747,0.7782165,0.3298943,0.6928000,0.7693000,0.4749000,0.7118000,0.6321000,0.3552000,0.7537000,0.5809000,0.2630000,0.7727000,0.5392000,0.3731000,0.8654000,0.4464000,0.4947000,0.3182822,0.0000000,0.0000000},
{0.6322754,0.5172038,0.2636409,0.6371829,0.4648730,0.2636761,0.5905460,0.6516751,0.2185234,0.6645507,0.7862250,0.2248575,0.6521392,0.7840236,0.3282834,0.6927000,0.7724000,0.4738000,0.7111000,0.6345000,0.3542000,0.7528000,0.5823000,0.2629000,0.7714000,0.5404000,0.3731000,0.8636000,0.4475000,0.4952000,0.3182822,0.0000000,0.0000000},
{0.6280062,0.5265293,0.2609919,0.6323755,0.4745376,0.2601603,0.5903865,0.6617469,0.2156207,0.6661107,0.7945005,0.2214008,0.6539705,0.7900037,0.3267176,0.6926000,0.7755000,0.4726000,0.7104000,0.6367000,0.3532000,0.7517000,0.5838000,0.2628000,0.7701000,0.5416000,0.3730000,0.8617000,0.4486000,0.4956000,0.3182822,0.0000000,0.0000000},
{0.6238637,0.5360777,0.2581268,0.6277594,0.4842138,0.2564748,0.5904552,0.6719041,0.2127500,0.6678482,0.8031080,0.2179034,0.6559124,0.7959586,0.3252525,0.6926000,0.7786000,0.4714000,0.7096000,0.6389000,0.3523000,0.7506000,0.5853000,0.2628000,0.7687000,0.5429000,0.3730000,0.8599000,0.4498000,0.4961000,0.3182822,0.0000000,0.0000000},
{0.6198969,0.5457572,0.2550673,0.6231974,0.4942057,0.2524972,0.5907605,0.6822365,0.2098880,0.6697281,0.8118299,0.2144614,0.6579979,0.8019834,0.3238661,0.6926000,0.7817000,0.4703000,0.7089000,0.6409000,0.3513000,0.7496000,0.5867000,0.2627000,0.7672000,0.5441000,0.3730000,0.8580000,0.4510000,0.4965000,0.3182822,0.0000000,0.0000000},
{0.6160894,0.5556291,0.2517880,0.6188227,0.5042424,0.2483273,0.5913093,0.6926698,0.2070575,0.6716678,0.8202960,0.2112183,0.6601975,0.8079862,0.3225815,0.6926000,0.7849000,0.4692000,0.7081000,0.6429000,0.3505000,0.7486000,0.5882000,0.2626000,0.7657000,0.5454000,0.3729000,0.8560000,0.4522000,0.4968000,0.3182822,0.0000000,0.0000000},
{0.6125387,0.5654488,0.2483681,0.6145693,0.5144907,0.2438901,0.5920974,0.7030771,0.2042934,0.6737180,0.8287508,0.2080762,0.6625246,0.8140002,0.3213926,0.6927000,0.7879000,0.4682000,0.7073000,0.6450000,0.3497000,0.7474000,0.5898000,0.2625000,0.7642000,0.5467000,0.3728000,0.8539000,0.4534000,0.4970000,0.3182822,0.0000000,0.0000000},
{0.6091587,0.5754652,0.2447182,0.6105556,0.5246743,0.2393022,0.5931211,0.7134361,0.2016013,0.6758731,0.8371728,0.2050423,0.6649761,0.8200122,0.3203037,0.6928000,0.7910000,0.4673000,0.7065000,0.6471000,0.3490000,0.7463000,0.5914000,0.2623000,0.7626000,0.5481000,0.3726000,0.8518000,0.4545000,0.4972000,0.3182822,0.0000000,0.0000000},
{0.6060244,0.5854767,0.2409074,0.6066770,0.5350697,0.2344353,0.5943735,0.7237115,0.1989894,0.6781256,0.8455391,0.2021238,0.6674805,0.8258539,0.3193427,0.6930000,0.7940000,0.4666000,0.7056000,0.6492000,0.3485000,0.7452000,0.5930000,0.2621000,0.7609000,0.5494000,0.3724000,0.8496000,0.4557000,0.4973000,0.3182822,0.0000000,0.0000000},
{0.6031387,0.5954731,0.2369396,0.6029859,0.5455634,0.2293341,0.5958446,0.7338653,0.1964661,0.6804698,0.8538349,0.1993243,0.6701417,0.8317687,0.3184694,0.6933000,0.7971000,0.4659000,0.7046000,0.6513000,0.3480000,0.7440000,0.5947000,0.2618000,0.7593000,0.5509000,0.3722000,0.8472000,0.4568000,0.4974000,0.3182822,0.0000000,0.0000000},
{0.6005559,0.6052413,0.2329041,0.5995672,0.5559119,0.2241176,0.5975095,0.7437937,0.1940547,0.6828898,0.8620154,0.1966562,0.6729362,0.8376913,0.3176982,0.6936000,0.8001000,0.4653000,0.7035000,0.6534000,0.3477000,0.7427000,0.5965000,0.2615000,0.7576000,0.5524000,0.3719000,0.8448000,0.4579000,0.4974000,0.3182822,0.0000000,0.0000000},
{0.5981995,0.6150555,0.2286905,0.5963972,0.5661679,0.2187647,0.5993975,0.7537054,0.1917032,0.6853578,0.8700040,0.1941400,0.6757032,0.8432943,0.3170664,0.6940000,0.8031000,0.4647000,0.7024000,0.6557000,0.3472000,0.7414000,0.5983000,0.2612000,0.7558000,0.5540000,0.3717000,0.8423000,0.4589000,0.4974000,0.3182822,0.0000000,0.0000000},
{0.5960454,0.6250668,0.2242257,0.5934781,0.5763081,0.2132914,0.6014872,0.7634961,0.1894359,0.6879103,0.8779326,0.1917307,0.6785444,0.8488036,0.3165411,0.6945000,0.8061000,0.4641000,0.7012000,0.6581000,0.3468000,0.7399000,0.6003000,0.2610000,0.7539000,0.5557000,0.3714000,0.8397000,0.4600000,0.4974000,0.3182822,0.0000000,0.0000000},
{0.5942756,0.6343600,0.2199277,0.5908133,0.5863000,0.2077205,0.6037245,0.7729674,0.1872959,0.6905199,0.8857245,0.1894490,0.6814933,0.8542831,0.3161164,0.6950000,0.8090000,0.4636000,0.6998000,0.6603000,0.3462000,0.7386000,0.6024000,0.2608000,0.7521000,0.5573000,0.3712000,0.8370000,0.4610000,0.4975000,0.3182822,0.0000000,0.0000000},
{0.5927162,0.6437553,0.2154292,0.5883887,0.5961744,0.2020396,0.6061107,0.7821899,0.1852633,0.6932038,0.8934404,0.1872747,0.6844306,0.8595196,0.3158052,0.6955000,0.8120000,0.4630000,0.6985000,0.6625000,0.3456000,0.7372000,0.6043000,0.2606000,0.7502000,0.5590000,0.3710000,0.8343000,0.4621000,0.4976000,0.3182822,0.0000000,0.0000000},
{0.5914181,0.6529605,0.2108684,0.5862404,0.6057430,0.1963658,0.6086417,0.7911938,0.1833287,0.6958932,0.9008981,0.1852545,0.6873500,0.8645219,0.3155980,0.6962000,0.8150000,0.4625000,0.6971000,0.6649000,0.3450000,0.7357000,0.6065000,0.2603000,0.7482000,0.5607000,0.3707000,0.8314000,0.4633000,0.4978000,0.3182822,0.0000000,0.0000000},
{0.5903903,0.6618150,0.2063340,0.5843316,0.6151143,0.1906450,0.6112269,0.7997238,0.1815422,0.6985168,0.9079324,0.1834232,0.6902687,0.8693356,0.3154856,0.6968000,0.8179000,0.4621000,0.6956000,0.6671000,0.3445000,0.7342000,0.6086000,0.2600000,0.7463000,0.5624000,0.3704000,0.8284000,0.4645000,0.4979000,0.3182822,0.0000000,0.0000000},
{0.5896131,0.6703227,0.2018368,0.5826949,0.6240493,0.1850367,0.6138883,0.8079247,0.1798681,0.7010980,0.9146396,0.1817448,0.6931810,0.8739642,0.3154618,0.6976000,0.8209000,0.4619000,0.6932000,0.6693000,0.3437000,0.7328000,0.6107000,0.2599000,0.7443000,0.5641000,0.3701000,0.8253000,0.4658000,0.4981000,0.3182822,0.0000000,0.0000000},
{0.5890692,0.6784623,0.1974009,0.5813159,0.6324933,0.1795957,0.6165708,0.8156902,0.1783230,0.7036664,0.9211195,0.1801871,0.6960062,0.8782970,0.3155180,0.6984000,0.8238000,0.4617000,0.6921000,0.6718000,0.3433000,0.7313000,0.6130000,0.2596000,0.7421000,0.5660000,0.3698000,0.8220000,0.4671000,0.4983000,0.3182822,0.0000000,0.0000000},
{0.5887456,0.6860137,0.1931648,0.5801582,0.6405287,0.1742882,0.6192637,0.8230528,0.1768950,0.7061669,0.9272549,0.1787706,0.6988125,0.8824560,0.3156471,0.6993000,0.8268000,0.4616000,0.6908000,0.6744000,0.3429000,0.7299000,0.6152000,0.2594000,0.7400000,0.5679000,0.3697000,0.8188000,0.4685000,0.4985000,0.3182822,0.0000000,0.0000000},
{0.5886052,0.6932600,0.1889863,0.5792115,0.6480737,0.1691867,0.6220081,0.8301688,0.1755498,0.7086725,0.9332433,0.1774437,0.7016034,0.8864558,0.3158443,0.7001000,0.8297000,0.4615000,0.6894000,0.6770000,0.3426000,0.7283000,0.6176000,0.2593000,0.7378000,0.5698000,0.3696000,0.8154000,0.4699000,0.4987000,0.3182822,0.0000000,0.0000000},
{0.5886313,0.7000847,0.1849453,0.5784464,0.6551857,0.1642711,0.6247268,0.8368788,0.1743137,0.7110865,0.9388704,0.1762475,0.7043093,0.8902099,0.3160981,0.7010000,0.8324000,0.4613000,0.6879000,0.6795000,0.3424000,0.7269000,0.6199000,0.2593000,0.7357000,0.5718000,0.3695000,0.8122000,0.4713000,0.4991000,0.3182822,0.0000000,0.0000000},
{0.5888015,0.7064991,0.1810500,0.5778434,0.6618597,0.1595617,0.6274768,0.8433607,0.1731501,0.7135652,0.9445118,0.1750983,0.7069726,0.8937905,0.3164057,0.7017000,0.8352000,0.4611000,0.6862000,0.6820000,0.3421000,0.7254000,0.6223000,0.2594000,0.7335000,0.5739000,0.3695000,0.8089000,0.4728000,0.4995000,0.3182822,0.0000000,0.0000000},
{0.5891035,0.7126576,0.1772176,0.5773757,0.6682038,0.1549964,0.6302699,0.8496623,0.1720485,0.7159341,0.9497808,0.1740709,0.7096809,0.8973196,0.3167751,0.7024000,0.8379000,0.4608000,0.6846000,0.6846000,0.3417000,0.7239000,0.6245000,0.2593000,0.7314000,0.5760000,0.3696000,0.8055000,0.4744000,0.5000000,0.3182822,0.0000000,0.0000000},
{0.5895180,0.7184668,0.1735162,0.5770407,0.6739944,0.1507523,0.6329665,0.8555023,0.1710542,0.7183127,0.9549573,0.1731052,0.7122519,0.9005689,0.3171767,0.7030000,0.8405000,0.4605000,0.6831000,0.6872000,0.3413000,0.7223000,0.6267000,0.2593000,0.7294000,0.5779000,0.3696000,0.8023000,0.4760000,0.5005000,0.3182822,0.0000000,0.0000000},
{0.5900154,0.7238123,0.1700327,0.5768063,0.6794775,0.1466641,0.6356715,0.8611409,0.1701193,0.7205944,0.9598208,0.1722380,0.7147978,0.9036927,0.3176218,0.7037000,0.8432000,0.4601000,0.6817000,0.6897000,0.3409000,0.7208000,0.6288000,0.2594000,0.7274000,0.5798000,0.3696000,0.7991000,0.4777000,0.5011000,0.3182822,0.0000000,0.0000000},
{0.5905984,0.7289141,0.1666358,0.5766617,0.6845913,0.1427889,0.6382655,0.8663585,0.1692767,0.7228509,0.9645364,0.1714349,0.7173341,0.9067146,0.3181108,0.7043000,0.8458000,0.4597000,0.6805000,0.6921000,0.3406000,0.7194000,0.6308000,0.2594000,0.7253000,0.5817000,0.3697000,0.7960000,0.4794000,0.5017000,0.3182822,0.0000000,0.0000000},
{0.5912341,0.7336212,0.1634365,0.5765934,0.6893006,0.1391660,0.6408146,0.8713182,0.1684963,0.7250575,0.9690613,0.1706995,0.7198416,0.9096160,0.3186377,0.7049000,0.8484000,0.4592000,0.6793000,0.6947000,0.3402000,0.7179000,0.6326000,0.2595000,0.7234000,0.5834000,0.3698000,0.7930000,0.4811000,0.5024000,0.3182822,0.0000000,0.0000000},
{0.5919322,0.7381137,0.1603220,0.5765868,0.6937011,0.1357325,0.6432888,0.8759842,0.1677809,0.7271510,0.9732783,0.1700457,0.7222275,0.9122990,0.3191783,0.7055000,0.8510000,0.4586000,0.6781000,0.6969000,0.3399000,0.7166000,0.6344000,0.2596000,0.7214000,0.5852000,0.3700000,0.7902000,0.4829000,0.5032000,0.3182822,0.0000000,0.0000000},
{0.5926542,0.7422346,0.1574106,0.5766317,0.6978113,0.1324826,0.6456417,0.8802947,0.1671365,0.7291266,0.9771925,0.1694665,0.7244661,0.9147490,0.3197196,0.7062000,0.8537000,0.4580000,0.6771000,0.6992000,0.3397000,0.7149000,0.6361000,0.2594000,0.7195000,0.5868000,0.3701000,0.7875000,0.4846000,0.5039000,0.3182822,0.0000000,0.0000000},
{0.5934101,0.7461215,0.1546146,0.5767232,0.7017972,0.1292906,0.6478594,0.8842509,0.1665596,0.7309420,0.9807354,0.1689656,0.7267204,0.9171516,0.3202973,0.7070000,0.8563000,0.4574000,0.6761000,0.7014000,0.3395000,0.7137000,0.6377000,0.2594000,0.7177000,0.5884000,0.3704000,0.7849000,0.4864000,0.5048000,0.3182822,0.0000000,0.0000000},
{0.5941863,0.7497609,0.1519510,0.5768477,0.7054053,0.1263663,0.6499979,0.8879730,0.1660296,0.7327241,0.9841642,0.1685020,0.7287867,0.9192978,0.3208552,0.7077000,0.8589000,0.4567000,0.6752000,0.7036000,0.3393000,0.7126000,0.6393000,0.2596000,0.7159000,0.5900000,0.3707000,0.7824000,0.4881000,0.5056000,0.3182822,0.0000000,0.0000000},
{0.5950070,0.7532987,0.1493175,0.5770045,0.7088551,0.1235386,0.6520033,0.8913847,0.1655550,0.7344157,0.9873758,0.1680871,0.7307130,0.9212510,0.3213992,0.7084000,0.8615000,0.4560000,0.6743000,0.7057000,0.3392000,0.7115000,0.6408000,0.2598000,0.7142000,0.5916000,0.3709000,0.7798000,0.4899000,0.5065000,0.3182822,0.0000000,0.0000000},
{0.5958052,0.7564890,0.1469040,0.5771889,0.7121443,0.1208132,0.6539387,0.8946078,0.1651167,0.7359650,0.9902811,0.1677280,0.7324213,0.9229452,0.3219009,0.7090000,0.8641000,0.4552000,0.6733000,0.7078000,0.3390000,0.7104000,0.6423000,0.2599000,0.7125000,0.5932000,0.3712000,0.7774000,0.4917000,0.5073000,0.3182822,0.0000000,0.0000000},
{0.5966351,0.7595864,0.1445241,0.5773908,0.7151920,0.1182618,0.6557233,0.8975221,0.1647289,0.7373922,0.9929275,0.1674144,0.7340027,0.9244822,0.3223811,0.7096000,0.8665000,0.4543000,0.6725000,0.7100000,0.3389000,0.7094000,0.6436000,0.2600000,0.7109000,0.5947000,0.3714000,0.7751000,0.4936000,0.5082000,0.3182822,0.0000000,0.0000000},
{0.5974445,0.7624233,0.1423114,0.5776204,0.7182068,0.1157129,0.6573764,0.9001738,0.1643834,0.7387095,0.9953454,0.1671393,0.7354988,0.9259088,0.3228493,0.7100000,0.8690000,0.4534000,0.6716000,0.7121000,0.3387000,0.7083000,0.6450000,0.2601000,0.7093000,0.5962000,0.3715000,0.7728000,0.4953000,0.5089000,0.3182822,0.0000000,0.0000000},
{0.5982650,0.7651383,0.1401633,0.5778537,0.7209285,0.1133899,0.6589305,0.9026262,0.1640700,0.7399145,0.9975368,0.1668995,0.7367926,0.9271211,0.3232651,0.7103000,0.8713000,0.4524000,0.6708000,0.7140000,0.3384000,0.7072000,0.6462000,0.2601000,0.7077000,0.5977000,0.3717000,0.7705000,0.4970000,0.5096000,0.3182822,0.0000000,0.0000000},
{0.5990700,0.7676639,0.1381370,0.5781058,0.7235869,0.1111006,0.6603092,0.9047699,0.1638011,0.7409865,0.9994700,0.1666956,0.7378580,0.9281045,0.3236149,0.7105000,0.8735000,0.4514000,0.6700000,0.7159000,0.3381000,0.7061000,0.6474000,0.2601000,0.7062000,0.5992000,0.3719000,0.7684000,0.4986000,0.5102000,0.3182822,0.0000000,0.0000000},
{0.5998699,0.7700531,0.1361947,0.5783637,0.7260745,0.1089399,0.6615769,0.9067153,0.1635611,0.7419993,1.0012827,0.1665108,0.7388405,0.9289996,0.3239435,0.7105000,0.8755000,0.4504000,0.6692000,0.7176000,0.3377000,0.7051000,0.6486000,0.2599000,0.7047000,0.6005000,0.3719000,0.7663000,0.5001000,0.5108000,0.3182822,0.0000000,0.0000000},
{0.6006493,0.7722772,0.1343633,0.5786162,0.7283293,0.1069657,0.6627417,0.9084816,0.1633467,0.7429054,1.0028934,0.1663520,0.7397181,0.9297896,0.3242418,0.7104000,0.8773000,0.4495000,0.6685000,0.7191000,0.3372000,0.7041000,0.6497000,0.2599000,0.7033000,0.6018000,0.3719000,0.7643000,0.5016000,0.5114000,0.3182822,0.0000000,0.0000000},
{0.6013694,0.7742493,0.1327201,0.5788732,0.7304750,0.1050730,0.6637649,0.9100166,0.1631630,0.7435754,1.0040776,0.1662384,0.7403582,0.9303601,0.3244623,0.7102000,0.8791000,0.4485000,0.6677000,0.7206000,0.3368000,0.7031000,0.6507000,0.2598000,0.7019000,0.6032000,0.3720000,0.7623000,0.5031000,0.5119000,0.3182822,0.0000000,0.0000000},
{0.6021056,0.7761904,0.1310844,0.5791355,0.7325347,0.1032430,0.6646318,0.9113052,0.1630108,0.7441456,1.0050810,0.1661443,0.7409996,0.9309272,0.3246856,0.7099000,0.8807000,0.4475000,0.6668000,0.7218000,0.3363000,0.7022000,0.6516000,0.2597000,0.7005000,0.6043000,0.3720000,0.7603000,0.5046000,0.5125000,0.3182822,0.0000000,0.0000000},
{0.6027972,0.7779500,0.1295854,0.5793898,0.7344243,0.1015527,0.6653109,0.9123074,0.1628936,0.7446748,1.0060087,0.1660591,0.7413634,0.9312466,0.3248133,0.7096000,0.8823000,0.4466000,0.6660000,0.7231000,0.3359000,0.7012000,0.6525000,0.2597000,0.6993000,0.6055000,0.3721000,0.7584000,0.5061000,0.5130000,0.3182822,0.0000000,0.0000000},
{0.6034847,0.7796419,0.1281292,0.5796505,0.7362671,0.0998936,0.6658823,0.9131455,0.1627965,0.7449811,1.0065440,0.1660106,0.7417022,0.9315427,0.3249329,0.7091000,0.8836000,0.4456000,0.6652000,0.7244000,0.3354000,0.7003000,0.6534000,0.2596000,0.6979000,0.6067000,0.3721000,0.7565000,0.5074000,0.5136000,0.3182822,0.0000000,0.0000000},
{0.6041027,0.7811174,0.1268469,0.5799051,0.7379861,0.0983363,0.6663778,0.9138687,0.1627133,0.7452857,1.0070752,0.1659632,0.7418560,0.9316768,0.3249874,0.7087000,0.8850000,0.4446000,0.6643000,0.7254000,0.3350000,0.6993000,0.6543000,0.2595000,0.6966000,0.6077000,0.3721000,0.7545000,0.5087000,0.5140000,0.3182822,0.0000000,0.0000000},
{0.6046952,0.7824939,0.1256400,0.5801378,0.7394948,0.0969618,0.6666719,0.9142961,0.1626644,0.7453608,1.0072061,0.1659516,0.7419874,0.9317910,0.3250341,0.7081000,0.8864000,0.4438000,0.6635000,0.7265000,0.3346000,0.6984000,0.6550000,0.2593000,0.6953000,0.6088000,0.3721000,0.7527000,0.5100000,0.5145000,0.3182822,0.0000000,0.0000000},
{0.6052347,0.7837168,0.1245590,0.5803902,0.7410701,0.0955188,0.6668453,0.9145478,0.1626357,0.7453679,1.0072184,0.1659505,0.7419611,0.9317681,0.3250248,0.7076000,0.8876000,0.4429000,0.6626000,0.7275000,0.3341000,0.6974000,0.6557000,0.2593000,0.6941000,0.6098000,0.3720000,0.7509000,0.5113000,0.5150000,0.3182822,0.0000000,0.0000000}
};
