fitErrPi Mean = 0.043128
fitErrTh Mean = 0.132085
fitErrWr Mean = 0.0809677
fitErrLA Mean = 0.0636287
fitErrEl Mean = 0.0195487
fitErrUA Mean = 0.022057
efPts = {
{0.8624752,1.0317599,-0.0460637,0.9724975,1.2485060,-0.1783675,1.0472203,1.0266484,0.1573505,0.6285148,0.4524768,0.3738042,0.9194182,0.9434434,0.3576641,0.7252000,0.6267000,0.5886000,0.7553000,0.5629000,0.4505000,0.8301000,0.5161000,0.4324000,0.8347000,0.5054000,0.3812000,0.9481000,0.4328000,0.3124000,0.8260116,0.1889074,0.3111278},
{0.8463399,0.2975803,0.3032481,0.8991484,0.3253845,0.2316440,0.7699759,0.3710896,0.3857542,0.6287074,0.4522003,0.3739450,0.6620849,0.5447682,0.4583510,0.7257000,0.6265000,0.5889000,0.7558000,0.5626000,0.4507000,0.8302000,0.5159000,0.4326000,0.8353000,0.5050000,0.3812000,0.9478000,0.4328000,0.3130000,0.8259480,0.1889599,0.3111435},
{0.8463247,0.2975950,0.3032482,0.8988477,0.3256380,0.2316212,0.7700770,0.3709647,0.3857965,0.6288299,0.4520254,0.3740342,0.6622566,0.5444380,0.4584858,0.7261000,0.6264000,0.5892000,0.7563000,0.5623000,0.4509000,0.8304000,0.5157000,0.4329000,0.8358000,0.5046000,0.3811000,0.9475000,0.4328000,0.3136000,0.8259038,0.1889963,0.3111544},
{0.8462427,0.2976741,0.3032488,0.8988477,0.3256380,0.2316212,0.7701134,0.3709196,0.3858118,0.6288985,0.4519279,0.3740839,0.6624496,0.5440710,0.4586359,0.7265000,0.6262000,0.5895000,0.7567000,0.5621000,0.4510000,0.8305000,0.5155000,0.4331000,0.8363000,0.5042000,0.3811000,0.9472000,0.4327000,0.3142000,0.8257106,0.1891560,0.3112020},
{0.8461145,0.2977981,0.3032496,0.8985276,0.3259081,0.2315967,0.7701134,0.3709196,0.3858118,0.6289580,0.4518435,0.3741271,0.6625525,0.5438771,0.4587154,0.7269000,0.6261000,0.5898000,0.7572000,0.5618000,0.4512000,0.8306000,0.5155000,0.4333000,0.8368000,0.5038000,0.3810000,0.9469000,0.4327000,0.3148000,0.8254720,0.1893536,0.3112605},
{0.8458701,0.2980342,0.3032511,0.8983020,0.3260987,0.2315794,0.7700513,0.3709965,0.3857857,0.6289324,0.4518797,0.3741086,0.6626271,0.5437372,0.4587727,0.7273000,0.6260000,0.5902000,0.7576000,0.5615000,0.4514000,0.8308000,0.5156000,0.4335000,0.8373000,0.5034000,0.3809000,0.9466000,0.4327000,0.3154000,0.8252335,0.1895516,0.3113187},
{0.8454751,0.2984165,0.3032532,0.8978316,0.3264961,0.2315433,0.7697636,0.3713524,0.3856652,0.6287828,0.4520925,0.3739999,0.6625924,0.5438022,0.4587461,0.7275000,0.6260000,0.5905000,0.7581000,0.5612000,0.4515000,0.8310000,0.5157000,0.4337000,0.8379000,0.5030000,0.3809000,0.9463000,0.4327000,0.3160000,0.8248234,0.1898931,0.3114181},
{0.8449600,0.2989160,0.3032556,0.8974633,0.3268077,0.2315149,0.7694402,0.3717533,0.3855294,0.6285224,0.4524659,0.3738098,0.6625009,0.5439742,0.4586756,0.7278000,0.6260000,0.5908000,0.7585000,0.5609000,0.4517000,0.8312000,0.5157000,0.4339000,0.8384000,0.5027000,0.3808000,0.9460000,0.4326000,0.3166000,0.8242735,0.1903530,0.3115501},
{0.8443169,0.2995409,0.3032580,0.8968802,0.3273013,0.2314697,0.7689654,0.3723435,0.3853295,0.6281455,0.4530124,0.3735322,0.6623244,0.5443086,0.4585387,0.7281000,0.6262000,0.5912000,0.7590000,0.5607000,0.4519000,0.8313000,0.5159000,0.4342000,0.8389000,0.5023000,0.3808000,0.9457000,0.4326000,0.3172000,0.8234741,0.1910258,0.3117395},
{0.8435948,0.3002445,0.3032598,0.8961144,0.3279506,0.2314099,0.7683334,0.3731323,0.3850623,0.6275945,0.4538255,0.3731212,0.6620520,0.5448319,0.4583250,0.7284000,0.6265000,0.5916000,0.7594000,0.5604000,0.4520000,0.8314000,0.5161000,0.4345000,0.8394000,0.5019000,0.3807000,0.9454000,0.4326000,0.3179000,0.8226180,0.1917518,0.3119388},
{0.8426176,0.3011998,0.3032607,0.8953459,0.3286033,0.2313495,0.7675927,0.3740611,0.3847476,0.6269697,0.4547677,0.3726474,0.6617148,0.5454922,0.4580562,0.7288000,0.6269000,0.5919000,0.7599000,0.5601000,0.4522000,0.8315000,0.5162000,0.4347000,0.8399000,0.5015000,0.3806000,0.9451000,0.4326000,0.3185000,0.8215190,0.1926922,0.3121895},
{0.8414970,0.3022997,0.3032597,0.8939673,0.3297767,0.2312400,0.7667198,0.3751621,0.3843745,0.6262232,0.4559229,0.3720703,0.6612688,0.5463874,0.4576933,0.7291000,0.6274000,0.5922000,0.7603000,0.5598000,0.4524000,0.8316000,0.5166000,0.4350000,0.8404000,0.5011000,0.3806000,0.9448000,0.4325000,0.3191000,0.8202181,0.1938173,0.3124788},
{0.8400767,0.3037007,0.3032553,0.8927442,0.3308207,0.2311416,0.7656719,0.3764926,0.3839237,0.6253187,0.4573676,0.3713540,0.6607258,0.5475130,0.4572393,0.7295000,0.6282000,0.5924000,0.7608000,0.5596000,0.4526000,0.8316000,0.5169000,0.4352000,0.8410000,0.5007000,0.3805000,0.9446000,0.4325000,0.3197000,0.8186425,0.1951970,0.3128185},
{0.8384476,0.3053169,0.3032457,0.8913463,0.3320172,0.2310278,0.7643495,0.3781857,0.3833499,0.6242237,0.4591857,0.3704608,0.6601262,0.5488039,0.4567218,0.7299000,0.6290000,0.5926000,0.7612000,0.5593000,0.4527000,0.8315000,0.5174000,0.4354000,0.8415000,0.5004000,0.3805000,0.9443000,0.4325000,0.3203000,0.8169033,0.1967417,0.3131802},
{0.8366732,0.3070889,0.3032300,0.8898410,0.3333096,0.2309035,0.7628330,0.3801468,0.3826851,0.6229518,0.4613993,0.3693849,0.6594504,0.5503240,0.4561165,0.7304000,0.6300000,0.5927000,0.7617000,0.5590000,0.4529000,0.8314000,0.5178000,0.4356000,0.8420000,0.5000000,0.3804000,0.9440000,0.4324000,0.3209000,0.8148438,0.1985996,0.3135904},
{0.8345886,0.3091859,0.3032045,0.8878952,0.3349864,0.2307404,0.7611301,0.3823740,0.3819300,0.6216004,0.4638810,0.3681928,0.6586223,0.5522894,0.4553399,0.7309000,0.6311000,0.5928000,0.7621000,0.5587000,0.4531000,0.8312000,0.5183000,0.4359000,0.8425000,0.4996000,0.3804000,0.9437000,0.4324000,0.3215000,0.8125607,0.2006954,0.3140229},
{0.8323116,0.3114954,0.3031678,0.8857561,0.3368375,0.2305576,0.7591670,0.3849750,0.3810479,0.6200609,0.4668874,0.3667672,0.6576939,0.5546434,0.4544182,0.7314000,0.6324000,0.5927000,0.7626000,0.5584000,0.4532000,0.8311000,0.5189000,0.4361000,0.8430000,0.4992000,0.3803000,0.9434000,0.4324000,0.3221000,0.8100069,0.2030838,0.3144791},
{0.8298683,0.3139955,0.3031181,0.8833892,0.3388956,0.2303513,0.7570863,0.3877714,0.3800993,0.6184333,0.4702979,0.3651724,0.6567009,0.5573629,0.4533641,0.7319000,0.6338000,0.5926000,0.7630000,0.5582000,0.4534000,0.8309000,0.5194000,0.4364000,0.8436000,0.4988000,0.3802000,0.9431000,0.4324000,0.3227000,0.8072732,0.2056912,0.3149358},
{0.8271043,0.3168513,0.3030491,0.8807734,0.3411819,0.2301183,0.7547662,0.3909384,0.3790248,0.6167304,0.4741572,0.3633941,0.6556951,0.5603672,0.4522118,0.7324000,0.6354000,0.5925000,0.7635000,0.5579000,0.4536000,0.8307000,0.5200000,0.4367000,0.8441000,0.4984000,0.3802000,0.9428000,0.4323000,0.3233000,0.8043654,0.2085214,0.3153864},
{0.8241706,0.3199144,0.3029610,0.8777980,0.3437977,0.2298469,0.7522598,0.3944190,0.3778435,0.6149624,0.4785311,0.3614094,0.6546431,0.5638359,0.4508959,0.7329000,0.6371000,0.5923000,0.7639000,0.5576000,0.4538000,0.8304000,0.5208000,0.4369000,0.8446000,0.4980000,0.3801000,0.9425000,0.4323000,0.3240000,0.8011452,0.2117226,0.3158438},
{0.8210118,0.3232495,0.3028489,0.8747502,0.3464940,0.2295618,0.7495540,0.3982470,0.3765439,0.6132099,0.4833068,0.3592760,0.6536636,0.5674390,0.4495442,0.7333000,0.6390000,0.5921000,0.7639000,0.5576000,0.4538000,0.8301000,0.5214000,0.4372000,0.8451000,0.4977000,0.3801000,0.9422000,0.4323000,0.3246000,0.7977655,0.2151565,0.3162778},
{0.8175826,0.3269135,0.3027070,0.8713121,0.3495559,0.2292315,0.7466524,0.4024354,0.3751214,0.6115060,0.4884648,0.3570076,0.6526452,0.5716812,0.4479708,0.7337000,0.6409000,0.5919000,0.7633000,0.5594000,0.4537000,0.8298000,0.5221000,0.4375000,0.8456000,0.4973000,0.3800000,0.9419000,0.4322000,0.3252000,0.7941519,0.2189106,0.3166905},
{0.8139307,0.3308654,0.3025326,0.8674985,0.3529777,0.2288545,0.7435451,0.4070190,0.3735642,0.6098225,0.4941901,0.3545291,0.6517429,0.5760121,0.4463828,0.7341000,0.6429000,0.5916000,0.7628000,0.5612000,0.4537000,0.8295000,0.5230000,0.4377000,0.8461000,0.4969000,0.3799000,0.9416000,0.4322000,0.3258000,0.7903218,0.2229810,0.3170711},
{0.8100882,0.3350796,0.3023231,0.8636700,0.3564397,0.2284646,0.7402354,0.4120166,0.3718657,0.6082225,0.5003902,0.3518873,0.6508891,0.5808211,0.4446394,0.7345000,0.6450000,0.5914000,0.7622000,0.5630000,0.4537000,0.8292000,0.5240000,0.4380000,0.8467000,0.4965000,0.3799000,0.9413000,0.4322000,0.3264000,0.7861931,0.2274718,0.3174173},
{0.8060210,0.3396028,0.3020721,0.8593483,0.3603803,0.2280108,0.7368281,0.4172902,0.3700728,0.6067119,0.5071769,0.3490411,0.6501419,0.5859027,0.4428178,0.7349000,0.6472000,0.5911000,0.7614000,0.5650000,0.4537000,0.8288000,0.5248000,0.4384000,0.8472000,0.4961000,0.3798000,0.9410000,0.4322000,0.3270000,0.7820481,0.2320863,0.3176990},
{0.8017184,0.3444585,0.3017736,0.8548792,0.3644917,0.2275261,0.7333943,0.4227416,0.3682188,0.6053438,0.5144651,0.3460328,0.6494871,0.5915019,0.4408331,0.7352000,0.6495000,0.5907000,0.7606000,0.5671000,0.4537000,0.8284000,0.5257000,0.4387000,0.8477000,0.4957000,0.3798000,0.9407000,0.4321000,0.3276000,0.7774616,0.2373137,0.3179352},
{0.7972655,0.3495609,0.3014289,0.8501475,0.3688852,0.2269959,0.7296742,0.4288084,0.3661546,0.6041540,0.5221967,0.3428910,0.6489631,0.5975277,0.4387214,0.7355000,0.6519000,0.5902000,0.7606000,0.5671000,0.4537000,0.8280000,0.5267000,0.4390000,0.8482000,0.4953000,0.3797000,0.9404000,0.4321000,0.3282000,0.7728671,0.2426758,0.3180938},
{0.7925100,0.3550971,0.3010201,0.8450856,0.3736316,0.2264091,0.7258214,0.4352763,0.3639530,0.6031585,0.5304152,0.3396023,0.6486009,0.6037885,0.4365518,0.7358000,0.6544000,0.5897000,0.7604000,0.5714000,0.4537000,0.8277000,0.5278000,0.4394000,0.8487000,0.4950000,0.3796000,0.9401000,0.4321000,0.3288000,0.7680762,0.2483989,0.3181772},
{0.7877985,0.3606718,0.3005734,0.8399651,0.3784819,0.2257949,0.7219002,0.4420610,0.3616427,0.6023921,0.5389743,0.3362286,0.6484030,0.6104676,0.4342623,0.7358000,0.6569000,0.5891000,0.7602000,0.5757000,0.4537000,0.8274000,0.5289000,0.4397000,0.8492000,0.4946000,0.3796000,0.9398000,0.4320000,0.3294000,0.7630423,0.2545550,0.3181761},
{0.7828634,0.3666073,0.3000606,0.8344088,0.3838011,0.2251047,0.7178962,0.4492102,0.3592073,0.6018472,0.5482626,0.3326217,0.6483892,0.6175006,0.4318776,0.7365000,0.6599000,0.5886000,0.7600000,0.5799000,0.4537000,0.8271000,0.5299000,0.4401000,0.8498000,0.4942000,0.3795000,0.9395000,0.4320000,0.3301000,0.7578239,0.2610891,0.3180802},
{0.7776582,0.3729761,0.2994693,0.8287020,0.3893254,0.2243701,0.7138538,0.4566677,0.3566657,0.6015724,0.5579729,0.3289068,0.6485670,0.6247038,0.4294608,0.7369000,0.6633000,0.5883000,0.7598000,0.5842000,0.4537000,0.8267000,0.5310000,0.4405000,0.8503000,0.4938000,0.3795000,0.9392000,0.4320000,0.3307000,0.7524593,0.2679661,0.3178824},
{0.7723130,0.3796330,0.2988076,0.8226958,0.3952068,0.2235685,0.7097540,0.4644918,0.3539981,0.6015860,0.5682558,0.3250305,0.6489453,0.6322116,0.4269676,0.7373000,0.6658000,0.5877000,0.7597000,0.5885000,0.4536000,0.8262000,0.5321000,0.4410000,0.8508000,0.4934000,0.3794000,0.9389000,0.4320000,0.3313000,0.7469113,0.2752466,0.3175730},
{0.7668295,0.3865872,0.2980705,0.8163943,0.4014522,0.2226960,0.7055498,0.4728061,0.3511622,0.6019066,0.5788816,0.3210831,0.6495171,0.6398218,0.4244655,0.7377000,0.6686000,0.5871000,0.7595000,0.5928000,0.4536000,0.8258000,0.5333000,0.4413000,0.8513000,0.4930000,0.3794000,0.9386000,0.4319000,0.3319000,0.7411429,0.2829964,0.3171394},
{0.7611418,0.3939362,0.2972428,0.8097857,0.4080849,0.2217460,0.7014016,0.4813188,0.3482574,0.6025450,0.5898655,0.3170607,0.6503224,0.6479247,0.4218277,0.7380000,0.6716000,0.5863000,0.7593000,0.5971000,0.4536000,0.8254000,0.5345000,0.4417000,0.8518000,0.4926000,0.3793000,0.9383000,0.4319000,0.3325000,0.7351402,0.2912546,0.3165679},
{0.7553653,0.4015437,0.2963352,0.8029010,0.4150860,0.2207178,0.6971591,0.4903673,0.3451684,0.6035161,0.6012439,0.3129526,0.6513320,0.6561208,0.4191857,0.7383000,0.6747000,0.5855000,0.7591000,0.6014000,0.4536000,0.8248000,0.5357000,0.4421000,0.8518000,0.4926000,0.3793000,0.9380000,0.4319000,0.3331000,0.7290381,0.2998509,0.3158617},
{0.7493277,0.4096530,0.2953130,0.7958202,0.4223844,0.2196189,0.6929546,0.4997047,0.3419795,0.6048238,0.6129249,0.3087941,0.6525912,0.6647169,0.4164415,0.7386000,0.6781000,0.5847000,0.7591000,0.6014000,0.4536000,0.8242000,0.5370000,0.4424000,0.8509000,0.4936000,0.3792000,0.9377000,0.4318000,0.3337000,0.7227425,0.3089320,0.3150011},
{0.7432519,0.4179800,0.2942068,0.7885343,0.4299993,0.2184439,0.6887663,0.5094053,0.3386650,0.6065257,0.6252294,0.3044751,0.6541121,0.6736774,0.4136087,0.7389000,0.6816000,0.5838000,0.7604000,0.6057000,0.4529000,0.8236000,0.5382000,0.4426000,0.8499000,0.4944000,0.3795000,0.9374000,0.4318000,0.3343000,0.7163678,0.3183470,0.3139931},
{0.7371000,0.4265851,0.2930058,0.7810626,0.4379204,0.2171917,0.6845819,0.5195337,0.3352029,0.6086091,0.6378885,0.3000945,0.6558911,0.6829024,0.4107209,0.7393000,0.6852000,0.5830000,0.7616000,0.6095000,0.4523000,0.8228000,0.5395000,0.4430000,0.8497000,0.4958000,0.3799000,0.9371000,0.4318000,0.3349000,0.7098546,0.3281955,0.3128209},
{0.7307434,0.4356651,0.2916771,0.7733555,0.4462114,0.2158492,0.6804441,0.5300240,0.3316156,0.6110950,0.6509296,0.2956461,0.6579627,0.6924977,0.4077467,0.7399000,0.6889000,0.5822000,0.7623000,0.6128000,0.4519000,0.8223000,0.5410000,0.4431000,0.8487000,0.4970000,0.3795000,0.9368000,0.4318000,0.3355000,0.7031565,0.3385664,0.3114645},
{0.7243505,0.4449952,0.2902484,0.7653755,0.4549268,0.2144040,0.6764428,0.5406688,0.3279739,0.6139550,0.6641463,0.2912023,0.6603006,0.7022850,0.4047430,0.7406000,0.6927000,0.5813000,0.7626000,0.6157000,0.4518000,0.8215000,0.5423000,0.4435000,0.8476000,0.4979000,0.3798000,0.9365000,0.4317000,0.3362000,0.6963561,0.3493498,0.3099293},
{0.7178851,0.4546397,0.2887063,0.7569793,0.4642428,0.2128218,0.6725248,0.5516280,0.3242230,0.6171830,0.6774945,0.2867786,0.6628999,0.7122197,0.4017244,0.7416000,0.6965000,0.5803000,0.7628000,0.6185000,0.4519000,0.8209000,0.5440000,0.4436000,0.8472000,0.4995000,0.3800000,0.9362000,0.4317000,0.3368000,0.6894301,0.3605989,0.3082002},
{0.7113532,0.4646031,0.2870461,0.7487773,0.4734905,0.2112142,0.6687221,0.5628393,0.3203843,0.6207774,0.6909557,0.2823816,0.6657509,0.7222511,0.3987066,0.7426000,0.7005000,0.5794000,0.7630000,0.6213000,0.4520000,0.8201000,0.5455000,0.4440000,0.8460000,0.5007000,0.3804000,0.9360000,0.4317000,0.3374000,0.6824222,0.3722591,0.3062776},
{0.7048071,0.4748176,0.2852754,0.7402159,0.4833015,0.2094693,0.6650026,0.5744320,0.3164132,0.6247550,0.7045711,0.2779991,0.6688285,0.7322906,0.3957163,0.7438000,0.7047000,0.5786000,0.7633000,0.6240000,0.4521000,0.8194000,0.5473000,0.4444000,0.8453000,0.5023000,0.3802000,0.9357000,0.4317000,0.3380000,0.6752719,0.3844503,0.3041332},
{0.6981767,0.4854066,0.2833688,0.7315646,0.4933829,0.2076355,0.6614677,0.5861138,0.3124100,0.6290898,0.7182323,0.2736670,0.6721579,0.7424171,0.3927302,0.7447000,0.7090000,0.5778000,0.7636000,0.6268000,0.4521000,0.8187000,0.5492000,0.4447000,0.8441000,0.5037000,0.3805000,0.9354000,0.4316000,0.3386000,0.6681273,0.3969358,0.3018016},
{0.6916763,0.4960349,0.2813844,0.7227703,0.5038076,0.2056969,0.6581157,0.5978911,0.3083723,0.6337911,0.7319557,0.2693808,0.6757409,0.7526220,0.3897515,0.7454000,0.7136000,0.5774000,0.7639000,0.6296000,0.4521000,0.8178000,0.5508000,0.4450000,0.8426000,0.5050000,0.3810000,0.9351000,0.4316000,0.3392000,0.6610170,0.4096714,0.2992883},
{0.6851809,0.5069101,0.2792829,0.7140124,0.5143700,0.2036900,0.6549469,0.6097653,0.3042998,0.6387529,0.7454429,0.2652331,0.6795250,0.7627539,0.3868243,0.7469000,0.7181000,0.5768000,0.7643000,0.6327000,0.4521000,0.8170000,0.5526000,0.4453000,0.8418000,0.5069000,0.3808000,0.9348000,0.4316000,0.3398000,0.6538746,0.4227862,0.2965637},
{0.6787493,0.5179408,0.2770798,0.7052999,0.5250616,0.2016159,0.6519910,0.6216187,0.3002328,0.6439394,0.7586387,0.2612378,0.6835313,0.7728724,0.3839314,0.7487000,0.7227000,0.5760000,0.7647000,0.6360000,0.4519000,0.8162000,0.5547000,0.4455000,0.8406000,0.5086000,0.3810000,0.9345000,0.4315000,0.3404000,0.6468162,0.4360755,0.2936668},
{0.6724347,0.5290379,0.2747924,0.6966144,0.5359074,0.1994691,0.6492075,0.6336136,0.2961156,0.6495320,0.7719995,0.2572572,0.6878338,0.7831448,0.3810260,0.7504000,0.7271000,0.5754000,0.7650000,0.6393000,0.4517000,0.8153000,0.5568000,0.4458000,0.8393000,0.5104000,0.3811000,0.9342000,0.4315000,0.3410000,0.6398093,0.4496048,0.2905815},
{0.6661082,0.5404347,0.2723708,0.6878941,0.5469902,0.1972321,0.6466701,0.6454143,0.2920635,0.6550829,0.7844981,0.2535939,0.6921375,0.7928865,0.3783005,0.7523000,0.7315000,0.5747000,0.7653000,0.6428000,0.4517000,0.8144000,0.5591000,0.4459000,0.8380000,0.5123000,0.3813000,0.9339000,0.4315000,0.3416000,0.6328279,0.4634347,0.2872901},
{0.6598993,0.5519062,0.2698608,0.6792553,0.5581664,0.1949329,0.6443068,0.6573367,0.2879679,0.6608048,0.7966904,0.2500786,0.6965183,0.8023217,0.3756891,0.7543000,0.7359000,0.5741000,0.7656000,0.6464000,0.4517000,0.8133000,0.5614000,0.4462000,0.8366000,0.5142000,0.3815000,0.9336000,0.4315000,0.3423000,0.6259410,0.4774373,0.2838193},
{0.6537540,0.5635562,0.2672386,0.6706312,0.5695256,0.1925524,0.6421422,0.6692649,0.2838689,0.6667466,0.8086959,0.2466754,0.7010115,0.8115504,0.3731628,0.7564000,0.7403000,0.5736000,0.7659000,0.6500000,0.4517000,0.8123000,0.5638000,0.4465000,0.8352000,0.5163000,0.3817000,0.9333000,0.4314000,0.3429000,0.6191562,0.4916027,0.2801699},
{0.6476585,0.5754208,0.2644938,0.6621257,0.5809325,0.1901185,0.6401419,0.6814112,0.2796933,0.6728621,0.8204300,0.2434074,0.7055931,0.8205391,0.3707296,0.7584000,0.7446000,0.5733000,0.7661000,0.6537000,0.4516000,0.8112000,0.5663000,0.4468000,0.8337000,0.5183000,0.3821000,0.9330000,0.4314000,0.3435000,0.6124158,0.5060627,0.2763035},
{0.6418385,0.5870555,0.2617303,0.6537858,0.5923209,0.1876462,0.6384247,0.6929976,0.2757086,0.6791294,0.8318646,0.2402812,0.7102996,0.8293703,0.3683664,0.7604000,0.7491000,0.5731000,0.7663000,0.6574000,0.4516000,0.8101000,0.5688000,0.4471000,0.8322000,0.5203000,0.3824000,0.9327000,0.4314000,0.3441000,0.6059904,0.5202317,0.2723785},
{0.6361988,0.5986351,0.2589103,0.6457431,0.6035013,0.1851785,0.6368961,0.7045634,0.2717296,0.6854574,0.8428575,0.2373331,0.7150413,0.8378892,0.3661138,0.7623000,0.7535000,0.5730000,0.7666000,0.6611000,0.4515000,0.8092000,0.5712000,0.4474000,0.8306000,0.5224000,0.3828000,0.9324000,0.4313000,0.3447000,0.5997018,0.5344907,0.2682937},
{0.6307654,0.6100954,0.2560516,0.6376834,0.6149074,0.1826203,0.6355929,0.7157603,0.2678761,0.6918108,0.8533810,0.2345669,0.7198631,0.8461922,0.3639450,0.7643000,0.7579000,0.5727000,0.7664000,0.6648000,0.4515000,0.8081000,0.5738000,0.4477000,0.8290000,0.5244000,0.3832000,0.9321000,0.4313000,0.3453000,0.5936713,0.5485580,0.2641319},
{0.6255929,0.6213037,0.2531913,0.6298870,0.6261406,0.1800614,0.6344950,0.7266228,0.2641363,0.6981379,0.8633868,0.2319910,0.7246609,0.8541182,0.3619007,0.7663000,0.7622000,0.5725000,0.7673000,0.6687000,0.4512000,0.8072000,0.5765000,0.4480000,0.8272000,0.5265000,0.3836000,0.9318000,0.4313000,0.3459000,0.5878514,0.5625321,0.2598680},
{0.6205978,0.6324247,0.2502907,0.6222533,0.6373372,0.1774724,0.6335792,0.7372595,0.2604731,0.7045118,0.8730189,0.2295649,0.7294437,0.8617069,0.3599687,0.7684000,0.7663000,0.5721000,0.7677000,0.6723000,0.4512000,0.8062000,0.5791000,0.4483000,0.8256000,0.5287000,0.3840000,0.9315000,0.4313000,0.3465000,0.5822743,0.5763241,0.2555326},
{0.6158313,0.6433305,0.2473861,0.6154248,0.6475255,0.1750837,0.6328354,0.7476843,0.2568816,0.7108668,0.8822012,0.2273049,0.7341810,0.8689324,0.3581537,0.7705000,0.7704000,0.5718000,0.7681000,0.6758000,0.4511000,0.8015000,0.5799000,0.4496000,0.8239000,0.5310000,0.3843000,0.9312000,0.4312000,0.3471000,0.5770438,0.5896515,0.2512227},
{0.6112401,0.6541287,0.2444516,0.6084097,0.6581685,0.1725553,0.6322578,0.7578512,0.2533778,0.7172534,0.8910270,0.2251853,0.7388283,0.8757531,0.3564638,0.7726000,0.7743000,0.5714000,0.7684000,0.6793000,0.4510000,0.8008000,0.5826000,0.4498000,0.8222000,0.5333000,0.3847000,0.9309000,0.4312000,0.3477000,0.5720049,0.6028880,0.2468237},
{0.6068856,0.6646583,0.2415341,0.6016602,0.6685840,0.1700485,0.6318279,0.7679991,0.2498794,0.7235652,0.8993718,0.2232331,0.7434838,0.8823314,0.3548571,0.7747000,0.7783000,0.5711000,0.7688000,0.6827000,0.4510000,0.7999000,0.5855000,0.4500000,0.8207000,0.5356000,0.3851000,0.9306000,0.4312000,0.3483000,0.5672343,0.6158193,0.2424105},
{0.6027006,0.6750657,0.2385963,0.5952492,0.6786433,0.1675974,0.6315568,0.7776300,0.2465581,0.7299084,0.9073950,0.2214080,0.7481125,0.8886292,0.3533419,0.7766000,0.7822000,0.5707000,0.7690000,0.6861000,0.4508000,0.7988000,0.5881000,0.4502000,0.8192000,0.5380000,0.3854000,0.9303000,0.4311000,0.3490000,0.5627206,0.6284542,0.2379863},
{0.5987816,0.6850894,0.2357158,0.5891505,0.6883689,0.1651998,0.6314230,0.7869324,0.2433491,0.7362454,0.9150597,0.2197171,0.7528713,0.8948603,0.3518667,0.7784000,0.7862000,0.5703000,0.7692000,0.6895000,0.4507000,0.7978000,0.5909000,0.4505000,0.8175000,0.5403000,0.3859000,0.9300000,0.4311000,0.3496000,0.5584759,0.6407353,0.2335776},
{0.5950941,0.6947886,0.2328808,0.5833471,0.6977711,0.1628560,0.6314137,0.7957534,0.2403053,0.7423046,0.9220710,0.2182200,0.7575212,0.9007172,0.3505038,0.7804000,0.7901000,0.5698000,0.7696000,0.6929000,0.4505000,0.7968000,0.5937000,0.4507000,0.8160000,0.5426000,0.3863000,0.9297000,0.4311000,0.3502000,0.5545452,0.6524982,0.2292524},
{0.5916885,0.7039977,0.2301454,0.5779307,0.7066812,0.1606116,0.6315123,0.8041355,0.2374120,0.7481190,0.9285144,0.2168907,0.7620595,0.9062185,0.3492463,0.7818000,0.7940000,0.5697000,0.7700000,0.6962000,0.4503000,0.7959000,0.5964000,0.4509000,0.8144000,0.5449000,0.3866000,0.9294000,0.4311000,0.3508000,0.5508893,0.6638210,0.2249919},
{0.5885647,0.7126763,0.2275286,0.5728499,0.7151624,0.1584543,0.6317070,0.8121833,0.2346334,0.7537677,0.9345129,0.2156979,0.7664997,0.9113997,0.3480842,0.7838000,0.7977000,0.5693000,0.7704000,0.6995000,0.4501000,0.7950000,0.5992000,0.4511000,0.8129000,0.5473000,0.3869000,0.9291000,0.4310000,0.3514000,0.5475731,0.6744553,0.2209014},
{0.5856792,0.7209068,0.2250118,0.5681045,0.7231956,0.1563921,0.6319798,0.8197321,0.2320263,0.7590740,0.9399174,0.2146643,0.7708055,0.9162376,0.3470205,0.7855000,0.8015000,0.5690000,0.7709000,0.7027000,0.4499000,0.7941000,0.6020000,0.4514000,0.8110000,0.5496000,0.3874000,0.9288000,0.4310000,0.3520000,0.5445866,0.6843699,0.2170075},
{0.5831228,0.7283851,0.2226951,0.5637710,0.7306295,0.1544677,0.6323175,0.8268356,0.2295724,0.7642853,0.9450107,0.2137301,0.7749768,0.9207516,0.3460486,0.7873000,0.8050000,0.5686000,0.7713000,0.7059000,0.4498000,0.7932000,0.6048000,0.4516000,0.8097000,0.5521000,0.3877000,0.9285000,0.4310000,0.3526000,0.5418670,0.6937167,0.2132638},
{0.5807017,0.7356429,0.2204193,0.5597084,0.7376866,0.1526264,0.6327188,0.8336890,0.2272043,0.7693088,0.9497214,0.2129046,0.7789912,0.9249371,0.3451670,0.7893000,0.8085000,0.5682000,0.7716000,0.7091000,0.4498000,0.7923000,0.6078000,0.4519000,0.8083000,0.5546000,0.3881000,0.9282000,0.4309000,0.3532000,0.5395060,0.7021123,0.2098390},
{0.5785261,0.7423222,0.2183011,0.5559907,0.7442219,0.1509089,0.6331532,0.8399757,0.2250315,0.7741076,0.9540404,0.2121844,0.7828162,0.9287815,0.3443756,0.7911000,0.8120000,0.5678000,0.7719000,0.7122000,0.4497000,0.7914000,0.6105000,0.4522000,0.8069000,0.5570000,0.3885000,0.9279000,0.4309000,0.3538000,0.5373628,0.7099913,0.2065697},
{0.5765344,0.7485783,0.2162960,0.5525721,0.7502984,0.1493012,0.6336194,0.8458771,0.2229914,0.7787701,0.9580681,0.2115482,0.7866091,0.9324560,0.3436375,0.7928000,0.8152000,0.5673000,0.7723000,0.7152000,0.4496000,0.7905000,0.6134000,0.4524000,0.8056000,0.5595000,0.3889000,0.9276000,0.4309000,0.3544000,0.5354520,0.7172518,0.2035083},
{0.5747161,0.7544163,0.2144066,0.5494647,0.7558795,0.1478155,0.6340985,0.8513012,0.2211159,0.7831078,0.9616664,0.2110124,0.7901700,0.9357814,0.3429867,0.7945000,0.8184000,0.5668000,0.7727000,0.7181000,0.4495000,0.7896000,0.6161000,0.4527000,0.8043000,0.5618000,0.3894000,0.9274000,0.4309000,0.3551000,0.5337196,0.7240527,0.2005971},
{0.5730478,0.7598870,0.2126197,0.5465708,0.7611278,0.1464106,0.6345963,0.8564240,0.2193442,0.7871607,0.9648991,0.2105606,0.7937516,0.9390049,0.3423732,0.7961000,0.8216000,0.5661000,0.7729000,0.7210000,0.4493000,0.7888000,0.6188000,0.4530000,0.8024000,0.5640000,0.3898000,0.9271000,0.4308000,0.3557000,0.5322014,0.7302063,0.1979255},
{0.5715305,0.7649643,0.2109472,0.5439447,0.7659341,0.1451172,0.6350879,0.8610851,0.2177319,0.7909192,0.9677851,0.2101839,0.7970093,0.9418312,0.3418510,0.7976000,0.8245000,0.5655000,0.7733000,0.7237000,0.4492000,0.7880000,0.6214000,0.4532000,0.8009000,0.5662000,0.3902000,0.9268000,0.4308000,0.3563000,0.5308240,0.7359659,0.1953917},
{0.5701345,0.7697274,0.2093657,0.5415238,0.7704025,0.1439090,0.6355914,0.8655288,0.2161945,0.7944654,0.9704094,0.2098657,0.8002549,0.9445466,0.3413647,0.7991000,0.8274000,0.5648000,0.7735000,0.7264000,0.4490000,0.7873000,0.6238000,0.4535000,0.7996000,0.5682000,0.3906000,0.9265000,0.4308000,0.3569000,0.5295734,0.7413600,0.1929888},
{0.5689025,0.7740085,0.2079339,0.5393727,0.7744038,0.1428224,0.6360917,0.8696712,0.2147611,0.7976402,0.9726771,0.2096116,0.8032087,0.9469305,0.3409518,0.8005000,0.8302000,0.5642000,0.7738000,0.7290000,0.4488000,0.7866000,0.6262000,0.4538000,0.7985000,0.5703000,0.3912000,0.9262000,0.4307000,0.3575000,0.5284930,0.7461623,0.1908245},
{0.5677996,0.7779065,0.2066216,0.5374066,0.7780872,0.1418182,0.6365688,0.8734064,0.2134684,0.8006762,0.9747732,0.2093959,0.8060305,0.9491296,0.3405838,0.8018000,0.8329000,0.5635000,0.7741000,0.7314000,0.4486000,0.7859000,0.6285000,0.4540000,0.7973000,0.5722000,0.3917000,0.9259000,0.4307000,0.3581000,0.5275319,0.7505582,0.1888222},
{0.5667956,0.7815121,0.2054004,0.5356122,0.7814710,0.1408924,0.6370453,0.8769560,0.2122398,0.8035252,0.9766756,0.2092179,0.8086911,0.9511328,0.3402607,0.8031000,0.8355000,0.5628000,0.7742000,0.7338000,0.4485000,0.7852000,0.6309000,0.4543000,0.7962000,0.5740000,0.3922000,0.9256000,0.4307000,0.3587000,0.5266527,0.7546930,0.1869198},
{0.5658883,0.7848194,0.2042739,0.5340076,0.7845153,0.1400567,0.6375003,0.8801982,0.2111174,0.8059879,0.9782693,0.2090832,0.8111121,0.9528959,0.3399869,0.8043000,0.8381000,0.5621000,0.7743000,0.7362000,0.4483000,0.7846000,0.6330000,0.4546000,0.7951000,0.5758000,0.3927000,0.9253000,0.4307000,0.3593000,0.5258986,0.7583364,0.1852280},
{0.5650899,0.7877700,0.2032639,0.5325580,0.7872806,0.1392954,0.6379510,0.8832822,0.2100496,0.8081632,0.9796378,0.2089790,0.8133172,0.9544518,0.3397544,0.8054000,0.8405000,0.5612000,0.7745000,0.7383000,0.4481000,0.7840000,0.6350000,0.4549000,0.7940000,0.5775000,0.3933000,0.9250000,0.4306000,0.3599000,0.5252097,0.7617506,0.1836291},
{0.5643464,0.7905539,0.2023066,0.5312532,0.7897821,0.1386050,0.6383656,0.8860189,0.2091020,0.8102031,0.9808874,0.2088940,0.8153720,0.9558585,0.3395524,0.8064000,0.8428000,0.5604000,0.7745000,0.7405000,0.4479000,0.7833000,0.6370000,0.4552000,0.7930000,0.5792000,0.3937000,0.9247000,0.4306000,0.3605000,0.5245888,0.7649054,0.1821397},
{0.5636387,0.7932366,0.2013799,0.5300792,0.7920432,0.1379793,0.6387479,0.8884647,0.2082550,0.8121116,0.9820269,0.2088257,0.8172831,0.9571293,0.3393772,0.8072000,0.8452000,0.5595000,0.7745000,0.7425000,0.4476000,0.7827000,0.6390000,0.4555000,0.7920000,0.5807000,0.3943000,0.9244000,0.4306000,0.3612000,0.5240676,0.7676159,0.1808508},
{0.5630649,0.7954368,0.2006170,0.5290289,0.7940743,0.1374161,0.6391274,0.8908246,0.2074377,0.8136924,0.9829489,0.2087773,0.8190268,0.9582568,0.3392282,0.8079000,0.8474000,0.5586000,0.7745000,0.7444000,0.4473000,0.7820000,0.6408000,0.4557000,0.7911000,0.5822000,0.3948000,0.9241000,0.4306000,0.3618000,0.5235922,0.7701419,0.1796417},
{0.5625392,0.7974729,0.1999085,0.5281289,0.7958211,0.1369308,0.6394589,0.8928340,0.2067416,0.8152443,0.9838348,0.2087370,0.8205653,0.9592263,0.3391054,0.8085000,0.8496000,0.5577000,0.7745000,0.7462000,0.4470000,0.7814000,0.6427000,0.4559000,0.7901000,0.5837000,0.3953000,0.9238000,0.4305000,0.3624000,0.5231737,0.7724121,0.1785485},
{0.5620879,0.7992368,0.1992929,0.5273469,0.7973435,0.1365072,0.6397952,0.8948264,0.2060515,0.8165846,0.9845845,0.2087081,0.8219800,0.9600966,0.3389996,0.8089000,0.8516000,0.5567000,0.7744000,0.7479000,0.4467000,0.7807000,0.6444000,0.4561000,0.7892000,0.5850000,0.3958000,0.9235000,0.4305000,0.3630000,0.5228103,0.7744210,0.1775759},
{0.5616466,0.8009765,0.1986840,0.5266100,0.7987823,0.1361062,0.6400959,0.8965711,0.2054470,0.8176861,0.9851898,0.2086884,0.8233128,0.9608978,0.3389062,0.8093000,0.8536000,0.5558000,0.7743000,0.7495000,0.4463000,0.7801000,0.6460000,0.4563000,0.7883000,0.5863000,0.3963000,0.9232000,0.4305000,0.3636000,0.5225015,0.7761575,0.1767310},
{0.5613106,0.8023108,0.1982158,0.5259878,0.8000005,0.1357663,0.6403525,0.8980334,0.2049404,0.8186997,0.9857382,0.2086735,0.8245447,0.9616221,0.3388255,0.8095000,0.8554000,0.5547000,0.7741000,0.7511000,0.4460000,0.7794000,0.6475000,0.4565000,0.7874000,0.5875000,0.3968000,0.9229000,0.4304000,0.3642000,0.5222216,0.7777562,0.1759498},
{0.5610041,0.8035358,0.1977851,0.5255354,0.8008879,0.1355184,0.6406153,0.8995071,0.2044298,0.8196263,0.9862323,0.2086626,0.8255061,0.9621764,0.3387661,0.8097000,0.8572000,0.5538000,0.7739000,0.7525000,0.4456000,0.7788000,0.6490000,0.4566000,0.7866000,0.5886000,0.3973000,0.9226000,0.4304000,0.3648000,0.5219896,0.7791000,0.1752907},
{0.5607467,0.8045704,0.1974207,0.5251048,0.8017339,0.1352819,0.6408485,0.9007952,0.2039835,0.8203565,0.9866168,0.2086559,0.8263741,0.9626686,0.3387154,0.8098000,0.8588000,0.5527000,0.7737000,0.7538000,0.4452000,0.7782000,0.6504000,0.4567000,0.7859000,0.5896000,0.3977000,0.9223000,0.4304000,0.3654000,0.5217884,0.7802804,0.1747098},
{0.5605261,0.8054617,0.1971062,0.5247549,0.8024225,0.1350892,0.6410452,0.9018681,0.2036117,0.8209212,0.9869112,0.2086518,0.8272189,0.9631401,0.3386685,0.8098000,0.8604000,0.5516000,0.7735000,0.7550000,0.4448000,0.7775000,0.6517000,0.4568000,0.7850000,0.5906000,0.3982000,0.9220000,0.4304000,0.3660000,0.5216391,0.7811654,0.1742731},
{0.5603389,0.8062210,0.1968380,0.5244930,0.8029384,0.1349448,0.6412163,0.9027916,0.2032917,0.8213189,0.9871170,0.2086495,0.8277930,0.9634563,0.3386381,0.8097000,0.8619000,0.5506000,0.7732000,0.7562000,0.4443000,0.7768000,0.6529000,0.4569000,0.7843000,0.5915000,0.3986000,0.9217000,0.4303000,0.3666000,0.5215321,0.7818047,0.1739570},
{0.5601699,0.8069087,0.1965948,0.5243286,0.8032626,0.1348540,0.6413525,0.9035198,0.2030393,0.8216480,0.9872862,0.2086480,0.8282718,0.9637172,0.3386137,0.8096000,0.8634000,0.5496000,0.7729000,0.7573000,0.4439000,0.7762000,0.6541000,0.4570000,0.7835000,0.5923000,0.3990000,0.9214000,0.4303000,0.3673000,0.5214231,0.7824604,0.1736322},
{0.5600498,0.8073991,0.1964211,0.5241486,0.8036177,0.1347545,0.6414856,0.9042265,0.2027944,0.8218712,0.9874005,0.2086472,0.8287037,0.9639506,0.3385923,0.8093000,0.8648000,0.5486000,0.7726000,0.7583000,0.4434000,0.7756000,0.6552000,0.4570000,0.7828000,0.5931000,0.3993000,0.9211000,0.4303000,0.3679000,0.5213646,0.7828145,0.1734566},
{0.5599761,0.8077008,0.1963143,0.5241206,0.8036731,0.1347390,0.6415719,0.9046820,0.2026365,0.8219623,0.9874471,0.2086469,0.8289844,0.9641013,0.3385788,0.8090000,0.8661000,0.5477000,0.7721000,0.7593000,0.4429000,0.7750000,0.6562000,0.4571000,0.7820000,0.5938000,0.3997000,0.9208000,0.4302000,0.3685000,0.5213049,0.7831764,0.1732769},
{0.5599026,0.8080017,0.1962076,0.5240213,0.8038690,0.1346841,0.6416579,0.9051332,0.2024802,0.8220109,0.9874719,0.2086467,0.8290020,0.9641106,0.3385780,0.8086000,0.8674000,0.5467000,0.7718000,0.7602000,0.4425000,0.7743000,0.6572000,0.4571000,0.7813000,0.5945000,0.4001000,0.9205000,0.4302000,0.3691000,0.5212764,0.7833503,0.1731905},
{0.5598633,0.8081632,0.1961504,0.5240352,0.8038416,0.1346918,0.6417178,0.9054468,0.2023715,0.8218359,0.9873825,0.2086473,0.8291562,0.9641930,0.3385707,0.8082000,0.8686000,0.5457000,0.7713000,0.7610000,0.4421000,0.7737000,0.6581000,0.4571000,0.7806000,0.5951000,0.4003000,0.9202000,0.4302000,0.3697000,0.5212620,0.7834380,0.1731470},
{0.5598809,0.8080909,0.1961760,0.5241197,0.8036748,0.1347385,0.6417335,0.9055284,0.2023432,0.8216178,0.9872707,0.2086481,0.8290378,0.9641298,0.3385763,0.8076000,0.8697000,0.5448000,0.7709000,0.7618000,0.4416000,0.7730000,0.6590000,0.4571000,0.7799000,0.5957000,0.4007000,0.9199000,0.4302000,0.3703000,0.5212604,0.7834474,0.1731423},
{0.5599129,0.8079598,0.1962225,0.5241197,0.8036748,0.1347385,0.6417414,0.9055699,0.2023288,0.8212705,0.9870920,0.2086498,0.8287934,0.9639988,0.3385880,0.8071000,0.8707000,0.5438000,0.7704000,0.7625000,0.4412000,0.7724000,0.6598000,0.4570000,0.7793000,0.5963000,0.4010000,0.9196000,0.4301000,0.3709000,0.5212915,0.7832583,0.1732362},
{0.5599407,0.8078457,0.1962630,0.5242433,0.8034309,0.1348068,0.6417076,0.9053935,0.2023899,0.8207176,0.9868054,0.2086532,0.8285594,0.9638729,0.3385994,0.8066000,0.8716000,0.5429000,0.7699000,0.7632000,0.4408000,0.7718000,0.6607000,0.4570000,0.7786000,0.5969000,0.4013000,0.9193000,0.4301000,0.3715000,0.5213413,0.7829554,0.1733867},
{0.5600316,0.8074734,0.1963948,0.5243893,0.8031428,0.1348876,0.6416507,0.9050957,0.2024931,0.8201884,0.9865287,0.2086573,0.8282294,0.9636942,0.3386158,0.8061000,0.8725000,0.5420000,0.7695000,0.7638000,0.4405000,0.7711000,0.6613000,0.4570000,0.7780000,0.5974000,0.4015000,0.9190000,0.4301000,0.3721000,0.5213828,0.7827041,0.1735114},
{0.5601194,0.8071149,0.1965218,0.5245255,0.8028744,0.1349627,0.6415881,0.9047671,0.2026070,0.8194603,0.9861443,0.2086644,0.8277864,0.9634527,0.3386385,0.8055000,0.8733000,0.5412000,0.7690000,0.7644000,0.4401000,0.7705000,0.6621000,0.4570000,0.7774000,0.5979000,0.4018000,0.9187000,0.4300000,0.3727000,0.5214639,0.7822148,0.1737540},
{0.5602397,0.8066244,0.1966954,0.5247494,0.8024332,0.1350862,0.6415175,0.9043951,0.2027360,0.8187457,0.9857629,0.2086729,0.8272975,0.9631836,0.3386643,0.8050000,0.8741000,0.5404000,0.7685000,0.7650000,0.4398000,0.7700000,0.6627000,0.4570000,0.7768000,0.5983000,0.4020000,0.9185000,0.4300000,0.3734000,0.5215477,0.7817115,0.1740031},
{0.5603481,0.8061832,0.1968513,0.5249379,0.8020622,0.1351901,0.6414049,0.9037986,0.2029427,0.8178501,0.9852791,0.2086858,0.8266986,0.9628506,0.3386971,0.8045000,0.8748000,0.5396000,0.7680000,0.7654000,0.4395000,0.7695000,0.6633000,0.4570000,0.7762000,0.5987000,0.4022000,0.9182000,0.4300000,0.3740000,0.5216548,0.7810722,0.1743191},
{0.5604808,0.8056451,0.1970415,0.5252025,0.8015419,0.1353356,0.6413131,0.9033098,0.2031121,0.8168909,0.9847538,0.2087023,0.8261765,0.9625573,0.3387267,0.8040000,0.8756000,0.5389000,0.7675000,0.7659000,0.4391000,0.7689000,0.6639000,0.4570000,0.7757000,0.5991000,0.4024000,0.9179000,0.4300000,0.3746000,0.5217772,0.7803465,0.1746772},
{0.5606020,0.8051543,0.1972147,0.5255598,0.8008400,0.1355318,0.6412138,0.9027778,0.2032965,0.8158982,0.9842023,0.2087222,0.8255858,0.9622219,0.3387614,0.8035000,0.8761000,0.5382000,0.7670000,0.7663000,0.4388000,0.7683000,0.6644000,0.4569000,0.7751000,0.5995000,0.4026000,0.9176000,0.4299000,0.3752000,0.5218778,0.7797545,0.1749689},
{0.5607601,0.8045165,0.1974397,0.5258387,0.8002926,0.1356847,0.6410993,0.9021611,0.2035102,0.8147963,0.9835811,0.2087479,0.8248469,0.9617973,0.3388065,0.8029000,0.8765000,0.5375000,0.7665000,0.7666000,0.4385000,0.7678000,0.6649000,0.4569000,0.7745000,0.5998000,0.4028000,0.9173000,0.4299000,0.3758000,0.5220062,0.7790033,0.1753382},
{0.5609248,0.8038540,0.1976731,0.5261122,0.7997566,0.1358344,0.6409879,0.9015570,0.2037195,0.8137069,0.9829573,0.2087769,0.8240701,0.9613448,0.3388560,0.8023000,0.8770000,0.5369000,0.7660000,0.7670000,0.4382000,0.7673000,0.6654000,0.4568000,0.7741000,0.6001000,0.4029000,0.9170000,0.4299000,0.3764000,0.5221490,0.7781748,0.1757448},
{0.5610658,0.8032887,0.1978721,0.5264361,0.7991225,0.1360113,0.6408931,0.9010397,0.2038987,0.8126054,0.9823170,0.2088097,0.8231512,0.9608016,0.3389172,0.8016000,0.8773000,0.5363000,0.7655000,0.7673000,0.4380000,0.7667000,0.6657000,0.4568000,0.7735000,0.6004000,0.4031000,0.9167000,0.4298000,0.3770000,0.5223070,0.7772657,0.1761898},
{0.5612451,0.8025720,0.1981241,0.5267626,0.7984841,0.1361894,0.6407617,0.9003178,0.2041489,0.8115539,0.9816968,0.2088445,0.8222162,0.9602399,0.3389826,0.8010000,0.8776000,0.5357000,0.7650000,0.7676000,0.4377000,0.7662000,0.6660000,0.4567000,0.7730000,0.6006000,0.4032000,0.9164000,0.4298000,0.3776000,0.5224489,0.7764559,0.1765854},
{0.5614115,0.8019093,0.1983568,0.5270150,0.7979910,0.1363268,0.6406540,0.8997219,0.2043554,0.8105994,0.9811263,0.2088789,0.8212495,0.9596497,0.3390533,0.8003000,0.8779000,0.5351000,0.7645000,0.7677000,0.4375000,0.7657000,0.6664000,0.4567000,0.7725000,0.6008000,0.4033000,0.9161000,0.4298000,0.3782000,0.5225963,0.7756212,0.1769923},
{0.5615530,0.8013474,0.1985540,0.5272925,0.7974496,0.1364776,0.6405577,0.8991863,0.2045409,0.8095010,0.9804610,0.2089219,0.8202938,0.9590570,0.3391264,0.7996000,0.8783000,0.5346000,0.7639000,0.7679000,0.4372000,0.7652000,0.6666000,0.4566000,0.7720000,0.6008000,0.4034000,0.9158000,0.4298000,0.3788000,0.5227128,0.7749661,0.1773110},
{0.5616916,0.8007982,0.1987465,0.5274006,0.7972389,0.1365363,0.6404540,0.8986055,0.2047422,0.8084950,0.9798433,0.2089644,0.8193975,0.9584927,0.3391979,0.7987000,0.8786000,0.5342000,0.7634000,0.7679000,0.4370000,0.7647000,0.6668000,0.4565000,0.7716000,0.6009000,0.4035000,0.9155000,0.4297000,0.3794000,0.5228109,0.7744173,0.1775776},
{0.5618376,0.8002218,0.1989484,0.5275925,0.7968649,0.1366404,0.6403636,0.8980959,0.2049187,0.8075448,0.9792524,0.2090072,0.8185849,0.9579740,0.3392650,0.7979000,0.8788000,0.5337000,0.7628000,0.7679000,0.4367000,0.7643000,0.6669000,0.4564000,0.7712000,0.6009000,0.4036000,0.9152000,0.4297000,0.3801000,0.5228656,0.7741130,0.1777253},
{0.5618933,0.8000020,0.1990253,0.5276614,0.7967308,0.1366778,0.6402953,0.8977092,0.2050527,0.8066247,0.9786737,0.2090513,0.8177146,0.9574112,0.3393394,0.7970000,0.8789000,0.5332000,0.7622000,0.7679000,0.4364000,0.7638000,0.6669000,0.4563000,0.7708000,0.6009000,0.4036000,0.9149000,0.4297000,0.3807000,0.5228975,0.7739356,0.1778113},
{0.5619275,0.7998675,0.1990723,0.5276614,0.7967308,0.1366778,0.6402453,0.8974256,0.2051510,0.8059142,0.9782223,0.2090870,0.8169421,0.9569052,0.3394076,0.7959000,0.8789000,0.5327000,0.7616000,0.7678000,0.4361000,0.7633000,0.6669000,0.4562000,0.7705000,0.6007000,0.4037000,0.9146000,0.4296000,0.3813000,0.5228702,0.7740874,0.1777377},
{0.5619036,0.7999615,0.1990395,0.5276086,0.7968336,0.1366491,0.6402394,0.8973918,0.2051627,0.8053279,0.9778468,0.2091176,0.8161124,0.9563552,0.3394830,0.7948000,0.8790000,0.5322000,0.7610000,0.7676000,0.4358000,0.7629000,0.6668000,0.4561000,0.7702000,0.6006000,0.4037000,0.9143000,0.4296000,0.3819000,0.5227755,0.7746154,0.1774815}
};
