fitErrPi Mean = 0.0162389
fitErrTh Mean = 0.102329
fitErrWr Mean = 0.006081
fitErrLA Mean = 0.00403043
fitErrEl Mean = 0.00721313
fitErrUA Mean = 0.0389753
efPts = {
{0.6740925,0.3483207,0.2915530,0.7545641,0.3707129,0.1332746,0.6279080,0.4453392,0.2825310,0.5887742,0.5556117,0.2619318,0.9597390,0.6613201,0.4633237,0.6710000,0.7119000,0.4960000,0.7008000,0.6253000,0.4311000,0.7956000,0.5474000,0.4317000,0.7176000,0.5844000,0.3467000,0.6078000,0.5327000,0.4504000,0.9636472,0.7234770,-0.2980986},
{0.6737332,0.3488158,0.2916303,0.7542392,0.3710916,0.1334274,0.6277248,0.4456922,0.2824549,0.5887106,0.5559560,0.2617528,0.5743205,0.6870583,0.3666222,0.6714000,0.7119000,0.4963000,0.7010000,0.6254000,0.4312000,0.7957000,0.5475000,0.4316000,0.7183000,0.5843000,0.3470000,0.6078000,0.5327000,0.4504000,0.6685256,0.2888315,0.2710079},
{0.6732065,0.3495436,0.2917423,0.7536939,0.3717281,0.1336835,0.6273045,0.4465060,0.2822791,0.5885634,0.5567636,0.2613333,0.5744117,0.6872306,0.3665798,0.6718000,0.7119000,0.4965000,0.7012000,0.6255000,0.4313000,0.7958000,0.5474000,0.4316000,0.7190000,0.5842000,0.3473000,0.6078000,0.5327000,0.4504000,0.6679512,0.2895269,0.2711668},
{0.6723887,0.3506788,0.2919136,0.7529305,0.3726201,0.1340407,0.6267587,0.4475707,0.2820483,0.5883363,0.5580377,0.2606738,0.5747557,0.6878773,0.3664210,0.6721000,0.7119000,0.4967000,0.7013000,0.6256000,0.4313000,0.7959000,0.5474000,0.4316000,0.7197000,0.5841000,0.3475000,0.6078000,0.5327000,0.4504000,0.6668678,0.2908445,0.2714629},
{0.6712881,0.3522161,0.2921387,0.7519236,0.3737989,0.1345097,0.6259524,0.4491606,0.2817022,0.5880150,0.5599052,0.2597115,0.5751425,0.6885998,0.3662442,0.6723000,0.7120000,0.4967000,0.7014000,0.6258000,0.4312000,0.7960000,0.5473000,0.4315000,0.7204000,0.5839000,0.3478000,0.6078000,0.5327000,0.4504000,0.6655236,0.2924901,0.2718237},
{0.6700286,0.3539891,0.2923887,0.7506261,0.3753215,0.1351103,0.6249653,0.4511355,0.2812697,0.5876304,0.5622526,0.2585095,0.5759472,0.6900866,0.3658823,0.6725000,0.7122000,0.4967000,0.7019000,0.6264000,0.4309000,0.7961000,0.5472000,0.4314000,0.7212000,0.5838000,0.3481000,0.6078000,0.5327000,0.4504000,0.6641005,0.2942455,0.2721976},
{0.6684060,0.3562953,0.2926986,0.7491262,0.3770867,0.1357994,0.6237750,0.4535598,0.2807349,0.5872009,0.5650447,0.2570908,0.5766761,0.6914152,0.3655611,0.6726000,0.7124000,0.4965000,0.7016000,0.6265000,0.4309000,0.7960000,0.5471000,0.4314000,0.7219000,0.5837000,0.3484000,0.6078000,0.5327000,0.4504000,0.6622251,0.2965795,0.2726774},
{0.6665317,0.3589901,0.2930392,0.7473619,0.3791702,0.1366029,0.6224658,0.4562830,0.2801292,0.5867194,0.5684369,0.2553829,0.5776441,0.6931539,0.3651439,0.6726000,0.7128000,0.4963000,0.7017000,0.6272000,0.4316000,0.7960000,0.5471000,0.4313000,0.7226000,0.5836000,0.3487000,0.6078000,0.5327000,0.4504000,0.6601603,0.2991770,0.2731886},
{0.6644111,0.3620806,0.2934016,0.7453812,0.3815182,0.1374957,0.6209628,0.4594869,0.2794100,0.5862475,0.5721087,0.2535536,0.5785715,0.6947935,0.3647538,0.6727000,0.7133000,0.4961000,0.7017000,0.6279000,0.4313000,0.7959000,0.5470000,0.4312000,0.7233000,0.5835000,0.3490000,0.6078000,0.5327000,0.4504000,0.6578658,0.3020983,0.2737352},
{0.6621041,0.3654934,0.2937676,0.7430585,0.3842839,0.1385303,0.6193699,0.4629780,0.2786182,0.5857968,0.5760544,0.2516098,0.5798430,0.6970018,0.3642336,0.6729000,0.7139000,0.4958000,0.7019000,0.6287000,0.4310000,0.7957000,0.5470000,0.4311000,0.7241000,0.5834000,0.3493000,0.6078000,0.5327000,0.4504000,0.6552294,0.3055010,0.2743350},
{0.6594335,0.3695124,0.2941533,0.7404725,0.3873788,0.1396663,0.6176121,0.4669532,0.2777067,0.5853636,0.5804416,0.2494752,0.5812694,0.6994270,0.3636689,0.6731000,0.7147000,0.4955000,0.7019000,0.6298000,0.4306000,0.7954000,0.5470000,0.4310000,0.7248000,0.5833000,0.3496000,0.6079000,0.5327000,0.4504000,0.6522730,0.3093766,0.2749707},
{0.6565268,0.3739725,0.2945254,0.7375320,0.3909180,0.1409375,0.6156814,0.4714802,0.2766560,0.5849710,0.5852346,0.2471748,0.5829470,0.7022137,0.3630289,0.6732000,0.7155000,0.4952000,0.7019000,0.6309000,0.4302000,0.7951000,0.5470000,0.4309000,0.7255000,0.5832000,0.3498000,0.6079000,0.5327000,0.4504000,0.6489597,0.3137971,0.2756356},
{0.6533325,0.3789812,0.2948746,0.7341522,0.3950128,0.1423717,0.6136657,0.4764033,0.2754983,0.5846349,0.5905105,0.2446801,0.5846239,0.7049324,0.3624136,0.6734000,0.7165000,0.4949000,0.7020000,0.6322000,0.4298000,0.7947000,0.5470000,0.4308000,0.7262000,0.5831000,0.3501000,0.6079000,0.5327000,0.4504000,0.6453361,0.3187281,0.2763036},
{0.6498644,0.3845519,0.2951800,0.7306019,0.3993449,0.1438468,0.6115048,0.4819295,0.2741805,0.5843872,0.5961061,0.2420769,0.5864080,0.7077564,0.3617841,0.6737000,0.7175000,0.4945000,0.7020000,0.6335000,0.4294000,0.7944000,0.5470000,0.4307000,0.7262000,0.5831000,0.3501000,0.6079000,0.5327000,0.4504000,0.6414278,0.3241630,0.2769522},
{0.6462699,0.3904787,0.2954114,0.7270282,0.4037378,0.1452990,0.6092900,0.4878953,0.2727370,0.5842428,0.6022267,0.2392791,0.5884347,0.7108842,0.3610982,0.6739000,0.7187000,0.4940000,0.7021000,0.6347000,0.4289000,0.7940000,0.5471000,0.4307000,0.7270000,0.5840000,0.3504000,0.6079000,0.5327000,0.4504000,0.6373857,0.3299163,0.2775416},
{0.6425318,0.3968166,0.2955550,0.7232551,0.4084112,0.1467963,0.6070643,0.4942433,0.2711775,0.5842312,0.6085977,0.2364210,0.5906362,0.7141915,0.3603863,0.6741000,0.7200000,0.4935000,0.7020000,0.6360000,0.4284000,0.7936000,0.5472000,0.4306000,0.7273000,0.5849000,0.3501000,0.6079000,0.5327000,0.4504000,0.6332183,0.3359948,0.2780589},
{0.6387352,0.4034469,0.2955935,0.7193644,0.4132686,0.1483013,0.6048418,0.5009948,0.2694930,0.5843691,0.6152712,0.2334861,0.5930707,0.7177471,0.3596363,0.6744000,0.7215000,0.4930000,0.7021000,0.6372000,0.4280000,0.7931000,0.5472000,0.4306000,0.7274000,0.5857000,0.3498000,0.6079000,0.5327000,0.4504000,0.6288509,0.3425324,0.2784979},
{0.6348789,0.4103934,0.2955145,0.7152016,0.4185094,0.1498673,0.6026990,0.5079674,0.2677261,0.5846742,0.6222214,0.2304927,0.5957608,0.7215606,0.3588497,0.6749000,0.7232000,0.4926000,0.7022000,0.6387000,0.4277000,0.7924000,0.5471000,0.4305000,0.7274000,0.5866000,0.3496000,0.6079000,0.5327000,0.4504000,0.6243288,0.3494916,0.2788356},
{0.6309245,0.4177551,0.2953010,0.7109455,0.4239150,0.1514205,0.6006002,0.5153321,0.2658305,0.5851646,0.6294457,0.2274491,0.5986755,0.7255662,0.3580437,0.6756000,0.7251000,0.4923000,0.7024000,0.6404000,0.4273000,0.7916000,0.5472000,0.4303000,0.7273000,0.5875000,0.3494000,0.6079000,0.5327000,0.4504000,0.6197587,0.3567322,0.2790492},
{0.6269114,0.4254920,0.2949364,0.7065927,0.4294932,0.1529584,0.5985936,0.5229868,0.2638291,0.5858614,0.6369688,0.2243525,0.6019007,0.7298566,0.3572038,0.6764000,0.7272000,0.4921000,0.7026000,0.6422000,0.4270000,0.7909000,0.5472000,0.4302000,0.7271000,0.5885000,0.3492000,0.6079000,0.5327000,0.4504000,0.6151016,0.3643382,0.2791267},
{0.6229293,0.4334570,0.2944146,0.7020669,0.4353474,0.1545023,0.5966768,0.5310140,0.2616967,0.5867931,0.6448443,0.2211902,0.6052204,0.7341290,0.3563919,0.6773000,0.7294000,0.4919000,0.7028000,0.6442000,0.4266000,0.7901000,0.5474000,0.4301000,0.7269000,0.5894000,0.3491000,0.6080000,0.5327000,0.4504000,0.6103451,0.3723596,0.2790501},
{0.6189550,0.4417185,0.2937200,0.6975866,0.4411979,0.1559746,0.5948901,0.5393250,0.2594536,0.5879763,0.6530066,0.2179978,0.6088246,0.7386150,0.3555662,0.6782000,0.7316000,0.4917000,0.7031000,0.6462000,0.4261000,0.7884000,0.5471000,0.4298000,0.7265000,0.5905000,0.3490000,0.6080000,0.5327000,0.4504000,0.6055571,0.3807115,0.2788023},
{0.6149684,0.4503512,0.2928312,0.6928168,0.4474880,0.1574798,0.5932342,0.5480096,0.2570719,0.5894141,0.6613502,0.2148239,0.6126277,0.7431890,0.3547534,0.6791000,0.7339000,0.4914000,0.7034000,0.6485000,0.4256000,0.7874000,0.5474000,0.4297000,0.7261000,0.5915000,0.3489000,0.6080000,0.5327000,0.4504000,0.6007448,0.3894082,0.2783670},
{0.6110591,0.4591894,0.2917522,0.6881423,0.4537146,0.1588916,0.5917637,0.5568668,0.2546039,0.5911428,0.6699737,0.2116386,0.6165363,0.7477316,0.3539759,0.6800000,0.7364000,0.4910000,0.7036000,0.6508000,0.4252000,0.7866000,0.5477000,0.4296000,0.7256000,0.5926000,0.3488000,0.6080000,0.5327000,0.4504000,0.5958759,0.3985429,0.2777202},
{0.6072688,0.4681533,0.2904864,0.6833608,0.4601489,0.1602697,0.5904747,0.5660007,0.2520182,0.5931619,0.6787741,0.2084878,0.6206511,0.7523528,0.3532163,0.6809000,0.7388000,0.4907000,0.7038000,0.6528000,0.4248000,0.7855000,0.5478000,0.4296000,0.7251000,0.5938000,0.3487000,0.6080000,0.5327000,0.4504000,0.5911169,0.4078281,0.2768683},
{0.6035769,0.4773064,0.2890189,0.6785480,0.4666930,0.1615882,0.5893969,0.5752955,0.2493451,0.5954551,0.6876297,0.2054197,0.6248771,0.7569389,0.3524949,0.6817000,0.7414000,0.4903000,0.7041000,0.6549000,0.4244000,0.7844000,0.5482000,0.4295000,0.7246000,0.5951000,0.3487000,0.6080000,0.5327000,0.4504000,0.5863872,0.4174414,0.2757845},
{0.5999774,0.4866868,0.2873342,0.6737875,0.4732340,0.1628233,0.5885441,0.5846980,0.2465986,0.5980660,0.6966605,0.2023975,0.6293529,0.7616305,0.3517913,0.6826000,0.7441000,0.4898000,0.7044000,0.6571000,0.4240000,0.7831000,0.5485000,0.4294000,0.7240000,0.5963000,0.3485000,0.6080000,0.5327000,0.4504000,0.5817891,0.4271958,0.2744793},
{0.5964853,0.4962833,0.2854239,0.6689372,0.4799695,0.1640096,0.5879175,0.5943033,0.2437493,0.6009703,0.7057375,0.1994695,0.6339874,0.7663208,0.3511241,0.6835000,0.7467000,0.4893000,0.7047000,0.6591000,0.4236000,0.7819000,0.5488000,0.4293000,0.7235000,0.5975000,0.3485000,0.6080000,0.5327000,0.4504000,0.5770727,0.4376706,0.2728517},
{0.5931350,0.5060255,0.2832935,0.6640492,0.4868316,0.1651298,0.5875353,0.6039530,0.2408425,0.6041421,0.7147671,0.1966675,0.6386457,0.7708738,0.3505127,0.6845000,0.7492000,0.4887000,0.7051000,0.6613000,0.4232000,0.7809000,0.5492000,0.4291000,0.7229000,0.5987000,0.3484000,0.6080000,0.5327000,0.4504000,0.5725676,0.4481784,0.2709879},
{0.5898765,0.5160947,0.2808910,0.6591341,0.4938084,0.1661783,0.5874000,0.6138452,0.2378169,0.6076468,0.7239123,0.1939441,0.6433919,0.7753559,0.3499470,0.6856000,0.7516000,0.4881000,0.7055000,0.6634000,0.4227000,0.7796000,0.5496000,0.4292000,0.7222000,0.5999000,0.3483000,0.6080000,0.5327000,0.4504000,0.5682163,0.4588612,0.2688592},
{0.5868092,0.5262154,0.2782722,0.6541249,0.5010001,0.1671645,0.5875274,0.6238633,0.2347055,0.6114985,0.7331658,0.1913081,0.6481968,0.7797409,0.3494302,0.6868000,0.7541000,0.4874000,0.7059000,0.6653000,0.4223000,0.7784000,0.5499000,0.4292000,0.7214000,0.6011000,0.3482000,0.6081000,0.5327000,0.4504000,0.5639494,0.4699262,0.2664089},
{0.5838905,0.5365532,0.2753868,0.6490989,0.5083004,0.1680683,0.5879311,0.6340617,0.2314892,0.6156677,0.7424252,0.1887938,0.6530943,0.7840608,0.3489582,0.6880000,0.7564000,0.4867000,0.7061000,0.6672000,0.4220000,0.7772000,0.5503000,0.4290000,0.7207000,0.6023000,0.3481000,0.6081000,0.5327000,0.4504000,0.5598427,0.4812226,0.2636525},
{0.5811851,0.5469022,0.2722858,0.6441649,0.5155518,0.1688696,0.5886036,0.6441468,0.2282598,0.6201475,0.7516579,0.1864131,0.6579065,0.7881654,0.3485457,0.6893000,0.7588000,0.4861000,0.7062000,0.6689000,0.4218000,0.7760000,0.5507000,0.4289000,0.7202000,0.6035000,0.3481000,0.6081000,0.5327000,0.4504000,0.5559155,0.4927335,0.2605807},
{0.5787481,0.5570282,0.2690455,0.6392911,0.5227991,0.1695752,0.5895423,0.6541615,0.2250045,0.6248823,0.7607471,0.1841966,0.6628918,0.7922778,0.3481695,0.6905000,0.7611000,0.4856000,0.7064000,0.6706000,0.4214000,0.7751000,0.5512000,0.4287000,0.7196000,0.6045000,0.3480000,0.6081000,0.5327000,0.4504000,0.5523352,0.5039573,0.2573311},
{0.5765540,0.5669901,0.2656581,0.6344552,0.5300759,0.1701885,0.5907139,0.6638765,0.2218000,0.6298459,0.7696545,0.1821511,0.6678631,0.7962429,0.3478441,0.6918000,0.7635000,0.4853000,0.7066000,0.6724000,0.4211000,0.7751000,0.5529000,0.4280000,0.7190000,0.6058000,0.3479000,0.6081000,0.5327000,0.4504000,0.5489348,0.5154099,0.2537569},
{0.5745876,0.5768216,0.2621197,0.6297749,0.5372024,0.1706972,0.5921382,0.6735427,0.2185655,0.6349934,0.7783194,0.1802862,0.6728008,0.8000524,0.3475680,0.6931000,0.7661000,0.4852000,0.7069000,0.6744000,0.4209000,0.7761000,0.5550000,0.4275000,0.7182000,0.6072000,0.3479000,0.6081000,0.5327000,0.4504000,0.5457979,0.5268326,0.2499317},
{0.5728527,0.5864633,0.2584595,0.6251180,0.5443773,0.1711177,0.5937672,0.6829037,0.2153884,0.6404427,0.7869441,0.1785575,0.6780630,0.8039763,0.3473235,0.6945000,0.7686000,0.4852000,0.7072000,0.6764000,0.4208000,0.7748000,0.5559000,0.4273000,0.7176000,0.6088000,0.3478000,0.6081000,0.5327000,0.4504000,0.5429389,0.5381618,0.2458801},
{0.5712692,0.5963897,0.2544925,0.6204197,0.5517040,0.1714528,0.5956222,0.6921501,0.2122063,0.6462790,0.7956371,0.1769498,0.6828939,0.8074592,0.3471427,0.6959000,0.7711000,0.4853000,0.7075000,0.6784000,0.4207000,0.7735000,0.5566000,0.4272000,0.7168000,0.6105000,0.3478000,0.6081000,0.5327000,0.4504000,0.5403245,0.5495290,0.2415552},
{0.5699035,0.6062412,0.2503534,0.6157646,0.5590535,0.1716934,0.5977421,0.7014597,0.2089574,0.6520572,0.8037558,0.1755765,0.6877860,0.8108736,0.3470009,0.6973000,0.7734000,0.4854000,0.7078000,0.6803000,0.4206000,0.7722000,0.5575000,0.4270000,0.7160000,0.6123000,0.3479000,0.6081000,0.5327000,0.4504000,0.5379604,0.5609305,0.2369534},
{0.5687616,0.6159504,0.2460738,0.6111274,0.5664670,0.1718393,0.6000883,0.7106464,0.2057059,0.6580862,0.8117681,0.1743492,0.6924743,0.8140423,0.3469029,0.6985000,0.7757000,0.4854000,0.7080000,0.6822000,0.4206000,0.7710000,0.5584000,0.4269000,0.7155000,0.6141000,0.3478000,0.6081000,0.5327000,0.4504000,0.5359219,0.5719640,0.2322454},
{0.5678285,0.6256298,0.2416058,0.6066224,0.5737609,0.1718881,0.6026679,0.7197458,0.2024397,0.6642178,0.8194858,0.1732939,0.6969024,0.8169445,0.3468434,0.6995000,0.7780000,0.4852000,0.7081000,0.6839000,0.4206000,0.7698000,0.5593000,0.4267000,0.7149000,0.6158000,0.3478000,0.6082000,0.5327000,0.4504000,0.5341240,0.5830529,0.2272574},
{0.5671284,0.6349426,0.2371130,0.6021395,0.5811119,0.1718423,0.6053528,0.7283636,0.1993031,0.6704471,0.8269250,0.1724017,0.7011576,0.8196525,0.3468160,0.7002000,0.7803000,0.4851000,0.7082000,0.6857000,0.4206000,0.7686000,0.5603000,0.4266000,0.7144000,0.6174000,0.3477000,0.6082000,0.5327000,0.4504000,0.5326089,0.5939326,0.2221092},
{0.5666468,0.6437947,0.2326620,0.5978975,0.5881567,0.1717090,0.6081826,0.7367040,0.1962262,0.6765469,0.8338520,0.1716882,0.7057111,0.8224641,0.3468181,0.7009000,0.7827000,0.4848000,0.7070000,0.6872000,0.4203000,0.7674000,0.5613000,0.4264000,0.7126000,0.6189000,0.3476000,0.6082000,0.5327000,0.4505000,0.5313759,0.6045224,0.2168511},
{0.5663568,0.6523156,0.2282073,0.5938961,0.5948840,0.1714998,0.6109969,0.7443860,0.1933550,0.6826280,0.8404346,0.1711216,0.7098451,0.8249409,0.3468477,0.7017000,0.7852000,0.4847000,0.7075000,0.6893000,0.4201000,0.7661000,0.5625000,0.4262000,0.7121000,0.6207000,0.3475000,0.6082000,0.5327000,0.4505000,0.5304158,0.6147629,0.2115292},
{0.5662426,0.6605154,0.2237585,0.5899242,0.6016438,0.1712089,0.6138668,0.7516968,0.1905884,0.6885002,0.8465075,0.1707014,0.7138526,0.8272744,0.3469012,0.7026000,0.7878000,0.4847000,0.7080000,0.6913000,0.4199000,0.7648000,0.5637000,0.4260000,0.7115000,0.6226000,0.3474000,0.6082000,0.5327000,0.4505000,0.5297013,0.6248102,0.2060752},
{0.5662909,0.6684817,0.2192801,0.5861314,0.6081782,0.1708506,0.6168006,0.7587071,0.1879029,0.6941832,0.8521371,0.1704057,0.7177348,0.8294723,0.3469759,0.7041000,0.7912000,0.4847000,0.7085000,0.6933000,0.4198000,0.7636000,0.5649000,0.4258000,0.7110000,0.6245000,0.3472000,0.6082000,0.5327000,0.4505000,0.5292346,0.6344258,0.2006337},
{0.5664910,0.6761776,0.2148032,0.5825320,0.6144538,0.1704350,0.6197026,0.7652445,0.1853690,0.6997028,0.8573860,0.1702166,0.7215119,0.8315525,0.3470699,0.7051000,0.7936000,0.4847000,0.7089000,0.6953000,0.4198000,0.7624000,0.5662000,0.4257000,0.7106000,0.6264000,0.3471000,0.6082000,0.5327000,0.4505000,0.5289927,0.6436244,0.1952191},
{0.5668250,0.6834871,0.2104097,0.5791019,0.6205045,0.1699677,0.6227027,0.7716403,0.1828612,0.7050956,0.8623173,0.1701200,0.7253285,0.8335967,0.3471861,0.7062000,0.7959000,0.4847000,0.7093000,0.6971000,0.4198000,0.7612000,0.5675000,0.4257000,0.7102000,0.6283000,0.3471000,0.6082000,0.5327000,0.4505000,0.5289552,0.6525257,0.1897787},
{0.5672930,0.6906550,0.2059636,0.5758275,0.6263471,0.1694542,0.6256895,0.7776842,0.1804642,0.7102787,0.8668825,0.1701052,0.7291217,0.8355715,0.3473223,0.7073000,0.7984000,0.4846000,0.7096000,0.6989000,0.4198000,0.7601000,0.5687000,0.4257000,0.7098000,0.6301000,0.3471000,0.6082000,0.5327000,0.4505000,0.5291055,0.6610174,0.1843984},
{0.5678798,0.6975609,0.2015465,0.5726234,0.6321295,0.1688855,0.6287225,0.7835266,0.1781211,0.7152875,0.8711395,0.1701603,0.7328192,0.8374425,0.3474748,0.7082000,0.8008000,0.4843000,0.7098000,0.7006000,0.4197000,0.7591000,0.5699000,0.4258000,0.7095000,0.6318000,0.3470000,0.6082000,0.5327000,0.4505000,0.5294308,0.6692510,0.1789982},
{0.5685679,0.7041451,0.1972089,0.5695960,0.6376546,0.1682855,0.6316693,0.7889468,0.1759236,0.7200569,0.8750572,0.1702734,0.7362172,0.8391153,0.3476321,0.7089000,0.8033000,0.4839000,0.7100000,0.7023000,0.4196000,0.7583000,0.5712000,0.4259000,0.7092000,0.6334000,0.3471000,0.6082000,0.5327000,0.4505000,0.5299056,0.6770194,0.1737315},
{0.5693472,0.7104417,0.1929417,0.5666160,0.6431541,0.1676332,0.6345964,0.7941035,0.1738109,0.7246739,0.8787286,0.1704373,0.7392737,0.8405821,0.3477874,0.7095000,0.8058000,0.4834000,0.7102000,0.7041000,0.4195000,0.7574000,0.5724000,0.4259000,0.7089000,0.6350000,0.3471000,0.6083000,0.5327000,0.4505000,0.5305153,0.6844202,0.1685533},
{0.5701987,0.7164045,0.1887895,0.5638391,0.6483353,0.1669680,0.6374375,0.7989101,0.1718214,0.7288583,0.8819563,0.1706305,0.7419476,0.8418360,0.3479340,0.7107000,0.8084000,0.4830000,0.7104000,0.7058000,0.4193000,0.7566000,0.5736000,0.4260000,0.7086000,0.6366000,0.3471000,0.6083000,0.5327000,0.4505000,0.5312414,0.6914466,0.1634866},
{0.5711039,0.7220146,0.1847806,0.5612146,0.6532842,0.1662865,0.6401427,0.8033187,0.1699789,0.7328164,0.8849250,0.1708510,0.7443853,0.8429555,0.3480763,0.7115000,0.8106000,0.4826000,0.7107000,0.7076000,0.4191000,0.7558000,0.5749000,0.4261000,0.7083000,0.6382000,0.3470000,0.6083000,0.5327000,0.4505000,0.5320222,0.6977709,0.1587960},
{0.5720305,0.7271829,0.1809965,0.5587530,0.6579736,0.1655990,0.6427288,0.8073906,0.1682615,0.7365424,0.8876466,0.1710913,0.7467842,0.8440352,0.3482244,0.7122000,0.8125000,0.4821000,0.7109000,0.7093000,0.4188000,0.7550000,0.5763000,0.4262000,0.7081000,0.6397000,0.3470000,0.6083000,0.5327000,0.4505000,0.5328745,0.7037438,0.1542488},
{0.5729728,0.7319799,0.1774036,0.5564792,0.6623478,0.1649207,0.6452369,0.8112149,0.1666344,0.7399655,0.8900860,0.1713394,0.7490577,0.8450384,0.3483721,0.7132000,0.8143000,0.4816000,0.7111000,0.7110000,0.4186000,0.7543000,0.5775000,0.4263000,0.7078000,0.6411000,0.3469000,0.6083000,0.5327000,0.4505000,0.5337770,0.7093353,0.1498849},
{0.5739405,0.7365224,0.1739272,0.5543437,0.6664943,0.1642447,0.6476251,0.8147485,0.1651183,0.7432498,0.8923728,0.1716014,0.7512286,0.8459782,0.3485197,0.7140000,0.8161000,0.4811000,0.7113000,0.7126000,0.4183000,0.7536000,0.5788000,0.4264000,0.7076000,0.6426000,0.3469000,0.6083000,0.5327000,0.4505000,0.5347090,0.7145268,0.1457371},
{0.5748811,0.7406315,0.1707185,0.5523356,0.6704286,0.1635734,0.6499065,0.8180312,0.1636987,0.7462005,0.8943834,0.1718565,0.7531842,0.8468096,0.3486583,0.7147000,0.8180000,0.4805000,0.7115000,0.7140000,0.4181000,0.7529000,0.5801000,0.4266000,0.7074000,0.6439000,0.3469000,0.6083000,0.5327000,0.4505000,0.5356464,0.7192902,0.1418473},
{0.5758310,0.7445234,0.1676214,0.5504383,0.6741784,0.1629062,0.6520642,0.8210561,0.1623806,0.7490461,0.8962838,0.1721198,0.7549964,0.8475672,0.3487914,0.7155000,0.8199000,0.4800000,0.7116000,0.7155000,0.4179000,0.7524000,0.5814000,0.4267000,0.7072000,0.6452000,0.3469000,0.6083000,0.5327000,0.4505000,0.5365750,0.7236468,0.1382169},
{0.5767720,0.7481595,0.1646754,0.5486843,0.6776736,0.1622602,0.6541231,0.8238735,0.1611442,0.7516563,0.8979941,0.1723761,0.7566982,0.8482676,0.3489204,0.7160000,0.8217000,0.4794000,0.7118000,0.7170000,0.4178000,0.7519000,0.5827000,0.4266000,0.7071000,0.6466000,0.3468000,0.6083000,0.5327000,0.4505000,0.5375185,0.7277692,0.1347154},
{0.5776961,0.7515458,0.1618849,0.5470316,0.6809931,0.1616250,0.6560077,0.8263957,0.1600299,0.7539727,0.8994858,0.1726152,0.7582013,0.8488771,0.3490377,0.7167000,0.8236000,0.4788000,0.7119000,0.7185000,0.4176000,0.7514000,0.5839000,0.4268000,0.7069000,0.6478000,0.3469000,0.6083000,0.5327000,0.4505000,0.5384435,0.7315607,0.1314364},
{0.5786024,0.7547095,0.1592358,0.5455032,0.6840861,0.1610140,0.6578539,0.8288156,0.1589540,0.7561117,0.9008420,0.1728455,0.7597772,0.8495071,0.3491640,0.7174000,0.8256000,0.4783000,0.7120000,0.7199000,0.4175000,0.7509000,0.5852000,0.4270000,0.7067000,0.6491000,0.3470000,0.6084000,0.5327000,0.4505000,0.5393552,0.7350892,0.1283329},
{0.5794805,0.7576420,0.1567428,0.5440377,0.6870734,0.1604063,0.6595488,0.8309946,0.1579794,0.7580698,0.9020656,0.1730643,0.7612544,0.8500892,0.3492855,0.7182000,0.8275000,0.4778000,0.7122000,0.7213000,0.4174000,0.7505000,0.5864000,0.4273000,0.7065000,0.6503000,0.3470000,0.6084000,0.5327000,0.4505000,0.5402492,0.7383735,0.1253980},
{0.5803444,0.7604116,0.1543545,0.5426696,0.6898818,0.1598191,0.6611823,0.8330571,0.1570517,0.7598374,0.9031557,0.1732683,0.7627554,0.8506724,0.3494120,0.7189000,0.8294000,0.4773000,0.7124000,0.7227000,0.4173000,0.7500000,0.5875000,0.4276000,0.7064000,0.6515000,0.3472000,0.6084000,0.5327000,0.4505000,0.5411239,0.7414385,0.1226176},
{0.5811886,0.7630174,0.1520765,0.5413306,0.6926492,0.1592254,0.6627778,0.8350369,0.1561563,0.7616066,0.9042332,0.1734787,0.7641744,0.8512160,0.3495344,0.7196000,0.8313000,0.4768000,0.7125000,0.7241000,0.4172000,0.7496000,0.5888000,0.4279000,0.7062000,0.6526000,0.3473000,0.6084000,0.5327000,0.4505000,0.5419706,0.7442793,0.1200039},
{0.5819645,0.7653318,0.1500277,0.5400754,0.6952605,0.1586514,0.6642426,0.8368254,0.1553432,0.7631813,0.9051809,0.1736710,0.7655368,0.8517308,0.3496545,0.7203000,0.8331000,0.4762000,0.7126000,0.7255000,0.4171000,0.7492000,0.5899000,0.4282000,0.7060000,0.6537000,0.3474000,0.6084000,0.5327000,0.4505000,0.5427960,0.7469411,0.1175221},
{0.5827427,0.7675810,0.1480128,0.5389309,0.6976567,0.1581128,0.6656610,0.8385311,0.1545639,0.7646970,0.9060829,0.1738605,0.7666859,0.8521597,0.3497577,0.7208000,0.8349000,0.4757000,0.7127000,0.7267000,0.4169000,0.7488000,0.5911000,0.4285000,0.7058000,0.6548000,0.3475000,0.6084000,0.5327000,0.4505000,0.5435734,0.7493593,0.1152391},
{0.5834435,0.7695487,0.1462306,0.5378394,0.6999554,0.1575853,0.6669808,0.8400959,0.1538457,0.7660732,0.9068935,0.1740365,0.7678123,0.8525753,0.3498607,0.7213000,0.8366000,0.4751000,0.7128000,0.7280000,0.4168000,0.7484000,0.5923000,0.4288000,0.7056000,0.6559000,0.3476000,0.6084000,0.5326000,0.4505000,0.5442787,0.7514839,0.1132108},
{0.5840966,0.7713362,0.1445953,0.5369506,0.7018372,0.1571457,0.6681414,0.8414543,0.1532195,0.7673382,0.9076316,0.1742014,0.7688378,0.8529496,0.3499559,0.7218000,0.8382000,0.4746000,0.7129000,0.7293000,0.4166000,0.7480000,0.5934000,0.4290000,0.7054000,0.6569000,0.3477000,0.6084000,0.5326000,0.4505000,0.5449233,0.7533723,0.1113898}
};
