fitErrPi Mean = 0.318282
fitErrTh Mean = 0.0238362
fitErrWr Mean = 0.0209655
fitErrLA Mean = 0.014881
fitErrEl Mean = 0.0267941
fitErrUA Mean = 0.0092463
efPts = {
{0.5766921,0.3233461,0.2789997,0.5411337,0.2739004,0.2920749,0.5981868,0.9946526,0.3544465,0.4743784,0.5290707,0.2467640,0.7653367,0.9436967,0.4749056,0.6255000,0.6897000,0.5035000,0.6637000,0.5760000,0.3861000,0.7098000,0.5705000,0.2866000,0.7415000,0.5133000,0.3996000,0.7718000,0.4647000,0.5211000,0.3182823,0.0000000,0.0000000},
{0.5766614,0.3233502,0.2790125,0.5412785,0.2739409,0.2920010,0.4952217,0.4272678,0.3121689,0.4750384,0.5304282,0.2456274,0.5639258,0.6405455,0.3921940,0.6248000,0.6895000,0.5029000,0.6635000,0.5755000,0.3857000,0.7099000,0.5707000,0.2865000,0.7412000,0.5136000,0.3995000,0.7718000,0.4647000,0.5211000,0.3182823,0.0000000,0.0000000},
{0.5765763,0.3233621,0.2790477,0.5413292,0.2739552,0.2919751,0.4957102,0.4281689,0.3109382,0.4757485,0.5318868,0.2444208,0.5640463,0.6411698,0.3913324,0.6242000,0.6895000,0.5024000,0.6632000,0.5750000,0.3852000,0.7099000,0.5710000,0.2864000,0.7410000,0.5138000,0.3995000,0.7717000,0.4647000,0.5211000,0.3182823,0.0000000,0.0000000},
{0.5764776,0.3233768,0.2790883,0.5413292,0.2739552,0.2919751,0.4962420,0.4291615,0.3096075,0.4765253,0.5334807,0.2431195,0.5641696,0.6417910,0.3904866,0.6237000,0.6895000,0.5019000,0.6630000,0.5745000,0.3848000,0.7100000,0.5712000,0.2863000,0.7408000,0.5140000,0.3994000,0.7716000,0.4647000,0.5211000,0.3182823,0.0000000,0.0000000},
{0.5763445,0.3233983,0.2791425,0.5412473,0.2739321,0.2920170,0.4968098,0.4302345,0.3081973,0.4773635,0.5351981,0.2417369,0.5643127,0.6424924,0.3895453,0.6232000,0.6896000,0.5013000,0.6628000,0.5740000,0.3843000,0.7100000,0.5714000,0.2863000,0.7406000,0.5142000,0.3994000,0.7716000,0.4647000,0.5211000,0.3182823,0.0000000,0.0000000},
{0.5761732,0.3234288,0.2792115,0.5411678,0.2739099,0.2920575,0.4974110,0.4313851,0.3067158,0.4782990,0.5371121,0.2402195,0.5644687,0.6432360,0.3885623,0.6227000,0.6897000,0.5008000,0.6625000,0.5735000,0.3838000,0.7101000,0.5717000,0.2862000,0.7403000,0.5144000,0.3994000,0.7715000,0.4647000,0.5211000,0.3182823,0.0000000,0.0000000},
{0.5759902,0.3234649,0.2792842,0.5410869,0.2738876,0.2920987,0.4980573,0.4326385,0.3051361,0.4793188,0.5391954,0.2385955,0.5646393,0.6440269,0.3875333,0.6223000,0.6899000,0.5002000,0.6623000,0.5731000,0.3834000,0.7101000,0.5719000,0.2861000,0.7401000,0.5147000,0.3993000,0.7714000,0.4647000,0.5211000,0.3182823,0.0000000,0.0000000},
{0.5757616,0.3235151,0.2793736,0.5409419,0.2738484,0.2921722,0.4987595,0.4340190,0.3034350,0.4804109,0.5414229,0.2368900,0.5648248,0.6448638,0.3864623,0.6219000,0.6902000,0.4997000,0.6620000,0.5726000,0.3829000,0.7102000,0.5721000,0.2860000,0.7399000,0.5149000,0.3993000,0.7714000,0.4647000,0.5212000,0.3182823,0.0000000,0.0000000},
{0.5754780,0.3235851,0.2794822,0.5407561,0.2737997,0.2922659,0.4995473,0.4355905,0.3015448,0.4815958,0.5438352,0.2350782,0.5650248,0.6457412,0.3853581,0.6216000,0.6906000,0.4992000,0.6618000,0.5721000,0.3825000,0.7102000,0.5724000,0.2859000,0.7397000,0.5151000,0.3992000,0.7713000,0.4647000,0.5212000,0.3182823,0.0000000,0.0000000},
{0.5751845,0.3236666,0.2795922,0.5405511,0.2737478,0.2923687,0.5003768,0.4372708,0.2995747,0.4828412,0.5463666,0.2332155,0.5652516,0.6467099,0.3841606,0.6212000,0.6910000,0.4985000,0.6616000,0.5716000,0.3820000,0.7103000,0.5726000,0.2858000,0.7394000,0.5153000,0.3992000,0.7712000,0.4648000,0.5212000,0.3182823,0.0000000,0.0000000},
{0.5748095,0.3237842,0.2797288,0.5403766,0.2737052,0.2924557,0.5012692,0.4391069,0.2974782,0.4842402,0.5492045,0.2311728,0.5655137,0.6477980,0.3828412,0.6207000,0.6914000,0.4979000,0.6613000,0.5711000,0.3816000,0.7103000,0.5728000,0.2857000,0.7392000,0.5155000,0.3992000,0.7711000,0.4648000,0.5212000,0.3182823,0.0000000,0.0000000},
{0.5743996,0.3239298,0.2798734,0.5401641,0.2736552,0.2925610,0.5022304,0.4411169,0.2952455,0.4856743,0.5521080,0.2291314,0.5657874,0.6489025,0.3815284,0.6203000,0.6918000,0.4973000,0.6611000,0.5706000,0.3811000,0.7104000,0.5731000,0.2857000,0.7390000,0.5158000,0.3991000,0.7711000,0.4648000,0.5212000,0.3182823,0.0000000,0.0000000},
{0.5738951,0.3241334,0.2800444,0.5399665,0.2736106,0.2926583,0.5032594,0.4433045,0.2928845,0.4872408,0.5552734,0.2269600,0.5661052,0.6501497,0.3800768,0.6198000,0.6921000,0.4966000,0.6608000,0.5701000,0.3806000,0.7105000,0.5733000,0.2856000,0.7388000,0.5160000,0.3991000,0.7710000,0.4648000,0.5212000,0.3182823,0.0000000,0.0000000},
{0.5732614,0.3244272,0.2802485,0.5397724,0.2735686,0.2927533,0.5043929,0.4457565,0.2903171,0.4889537,0.5587273,0.2246535,0.5664476,0.6514564,0.3785892,0.6192000,0.6924000,0.4959000,0.6606000,0.5697000,0.3802000,0.7105000,0.5735000,0.2855000,0.7385000,0.5162000,0.3990000,0.7709000,0.4648000,0.5212000,0.3182823,0.0000000,0.0000000},
{0.5725116,0.3248292,0.2804746,0.5396599,0.2735450,0.2928081,0.5055840,0.4483791,0.2876562,0.4908336,0.5625094,0.2222005,0.5668365,0.6528997,0.3769837,0.6187000,0.6927000,0.4951000,0.6604000,0.5692000,0.3797000,0.7106000,0.5738000,0.2854000,0.7383000,0.5164000,0.3990000,0.7709000,0.4648000,0.5212000,0.3182823,0.0000000,0.0000000},
{0.5716111,0.3253896,0.2807243,0.5395496,0.2735225,0.2928616,0.5068586,0.4512366,0.2848492,0.4928051,0.5664667,0.2197126,0.5672632,0.6544393,0.3753124,0.6183000,0.6931000,0.4944000,0.6601000,0.5687000,0.3793000,0.7106000,0.5740000,0.2853000,0.7381000,0.5166000,0.3989000,0.7708000,0.4648000,0.5213000,0.3182823,0.0000000,0.0000000},
{0.5705157,0.3261848,0.2809960,0.5395170,0.2735159,0.2928774,0.5081899,0.4542757,0.2819613,0.4948503,0.5705626,0.2172197,0.5677393,0.6561103,0.3735442,0.6178000,0.6936000,0.4935000,0.6599000,0.5682000,0.3788000,0.7107000,0.5743000,0.2852000,0.7379000,0.5169000,0.3989000,0.7707000,0.4648000,0.5213000,0.3182823,0.0000000,0.0000000},
{0.5692299,0.3272763,0.2812701,0.5395926,0.2735312,0.2928408,0.5095114,0.4573462,0.2791374,0.4968674,0.5745931,0.2148456,0.5682463,0.6578421,0.3717592,0.6174000,0.6942000,0.4927000,0.6596000,0.5677000,0.3784000,0.7107000,0.5745000,0.2851000,0.7376000,0.5171000,0.3989000,0.7706000,0.4648000,0.5213000,0.3182823,0.0000000,0.0000000},
{0.5676662,0.3288337,0.2815387,0.5398248,0.2735798,0.2927277,0.5108459,0.4604995,0.2763281,0.4989079,0.5786615,0.2125261,0.5688187,0.6597459,0.3698497,0.6170000,0.6950000,0.4919000,0.6594000,0.5672000,0.3779000,0.7108000,0.5747000,0.2850000,0.7374000,0.5173000,0.3988000,0.7706000,0.4648000,0.5213000,0.3182823,0.0000000,0.0000000},
{0.5658659,0.3309394,0.2817596,0.5402192,0.2736680,0.2925338,0.5122031,0.4637598,0.2735131,0.5009408,0.5827063,0.2102945,0.5694089,0.6616590,0.3679835,0.6166000,0.6958000,0.4910000,0.6592000,0.5668000,0.3774000,0.7108000,0.5750000,0.2850000,0.7372000,0.5175000,0.3988000,0.7705000,0.4648000,0.5213000,0.3182823,0.0000000,0.0000000},
{0.5638430,0.3337065,0.2818945,0.5407806,0.2738061,0.2922536,0.5136029,0.4671769,0.2706536,0.5029433,0.5866825,0.2081710,0.5700072,0.6635526,0.3661857,0.6164000,0.6967000,0.4902000,0.6589000,0.5663000,0.3770000,0.7109000,0.5752000,0.2849000,0.7370000,0.5177000,0.3987000,0.7704000,0.4648000,0.5213000,0.3182823,0.0000000,0.0000000},
{0.5617159,0.3370800,0.2819054,0.5417493,0.2740791,0.2917587,0.5150754,0.4708298,0.2676923,0.5050466,0.5908505,0.2060179,0.5706065,0.6654089,0.3644684,0.6161000,0.6975000,0.4895000,0.6587000,0.5658000,0.3765000,0.7109000,0.5754000,0.2848000,0.7367000,0.5180000,0.3987000,0.7704000,0.4648000,0.5213000,0.3182823,0.0000000,0.0000000},
{0.5595674,0.3409794,0.2817774,0.5434048,0.2746494,0.2908789,0.5165584,0.4745680,0.2647572,0.5072239,0.5951564,0.2038697,0.5712484,0.6673567,0.3627122,0.6160000,0.6984000,0.4888000,0.6584000,0.5653000,0.3761000,0.7110000,0.5757000,0.2847000,0.7365000,0.5182000,0.3986000,0.7703000,0.4648000,0.5213000,0.3182823,0.0000000,0.0000000},
{0.5576322,0.3449265,0.2815394,0.5458466,0.2757364,0.2895004,0.5180504,0.4783875,0.2618510,0.5094597,0.5995693,0.2017464,0.5718878,0.6692595,0.3610398,0.6159000,0.6992000,0.4881000,0.6582000,0.5648000,0.3756000,0.7110000,0.5759000,0.2846000,0.7363000,0.5184000,0.3986000,0.7702000,0.4648000,0.5214000,0.3182823,0.0000000,0.0000000},
{0.5559019,0.3488161,0.2812248,0.5491979,0.2777284,0.2874441,0.5195051,0.4821668,0.2590619,0.5115966,0.6037788,0.1997929,0.5725592,0.6712211,0.3593583,0.6158000,0.7002000,0.4874000,0.6580000,0.5643000,0.3752000,0.7111000,0.5761000,0.2845000,0.7361000,0.5186000,0.3986000,0.7701000,0.4648000,0.5214000,0.3182823,0.0000000,0.0000000},
{0.5542923,0.3527509,0.2808428,0.5530207,0.2807576,0.2848497,0.5209045,0.4858532,0.2564190,0.5136940,0.6079028,0.1979455,0.5732713,0.6732654,0.3576501,0.6158000,0.7013000,0.4868000,0.6577000,0.5638000,0.3747000,0.7111000,0.5764000,0.2844000,0.7358000,0.5188000,0.3985000,0.7701000,0.4648000,0.5214000,0.3182823,0.0000000,0.0000000},
{0.5528978,0.3564158,0.2804395,0.5568854,0.2847197,0.2819313,0.5222570,0.4894622,0.2539019,0.5156377,0.6117183,0.1962936,0.5739899,0.6752931,0.3559983,0.6159000,0.7026000,0.4862000,0.6575000,0.5634000,0.3742000,0.7112000,0.5766000,0.2844000,0.7356000,0.5191000,0.3985000,0.7700000,0.4648000,0.5214000,0.3182823,0.0000000,0.0000000},
{0.5516070,0.3600280,0.2800042,0.5603114,0.2890761,0.2790668,0.5235511,0.4929573,0.2515271,0.5174631,0.6152961,0.1947938,0.5747127,0.6773005,0.3544031,0.6161000,0.7039000,0.4857000,0.6575000,0.5634000,0.3742000,0.7112000,0.5768000,0.2843000,0.7354000,0.5193000,0.3984000,0.7699000,0.4648000,0.5214000,0.3182823,0.0000000,0.0000000},
{0.5504112,0.3635703,0.2795455,0.5633146,0.2936300,0.2763142,0.5248083,0.4963916,0.2492508,0.5191518,0.6186012,0.1934497,0.5754010,0.6791844,0.3529409,0.6162000,0.7052000,0.4851000,0.6579000,0.5644000,0.3739000,0.7113000,0.5771000,0.2842000,0.7352000,0.5195000,0.3984000,0.7699000,0.4648000,0.5214000,0.3182823,0.0000000,0.0000000},
{0.5493055,0.3670207,0.2790720,0.5658261,0.2980330,0.2738169,0.5260145,0.4997218,0.2470953,0.5208353,0.6218916,0.1921505,0.5760609,0.6809674,0.3515871,0.6165000,0.7065000,0.4847000,0.6581000,0.5656000,0.3734000,0.7113000,0.5773000,0.2841000,0.7349000,0.5197000,0.3983000,0.7698000,0.4648000,0.5214000,0.3182823,0.0000000,0.0000000},
{0.5483024,0.3703020,0.2785998,0.5679838,0.3023027,0.2715113,0.5271359,0.5028488,0.2451158,0.5225213,0.6251828,0.1908892,0.5767202,0.6827273,0.3502784,0.6167000,0.7079000,0.4844000,0.6582000,0.5667000,0.3730000,0.7114000,0.5776000,0.2840000,0.7347000,0.5199000,0.3983000,0.7697000,0.4648000,0.5214000,0.3182823,0.0000000,0.0000000},
{0.5474495,0.3732096,0.2781651,0.5698595,0.3064248,0.2693722,0.5281241,0.5056287,0.2433908,0.5241022,0.6282650,0.1897421,0.5773591,0.6844137,0.3490494,0.6171000,0.7093000,0.4842000,0.6583000,0.5678000,0.3727000,0.7114000,0.5778000,0.2839000,0.7345000,0.5202000,0.3983000,0.7696000,0.4648000,0.5215000,0.3182823,0.0000000,0.0000000},
{0.5467411,0.3757095,0.2777800,0.5714148,0.3101659,0.2674924,0.5292822,0.5089153,0.2413923,0.5255442,0.6310730,0.1887255,0.5780118,0.6861183,0.3478314,0.6174000,0.7107000,0.4839000,0.6580000,0.5686000,0.3725000,0.7115000,0.5780000,0.2838000,0.7343000,0.5204000,0.3982000,0.7696000,0.4648000,0.5215000,0.3182823,0.0000000,0.0000000},
{0.5461323,0.3779220,0.2774310,0.5727404,0.3136107,0.2658059,0.5301376,0.5113624,0.2399320,0.5267912,0.6334990,0.1878687,0.5786097,0.6876647,0.3467469,0.6179000,0.7123000,0.4837000,0.6585000,0.5703000,0.3721000,0.7116000,0.5783000,0.2838000,0.7340000,0.5206000,0.3982000,0.7695000,0.4648000,0.5215000,0.3182823,0.0000000,0.0000000},
{0.5456768,0.3796167,0.2771587,0.5738395,0.3166638,0.2643429,0.5309191,0.5136128,0.2386094,0.5278938,0.6356424,0.1871282,0.5791975,0.6891714,0.3457085,0.6184000,0.7139000,0.4834000,0.6586000,0.5718000,0.3719000,0.7116000,0.5785000,0.2837000,0.7338000,0.5208000,0.3981000,0.7694000,0.4648000,0.5215000,0.3182823,0.0000000,0.0000000},
{0.6045326,0.3777686,0.2510200,0.5747488,0.3193365,0.2630843,0.5315767,0.5155172,0.2375050,0.5288521,0.6375036,0.1864976,0.5797390,0.6905482,0.3447751,0.6189000,0.7154000,0.4832000,0.6587000,0.5732000,0.3718000,0.7117000,0.5787000,0.2836000,0.7336000,0.5210000,0.3981000,0.7694000,0.4648000,0.5215000,0.3182823,0.0000000,0.0000000},
{0.6049080,0.3799076,0.2502459,0.5755189,0.3217129,0.2619813,0.5321538,0.5171964,0.2365423,0.5296151,0.6389847,0.1860040,0.5802422,0.6918183,0.3439267,0.6194000,0.7170000,0.4830000,0.6588000,0.5744000,0.3718000,0.7117000,0.5790000,0.2835000,0.7334000,0.5213000,0.3981000,0.7693000,0.4649000,0.5215000,0.3182823,0.0000000,0.0000000},
{0.6051965,0.3816102,0.2496344,0.5761406,0.3237116,0.2610645,0.5325914,0.5184746,0.2358164,0.5303173,0.6403472,0.1855562,0.5807300,0.6930414,0.3431212,0.6200000,0.7185000,0.4828000,0.6590000,0.5758000,0.3717000,0.7118000,0.5792000,0.2834000,0.7331000,0.5215000,0.3980000,0.7692000,0.4649000,0.5215000,0.3182823,0.0000000,0.0000000},
{0.6054298,0.3830262,0.2491288,0.5766803,0.3255090,0.2602481,0.5329920,0.5196486,0.2351547,0.5308778,0.6414342,0.1852034,0.5811421,0.6940684,0.3424532,0.6205000,0.7200000,0.4826000,0.6592000,0.5771000,0.3717000,0.7118000,0.5794000,0.2833000,0.7329000,0.5217000,0.3980000,0.7692000,0.4649000,0.5215000,0.3182823,0.0000000,0.0000000},
{0.6056135,0.3841677,0.2487233,0.5771010,0.3269521,0.2595979,0.5332788,0.5204914,0.2346827,0.5313205,0.6422922,0.1849275,0.5815350,0.6950427,0.3418267,0.6211000,0.7216000,0.4825000,0.6593000,0.5785000,0.3719000,0.7119000,0.5797000,0.2832000,0.7327000,0.5219000,0.3979000,0.7691000,0.4649000,0.5216000,0.3182823,0.0000000,0.0000000},
{0.6057304,0.3849065,0.2484616,0.5774209,0.3280751,0.2590951,0.5334388,0.5209621,0.2344202,0.5315810,0.6427973,0.1847663,0.5818903,0.6959197,0.3412684,0.6217000,0.7231000,0.4824000,0.6594000,0.5799000,0.3720000,0.7119000,0.5799000,0.2831000,0.7325000,0.5221000,0.3979000,0.7690000,0.4649000,0.5216000,0.3182823,0.0000000,0.0000000},
{0.6057870,0.3852675,0.2483341,0.5776063,0.3287365,0.2588002,0.5335433,0.5212701,0.2342489,0.5318157,0.6432521,0.1846218,0.5822397,0.6967783,0.3407272,0.6223000,0.7247000,0.4822000,0.6595000,0.5814000,0.3723000,0.7120000,0.5801000,0.2831000,0.7322000,0.5224000,0.3978000,0.7689000,0.4649000,0.5216000,0.3182823,0.0000000,0.0000000},
{0.6057769,0.3852027,0.2483570,0.5776326,0.3288309,0.2587582,0.5335468,0.5212804,0.2342431,0.5318471,0.6433129,0.1846026,0.5825353,0.6975021,0.3402749,0.6228000,0.7262000,0.4821000,0.6595000,0.5828000,0.3724000,0.7120000,0.5804000,0.2830000,0.7320000,0.5226000,0.3978000,0.7689000,0.4649000,0.5216000,0.3182823,0.0000000,0.0000000},
{0.6057120,0.3847897,0.2485030,0.5775843,0.3286576,0.2588354,0.5335277,0.5212241,0.2342744,0.5317821,0.6431869,0.1846425,0.5828504,0.6982709,0.3397985,0.6234000,0.7277000,0.4819000,0.6596000,0.5840000,0.3727000,0.7121000,0.5806000,0.2829000,0.7318000,0.5228000,0.3978000,0.7688000,0.4649000,0.5216000,0.3182823,0.0000000,0.0000000},
{0.6055850,0.3839890,0.2487866,0.5774086,0.3280313,0.2591147,0.5334247,0.5209208,0.2344432,0.5317124,0.6430518,0.1846854,0.5830878,0.6988481,0.3394435,0.6238000,0.7291000,0.4816000,0.6598000,0.5852000,0.3729000,0.7121000,0.5809000,0.2828000,0.7316000,0.5230000,0.3977000,0.7687000,0.4649000,0.5216000,0.3182823,0.0000000,0.0000000},
{0.6054245,0.3829939,0.2491403,0.5771696,0.3271910,0.2594907,0.5333370,0.5206624,0.2345873,0.5316675,0.6429649,0.1847130,0.5833543,0.6994942,0.3390487,0.6243000,0.7306000,0.4813000,0.6600000,0.5865000,0.3733000,0.7122000,0.5811000,0.2827000,0.7313000,0.5232000,0.3977000,0.7687000,0.4649000,0.5216000,0.3182823,0.0000000,0.0000000},
{0.6052271,0.3817939,0.2495686,0.5768901,0.3262237,0.2599255,0.5331861,0.5202186,0.2348352,0.5316139,0.6428610,0.1847460,0.5835843,0.7000504,0.3387112,0.6247000,0.7320000,0.4810000,0.6602000,0.5876000,0.3735000,0.7122000,0.5813000,0.2826000,0.7311000,0.5235000,0.3976000,0.7686000,0.4649000,0.5216000,0.3182823,0.0000000,0.0000000},
{0.6050321,0.3806339,0.2499845,0.5765757,0.3251560,0.2604079,0.5330632,0.5198576,0.2350374,0.5315808,0.6427968,0.1847665,0.5838592,0.7007132,0.3383117,0.6251000,0.7334000,0.4806000,0.6604000,0.5888000,0.3738000,0.7123000,0.5816000,0.2825000,0.7309000,0.5237000,0.3976000,0.7685000,0.4649000,0.5216000,0.3182823,0.0000000,0.0000000},
{0.6048151,0.3793705,0.2504396,0.5762732,0.3241475,0.2608658,0.5328944,0.5193624,0.2353155,0.5316317,0.6428955,0.1847350,0.5841243,0.7013503,0.3379303,0.6255000,0.7349000,0.4803000,0.6605000,0.5900000,0.3740000,0.7123000,0.5818000,0.2825000,0.7307000,0.5239000,0.3975000,0.7684000,0.4649000,0.5217000,0.3182823,0.0000000,0.0000000},
{0.6046401,0.3783724,0.2508008,0.5759981,0.3232467,0.2612769,0.5327998,0.5190850,0.2354717,0.5316371,0.6429059,0.1847317,0.5844301,0.7020833,0.3374950,0.6258000,0.7364000,0.4799000,0.6607000,0.5910000,0.3742000,0.7124000,0.5820000,0.2824000,0.7304000,0.5241000,0.3975000,0.7684000,0.4649000,0.5217000,0.3182823,0.0000000,0.0000000},
{0.6044597,0.3773630,0.2511675,0.5757557,0.3224653,0.2616350,0.5326932,0.5187727,0.2356479,0.5316715,0.6429727,0.1847105,0.5847655,0.7028843,0.3370232,0.6262000,0.7380000,0.4795000,0.6608000,0.5922000,0.3744000,0.7124000,0.5823000,0.2823000,0.7302000,0.5243000,0.3975000,0.7683000,0.4649000,0.5217000,0.3182823,0.0000000,0.0000000},
{0.6043099,0.3765385,0.2514682,0.5755393,0.3217773,0.2619516,0.5325994,0.5184981,0.2358030,0.5316807,0.6429904,0.1847049,0.5851078,0.7036991,0.3365476,0.6267000,0.7395000,0.4791000,0.6609000,0.5934000,0.3747000,0.7125000,0.5825000,0.2822000,0.7300000,0.5246000,0.3974000,0.7682000,0.4649000,0.5217000,0.3182823,0.0000000,0.0000000},
{0.6041866,0.3758688,0.2517132,0.5753510,0.3211855,0.2622249,0.5325566,0.5183728,0.2358740,0.5317727,0.6431687,0.1846483,0.5854478,0.7045054,0.3360811,0.6271000,0.7410000,0.4787000,0.6611000,0.5946000,0.3749000,0.7125000,0.5827000,0.2821000,0.7298000,0.5248000,0.3974000,0.7682000,0.4649000,0.5217000,0.3182823,0.0000000,0.0000000},
{0.6040967,0.3753859,0.2518903,0.5752360,0.3208274,0.2623906,0.5325151,0.5182513,0.2359427,0.5318748,0.6433664,0.1845856,0.5858184,0.7053811,0.3355791,0.6276000,0.7426000,0.4782000,0.6613000,0.5959000,0.3751000,0.7126000,0.5830000,0.2820000,0.7295000,0.5250000,0.3973000,0.7681000,0.4649000,0.5217000,0.3182823,0.0000000,0.0000000},
{0.6040560,0.3751689,0.2519700,0.5751205,0.3204700,0.2625564,0.5325513,0.5183573,0.2358827,0.5320306,0.6436684,0.1844902,0.5862080,0.7062981,0.3350587,0.6281000,0.7442000,0.4778000,0.6614000,0.5971000,0.3751000,0.7127000,0.5832000,0.2819000,0.7293000,0.5252000,0.3973000,0.7680000,0.4649000,0.5217000,0.3182823,0.0000000,0.0000000},
{0.6040053,0.3748998,0.2520689,0.5750434,0.3202331,0.2626665,0.5326100,0.5185290,0.2357856,0.5322852,0.6441615,0.1843349,0.5866180,0.7072596,0.3345185,0.6286000,0.7458000,0.4773000,0.6616000,0.5983000,0.3751000,0.7127000,0.5834000,0.2818000,0.7291000,0.5254000,0.3972000,0.7679000,0.4649000,0.5217000,0.3182823,0.0000000,0.0000000},
{0.6040037,0.3748912,0.2520721,0.5750225,0.3201689,0.2626963,0.5325860,0.5184588,0.2358253,0.5325850,0.6447423,0.1841531,0.5870883,0.7083576,0.3339088,0.6292000,0.7474000,0.4768000,0.6619000,0.5997000,0.3751000,0.7128000,0.5837000,0.2818000,0.7289000,0.5257000,0.3972000,0.7679000,0.4649000,0.5218000,0.3182823,0.0000000,0.0000000},
{0.6040050,0.3748983,0.2520695,0.5750117,0.3201358,0.2627117,0.5326709,0.5187072,0.2356848,0.5330099,0.6455649,0.1838974,0.5875496,0.7094300,0.3333203,0.6297000,0.7489000,0.4762000,0.6622000,0.6008000,0.3750000,0.7128000,0.5839000,0.2817000,0.7286000,0.5259000,0.3972000,0.7678000,0.4649000,0.5218000,0.3182823,0.0000000,0.0000000},
{0.6040322,0.3750426,0.2520164,0.5750621,0.3202905,0.2626398,0.5328109,0.5191174,0.2354535,0.5334121,0.6463435,0.1836574,0.5880573,0.7106050,0.3326834,0.6303000,0.7505000,0.4756000,0.6624000,0.6021000,0.3748000,0.7129000,0.5842000,0.2816000,0.7284000,0.5261000,0.3971000,0.7677000,0.4649000,0.5218000,0.3182823,0.0000000,0.0000000},
{0.6040897,0.3753489,0.2519038,0.5751441,0.3205428,0.2625226,0.5329539,0.5195367,0.2352175,0.5338459,0.6471830,0.1834008,0.5885678,0.7117812,0.3320541,0.6309000,0.7521000,0.4750000,0.6627000,0.6034000,0.3747000,0.7129000,0.5844000,0.2815000,0.7282000,0.5263000,0.3971000,0.7677000,0.4649000,0.5218000,0.3182823,0.0000000,0.0000000},
{0.6041969,0.3759247,0.2516927,0.5753072,0.3210488,0.2622881,0.5331350,0.5200687,0.2349191,0.5343191,0.6480984,0.1831236,0.5890822,0.7129608,0.3314313,0.6315000,0.7536000,0.4744000,0.6629000,0.6047000,0.3745000,0.7130000,0.5846000,0.2814000,0.7280000,0.5265000,0.3970000,0.7676000,0.4649000,0.5218000,0.3182823,0.0000000,0.0000000},
{0.6043386,0.3766955,0.2514109,0.5755006,0.3216549,0.2620081,0.5333749,0.5207742,0.2345249,0.5347958,0.6490204,0.1828470,0.5896315,0.7142145,0.3307781,0.6322000,0.7552000,0.4738000,0.6633000,0.6059000,0.3743000,0.7130000,0.5849000,0.2813000,0.7277000,0.5268000,0.3970000,0.7675000,0.4649000,0.5218000,0.3182823,0.0000000,0.0000000},
{0.6044901,0.3775317,0.2511061,0.5757556,0.3224651,0.2616351,0.5336706,0.5216455,0.2340404,0.5353523,0.6500964,0.1825277,0.5901588,0.7154129,0.3301622,0.6328000,0.7568000,0.4731000,0.6636000,0.6072000,0.3741000,0.7131000,0.5851000,0.2812000,0.7277000,0.5268000,0.3970000,0.7674000,0.4649000,0.5218000,0.3182823,0.0000000,0.0000000},
{0.6046909,0.3786602,0.2506965,0.5760392,0.3233805,0.2612157,0.5339652,0.5225155,0.2335593,0.5359283,0.6512094,0.1822012,0.5907639,0.7167813,0.3294689,0.6334000,0.7583000,0.4725000,0.6638000,0.6085000,0.3739000,0.7131000,0.5853000,0.2812000,0.7277000,0.5277000,0.3971000,0.7674000,0.4650000,0.5218000,0.3182823,0.0000000,0.0000000},
{0.6048923,0.3798168,0.2502786,0.5763770,0.3244915,0.2607094,0.5345377,0.5242117,0.2326287,0.5366170,0.6525398,0.1818161,0.5913576,0.7181174,0.3288021,0.6340000,0.7599000,0.4718000,0.6641000,0.6097000,0.3736000,0.7132000,0.5856000,0.2811000,0.7278000,0.5290000,0.3969000,0.7673000,0.4650000,0.5219000,0.3182823,0.0000000,0.0000000},
{0.6051310,0.3812190,0.2497745,0.5767327,0.3256867,0.2601678,0.5349636,0.5254785,0.2319400,0.5373788,0.6540107,0.1813967,0.5920184,0.7195972,0.3280752,0.6346000,0.7614000,0.4711000,0.6644000,0.6110000,0.3733000,0.7132000,0.5858000,0.2810000,0.7274000,0.5296000,0.3972000,0.7672000,0.4650000,0.5219000,0.3182823,0.0000000,0.0000000},
{0.6053761,0.3826973,0.2492460,0.5771310,0.3270562,0.2595512,0.5354629,0.5269685,0.2311369,0.5382101,0.6556149,0.1809471,0.5926995,0.7211144,0.3273424,0.6352000,0.7628000,0.4704000,0.6646000,0.6123000,0.3729000,0.7133000,0.5860000,0.2809000,0.7278000,0.5315000,0.3969000,0.7672000,0.4650000,0.5219000,0.3182823,0.0000000,0.0000000},
{0.6056285,0.3842616,0.2486899,0.5775244,0.3284432,0.2589309,0.5360108,0.5286101,0.2302604,0.5392073,0.6575381,0.1804185,0.5934335,0.7227408,0.3265706,0.6358000,0.7644000,0.4696000,0.6648000,0.6134000,0.3725000,0.7133000,0.5863000,0.2808000,0.7276000,0.5327000,0.3967000,0.7671000,0.4650000,0.5219000,0.3182823,0.0000000,0.0000000},
{0.6058899,0.3859301,0.2481003,0.5779253,0.3298934,0.2582866,0.5365745,0.5303057,0.2293644,0.5401747,0.6594026,0.1799169,0.5942188,0.7244708,0.3257652,0.6364000,0.7658000,0.4688000,0.6651000,0.6147000,0.3720000,0.7134000,0.5865000,0.2807000,0.7278000,0.5340000,0.3966000,0.7670000,0.4650000,0.5219000,0.3182823,0.0000000,0.0000000},
{0.6061420,0.3875875,0.2475181,0.5783378,0.3314254,0.2576107,0.5371352,0.5319992,0.2284786,0.5411937,0.6613653,0.1794005,0.5950096,0.7262034,0.3249745,0.6369000,0.7673000,0.4678000,0.6652000,0.6160000,0.3715000,0.7134000,0.5867000,0.2806000,0.7280000,0.5357000,0.3956000,0.7670000,0.4650000,0.5219000,0.3182823,0.0000000,0.0000000},
{0.6063867,0.3892448,0.2469393,0.5787707,0.3330794,0.2568861,0.5377180,0.5337666,0.2275638,0.5422365,0.6633724,0.1788845,0.5958359,0.7280030,0.3241696,0.6375000,0.7688000,0.4669000,0.6655000,0.6172000,0.3709000,0.7135000,0.5870000,0.2806000,0.7280000,0.5357000,0.3956000,0.7669000,0.4650000,0.5219000,0.3182823,0.0000000,0.0000000},
{0.6066414,0.3910237,0.2463215,0.5791754,0.3346702,0.2561940,0.5383067,0.5355596,0.2266457,0.5432977,0.6654135,0.1783723,0.5966672,0.7298034,0.3233811,0.6381000,0.7704000,0.4660000,0.6658000,0.6185000,0.3704000,0.7135000,0.5872000,0.2805000,0.7275000,0.5372000,0.3961000,0.7668000,0.4650000,0.5219000,0.3182823,0.0000000,0.0000000},
{0.6068619,0.3926111,0.2457734,0.5795707,0.3362680,0.2555037,0.5388853,0.5373293,0.2257492,0.5443245,0.6673873,0.1778889,0.5975179,0.7316354,0.3225956,0.6387000,0.7720000,0.4651000,0.6660000,0.6198000,0.3699000,0.7136000,0.5875000,0.2804000,0.7275000,0.5384000,0.3961000,0.7667000,0.4650000,0.5220000,0.3182823,0.0000000,0.0000000},
{0.6070714,0.3941618,0.2452406,0.5799642,0.3379039,0.2548015,0.5394571,0.5390852,0.2248689,0.5453202,0.6693000,0.1774316,0.5983204,0.7333541,0.3218739,0.6393000,0.7736000,0.4642000,0.6662000,0.6210000,0.3695000,0.7136000,0.5877000,0.2803000,0.7270000,0.5389000,0.3962000,0.7667000,0.4650000,0.5220000,0.3182823,0.0000000,0.0000000},
{0.6072651,0.3956348,0.2447368,0.5803215,0.3394305,0.2541504,0.5400027,0.5407673,0.2240343,0.5463108,0.6712019,0.1769877,0.5991137,0.7350444,0.3211785,0.6399000,0.7751000,0.4633000,0.6664000,0.6221000,0.3690000,0.7137000,0.5879000,0.2802000,0.7272000,0.5405000,0.3957000,0.7666000,0.4650000,0.5220000,0.3182823,0.0000000,0.0000000},
{0.6074512,0.3970877,0.2442423,0.5806371,0.3408138,0.2535638,0.5404981,0.5423000,0.2232810,0.5472703,0.6730427,0.1765683,0.5999089,0.7367303,0.3204988,0.6405000,0.7766000,0.4625000,0.6666000,0.6233000,0.3685000,0.7138000,0.5882000,0.2801000,0.7273000,0.5416000,0.3957000,0.7665000,0.4650000,0.5220000,0.3182823,0.0000000,0.0000000},
{0.6076154,0.3984017,0.2437968,0.5809430,0.3421868,0.2529847,0.5410201,0.5439212,0.2224916,0.5482434,0.6749085,0.1761534,0.6006745,0.7383457,0.3198605,0.6411000,0.7782000,0.4616000,0.6668000,0.6244000,0.3681000,0.7138000,0.5884000,0.2800000,0.7268000,0.5422000,0.3958000,0.7665000,0.4650000,0.5220000,0.3182823,0.0000000,0.0000000},
{0.6077501,0.3995042,0.2434245,0.5812237,0.3434759,0.2524437,0.5415001,0.5454169,0.2217701,0.5491018,0.6765535,0.1757961,0.6014267,0.7399255,0.3192484,0.6417000,0.7796000,0.4609000,0.6670000,0.6256000,0.3678000,0.7139000,0.5886000,0.2799000,0.7269000,0.5436000,0.3958000,0.7664000,0.4650000,0.5220000,0.3182823,0.0000000,0.0000000},
{0.6078823,0.4006071,0.2430532,0.5814932,0.3447411,0.2519152,0.5418996,0.5466655,0.2211726,0.5499472,0.6781728,0.1754521,0.6021556,0.7414496,0.3186691,0.6422000,0.7811000,0.4602000,0.6671000,0.6267000,0.3675000,0.7139000,0.5889000,0.2799000,0.7268000,0.5448000,0.3955000,0.7663000,0.4650000,0.5220000,0.3182823,0.0000000,0.0000000},
{0.6080099,0.4016936,0.2426885,0.5817528,0.3459863,0.2513974,0.5423463,0.5480659,0.2205077,0.5507127,0.6796382,0.1751474,0.6028165,0.7428259,0.3181554,0.6428000,0.7825000,0.4595000,0.6674000,0.6277000,0.3673000,0.7140000,0.5891000,0.2798000,0.7264000,0.5456000,0.3956000,0.7662000,0.4650000,0.5220000,0.3182823,0.0000000,0.0000000},
{0.6081209,0.4026568,0.2423663,0.5819812,0.3471052,0.2509342,0.5426847,0.5491294,0.2200063,0.5514764,0.6810996,0.1748497,0.6034858,0.7442144,0.3176462,0.6434000,0.7839000,0.4589000,0.6675000,0.6289000,0.3671000,0.7140000,0.5893000,0.2797000,0.7266000,0.5469000,0.3956000,0.7662000,0.4650000,0.5221000,0.3182823,0.0000000,0.0000000},
{0.6082274,0.4035973,0.2420524,0.5822003,0.3481988,0.2504832,0.5430273,0.5502088,0.2195007,0.5521429,0.6823744,0.1745951,0.6040734,0.7454290,0.3172081,0.6440000,0.7852000,0.4584000,0.6677000,0.6298000,0.3670000,0.7141000,0.5896000,0.2796000,0.7268000,0.5481000,0.3956000,0.7661000,0.4650000,0.5221000,0.3182823,0.0000000,0.0000000},
{0.6083144,0.4043772,0.2417928,0.5824195,0.3493142,0.2500250,0.5433098,0.5511008,0.2190853,0.5527902,0.6836120,0.1743524,0.6046504,0.7466178,0.3167860,0.6446000,0.7865000,0.4580000,0.6680000,0.6310000,0.3669000,0.7141000,0.5898000,0.2795000,0.7262000,0.5488000,0.3954000,0.7660000,0.4650000,0.5221000,0.3182823,0.0000000,0.0000000},
{0.6084036,0.4051889,0.2415231,0.5826127,0.3503152,0.2496152,0.5436120,0.5520566,0.2186425,0.5533364,0.6846558,0.1741512,0.6051825,0.7477106,0.3164037,0.6452000,0.7878000,0.4576000,0.6682000,0.6319000,0.3668000,0.7142000,0.5900000,0.2794000,0.7265000,0.5499000,0.3959000,0.7660000,0.4650000,0.5221000,0.3182823,0.0000000,0.0000000},
{0.6084883,0.4059712,0.2412639,0.5828096,0.3513540,0.2491915,0.5438405,0.5527807,0.2183087,0.5538432,0.6856241,0.1739673,0.6057164,0.7488040,0.3160266,0.6457000,0.7890000,0.4573000,0.6685000,0.6330000,0.3668000,0.7142000,0.5903000,0.2793000,0.7268000,0.5511000,0.3957000,0.7659000,0.4650000,0.5221000,0.3182823,0.0000000,0.0000000},
{0.6085718,0.4067539,0.2410050,0.5829883,0.3523133,0.2488015,0.5440518,0.5534516,0.2180007,0.5542215,0.6863467,0.1738318,0.6061375,0.7496641,0.3157338,0.6462000,0.7901000,0.4571000,0.6688000,0.6339000,0.3668000,0.7143000,0.5905000,0.2793000,0.7268000,0.5522000,0.3957000,0.7658000,0.4650000,0.5221000,0.3182823,0.0000000,0.0000000},
{0.6086435,0.4074357,0.2407800,0.5831497,0.3531936,0.2484448,0.5442530,0.5540909,0.2177084,0.5546080,0.6870849,0.1736949,0.6065967,0.7506000,0.3154191,0.6468000,0.7912000,0.4569000,0.6690000,0.6349000,0.3669000,0.7143000,0.5908000,0.2792000,0.7265000,0.5529000,0.3957000,0.7657000,0.4650000,0.5221000,0.3182823,0.0000000,0.0000000},
{0.6087184,0.4081567,0.2405424,0.5833179,0.3541259,0.2480680,0.5444917,0.5548507,0.2173623,0.5550169,0.6878654,0.1735519,0.6069911,0.7514018,0.3151526,0.6473000,0.7921000,0.4567000,0.6693000,0.6357000,0.3668000,0.7144000,0.5910000,0.2791000,0.7271000,0.5541000,0.3958000,0.7657000,0.4650000,0.5221000,0.3182823,0.0000000,0.0000000},
{0.6088113,0.4090650,0.2402439,0.5835016,0.3551614,0.2476509,0.5447210,0.5555819,0.2170307,0.5554234,0.6886413,0.1734115,0.6073687,0.7521679,0.3149006,0.6478000,0.7931000,0.4565000,0.6695000,0.6366000,0.3668000,0.7144000,0.5912000,0.2790000,0.7271000,0.5550000,0.3958000,0.7656000,0.4650000,0.5222000,0.3182823,0.0000000,0.0000000},
{0.6088991,0.4099375,0.2399577,0.5836644,0.3560955,0.2472759,0.5449669,0.5563669,0.2166764,0.5558965,0.6895442,0.1732502,0.6077477,0.7529354,0.3146509,0.6483000,0.7939000,0.4564000,0.6698000,0.6374000,0.3668000,0.7145000,0.5915000,0.2789000,0.7269000,0.5555000,0.3959000,0.7655000,0.4650000,0.5222000,0.3182823,0.0000000,0.0000000},
{0.6089927,0.4108851,0.2396477,0.5838370,0.3571033,0.2468725,0.5452355,0.5572261,0.2162903,0.5563509,0.6904110,0.1730976,0.6081394,0.7537270,0.3143961,0.6488000,0.7948000,0.4562000,0.6702000,0.6382000,0.3667000,0.7145000,0.5917000,0.2788000,0.7273000,0.5566000,0.3959000,0.7655000,0.4651000,0.5222000,0.3182823,0.0000000,0.0000000},
{0.6091046,0.4120401,0.2392709,0.5840172,0.3581746,0.2464451,0.5455652,0.5582830,0.2158180,0.5569252,0.6915063,0.1729078,0.6085950,0.7546456,0.3141039,0.6493000,0.7957000,0.4561000,0.6704000,0.6390000,0.3667000,0.7146000,0.5919000,0.2787000,0.7269000,0.5569000,0.3961000,0.7654000,0.4651000,0.5222000,0.3182823,0.0000000,0.0000000},
{0.6092207,0.4132664,0.2388720,0.5842195,0.3594023,0.2459571,0.5458717,0.5592675,0.2153808,0.5574589,0.6925239,0.1727345,0.6090273,0.7555154,0.3138307,0.6498000,0.7967000,0.4559000,0.6705000,0.6398000,0.3666000,0.7146000,0.5922000,0.2787000,0.7274000,0.5580000,0.3959000,0.7653000,0.4651000,0.5222000,0.3182823,0.0000000,0.0000000},
{0.6093465,0.4146291,0.2384302,0.5844228,0.3606636,0.2454576,0.5462329,0.5604300,0.2148677,0.5581106,0.6937659,0.1725269,0.6095541,0.7565727,0.3135031,0.6503000,0.7976000,0.4558000,0.6707000,0.6407000,0.3665000,0.7147000,0.5924000,0.2786000,0.7274000,0.5587000,0.3959000,0.7652000,0.4651000,0.5222000,0.3182823,0.0000000,0.0000000},
{0.6094683,0.4159845,0.2379922,0.5846460,0.3620831,0.2448977,0.5466410,0.5617472,0.2142904,0.5587866,0.6950537,0.1723163,0.6100901,0.7576455,0.3131757,0.6509000,0.7986000,0.4557000,0.6709000,0.6416000,0.3664000,0.7148000,0.5926000,0.2785000,0.7274000,0.5594000,0.3959000,0.7652000,0.4651000,0.5222000,0.3182823,0.0000000,0.0000000},
{0.6096034,0.4175317,0.2374941,0.5848774,0.3635938,0.2443045,0.5470665,0.5631244,0.2136916,0.5595033,0.6964186,0.1720982,0.6106784,0.7588196,0.3128233,0.6515000,0.7996000,0.4556000,0.6710000,0.6425000,0.3662000,0.7148000,0.5929000,0.2784000,0.7274000,0.5601000,0.3958000,0.7651000,0.4651000,0.5222000,0.3182823,0.0000000,0.0000000},
{0.6097523,0.4192954,0.2369286,0.5851267,0.3652703,0.2436493,0.5474829,0.5644758,0.2131087,0.5602226,0.6977876,0.1718847,0.6112384,0.7599342,0.3124943,0.6520000,0.8005000,0.4555000,0.6711000,0.6434000,0.3661000,0.7149000,0.5931000,0.2783000,0.7273000,0.5607000,0.3956000,0.7650000,0.4651000,0.5223000,0.3182823,0.0000000,0.0000000},
{0.6098935,0.4210290,0.2363751,0.5853781,0.3670151,0.2429708,0.5479502,0.5659966,0.2124581,0.5610505,0.6993629,0.1716455,0.6118693,0.7611862,0.3121312,0.6526000,0.8015000,0.4555000,0.6712000,0.6444000,0.3660000,0.7149000,0.5933000,0.2782000,0.7273000,0.5614000,0.3955000,0.7650000,0.4651000,0.5223000,0.3182823,0.0000000,0.0000000},
{0.6100315,0.4227872,0.2358161,0.5856198,0.3687481,0.2423002,0.5484590,0.5676581,0.2117539,0.5619010,0.7009804,0.1714071,0.6124540,0.7623430,0.3118018,0.6532000,0.8025000,0.4555000,0.6713000,0.6454000,0.3659000,0.7150000,0.5936000,0.2781000,0.7272000,0.5621000,0.3953000,0.7649000,0.4651000,0.5223000,0.3182823,0.0000000,0.0000000},
{0.6101704,0.4246249,0.2352342,0.5858585,0.3705176,0.2416189,0.5489669,0.5693220,0.2110555,0.5627910,0.7026720,0.1711656,0.6131481,0.7637121,0.3114195,0.6538000,0.8035000,0.4555000,0.6714000,0.6463000,0.3658000,0.7150000,0.5938000,0.2780000,0.7271000,0.5627000,0.3952000,0.7648000,0.4651000,0.5223000,0.3182823,0.0000000,0.0000000},
{0.6103056,0.4264886,0.2346466,0.5860933,0.3723191,0.2409287,0.5494917,0.5710472,0.2103384,0.5637307,0.7044571,0.1709194,0.6137787,0.7649519,0.3110802,0.6544000,0.8044000,0.4554000,0.6715000,0.6473000,0.3656000,0.7151000,0.5941000,0.2780000,0.7270000,0.5633000,0.3950000,0.7648000,0.4651000,0.5223000,0.3182823,0.0000000,0.0000000},
{0.6104295,0.4282656,0.2340888,0.5863115,0.3740521,0.2402680,0.5500669,0.5729449,0.2095579,0.5647189,0.7063336,0.1706702,0.6144216,0.7662122,0.3107421,0.6550000,0.8054000,0.4554000,0.6716000,0.6483000,0.3654000,0.7151000,0.5943000,0.2779000,0.7269000,0.5640000,0.3949000,0.7647000,0.4651000,0.5223000,0.3182823,0.0000000,0.0000000},
{0.6105564,0.4301656,0.2334947,0.5865396,0.3759298,0.2395555,0.5506342,0.5748234,0.2087937,0.5657025,0.7082001,0.1704319,0.6151250,0.7675867,0.3103812,0.6556000,0.8063000,0.4553000,0.6717000,0.6492000,0.3652000,0.7152000,0.5945000,0.2778000,0.7269000,0.5646000,0.3948000,0.7646000,0.4651000,0.5223000,0.3182823,0.0000000,0.0000000},
{0.6106662,0.4318796,0.2329609,0.5867486,0.3777154,0.2388813,0.5511768,0.5766268,0.2080679,0.5666681,0.7100313,0.1702074,0.6158034,0.7689081,0.3100418,0.6562000,0.8072000,0.4553000,0.6718000,0.6500000,0.3650000,0.7152000,0.5948000,0.2777000,0.7268000,0.5652000,0.3947000,0.7645000,0.4651000,0.5223000,0.3182823,0.0000000,0.0000000},
{0.6107660,0.4335013,0.2324578,0.5869491,0.3794922,0.2382136,0.5517164,0.5784264,0.2073512,0.5676521,0.7118966,0.1699883,0.6164749,0.7702120,0.3097142,0.6568000,0.8080000,0.4552000,0.6720000,0.6508000,0.3648000,0.7153000,0.5950000,0.2776000,0.7267000,0.5659000,0.3945000,0.7645000,0.4651000,0.5224000,0.3182823,0.0000000,0.0000000},
{0.6108617,0.4351212,0.2319570,0.5871447,0.3812929,0.2375401,0.5522168,0.5801010,0.2066910,0.5685478,0.7135936,0.1697972,0.6171797,0.7715763,0.3093791,0.6574000,0.8090000,0.4550000,0.6721000,0.6517000,0.3646000,0.7153000,0.5952000,0.2775000,0.7266000,0.5664000,0.3945000,0.7644000,0.4651000,0.5224000,0.3182823,0.0000000,0.0000000},
{0.6109656,0.4369564,0.2313917,0.5873502,0.3832624,0.2368069,0.5527662,0.5819456,0.2059712,0.5695114,0.7154181,0.1696006,0.6178258,0.7728232,0.3090798,0.6580000,0.8098000,0.4549000,0.6722000,0.6525000,0.3643000,0.7154000,0.5955000,0.2774000,0.7265000,0.5669000,0.3943000,0.7643000,0.4651000,0.5224000,0.3182823,0.0000000,0.0000000},
{0.6110825,0.4391355,0.2307233,0.5875305,0.3850633,0.2361397,0.5533001,0.5837447,0.2052767,0.5704403,0.7171761,0.1694198,0.6185039,0.7741279,0.3087737,0.6585000,0.8107000,0.4546000,0.6724000,0.6534000,0.3640000,0.7154000,0.5957000,0.2774000,0.7264000,0.5675000,0.3942000,0.7643000,0.4651000,0.5224000,0.3182823,0.0000000,0.0000000},
{0.6111737,0.4409289,0.2301756,0.5876991,0.3868170,0.2354929,0.5538658,0.5856576,0.2045462,0.5714312,0.7190504,0.1692363,0.6191738,0.7754132,0.3084791,0.6591000,0.8115000,0.4544000,0.6725000,0.6541000,0.3637000,0.7155000,0.5959000,0.2773000,0.7263000,0.5680000,0.3941000,0.7642000,0.4651000,0.5224000,0.3182823,0.0000000,0.0000000},
{0.6112657,0.4428362,0.2295953,0.5878715,0.3886865,0.2348065,0.5544303,0.5875730,0.2038229,0.5724002,0.7208822,0.1690662,0.6198431,0.7766933,0.3081927,0.6597000,0.8124000,0.4541000,0.6726000,0.6549000,0.3634000,0.7155000,0.5962000,0.2772000,0.7262000,0.5684000,0.3940000,0.7641000,0.4651000,0.5224000,0.3182823,0.0000000,0.0000000},
{0.6113520,0.4447292,0.2290216,0.5880360,0.3905511,0.2341249,0.5550019,0.5895201,0.2030959,0.5734156,0.7228008,0.1688978,0.6205762,0.7780912,0.3078877,0.6602000,0.8132000,0.4537000,0.6727000,0.6557000,0.3630000,0.7156000,0.5964000,0.2771000,0.7261000,0.5688000,0.3939000,0.7640000,0.4651000,0.5224000,0.3182823,0.0000000,0.0000000},
{0.6114381,0.4467330,0.2284168,0.5881945,0.3924312,0.2334408,0.5555961,0.5915513,0.2023464,0.5744693,0.7247905,0.1687337,0.6212790,0.7794273,0.3076039,0.6607000,0.8140000,0.4534000,0.6729000,0.6564000,0.3626000,0.7156000,0.5966000,0.2770000,0.7260000,0.5692000,0.3938000,0.7640000,0.4651000,0.5224000,0.3182823,0.0000000,0.0000000},
{0.6115198,0.4487649,0.2278060,0.5883558,0.3944423,0.2327125,0.5561574,0.5934774,0.2016440,0.5754764,0.7266911,0.1685870,0.6220227,0.7808366,0.3073127,0.6612000,0.8149000,0.4530000,0.6730000,0.6571000,0.3622000,0.7157000,0.5969000,0.2769000,0.7259000,0.5697000,0.3936000,0.7639000,0.4651000,0.5225000,0.3182823,0.0000000,0.0000000},
{0.6115932,0.4507182,0.2272211,0.5885225,0.3966383,0.2319211,0.5567160,0.5954007,0.2009506,0.5764805,0.7285850,0.1684505,0.6227452,0.7822016,0.3070385,0.6617000,0.8157000,0.4526000,0.6731000,0.6578000,0.3618000,0.7157000,0.5971000,0.2768000,0.7258000,0.5701000,0.3934000,0.7638000,0.4651000,0.5225000,0.3182823,0.0000000,0.0000000},
{0.6116631,0.4527144,0.2266258,0.5886773,0.3988024,0.2311452,0.5572896,0.5973830,0.2002441,0.5774987,0.7305046,0.1683221,0.6234513,0.7835315,0.3067788,0.6622000,0.8165000,0.4523000,0.6733000,0.6585000,0.3614000,0.7158000,0.5974000,0.2767000,0.7257000,0.5704000,0.3932000,0.7638000,0.4651000,0.5225000,0.3182823,0.0000000,0.0000000},
{0.6117285,0.4547352,0.2260255,0.5888190,0.4009078,0.2303941,0.5578610,0.5993652,0.1995461,0.5784757,0.7323454,0.1682082,0.6241570,0.7848567,0.3065274,0.6627000,0.8173000,0.4520000,0.6734000,0.6593000,0.3610000,0.7159000,0.5976000,0.2767000,0.7256000,0.5707000,0.3930000,0.7637000,0.4651000,0.5225000,0.3182823,0.0000000,0.0000000},
{0.6117910,0.4568371,0.2254036,0.5889507,0.4029905,0.2296546,0.5584529,0.6014258,0.1988291,0.5794938,0.7342626,0.1680994,0.6248758,0.7862024,0.3062796,0.6632000,0.8180000,0.4517000,0.6735000,0.6600000,0.3606000,0.7159000,0.5978000,0.2766000,0.7255000,0.5712000,0.3928000,0.7636000,0.4651000,0.5225000,0.3182823,0.0000000,0.0000000},
{0.6118506,0.4590456,0.2247529,0.5890751,0.4050933,0.2289116,0.5590775,0.6036087,0.1980793,0.5805050,0.7361657,0.1680011,0.6255951,0.7875452,0.3060399,0.6637000,0.8188000,0.4514000,0.6737000,0.6607000,0.3602000,0.7159000,0.5978000,0.2766000,0.7254000,0.5716000,0.3926000,0.7635000,0.4651000,0.5225000,0.3182823,0.0000000,0.0000000},
{0.6119059,0.4613274,0.2240835,0.5891951,0.4072697,0.2281462,0.5596982,0.6057864,0.1973410,0.5815564,0.7381433,0.1679092,0.6263153,0.7888856,0.3058080,0.6643000,0.8195000,0.4511000,0.6739000,0.6614000,0.3598000,0.7161000,0.5983000,0.2765000,0.7253000,0.5720000,0.3925000,0.7635000,0.4652000,0.5225000,0.3182823,0.0000000,0.0000000},
{0.6119523,0.4634938,0.2234507,0.5893013,0.4093445,0.2274200,0.5603255,0.6079962,0.1966019,0.5826706,0.7402379,0.1678234,0.6270213,0.7901957,0.3055886,0.6648000,0.8202000,0.4508000,0.6740000,0.6621000,0.3594000,0.7163000,0.5989000,0.2763000,0.7252000,0.5723000,0.3923000,0.7634000,0.4652000,0.5225000,0.3182823,0.0000000,0.0000000},
{0.6119980,0.4659463,0.2227375,0.5894124,0.4117067,0.2265973,0.5610144,0.6104330,0.1957983,0.5837996,0.7423589,0.1677485,0.6277907,0.7916192,0.3053583,0.6653000,0.8208000,0.4505000,0.6743000,0.6628000,0.3589000,0.7164000,0.5994000,0.2763000,0.7252000,0.5726000,0.3922000,0.7633000,0.4652000,0.5226000,0.3182823,0.0000000,0.0000000},
{0.6120390,0.4685830,0.2219743,0.5895195,0.4142191,0.2257269,0.5617566,0.6130705,0.1949419,0.5850697,0.7447435,0.1676787,0.6285542,0.7930275,0.3051388,0.6658000,0.8215000,0.4503000,0.6745000,0.6634000,0.3585000,0.7169000,0.6005000,0.2757000,0.7251000,0.5729000,0.3922000,0.7633000,0.4652000,0.5226000,0.3182823,0.0000000,0.0000000},
{0.6120742,0.4714588,0.2211462,0.5896183,0.4168153,0.2248324,0.5625126,0.6157696,0.1940800,0.5863731,0.7471889,0.1676229,0.6293436,0.7944789,0.3049211,0.6663000,0.8221000,0.4500000,0.6747000,0.6640000,0.3581000,0.7167000,0.6007000,0.2758000,0.7250000,0.5732000,0.3921000,0.7632000,0.4652000,0.5226000,0.3182823,0.0000000,0.0000000},
{0.6120999,0.4743666,0.2203134,0.5897157,0.4197530,0.2238263,0.5633340,0.6187169,0.1931552,0.5877149,0.7497046,0.1675822,0.6302550,0.7961491,0.3046815,0.6668000,0.8228000,0.4498000,0.6750000,0.6646000,0.3577000,0.7169000,0.6013000,0.2756000,0.7249000,0.5734000,0.3920000,0.7631000,0.4652000,0.5226000,0.3182823,0.0000000,0.0000000},
{0.6121172,0.4776761,0.2193710,0.5898006,0.4227930,0.2227918,0.5642171,0.6219029,0.1921747,0.5892593,0.7525979,0.1675563,0.6311512,0.7977854,0.3044580,0.6674000,0.8235000,0.4496000,0.6752000,0.6651000,0.3572000,0.7170000,0.6018000,0.2756000,0.7249000,0.5736000,0.3919000,0.7630000,0.4652000,0.5226000,0.3182823,0.0000000,0.0000000},
{0.6121218,0.4811147,0.2183979,0.5898762,0.4261567,0.2216548,0.5651499,0.6252877,0.1911546,0.5907725,0.7554303,0.1675527,0.6321762,0.7996500,0.3042169,0.6679000,0.8242000,0.4494000,0.6756000,0.6658000,0.3567000,0.7176000,0.6026000,0.2754000,0.7248000,0.5737000,0.3917000,0.7630000,0.4652000,0.5226000,0.3182823,0.0000000,0.0000000},
{0.6121114,0.4848776,0.2173400,0.5899383,0.4299330,0.2203879,0.5661258,0.6288506,0.1901046,0.5924807,0.7586250,0.1675743,0.6332585,0.8016106,0.3039790,0.6685000,0.8249000,0.4493000,0.6757000,0.6665000,0.3564000,0.7174000,0.6028000,0.2754000,0.7247000,0.5738000,0.3917000,0.7629000,0.4652000,0.5226000,0.3182823,0.0000000,0.0000000},
{0.6120837,0.4887942,0.2162465,0.5899783,0.4339285,0.2190582,0.5671574,0.6326408,0.1890141,0.5942711,0.7619703,0.1676262,0.6343876,0.8036473,0.3037489,0.6691000,0.8256000,0.4492000,0.6760000,0.6670000,0.3561000,0.7175000,0.6033000,0.2753000,0.7246000,0.5739000,0.3916000,0.7628000,0.4652000,0.5226000,0.3182823,0.0000000,0.0000000},
{0.6120327,0.4931597,0.2150368,0.5899922,0.4382070,0.2176464,0.5682601,0.6367202,0.1878705,0.5961549,0.7654867,0.1677130,0.6355398,0.8057164,0.3035329,0.6697000,0.8263000,0.4492000,0.6763000,0.6676000,0.3557000,0.7176000,0.6038000,0.2754000,0.7245000,0.5739000,0.3916000,0.7628000,0.4652000,0.5227000,0.3182823,0.0000000,0.0000000},
{0.6119580,0.4976719,0.2137965,0.5899741,0.4428592,0.2161253,0.5694506,0.6411571,0.1866620,0.5981740,0.7692518,0.1678426,0.6367346,0.8078525,0.3033287,0.6703000,0.8270000,0.4492000,0.6766000,0.6681000,0.3553000,0.7178000,0.6042000,0.2754000,0.7244000,0.5739000,0.3916000,0.7627000,0.4652000,0.5227000,0.3182823,0.0000000,0.0000000},
{0.6118524,0.5025449,0.2124682,0.5899168,0.4478412,0.2145121,0.5706632,0.6457113,0.1854592,0.6002989,0.7732095,0.1680199,0.6379962,0.8100974,0.3031348,0.6708000,0.8276000,0.4492000,0.6770000,0.6685000,0.3550000,0.7179000,0.6046000,0.2755000,0.7243000,0.5739000,0.3917000,0.7626000,0.4652000,0.5227000,0.3182823,0.0000000,0.0000000},
{0.6117124,0.5077113,0.2110727,0.5898127,0.4531776,0.2128020,0.5719789,0.6506934,0.1841867,0.6025502,0.7773981,0.1682533,0.6392784,0.8123679,0.3029604,0.6714000,0.8281000,0.4491000,0.6772000,0.6688000,0.3546000,0.7179000,0.6051000,0.2757000,0.7242000,0.5739000,0.3918000,0.7626000,0.4652000,0.5227000,0.3182823,0.0000000,0.0000000},
{0.6115283,0.5133106,0.2095748,0.5896583,0.4587263,0.2110432,0.5733667,0.6559955,0.1828817,0.6049565,0.7818692,0.1685547,0.6406457,0.8147771,0.3027992,0.6719000,0.8287000,0.4491000,0.6774000,0.6690000,0.3544000,0.7181000,0.6054000,0.2758000,0.7241000,0.5738000,0.3919000,0.7625000,0.4652000,0.5227000,0.3182823,0.0000000,0.0000000},
{0.6113049,0.5190503,0.2080552,0.5894393,0.4647218,0.2091646,0.5748035,0.6615359,0.1815717,0.6074464,0.7864898,0.1689228,0.6420578,0.8172522,0.3026594,0.6724000,0.8292000,0.4492000,0.6776000,0.6690000,0.3542000,0.7181000,0.6057000,0.2760000,0.7239000,0.5736000,0.3919000,0.7624000,0.4652000,0.5227000,0.3182823,0.0000000,0.0000000},
{0.6110253,0.5252294,0.2064369,0.5891485,0.4710805,0.2071967,0.5763222,0.6674501,0.1802333,0.6100314,0.7912801,0.1693656,0.6435808,0.8199073,0.3025387,0.6729000,0.8296000,0.4492000,0.6778000,0.6691000,0.3539000,0.7182000,0.6060000,0.2761000,0.7238000,0.5734000,0.3919000,0.7623000,0.4652000,0.5227000,0.3182823,0.0000000,0.0000000},
{0.6106984,0.5315281,0.2048063,0.5888093,0.4772507,0.2053110,0.5778317,0.6733889,0.1789512,0.6129521,0.7966848,0.1699403,0.6451040,0.8225476,0.3024488,0.6734000,0.8301000,0.4492000,0.6779000,0.6692000,0.3536000,0.7184000,0.6063000,0.2762000,0.7236000,0.5732000,0.3919000,0.7623000,0.4652000,0.5227000,0.3182823,0.0000000,0.0000000},
{0.6103061,0.5382004,0.2030998,0.5883272,0.4846792,0.2030716,0.5794163,0.6796891,0.1776581,0.6158521,0.8020426,0.1705890,0.6466975,0.8252939,0.3023875,0.6740000,0.8306000,0.4493000,0.6780000,0.6693000,0.3534000,0.7185000,0.6065000,0.2762000,0.7235000,0.5731000,0.3918000,0.7622000,0.4652000,0.5227000,0.3182823,0.0000000,0.0000000},
{0.6098587,0.5449771,0.2013887,0.5877798,0.4919235,0.2009200,0.5810276,0.6861667,0.1764003,0.6187579,0.8074027,0.1713173,0.6483907,0.8281942,0.3023587,0.6745000,0.8311000,0.4493000,0.6782000,0.6695000,0.3531000,0.7186000,0.6068000,0.2762000,0.7232000,0.5728000,0.3918000,0.7621000,0.4652000,0.5228000,0.3182823,0.0000000,0.0000000},
{0.6093421,0.5520084,0.1996372,0.5871482,0.4992574,0.1987741,0.5826873,0.6929161,0.1751665,0.6217129,0.8128450,0.1721386,0.6501038,0.8311103,0.3023675,0.6751000,0.8316000,0.4494000,0.6783000,0.6699000,0.3528000,0.7187000,0.6071000,0.2762000,0.7230000,0.5726000,0.3917000,0.7621000,0.4652000,0.5228000,0.3182823,0.0000000,0.0000000},
{0.6087623,0.5591437,0.1978848,0.5863949,0.5070194,0.1965385,0.5843616,0.6998069,0.1739872,0.6247490,0.8184274,0.1730674,0.6519147,0.8341731,0.3024177,0.6756000,0.8322000,0.4495000,0.6784000,0.6701000,0.3527000,0.7187000,0.6073000,0.2762000,0.7228000,0.5725000,0.3916000,0.7620000,0.4652000,0.5228000,0.3182823,0.0000000,0.0000000},
{0.6080930,0.5666294,0.1960741,0.5855301,0.5149918,0.1942804,0.5860817,0.7069750,0.1728466,0.6278955,0.8242030,0.1741214,0.6538022,0.8373435,0.3025146,0.6761000,0.8327000,0.4496000,0.6784000,0.6704000,0.3525000,0.7188000,0.6075000,0.2762000,0.7226000,0.5723000,0.3915000,0.7619000,0.4652000,0.5228000,0.3182823,0.0000000,0.0000000},
{0.6073496,0.5742130,0.1942693,0.5845466,0.5231667,0.1920054,0.5878313,0.7143614,0.1717629,0.6311345,0.8301378,0.1753041,0.6556990,0.8405076,0.3026576,0.6766000,0.8333000,0.4497000,0.6783000,0.6705000,0.3524000,0.7188000,0.6077000,0.2762000,0.7224000,0.5721000,0.3914000,0.7618000,0.4652000,0.5228000,0.3182823,0.0000000,0.0000000},
{0.6065217,0.5819478,0.1924601,0.5834675,0.5313168,0.1897785,0.5895738,0.7218179,0.1707632,0.6344195,0.8361460,0.1766058,0.6576710,0.8437736,0.3028543,0.6771000,0.8338000,0.4498000,0.6782000,0.6706000,0.3523000,0.7189000,0.6079000,0.2762000,0.7222000,0.5719000,0.3913000,0.7618000,0.4652000,0.5228000,0.3182823,0.0000000,0.0000000},
{0.6056180,0.5897077,0.1906781,0.5822143,0.5399565,0.1874635,0.5913009,0.7293105,0.1698543,0.6376983,0.8421318,0.1780084,0.6597389,0.8471731,0.3031131,0.6777000,0.8345000,0.4499000,0.6779000,0.6707000,0.3523000,0.7190000,0.6081000,0.2762000,0.7219000,0.5716000,0.3912000,0.7617000,0.4652000,0.5228000,0.3182823,0.0000000,0.0000000},
{0.6046445,0.5974183,0.1889416,0.5809064,0.5482315,0.1852913,0.5929904,0.7367436,0.1690477,0.6410121,0.8481701,0.1795319,0.6618061,0.8505453,0.3034252,0.6782000,0.8351000,0.4501000,0.6777000,0.6707000,0.3523000,0.7190000,0.6083000,0.2762000,0.7217000,0.5714000,0.3910000,0.7616000,0.4652000,0.5228000,0.3182823,0.0000000,0.0000000},
{0.6036145,0.6049708,0.1872754,0.5794409,0.5567836,0.1830939,0.5946362,0.7440871,0.1683442,0.6442339,0.8540296,0.1811165,0.6639915,0.8540823,0.3038133,0.6788000,0.8357000,0.4505000,0.6773000,0.6708000,0.3524000,0.7190000,0.6085000,0.2763000,0.7214000,0.5711000,0.3909000,0.7616000,0.4653000,0.5229000,0.3182823,0.0000000,0.0000000},
{0.6025135,0.6124662,0.1856575,0.5778927,0.5651463,0.1809934,0.5962456,0.7513718,0.1677389,0.6474625,0.8598903,0.1828079,0.6661078,0.8574798,0.3042459,0.6794000,0.8364000,0.4509000,0.6768000,0.6710000,0.3525000,0.7189000,0.6087000,0.2763000,0.7211000,0.5709000,0.3907000,0.7615000,0.4653000,0.5229000,0.3182823,0.0000000,0.0000000},
{0.6013408,0.6198906,0.1840922,0.5762290,0.5734958,0.1789456,0.5978143,0.7585754,0.1672316,0.6506447,0.8656557,0.1845776,0.6683191,0.8610007,0.3047576,0.6800000,0.8370000,0.4515000,0.6762000,0.6711000,0.3527000,0.7187000,0.6089000,0.2763000,0.7208000,0.5708000,0.3906000,0.7614000,0.4653000,0.5229000,0.3182823,0.0000000,0.0000000},
{0.6000774,0.6273344,0.1825624,0.5744671,0.5817331,0.1769756,0.5993458,0.7657123,0.1668195,0.6538174,0.8713929,0.1864450,0.6703173,0.8641568,0.3052725,0.6806000,0.8375000,0.4520000,0.6755000,0.6712000,0.3529000,0.7185000,0.6092000,0.2764000,0.7205000,0.5707000,0.3906000,0.7613000,0.4653000,0.5229000,0.3182823,0.0000000,0.0000000},
{0.5987476,0.6346287,0.1811049,0.5725459,0.5901134,0.1750253,0.6008386,0.7727737,0.1665015,0.6569299,0.8770102,0.1883784,0.6723638,0.8673640,0.3058518,0.6812000,0.8381000,0.4525000,0.6748000,0.6713000,0.3532000,0.7183000,0.6095000,0.2765000,0.7200000,0.5706000,0.3906000,0.7613000,0.4653000,0.5229000,0.3182823,0.0000000,0.0000000},
{0.5973027,0.6420041,0.1796766,0.5705339,0.5983104,0.1731732,0.6023150,0.7798654,0.1662732,0.6600010,0.8825422,0.1903862,0.6743906,0.8705150,0.3064774,0.6817000,0.8386000,0.4531000,0.6728000,0.6711000,0.3532000,0.7180000,0.6099000,0.2766000,0.7197000,0.5706000,0.3906000,0.7612000,0.4653000,0.5229000,0.3182823,0.0000000,0.0000000},
{0.5957577,0.6493297,0.1783078,0.5683800,0.6065160,0.1713776,0.6037756,0.7869935,0.1661370,0.6630794,0.8880764,0.1925003,0.6764151,0.8736373,0.3071543,0.6822000,0.8391000,0.4536000,0.6722000,0.6711000,0.3534000,0.7178000,0.6102000,0.2768000,0.7194000,0.5705000,0.3906000,0.7611000,0.4653000,0.5229000,0.3182823,0.0000000,0.0000000},
{0.5941335,0.6564737,0.1770261,0.5661286,0.6145404,0.1696824,0.6051768,0.7939435,0.1660960,0.6660807,0.8934612,0.1946612,0.6784641,0.8767716,0.3078924,0.6827000,0.8396000,0.4543000,0.6715000,0.6710000,0.3537000,0.7175000,0.6106000,0.2769000,0.7191000,0.5703000,0.3906000,0.7611000,0.4653000,0.5229000,0.3182823,0.0000000,0.0000000},
{0.5924505,0.6633359,0.1758506,0.5637760,0.6223917,0.1680863,0.6065238,0.8007357,0.1661451,0.6690232,0.8987301,0.1968772,0.6804212,0.8797408,0.3086477,0.6830000,0.8401000,0.4549000,0.6707000,0.6710000,0.3539000,0.7173000,0.6109000,0.2771000,0.7188000,0.5701000,0.3906000,0.7610000,0.4653000,0.5230000,0.3182823,0.0000000,0.0000000},
{0.5906695,0.6700539,0.1747603,0.5613415,0.6300027,0.1666035,0.6078337,0.8074521,0.1662820,0.6719327,0.9039295,0.1991652,0.6824513,0.8827953,0.3094836,0.6834000,0.8406000,0.4555000,0.6700000,0.6710000,0.3541000,0.7170000,0.6110000,0.2773000,0.7185000,0.5700000,0.3905000,0.7609000,0.4653000,0.5230000,0.3182823,0.0000000,0.0000000},
{0.5887986,0.6765607,0.1737703,0.5588089,0.6374207,0.1652252,0.6091100,0.8141105,0.1665065,0.6748065,0.9090545,0.2015216,0.6843801,0.8856731,0.3103276,0.6837000,0.8410000,0.4561000,0.6693000,0.6711000,0.3543000,0.7168000,0.6111000,0.2774000,0.7182000,0.5698000,0.3905000,0.7608000,0.4653000,0.5230000,0.3182823,0.0000000,0.0000000},
{0.5868221,0.6828706,0.1728837,0.5562308,0.6444952,0.1639787,0.6102979,0.8204164,0.1668025,0.6775857,0.9140010,0.2038938,0.6863645,0.8886090,0.3112473,0.6841000,0.8415000,0.4567000,0.6688000,0.6714000,0.3545000,0.7164000,0.6112000,0.2775000,0.7179000,0.5696000,0.3905000,0.7608000,0.4653000,0.5230000,0.3182823,0.0000000,0.0000000},
{0.5848243,0.6887011,0.1721422,0.5535443,0.6513981,0.1628340,0.6114698,0.8267488,0.1671834,0.6802803,0.9187873,0.2062836,0.6883481,0.8915181,0.3122193,0.6845000,0.8419000,0.4573000,0.6683000,0.6717000,0.3547000,0.7161000,0.6114000,0.2776000,0.7177000,0.5694000,0.3904000,0.7607000,0.4653000,0.5230000,0.3182823,0.0000000,0.0000000},
{0.5827966,0.6940918,0.1715384,0.5508479,0.6578812,0.1618313,0.6125910,0.8329191,0.1676373,0.6829162,0.9234598,0.2087086,0.6902901,0.8943410,0.3132226,0.6850000,0.8424000,0.4579000,0.6680000,0.6720000,0.3551000,0.7156000,0.6115000,0.2777000,0.7173000,0.5693000,0.3904000,0.7606000,0.4653000,0.5230000,0.3182823,0.0000000,0.0000000},
{0.5805995,0.6993664,0.1710441,0.5480817,0.6641006,0.1609445,0.6136571,0.8388963,0.1681571,0.6854505,0.9279432,0.2111238,0.6921305,0.8969930,0.3142213,0.6854000,0.8429000,0.4586000,0.6676000,0.6725000,0.3554000,0.7150000,0.6116000,0.2777000,0.7170000,0.5692000,0.3904000,0.7606000,0.4653000,0.5230000,0.3182823,0.0000000,0.0000000},
{0.5782430,0.7044008,0.1706899,0.5452105,0.6701225,0.1601666,0.6146732,0.8447021,0.1687395,0.6879141,0.9322930,0.2135520,0.6939848,0.8996419,0.3152754,0.6858000,0.8433000,0.4592000,0.6673000,0.6729000,0.3557000,0.7145000,0.6117000,0.2778000,0.7167000,0.5691000,0.3904000,0.7605000,0.4653000,0.5230000,0.3182823,0.0000000,0.0000000},
{0.5758458,0.7088880,0.1705087,0.5423862,0.6756390,0.1595351,0.6156188,0.8502093,0.1693648,0.6902774,0.9364574,0.2159577,0.6957851,0.9021907,0.3163455,0.6862000,0.8438000,0.4599000,0.6671000,0.6734000,0.3561000,0.7139000,0.6119000,0.2779000,0.7164000,0.5690000,0.3904000,0.7604000,0.4653000,0.5231000,0.3182823,0.0000000,0.0000000},
{0.5735547,0.7125982,0.1704988,0.5394997,0.6808809,0.1590199,0.6165160,0.8555357,0.1700389,0.6925431,0.9404421,0.2183362,0.6975582,0.9046789,0.3174452,0.6866000,0.8442000,0.4606000,0.6668000,0.6738000,0.3564000,0.7135000,0.6120000,0.2780000,0.7161000,0.5690000,0.3904000,0.7604000,0.4653000,0.5231000,0.3182823,0.0000000,0.0000000},
{0.5713171,0.7156886,0.1706396,0.5366388,0.6856979,0.1586335,0.6173678,0.8606927,0.1707587,0.6946862,0.9442040,0.2206525,0.6992526,0.9070356,0.3185394,0.6870000,0.8447000,0.4613000,0.6665000,0.6743000,0.3568000,0.7130000,0.6123000,0.2781000,0.7158000,0.5690000,0.3905000,0.7603000,0.4653000,0.5231000,0.3182823,0.0000000,0.0000000},
{0.5694142,0.7179078,0.1708750,0.5339422,0.6899064,0.1583784,0.6181553,0.8655547,0.1714997,0.6967382,0.9477994,0.2229325,0.7008952,0.9093003,0.3196412,0.6875000,0.8451000,0.4620000,0.6662000,0.6749000,0.3571000,0.7128000,0.6125000,0.2783000,0.7154000,0.5691000,0.3906000,0.7602000,0.4653000,0.5231000,0.3182823,0.0000000,0.0000000},
{0.5679045,0.7194025,0.1711367,0.5312964,0.6937321,0.1582279,0.6188963,0.8702197,0.1722693,0.6987128,0.9512528,0.2251853,0.7024641,0.9114447,0.3207320,0.6879000,0.8455000,0.4626000,0.6659000,0.6753000,0.3574000,0.7125000,0.6127000,0.2785000,0.7150000,0.5692000,0.3906000,0.7601000,0.4653000,0.5231000,0.3182823,0.0000000,0.0000000},
{0.5668239,0.7203281,0.1713648,0.5288915,0.6969551,0.1581746,0.6195620,0.8744935,0.1730264,0.7005065,0.9543843,0.2272830,0.7040157,0.9135471,0.3218485,0.6882000,0.8459000,0.4633000,0.6656000,0.6757000,0.3578000,0.7122000,0.6131000,0.2786000,0.7148000,0.5693000,0.3907000,0.7601000,0.4653000,0.5231000,0.3182823,0.0000000,0.0000000},
{0.5660119,0.7209441,0.1715587,0.5267102,0.6996731,0.1581938,0.6201647,0.8784357,0.1737703,0.7022001,0.9573360,0.2293094,0.7054223,0.9154371,0.3228938,0.6887000,0.8463000,0.4639000,0.6654000,0.6763000,0.3580000,0.7120000,0.6134000,0.2788000,0.7145000,0.5694000,0.3907000,0.7600000,0.4653000,0.5231000,0.3182823,0.0000000,0.0000000},
{0.5654324,0.7213420,0.1717088,0.5246955,0.7020124,0.1582677,0.6207351,0.8822358,0.1745298,0.7037626,0.9600550,0.2312194,0.7067952,0.9172667,0.3239449,0.6891000,0.8468000,0.4645000,0.6652000,0.6768000,0.3583000,0.7117000,0.6137000,0.2789000,0.7141000,0.5695000,0.3908000,0.7599000,0.4653000,0.5231000,0.3182823,0.0000000,0.0000000},
{0.5649578,0.7216419,0.1718391,0.5229006,0.7039598,0.1583786,0.6212499,0.8857295,0.1752661,0.7051723,0.9625044,0.2329766,0.7081019,0.9189939,0.3249742,0.6895000,0.8472000,0.4651000,0.6650000,0.6773000,0.3586000,0.7114000,0.6140000,0.2790000,0.7138000,0.5696000,0.3908000,0.7599000,0.4653000,0.5232000,0.3182823,0.0000000,0.0000000},
{0.5646125,0.7218454,0.1719381,0.5214178,0.7054719,0.1585018,0.6216892,0.8887621,0.1759354,0.7064480,0.9647179,0.2345951,0.7092546,0.9205061,0.3259062,0.6900000,0.8476000,0.4656000,0.6648000,0.6779000,0.3589000,0.7111000,0.6144000,0.2791000,0.7135000,0.5698000,0.3908000,0.7598000,0.4653000,0.5232000,0.3182823,0.0000000,0.0000000},
{0.5643372,0.7219987,0.1720195,0.5199822,0.7068533,0.1586483,0.6220894,0.8915690,0.1765807,0.7076074,0.9667271,0.2360899,0.7103109,0.9218819,0.3267801,0.6904000,0.8481000,0.4661000,0.6647000,0.6785000,0.3591000,0.7108000,0.6148000,0.2792000,0.7131000,0.5700000,0.3909000,0.7597000,0.4653000,0.5232000,0.3182823,0.0000000,0.0000000},
{0.5641542,0.7220962,0.1720749,0.5188046,0.7079259,0.1587884,0.6224457,0.8941065,0.1771859,0.7085930,0.9684332,0.2373788,0.7112790,0.9231348,0.3275982,0.6909000,0.8485000,0.4665000,0.6645000,0.6791000,0.3594000,0.7106000,0.6152000,0.2794000,0.7129000,0.5702000,0.3909000,0.7596000,0.4654000,0.5232000,0.3182823,0.0000000,0.0000000},
{0.5639763,0.7221876,0.1721296,0.5177057,0.7088776,0.1589353,0.6227351,0.8961954,0.1776999,0.7094688,0.9699476,0.2385383,0.7121112,0.9242051,0.3283147,0.6913000,0.8490000,0.4669000,0.6644000,0.6796000,0.3596000,0.7103000,0.6156000,0.2795000,0.7126000,0.5705000,0.3909000,0.7596000,0.4654000,0.5232000,0.3182823,0.0000000,0.0000000},
{0.5638809,0.7222353,0.1721594,0.5169174,0.7095312,0.1590502,0.6230015,0.8981427,0.1781923,0.7102303,0.9712633,0.2395575,0.7127848,0.9250672,0.3289039,0.6918000,0.8494000,0.4672000,0.6643000,0.6803000,0.3598000,0.7101000,0.6160000,0.2795000,0.7124000,0.5708000,0.3909000,0.7595000,0.4654000,0.5232000,0.3182823,0.0000000,0.0000000},
{0.5637851,0.7222821,0.1721895,0.5162394,0.7100739,0.1591554,0.6232051,0.8996471,0.1785816,0.7108602,0.9723506,0.2404083,0.7133962,0.9258461,0.3294457,0.6922000,0.8498000,0.4674000,0.6643000,0.6807000,0.3600000,0.7099000,0.6163000,0.2795000,0.7122000,0.5711000,0.3908000,0.7594000,0.4654000,0.5232000,0.3182823,0.0000000,0.0000000},
{0.5637589,0.7222948,0.1721978,0.5156605,0.7105230,0.1592500,0.6234009,0.9011074,0.1789669,0.7113798,0.9732471,0.2411156,0.7138546,0.9264278,0.3298564,0.6925000,0.8502000,0.4676000,0.6642000,0.6812000,0.3601000,0.7097000,0.6167000,0.2795000,0.7120000,0.5713000,0.3908000,0.7594000,0.4654000,0.5232000,0.3182823,0.0000000,0.0000000},
{0.5637234,0.7223118,0.1722091,0.5153059,0.7107917,0.1593100,0.6235565,0.9022779,0.1792812,0.7118256,0.9740158,0.2417264,0.7143112,0.9270056,0.3302695,0.6927000,0.8505000,0.4676000,0.6642000,0.6817000,0.3601000,0.7095000,0.6170000,0.2795000,0.7117000,0.5715000,0.3908000,0.7593000,0.4654000,0.5233000,0.3182823,0.0000000,0.0000000},
{0.5637239,0.7223116,0.1722089,0.5150126,0.7110102,0.1593609,0.6236757,0.9031814,0.1795271,0.7121712,0.9746114,0.2422023,0.7146407,0.9274212,0.3305699,0.6929000,0.8508000,0.4676000,0.6641000,0.6821000,0.3601000,0.7094000,0.6173000,0.2795000,0.7116000,0.5717000,0.3907000,0.7592000,0.4654000,0.5233000,0.3182823,0.0000000,0.0000000},
{0.5637571,0.7222957,0.1721984,0.5148160,0.7111547,0.1593956,0.6237638,0.9038523,0.1797116,0.7124381,0.9750712,0.2425714,0.7149113,0.9277619,0.3308183,0.6930000,0.8511000,0.4675000,0.6642000,0.6824000,0.3600000,0.7092000,0.6176000,0.2794000,0.7114000,0.5719000,0.3906000,0.7591000,0.4654000,0.5233000,0.3182823,0.0000000,0.0000000},
{0.5638110,0.7222696,0.1721813,0.5147354,0.7112135,0.1594100,0.6238329,0.9043809,0.1798582,0.7126221,0.9753881,0.2428266,0.7150807,0.9279748,0.3309744,0.6931000,0.8514000,0.4674000,0.6642000,0.6826000,0.3598000,0.7091000,0.6178000,0.2794000,0.7112000,0.5722000,0.3905000,0.7591000,0.4654000,0.5233000,0.3182823,0.0000000,0.0000000},
{0.5638346,0.7222580,0.1721739,0.5144625,0.7114108,0.1594593,0.6238722,0.9046828,0.1799423,0.7126959,0.9755154,0.2429293,0.7151813,0.9281010,0.3310674,0.6932000,0.8517000,0.4673000,0.6641000,0.6829000,0.3597000,0.7091000,0.6180000,0.2793000,0.7111000,0.5724000,0.3905000,0.7590000,0.4654000,0.5233000,0.3182823,0.0000000,0.0000000},
{0.5639262,0.7222128,0.1721452,0.5146604,0.7112681,0.1594235,0.6238862,0.9047899,0.1799722,0.7127169,0.9755515,0.2429585,0.7151987,0.9281229,0.3310835,0.6932000,0.8519000,0.4670000,0.6641000,0.6832000,0.3596000,0.7090000,0.6182000,0.2792000,0.7109000,0.5725000,0.3904000,0.7589000,0.4654000,0.5233000,0.3182823,0.0000000,0.0000000},
{0.5640253,0.7221628,0.1721145,0.5147032,0.7112369,0.1594158,0.6238748,0.9047024,0.1799478,0.7126182,0.9753814,0.2428212,0.7151851,0.9281057,0.3310709,0.6932000,0.8522000,0.4668000,0.6640000,0.6835000,0.3595000,0.7090000,0.6183000,0.2791000,0.7108000,0.5726000,0.3902000,0.7589000,0.4654000,0.5233000,0.3182823,0.0000000,0.0000000},
{0.5641292,0.7221092,0.1720825,0.5148273,0.7111465,0.1593936,0.6238468,0.9044873,0.1798878,0.7124763,0.9751371,0.2426244,0.7150652,0.9279553,0.3309601,0.6932000,0.8524000,0.4665000,0.6640000,0.6837000,0.3593000,0.7088000,0.6185000,0.2790000,0.7107000,0.5727000,0.3901000,0.7588000,0.4654000,0.5233000,0.3182823,0.0000000,0.0000000},
{0.5642392,0.7220513,0.1720490,0.5149746,0.7110383,0.1593676,0.6237989,0.9041207,0.1797859,0.7122461,0.9747404,0.2423057,0.7148944,0.9277406,0.3308027,0.6932000,0.8527000,0.4662000,0.6638000,0.6839000,0.3591000,0.7087000,0.6186000,0.2788000,0.7105000,0.5729000,0.3900000,0.7587000,0.4654000,0.5234000,0.3182823,0.0000000,0.0000000},
{0.5643841,0.7219731,0.1720055,0.5152344,0.7108453,0.1593223,0.6237280,0.9035792,0.1796363,0.7120016,0.9743192,0.2419685,0.7146482,0.9274307,0.3305768,0.6930000,0.8529000,0.4658000,0.6637000,0.6840000,0.3590000,0.7086000,0.6187000,0.2787000,0.7103000,0.5730000,0.3899000,0.7586000,0.4654000,0.5234000,0.3182823,0.0000000,0.0000000},
{0.5645476,0.7218822,0.1719571,0.5155505,0.7106070,0.1592684,0.6236511,0.9029947,0.1794761,0.7117131,0.9738219,0.2415719,0.7143144,0.9270096,0.3302724,0.6928000,0.8530000,0.4654000,0.6635000,0.6841000,0.3588000,0.7085000,0.6188000,0.2786000,0.7102000,0.5731000,0.3898000,0.7586000,0.4654000,0.5234000,0.3182823,0.0000000,0.0000000},
{0.5647338,0.7217753,0.1719029,0.5159145,0.7103276,0.1592080,0.6235608,0.9023105,0.1792900,0.7114141,0.9733063,0.2411625,0.7139428,0.9265397,0.3299359,0.6924000,0.8531000,0.4650000,0.6633000,0.6841000,0.3586000,0.7083000,0.6188000,0.2785000,0.7101000,0.5732000,0.3897000,0.7585000,0.4654000,0.5234000,0.3182823,0.0000000,0.0000000},
{0.5649293,0.7216592,0.1718471,0.5161034,0.7101807,0.1591773,0.6234654,0.9015919,0.1790964,0.7110731,0.9727180,0.2406975,0.7135117,0.9259929,0.3295488,0.6919000,0.8532000,0.4646000,0.6631000,0.6841000,0.3584000,0.7081000,0.6188000,0.2784000,0.7099000,0.5732000,0.3896000,0.7584000,0.4654000,0.5234000,0.3182823,0.0000000,0.0000000},
{0.5650561,0.7215818,0.1718116,0.5161034,0.7101807,0.1591773,0.6233862,0.9009971,0.1789376,0.7108091,0.9722625,0.2403391,0.7130809,0.9254448,0.3291654,0.6912000,0.8532000,0.4642000,0.6630000,0.6841000,0.3580000,0.7079000,0.6188000,0.2784000,0.7097000,0.5733000,0.3895000,0.7584000,0.4654000,0.5234000,0.3182823,0.0000000,0.0000000},
{0.5651531,0.7215214,0.1717847,0.5162239,0.7100862,0.1591579,0.6233145,0.9004611,0.1787954,0.7105709,0.9718513,0.2400166,0.7126600,0.9249078,0.3287941,0.6905000,0.8531000,0.4639000,0.6627000,0.6840000,0.3577000,0.7077000,0.6188000,0.2782000,0.7095000,0.5733000,0.3894000,0.7583000,0.4654000,0.5234000,0.3182823,0.0000000,0.0000000},
{0.5653374,0.7214039,0.1717344,0.5163967,0.7099496,0.1591305,0.6232587,0.9000451,0.1786859,0.7103480,0.9714666,0.2397159,0.7122951,0.9244408,0.3284747,0.6897000,0.8530000,0.4635000,0.6625000,0.6839000,0.3575000,0.7076000,0.6187000,0.2781000,0.7093000,0.5733000,0.3893000,0.7582000,0.4654000,0.5234000,0.3182823,0.0000000,0.0000000},
{0.5656655,0.7211862,0.1716473,0.5166541,0.7097441,0.1590904,0.6232162,0.8997290,0.1786030,0.7101688,0.9711570,0.2394747,0.7119701,0.9240241,0.3281924,0.6889000,0.8529000,0.4631000,0.6621000,0.6838000,0.3572000,0.7073000,0.6186000,0.2780000,0.7090000,0.5732000,0.3892000,0.7582000,0.4654000,0.5235000,0.3182823,0.0000000,0.0000000},
{0.5657669,0.7211166,0.1716209,0.5169546,0.7095010,0.1590446,0.6231685,0.8993757,0.1785108,0.7100436,0.9709408,0.2393066,0.7117143,0.9236953,0.3279714,0.6882000,0.8530000,0.4627000,0.6617000,0.6837000,0.3570000,0.7072000,0.6186000,0.2778000,0.7088000,0.5732000,0.3891000,0.7581000,0.4654000,0.5235000,0.3182823,0.0000000,0.0000000}
};
