fitErrPi Mean = 0.0306184
fitErrTh Mean = 0.0120312
fitErrWr Mean = 0.0269917
fitErrLA Mean = 0.0541665
fitErrEl Mean = 0.0480038
fitErrUA Mean = 0.0853453
efPts = {
{0.7257983,0.6478034,-0.1636006,0.6222394,0.6833753,-0.0831976,0.5693716,0.5413322,0.3286027,0.9791696,0.6626945,0.3282161,0.6560489,0.8211510,0.2862640,0.7072000,0.7160000,0.4962000,0.7210000,0.6329000,0.3860000,0.7884000,0.5933000,0.3722000,0.8226000,0.5365000,0.3978000,0.9188000,0.4961000,0.4675000,0.7131916,0.6498862,-0.2815223},
{0.6221899,0.3491519,0.3075246,0.6211234,0.2903301,0.2657611,0.5692562,0.5408655,0.3287390,0.5612992,0.6631390,0.2661512,0.6570941,0.8218674,0.2870705,0.7094000,0.7165000,0.4969000,0.7223000,0.6339000,0.3863000,0.7897000,0.5937000,0.3726000,0.8240000,0.5369000,0.3980000,0.9206000,0.4964000,0.4674000,0.5655474,0.3051720,0.2759809},
{0.6222934,0.3488625,0.3074135,0.6211692,0.2902602,0.2656859,0.5690960,0.5402145,0.3289283,0.5615707,0.6636125,0.2660615,0.6582386,0.8226548,0.2879494,0.7116000,0.7170000,0.4977000,0.7235000,0.6349000,0.3866000,0.7911000,0.5941000,0.3730000,0.8254000,0.5372000,0.3984000,0.9222000,0.4967000,0.4672000,0.5656523,0.3048931,0.2758840},
{0.6223938,0.3485824,0.3073057,0.6211904,0.2902280,0.2656512,0.5689508,0.5396213,0.3291002,0.5617461,0.6639177,0.2660037,0.6592545,0.8233561,0.2887258,0.7137000,0.7177000,0.4985000,0.7248000,0.6360000,0.3870000,0.7924000,0.5945000,0.3734000,0.8266000,0.5375000,0.3987000,0.9238000,0.4969000,0.4670000,0.5657176,0.3047195,0.2758236},
{0.6224303,0.3484805,0.3072664,0.6211745,0.2902522,0.2656773,0.5688157,0.5390669,0.3292601,0.5619205,0.6642206,0.2659465,0.6603636,0.8241243,0.2895696,0.7159000,0.7183000,0.4992000,0.7261000,0.6370000,0.3873000,0.7937000,0.5951000,0.3738000,0.8278000,0.5379000,0.3989000,0.9253000,0.4972000,0.4669000,0.5657556,0.3046187,0.2757885},
{0.6224041,0.3485538,0.3072947,0.6210274,0.2904769,0.2659188,0.5687207,0.5386749,0.3293728,0.5620272,0.6644056,0.2659115,0.6614857,0.8249042,0.2904191,0.7179000,0.7189000,0.4999000,0.7273000,0.6380000,0.3876000,0.7949000,0.5955000,0.3742000,0.8291000,0.5383000,0.3992000,0.9267000,0.4976000,0.4668000,0.5658038,0.3044908,0.2757438},
{0.6222846,0.3488873,0.3074231,0.6207203,0.2909471,0.2664219,0.5686203,0.5382596,0.3294919,0.5621580,0.6646321,0.2658688,0.6624912,0.8256053,0.2911769,0.7199000,0.7196000,0.5005000,0.7286000,0.6390000,0.3879000,0.7960000,0.5960000,0.3745000,0.8302000,0.5389000,0.3995000,0.9280000,0.4979000,0.4667000,0.5657406,0.3046585,0.2758024},
{0.6220940,0.3494202,0.3076271,0.6203505,0.2915156,0.2670260,0.5685827,0.5381036,0.3295365,0.5623911,0.6650349,0.2657928,0.6634854,0.8263007,0.2919229,0.7218000,0.7203000,0.5011000,0.7298000,0.6401000,0.3883000,0.7973000,0.5966000,0.3748000,0.8313000,0.5393000,0.3998000,0.9293000,0.4982000,0.4666000,0.5655843,0.3050739,0.2759468},
{0.6218650,0.3500628,0.3078712,0.6198993,0.2922126,0.2677601,0.5686075,0.5382065,0.3295071,0.5627317,0.6656216,0.2656823,0.6644907,0.8270059,0.2926741,0.7237000,0.7210000,0.5017000,0.7311000,0.6411000,0.3886000,0.7983000,0.5972000,0.3751000,0.8323000,0.5398000,0.4001000,0.9305000,0.4985000,0.4665000,0.5653505,0.3056967,0.2761622},
{0.6215173,0.3510420,0.3082393,0.6192955,0.2931509,0.2687374,0.5686734,0.5384798,0.3294288,0.5632373,0.6664884,0.2655193,0.6654691,0.8276943,0.2934021,0.7255000,0.7217000,0.5021000,0.7323000,0.6421000,0.3889000,0.7994000,0.5976000,0.3756000,0.8333000,0.5403000,0.4004000,0.9317000,0.4987000,0.4664000,0.5650223,0.3065738,0.2764630},
{0.6210196,0.3524522,0.3087613,0.6185618,0.2942996,0.2699173,0.5688202,0.5390854,0.3292548,0.5638623,0.6675536,0.2653197,0.6665309,0.8284436,0.2941886,0.7274000,0.7225000,0.5027000,0.7336000,0.6431000,0.3892000,0.8005000,0.5981000,0.3758000,0.8344000,0.5408000,0.4006000,0.9328000,0.4990000,0.4664000,0.5645268,0.3079038,0.2769134},
{0.6203490,0.3543677,0.3094549,0.6175504,0.2958989,0.2715301,0.5690753,0.5401301,0.3289528,0.5646048,0.6688098,0.2650851,0.6674379,0.8290855,0.2948578,0.7291000,0.7233000,0.5030000,0.7348000,0.6442000,0.3896000,0.8016000,0.5988000,0.3761000,0.8354000,0.5414000,0.4008000,0.9339000,0.4993000,0.4663000,0.5638954,0.3096097,0.2774813},
{0.6194332,0.3570131,0.3103841,0.6162927,0.2979129,0.2735134,0.5694517,0.5416548,0.3285082,0.5654510,0.6702296,0.2648209,0.6683697,0.8297467,0.2955425,0.7308000,0.7241000,0.5034000,0.7361000,0.6452000,0.3899000,0.8027000,0.5995000,0.3764000,0.8363000,0.5418000,0.4012000,0.9350000,0.4996000,0.4662000,0.5630506,0.3119113,0.2782301},
{0.6183953,0.3600533,0.3114116,0.6147796,0.3003732,0.2758667,0.5699473,0.5436323,0.3279246,0.5665223,0.6720092,0.2644913,0.6693204,0.8304230,0.2962383,0.7323000,0.7249000,0.5036000,0.7374000,0.6462000,0.3902000,0.8036000,0.5999000,0.3767000,0.8373000,0.5424000,0.4014000,0.9361000,0.4999000,0.4662000,0.5620628,0.3146307,0.2790895},
{0.6171822,0.3636643,0.3125771,0.6129815,0.3033500,0.2786168,0.5705950,0.5461681,0.3271647,0.5678656,0.6742139,0.2640855,0.6702972,0.8311198,0.2969504,0.7338000,0.7259000,0.5038000,0.7386000,0.6473000,0.3905000,0.8045000,0.6005000,0.3769000,0.8382000,0.5430000,0.4016000,0.9371000,0.5002000,0.4661000,0.5608720,0.3179508,0.2801019},
{0.6158075,0.3678339,0.3138505,0.6109153,0.3068419,0.2817138,0.5713754,0.5491542,0.3262533,0.5694711,0.6768107,0.2636109,0.6712029,0.8317677,0.2976081,0.7353000,0.7269000,0.5039000,0.7399000,0.6483000,0.3909000,0.8055000,0.6011000,0.3772000,0.8391000,0.5435000,0.4018000,0.9381000,0.5005000,0.4660000,0.5595466,0.3217003,0.2811975},
{0.6142250,0.3727395,0.3152517,0.6086128,0.3108238,0.2850857,0.5722835,0.5525412,0.3251980,0.5713048,0.6797285,0.2630820,0.6723313,0.8325770,0.2984240,0.7368000,0.7280000,0.5040000,0.7411000,0.6493000,0.3912000,0.8064000,0.6017000,0.3774000,0.8399000,0.5439000,0.4020000,0.9390000,0.5007000,0.4659000,0.5580614,0.3259722,0.2823851},
{0.6125433,0.3780812,0.3166618,0.6061540,0.3151819,0.2885931,0.5733010,0.5562325,0.3240217,0.5734499,0.6830794,0.2624805,0.6733475,0.8333081,0.2991555,0.7381000,0.7292000,0.5042000,0.7424000,0.6503000,0.3915000,0.8071000,0.6022000,0.3776000,0.8408000,0.5444000,0.4021000,0.9399000,0.5009000,0.4658000,0.5564643,0.3306515,0.2836136},
{0.6108059,0.3837463,0.3180292,0.6035011,0.3200082,0.2922684,0.5744643,0.5603295,0.3226843,0.5757270,0.6865669,0.2618610,0.6744198,0.8340816,0.2999240,0.7397000,0.7305000,0.5041000,0.7436000,0.6514000,0.3918000,0.8080000,0.6029000,0.3777000,0.8415000,0.5449000,0.4021000,0.9406000,0.5011000,0.4656000,0.5547819,0.3356796,0.2848509},
{0.6089707,0.3898997,0.3193696,0.6007483,0.3251539,0.2959608,0.5757745,0.5648005,0.3211866,0.5782430,0.6903415,0.2611982,0.6755337,0.8348875,0.3007188,0.7413000,0.7318000,0.5041000,0.7449000,0.6524000,0.3922000,0.8086000,0.6036000,0.3778000,0.8422000,0.5454000,0.4021000,0.9412000,0.5013000,0.4654000,0.5529933,0.3411411,0.2861001},
{0.6071379,0.3962297,0.3205954,0.5978768,0.3306737,0.2996790,0.5771632,0.5693886,0.3196082,0.5807824,0.6940720,0.2605509,0.6768256,0.8358252,0.3016360,0.7429000,0.7333000,0.5042000,0.7461000,0.6534000,0.3925000,0.8093000,0.6042000,0.3780000,0.8427000,0.5458000,0.4020000,0.9417000,0.5014000,0.4652000,0.5511042,0.3470453,0.2873420},
{0.6052563,0.4029321,0.3217292,0.5948725,0.3366174,0.3034204,0.5787025,0.5743095,0.3178684,0.5834932,0.6979714,0.2598827,0.6780671,0.8367293,0.3025129,0.7445000,0.7348000,0.5044000,0.7474000,0.6544000,0.3928000,0.8099000,0.6049000,0.3781000,0.8432000,0.5464000,0.4019000,0.9421000,0.5015000,0.4649000,0.5491634,0.3532632,0.2885309},
{0.6033376,0.4099942,0.3227460,0.5917553,0.3429714,0.3071384,0.5803235,0.5793220,0.3160464,0.5863036,0.7019287,0.2592134,0.6793686,0.8376802,0.3034273,0.7462000,0.7363000,0.5044000,0.7487000,0.6555000,0.3931000,0.8105000,0.6059000,0.3781000,0.8436000,0.5471000,0.4018000,0.9424000,0.5016000,0.4647000,0.5470509,0.3602167,0.2897192},
{0.6014000,0.4173766,0.3236190,0.5885481,0.3497123,0.3107845,0.5821249,0.5847071,0.3140328,0.5892968,0.7060527,0.2585254,0.6807599,0.8387002,0.3043995,0.7478000,0.7379000,0.5043000,0.7499000,0.6565000,0.3935000,0.8108000,0.6065000,0.3782000,0.8440000,0.5477000,0.4016000,0.9425000,0.5017000,0.4644000,0.5449156,0.3674535,0.2908013},
{0.5994496,0.4250848,0.3243286,0.5852052,0.3569650,0.3143858,0.5840772,0.5903436,0.3118623,0.5923472,0.7101650,0.2578491,0.6822458,0.8397936,0.3054318,0.7494000,0.7395000,0.5044000,0.7512000,0.6575000,0.3938000,0.8114000,0.6076000,0.3781000,0.8443000,0.5484000,0.4014000,0.9426000,0.5017000,0.4641000,0.5426592,0.3753440,0.2918057},
{0.5974610,0.4332562,0.3248608,0.5817492,0.3647149,0.3178875,0.5861594,0.5961476,0.3095599,0.5955322,0.7143662,0.2571684,0.6837051,0.8408713,0.3064394,0.7511000,0.7410000,0.5044000,0.7524000,0.6585000,0.3941000,0.8118000,0.6083000,0.3781000,0.8446000,0.5490000,0.4012000,0.9427000,0.5017000,0.4637000,0.5403648,0.3836437,0.2926694},
{0.5954596,0.4418319,0.3251812,0.5781822,0.3729933,0.3212557,0.5885887,0.6026749,0.3068883,0.5988345,0.7186276,0.2564885,0.6852400,0.8420091,0.3074929,0.7527000,0.7426000,0.5044000,0.7537000,0.6596000,0.3944000,0.8122000,0.6093000,0.3780000,0.8448000,0.5496000,0.4010000,0.9427000,0.5017000,0.4634000,0.5379748,0.3926108,0.2933853},
{0.5934765,0.4507176,0.3252610,0.5745378,0.3817590,0.3244265,0.5911031,0.6091801,0.3041380,0.6023684,0.7230868,0.2557887,0.6867100,0.8431027,0.3084957,0.7543000,0.7441000,0.5044000,0.7549000,0.6606000,0.3948000,0.8126000,0.6100000,0.3779000,0.8451000,0.5502000,0.4007000,0.9427000,0.5016000,0.4629000,0.5355701,0.4019962,0.2938981},
{0.5915244,0.4598899,0.3250789,0.5708567,0.3909462,0.3273361,0.5937686,0.6158246,0.3012375,0.6061528,0.7277523,0.2550694,0.6885252,0.8444585,0.3097258,0.7559000,0.7458000,0.5042000,0.7562000,0.6616000,0.3951000,0.8129000,0.6110000,0.3777000,0.8453000,0.5508000,0.4004000,0.9426000,0.5015000,0.4624000,0.5332143,0.4115821,0.2941773},
{0.5896062,0.4693734,0.3246122,0.5671634,0.4005224,0.3299404,0.5966343,0.6227059,0.2981348,0.6103845,0.7328420,0.2543000,0.6902038,0.8457175,0.3108554,0.7574000,0.7474000,0.5041000,0.7575000,0.6626000,0.3954000,0.8134000,0.6121000,0.3773000,0.8455000,0.5513000,0.4001000,0.9426000,0.5014000,0.4620000,0.5308650,0.4215711,0.2942099},
{0.5877449,0.4790904,0.3238441,0.5634483,0.4105427,0.3322188,0.5996112,0.6295931,0.2949274,0.6144863,0.7376542,0.2535876,0.6920236,0.8470881,0.3120714,0.7590000,0.7489000,0.5039000,0.7575000,0.6626000,0.3954000,0.8136000,0.6124000,0.3777000,0.8455000,0.5519000,0.3994000,0.9425000,0.5013000,0.4614000,0.5285421,0.4319249,0.2939699},
{0.5859743,0.4888865,0.3227753,0.5597144,0.4210387,0.3341354,0.6027578,0.6366090,0.2915528,0.6189585,0.7427718,0.2528462,0.6938939,0.8485026,0.3133119,0.7604000,0.7506000,0.5036000,0.7581000,0.6643000,0.3953000,0.8139000,0.6133000,0.3775000,0.8458000,0.5526000,0.3989000,0.9423000,0.5011000,0.4609000,0.5262303,0.4427669,0.2934241},
{0.5842772,0.4988786,0.3213820,0.5560022,0.4319346,0.3356353,0.6060544,0.6436935,0.2880333,0.6237227,0.7480832,0.2520949,0.6959499,0.8500647,0.3146649,0.7614000,0.7526000,0.5036000,0.7588000,0.6652000,0.3948000,0.8140000,0.6139000,0.3775000,0.8457000,0.5529000,0.3988000,0.9420000,0.5010000,0.4604000,0.5239895,0.4538685,0.2925563},
{0.5827027,0.5087870,0.3196987,0.5523276,0.4432210,0.3366796,0.6094477,0.6507251,0.2844261,0.6288084,0.7536015,0.2513345,0.6980612,0.8516763,0.3160426,0.7628000,0.7544000,0.5034000,0.7595000,0.6646000,0.3949000,0.8141000,0.6148000,0.3774000,0.8456000,0.5534000,0.3985000,0.9417000,0.5008000,0.4599000,0.5218139,0.4653048,0.2913384},
{0.5812048,0.5189164,0.3176667,0.5487808,0.4546440,0.3372225,0.6129632,0.6577528,0.2807044,0.6341914,0.7592806,0.2505740,0.7002927,0.8533879,0.3174861,0.7645000,0.7564000,0.5030000,0.7602000,0.6674000,0.3944000,0.8141000,0.6155000,0.3773000,0.8454000,0.5539000,0.3980000,0.9412000,0.5006000,0.4594000,0.5197590,0.4768171,0.2897821},
{0.5798295,0.5289787,0.3153350,0.5452991,0.4664297,0.3372519,0.6165979,0.6647647,0.2768717,0.6398712,0.7651016,0.2498186,0.7026309,0.8551904,0.3189849,0.7661000,0.7583000,0.5027000,0.7604000,0.6690000,0.3942000,0.8140000,0.6163000,0.3772000,0.8453000,0.5546000,0.3976000,0.9407000,0.5005000,0.4589000,0.5178042,0.4885496,0.2878555},
{0.5785570,0.5391272,0.3126641,0.5419553,0.4783629,0.3367402,0.6203801,0.6718067,0.2728987,0.6457763,0.7709764,0.2490818,0.7049807,0.8570111,0.3204770,0.7677000,0.7604000,0.5022000,0.7608000,0.6708000,0.3939000,0.8141000,0.6172000,0.3771000,0.8450000,0.5552000,0.3973000,0.9401000,0.5003000,0.4585000,0.5159805,0.5003485,0.2855711},
{0.5774078,0.5492162,0.3096869,0.5387952,0.4902855,0.3356893,0.6242772,0.6788101,0.2688200,0.6519372,0.7769225,0.2483634,0.7074376,0.8589246,0.3220221,0.7692000,0.7624000,0.5018000,0.7616000,0.6740000,0.3930000,0.8140000,0.6181000,0.3770000,0.8447000,0.5559000,0.3969000,0.9394000,0.5002000,0.4581000,0.5142982,0.5121598,0.2829338},
{0.5763833,0.5592285,0.3064094,0.5357982,0.5022796,0.3340886,0.6281805,0.6855844,0.2647493,0.6583605,0.7829317,0.2476666,0.7099836,0.8609179,0.3236071,0.7707000,0.7645000,0.5014000,0.7620000,0.6761000,0.3925000,0.8139000,0.6191000,0.3769000,0.8442000,0.5563000,0.3966000,0.9385000,0.5000000,0.4578000,0.5127705,0.5238927,0.2799640},
{0.5755025,0.5689392,0.3029166,0.5329917,0.5142431,0.3319460,0.6321648,0.6922670,0.2606078,0.6649663,0.7889181,0.2470030,0.7126266,0.8629985,0.3252354,0.7723000,0.7666000,0.5010000,0.7624000,0.6783000,0.3922000,0.8137000,0.6201000,0.3769000,0.8438000,0.5571000,0.3962000,0.9375000,0.5000000,0.4575000,0.5113988,0.5355239,0.2766712},
{0.5747420,0.5785619,0.2991429,0.5303396,0.5263513,0.3292156,0.6361059,0.6986594,0.2565244,0.6717186,0.7948430,0.2463781,0.7153895,0.8651855,0.3269189,0.7739000,0.7687000,0.5008000,0.7628000,0.6805000,0.3919000,0.8133000,0.6209000,0.3770000,0.8431000,0.5579000,0.3959000,0.9364000,0.4999000,0.4574000,0.5101600,0.5472699,0.2729879},
{0.5741083,0.5879934,0.2951336,0.5278997,0.5383604,0.3259384,0.6400270,0.7048162,0.2524738,0.6785873,0.8006764,0.2457956,0.7183078,0.8675089,0.3286766,0.7756000,0.7711000,0.5001000,0.7632000,0.6831000,0.3915000,0.8124000,0.6214000,0.3770000,0.8425000,0.5586000,0.3957000,0.9353000,0.4998000,0.4572000,0.5090756,0.5589693,0.2689545},
{0.5735989,0.5972163,0.2909058,0.5256594,0.5503441,0.3220882,0.6440152,0.7108808,0.2483657,0.6855143,0.8063685,0.2452604,0.7212768,0.8698867,0.3304434,0.7773000,0.7729000,0.4999000,0.7632000,0.6841000,0.3914000,0.8120000,0.6226000,0.3770000,0.8418000,0.5595000,0.3955000,0.9340000,0.4998000,0.4570000,0.5081559,0.5705026,0.2646135},
{0.5731890,0.6068137,0.2861719,0.5236407,0.5621988,0.3176898,0.6480073,0.7167611,0.2442650,0.6924685,0.8118967,0.2447743,0.7240905,0.8721532,0.3320979,0.7788000,0.7746000,0.4995000,0.7641000,0.6872000,0.3906000,0.8119000,0.6239000,0.3770000,0.8411000,0.5603000,0.3954000,0.9327000,0.4997000,0.4570000,0.5073885,0.5820395,0.2598985},
{0.5729183,0.6159148,0.2813545,0.5218395,0.5739648,0.3127200,0.6520738,0.7225642,0.2400990,0.6995143,0.8173131,0.2443324,0.7269074,0.8744348,0.3337350,0.7803000,0.7761000,0.4991000,0.7645000,0.6897000,0.3904000,0.8120000,0.6252000,0.3771000,0.8404000,0.5613000,0.3952000,0.9315000,0.4997000,0.4569000,0.5067804,0.5935376,0.2548166},
{0.5727717,0.6246235,0.2764320,0.5202905,0.5854122,0.3072777,0.6560726,0.7280943,0.2360128,0.7065263,0.8225241,0.2439418,0.7295927,0.8766215,0.3352778,0.7809000,0.7786000,0.4993000,0.7653000,0.6927000,0.3897000,0.8120000,0.6264000,0.3770000,0.8397000,0.5620000,0.3951000,0.9303000,0.4998000,0.4569000,0.5063414,0.6048177,0.2494462},
{0.5727397,0.6330904,0.2713385,0.5189866,0.5965539,0.3013723,0.6599469,0.7332916,0.2320636,0.7135080,0.8275389,0.2436006,0.7323194,0.8788535,0.3368266,0.7819000,0.7805000,0.4989000,0.7655000,0.6943000,0.3896000,0.8120000,0.6277000,0.3770000,0.8389000,0.5629000,0.3949000,0.9290000,0.5000000,0.4569000,0.5060694,0.6158406,0.2438148},
{0.5728160,0.6411595,0.2661872,0.5179372,0.6072451,0.2951036,0.6636348,0.7380973,0.2283127,0.7203769,0.8323073,0.2433103,0.7349975,0.8810572,0.3383303,0.7828000,0.7824000,0.4985000,0.7656000,0.6960000,0.3891000,0.8117000,0.6289000,0.3769000,0.8380000,0.5636000,0.3949000,0.9277000,0.5002000,0.4569000,0.5059608,0.6264153,0.2380402},
{0.5729930,0.6489167,0.2609465,0.5171199,0.6176473,0.2883962,0.6672083,0.7426262,0.2246858,0.7267647,0.8365971,0.2430801,0.7377977,0.8833734,0.3398841,0.7838000,0.7843000,0.4982000,0.7658000,0.6971000,0.3887000,0.8113000,0.6301000,0.3770000,0.8372000,0.5646000,0.3948000,0.9263000,0.5004000,0.4570000,0.5060065,0.6368125,0.2319901},
{0.5732721,0.6565482,0.2554985,0.5165398,0.6276383,0.2813421,0.6706433,0.7468641,0.2212065,0.7328146,0.8405335,0.2428967,0.7406510,0.8857461,0.3414480,0.7849000,0.7862000,0.4979000,0.7662000,0.6991000,0.3884000,0.8109000,0.6313000,0.3770000,0.8362000,0.5653000,0.3948000,0.9249000,0.5006000,0.4571000,0.5062029,0.6468930,0.2257529},
{0.5736422,0.6638405,0.2500051,0.5161906,0.6371800,0.2739940,0.6738919,0.7507709,0.2179220,0.7384630,0.8440987,0.2427556,0.7434947,0.8881236,0.3429872,0.7860000,0.7881000,0.4977000,0.7671000,0.7019000,0.3879000,0.8104000,0.6325000,0.3771000,0.8355000,0.5663000,0.3947000,0.9234000,0.5009000,0.4572000,0.5065404,0.6565760,0.2193982},
{0.5741062,0.6709438,0.2443659,0.5160624,0.6463938,0.2662744,0.6771865,0.7546346,0.2145968,0.7437987,0.8473702,0.2426488,0.7461527,0.8903573,0.3444083,0.7870000,0.7898000,0.4974000,0.7675000,0.7040000,0.3876000,0.8100000,0.6337000,0.3772000,0.8345000,0.5672000,0.3947000,0.9220000,0.5011000,0.4573000,0.5070179,0.6660092,0.2128440},
{0.5746491,0.6777006,0.2387194,0.5161495,0.6550405,0.2584108,0.6804177,0.7583298,0.2113413,0.7488042,0.8503546,0.2425719,0.7485361,0.8923696,0.3456682,0.7878000,0.7914000,0.4971000,0.7671000,0.7049000,0.3875000,0.8097000,0.6350000,0.3772000,0.8336000,0.5683000,0.3946000,0.9205000,0.5014000,0.4574000,0.5076147,0.6749516,0.2062789},
{0.5752717,0.6842024,0.2330073,0.5164321,0.6630798,0.2504978,0.6835895,0.7618682,0.2081509,0.7535945,0.8531346,0.2425191,0.7507377,0.8942364,0.3468199,0.7884000,0.7930000,0.4966000,0.7673000,0.7066000,0.3871000,0.8093000,0.6361000,0.3773000,0.8328000,0.5692000,0.3946000,0.9191000,0.5017000,0.4576000,0.5083173,0.6834145,0.1997290},
{0.5759767,0.6905098,0.2271845,0.5168976,0.6706415,0.2424587,0.6867407,0.7652978,0.2049864,0.7582426,0.8557611,0.2424874,0.7527186,0.8959226,0.3478461,0.7889000,0.7944000,0.4960000,0.7673000,0.7081000,0.3867000,0.8090000,0.6372000,0.3772000,0.8319000,0.5702000,0.3946000,0.9178000,0.5021000,0.4577000,0.5091044,0.6913318,0.1932846},
{0.5767542,0.6965604,0.2213174,0.5175346,0.6777400,0.2343151,0.6897726,0.7685185,0.2019464,0.7627694,0.8582521,0.2424748,0.7545203,0.8974616,0.3487712,0.7891000,0.7956000,0.4953000,0.7672000,0.7097000,0.3862000,0.8086000,0.6384000,0.3770000,0.8311000,0.5711000,0.3946000,0.9164000,0.5026000,0.4579000,0.5099881,0.6989458,0.1867775},
{0.5775847,0.7022596,0.2155179,0.5183186,0.6842877,0.2262172,0.6927092,0.7715648,0.1990063,0.7671409,0.8605951,0.2424799,0.7562101,0.8989097,0.3496318,0.7893000,0.7965000,0.4946000,0.7672000,0.7114000,0.3855000,0.8082000,0.6395000,0.3768000,0.8303000,0.5720000,0.3945000,0.9150000,0.5030000,0.4581000,0.5109500,0.7061715,0.1803010},
{0.5784816,0.7077440,0.2096649,0.5192460,0.6903971,0.2180762,0.6954312,0.7743252,0.1962848,0.7712313,0.8627319,0.2424999,0.7577459,0.9002298,0.3504079,0.7894000,0.7979000,0.4942000,0.7671000,0.7127000,0.3852000,0.8077000,0.6406000,0.3766000,0.8294000,0.5730000,0.3944000,0.9137000,0.5036000,0.4583000,0.5119941,0.7131023,0.1737923},
{0.5794325,0.7129639,0.2038237,0.5202832,0.6959675,0.2100818,0.6980741,0.7769478,0.1936460,0.7750357,0.8646710,0.2425317,0.7592587,0.9015337,0.3511668,0.7895000,0.7991000,0.4938000,0.7671000,0.7144000,0.3845000,0.8071000,0.6416000,0.3764000,0.8285000,0.5739000,0.3943000,0.9123000,0.5041000,0.4586000,0.5130940,0.7196260,0.1673796},
{0.5804140,0.7178383,0.1981086,0.5214161,0.7010513,0.2022294,0.7005934,0.7793956,0.1911335,0.7786087,0.8664498,0.2425732,0.7607776,0.9028465,0.3519231,0.7896000,0.8003000,0.4934000,0.7669000,0.7156000,0.3841000,0.8065000,0.6426000,0.3763000,0.8276000,0.5749000,0.3942000,0.9109000,0.5047000,0.4588000,0.5142240,0.7256767,0.1611638},
{0.5814251,0.7224117,0.1924958,0.5226276,0.7056726,0.1945492,0.7030060,0.7816922,0.1887304,0.7819240,0.8680636,0.2426218,0.7620201,0.9039232,0.3525376,0.7897000,0.8016000,0.4930000,0.7667000,0.7168000,0.3837000,0.8059000,0.6437000,0.3761000,0.8266000,0.5757000,0.3942000,0.9094000,0.5053000,0.4590000,0.5153848,0.7313389,0.1550945},
{0.5824648,0.7267189,0.1869659,0.5238882,0.7098175,0.1871412,0.7052576,0.7837942,0.1864901,0.7849963,0.8695275,0.2426755,0.7631191,0.9048776,0.3530780,0.7897000,0.8028000,0.4925000,0.7665000,0.7181000,0.3833000,0.8053000,0.6446000,0.3759000,0.8257000,0.5768000,0.3941000,0.9080000,0.5059000,0.4592000,0.5165429,0.7365247,0.1493041},
{0.5834983,0.7306607,0.1816773,0.5251521,0.7134451,0.1801785,0.7074617,0.7858134,0.1842994,0.7878761,0.8708720,0.2427335,0.7640421,0.9056806,0.3535296,0.7895000,0.8040000,0.4920000,0.7659000,0.7188000,0.3831000,0.8047000,0.6457000,0.3756000,0.8247000,0.5777000,0.3941000,0.9065000,0.5065000,0.4594000,0.5176733,0.7412097,0.1438672},
{0.5845133,0.7342471,0.1766575,0.5264395,0.7167039,0.1734696,0.7094755,0.7876251,0.1822998,0.7904424,0.8720475,0.2427913,0.7648509,0.9063855,0.3539236,0.7893000,0.8053000,0.4913000,0.7654000,0.7197000,0.3826000,0.8042000,0.6467000,0.3753000,0.8237000,0.5786000,0.3940000,0.9050000,0.5071000,0.4596000,0.5187896,0.7455207,0.1386783},
{0.5855333,0.7376011,0.1717660,0.5277161,0.7195748,0.1671342,0.7113851,0.7893141,0.1804054,0.7928105,0.8731133,0.2428499,0.7655748,0.9070172,0.3542748,0.7890000,0.8065000,0.4907000,0.7650000,0.7210000,0.3820000,0.8033000,0.6476000,0.3751000,0.8231000,0.5798000,0.3939000,0.9035000,0.5077000,0.4598000,0.5198762,0.7494520,0.1337790},
{0.5865712,0.7407846,0.1669293,0.5289860,0.7221290,0.1610975,0.7132142,0.7909056,0.1785924,0.7948679,0.8740244,0.2429049,0.7663109,0.9076604,0.3546307,0.7887000,0.8078000,0.4900000,0.7643000,0.7220000,0.3815000,0.8027000,0.6487000,0.3748000,0.8219000,0.5806000,0.3938000,0.9020000,0.5084000,0.4600000,0.5209225,0.7530179,0.1291868},
{0.5875932,0.7437172,0.1622900,0.5302316,0.7243817,0.1553982,0.7148612,0.7923168,0.1769612,0.7966783,0.8748147,0.2429563,0.7668385,0.9081220,0.3548849,0.7884000,0.8092000,0.4892000,0.7640000,0.7232000,0.3809000,0.8021000,0.6496000,0.3746000,0.8208000,0.5817000,0.3936000,0.9004000,0.5090000,0.4603000,0.5219590,0.7563589,0.1247470},
{0.5885784,0.7463713,0.1579239,0.5314579,0.7263847,0.1499764,0.7164248,0.7936373,0.1754138,0.7981626,0.8754547,0.2430007,0.7674499,0.9086574,0.3551787,0.7882000,0.8106000,0.4884000,0.7630000,0.7241000,0.3801000,0.8013000,0.6507000,0.3744000,0.8196000,0.5825000,0.3937000,0.8988000,0.5097000,0.4606000,0.5229590,0.7594178,0.1205573},
{0.5895535,0.7488459,0.1536956,0.5326527,0.7281538,0.1448539,0.7178233,0.7948026,0.1740307,0.7995187,0.8760332,0.2430430,0.7678957,0.9090483,0.3553923,0.7878000,0.8118000,0.4876000,0.7629000,0.7254000,0.3795000,0.8006000,0.6516000,0.3741000,0.8188000,0.5836000,0.3935000,0.8972000,0.5104000,0.4609000,0.5239293,0.7622439,0.1165732},
{0.5904746,0.7510548,0.1497804,0.5337980,0.7296968,0.1400781,0.7192028,0.7959376,0.1726672,0.8006849,0.8765257,0.2430807,0.7681405,0.9092630,0.3555094,0.7874000,0.8131000,0.4868000,0.7620000,0.7263000,0.3793000,0.7998000,0.6526000,0.3739000,0.8175000,0.5843000,0.3935000,0.8956000,0.5110000,0.4612000,0.5248962,0.7649317,0.1126764},
{0.5913523,0.7530517,0.1461157,0.5349465,0.7311074,0.1354093,0.7204708,0.7969681,0.1714147,0.8017113,0.8769556,0.2431149,0.7683605,0.9094561,0.3556145,0.7868000,0.8143000,0.4859000,0.7614000,0.7274000,0.3788000,0.7991000,0.6534000,0.3735000,0.8164000,0.5853000,0.3934000,0.8940000,0.5118000,0.4616000,0.5258299,0.7674139,0.1089781},
{0.5921885,0.7548625,0.1426803,0.5360441,0.7323379,0.1310508,0.7216711,0.7979324,0.1702299,0.8026559,0.8773481,0.2431472,0.7685557,0.9096275,0.3557076,0.7862000,0.8155000,0.4851000,0.7651000,0.7299000,0.3755000,0.7983000,0.6543000,0.3732000,0.8152000,0.5860000,0.3935000,0.8925000,0.5124000,0.4619000,0.5267537,0.7697673,0.1053775},
{0.5930009,0.7565408,0.1393923,0.5371647,0.7334844,0.1266974,0.7227553,0.7987941,0.1691600,0.8035289,0.8777082,0.2431778,0.7687414,0.9097906,0.3557962,0.7855000,0.8165000,0.4843000,0.7645000,0.7315000,0.3745000,0.7975000,0.6551000,0.3729000,0.8144000,0.5870000,0.3933000,0.8909000,0.5131000,0.4623000,0.5276429,0.7719421,0.1019637},
{0.5937938,0.7581063,0.1362274,0.5383227,0.7345609,0.1222941,0.7238011,0.7996170,0.1681286,0.8042500,0.8780038,0.2432036,0.7687876,0.9098311,0.3558182,0.7848000,0.8176000,0.4836000,0.7625000,0.7326000,0.3762000,0.7967000,0.6559000,0.3726000,0.8132000,0.5875000,0.3933000,0.8895000,0.5138000,0.4627000,0.5285274,0.7740225,0.0986150},
{0.5945940,0.7596169,0.1330761,0.5395207,0.7355669,0.1178333,0.7247424,0.8003505,0.1672008,0.8048196,0.8782361,0.2432243,0.7688162,0.9098563,0.3558318,0.7839000,0.8185000,0.4828000,0.7612000,0.7323000,0.3748000,0.7959000,0.6567000,0.3723000,0.8121000,0.5884000,0.3933000,0.8880000,0.5146000,0.4631000,0.5294404,0.7760876,0.0952057},
{0.5954582,0.7611742,0.1297180,0.5405883,0.7363768,0.1139341,0.7256745,0.8010704,0.1662823,0.8053116,0.8784359,0.2432424,0.7687200,0.9097717,0.3557859,0.7830000,0.8195000,0.4821000,0.7600000,0.7328000,0.3743000,0.7951000,0.6574000,0.3719000,0.8110000,0.5891000,0.3933000,0.8866000,0.5153000,0.4636000,0.5303765,0.7781231,0.0917565},
{0.5962294,0.7625018,0.1267594,0.5414855,0.7369979,0.1107099,0.7265987,0.8017777,0.1653721,0.8056232,0.8785620,0.2432540,0.7687151,0.9097674,0.3557836,0.7820000,0.8205000,0.4814000,0.7594000,0.7341000,0.3738000,0.7942000,0.6580000,0.3717000,0.8101000,0.5899000,0.3932000,0.8852000,0.5160000,0.4640000,0.5312543,0.7799597,0.0885637}
};
