fitErrPi Mean = 0.358558
fitErrTh Mean = 0.0191059
fitErrWr Mean = 0.0297173
fitErrLA Mean = 0.0125141
fitErrEl Mean = 0.0135793
fitErrUA Mean = 0.0574917
efPts = {
{0.7342593,0.3387151,0.2983686,0.7047964,0.7777516,-0.0629690,0.6546155,0.4702260,0.2892392,0.9671696,0.9640887,0.5225201,0.8389131,1.0034992,0.4322817,0.7085000,0.7175000,0.5243000,0.7322000,0.5897000,0.3982000,0.7563000,0.5794000,0.2808000,0.7985000,0.5214000,0.3859000,0.9260000,0.4313000,0.4792000,0.3182822,-0.1651071,0.0000000},
{0.7341408,0.3388727,0.2983788,0.7691534,0.2882679,0.2769126,0.6545516,0.4703467,0.2891874,0.5860360,0.5901802,0.2809038,0.7074635,0.7275272,0.4353573,0.7086000,0.7172000,0.5242000,0.7323000,0.5891000,0.3980000,0.7564000,0.5789000,0.2807000,0.7985000,0.5210000,0.3857000,0.9258000,0.4310000,0.4793000,0.3182822,-0.1651071,0.0000000},
{0.7339537,0.3391217,0.2983947,0.7686262,0.2887146,0.2770820,0.6544012,0.4706308,0.2890654,0.5860003,0.5904095,0.2807390,0.7074635,0.7275272,0.4353573,0.7087000,0.7169000,0.5242000,0.7324000,0.5885000,0.3979000,0.7564000,0.5784000,0.2805000,0.7984000,0.5205000,0.3855000,0.9257000,0.4307000,0.4794000,0.3182822,-0.1651071,0.0000000},
{0.7336334,0.3395490,0.2984214,0.7679009,0.2893317,0.2773129,0.6542145,0.4709843,0.2889139,0.5859561,0.5906943,0.2805346,0.7074635,0.7275272,0.4353573,0.7087000,0.7166000,0.5241000,0.7325000,0.5878000,0.3977000,0.7564000,0.5780000,0.2804000,0.7984000,0.5201000,0.3853000,0.9255000,0.4304000,0.4795000,0.3182822,-0.1651071,0.0000000},
{0.7330978,0.3402657,0.2984646,0.7670013,0.2901009,0.2775961,0.6539408,0.4715038,0.2886915,0.5858980,0.5910726,0.2802637,0.7074635,0.7275272,0.4353573,0.7088000,0.7163000,0.5241000,0.7326000,0.5872000,0.3976000,0.7564000,0.5775000,0.2802000,0.7984000,0.5197000,0.3851000,0.9253000,0.4302000,0.4796000,0.3182822,-0.1651071,0.0000000},
{0.7324787,0.3410979,0.2985120,0.7658482,0.2910934,0.2779538,0.6536136,0.4721274,0.2884252,0.5857972,0.5917372,0.2797894,0.7074377,0.7276143,0.4352810,0.7088000,0.7161000,0.5240000,0.7327000,0.5866000,0.3974000,0.7564000,0.5770000,0.2801000,0.7983000,0.5193000,0.3849000,0.9251000,0.4299000,0.4797000,0.3182822,-0.1651071,0.0000000},
{0.7316308,0.3422440,0.2985727,0.7646220,0.2921565,0.2783277,0.6531679,0.4729807,0.2880618,0.5856713,0.5925837,0.2791882,0.7073757,0.7278239,0.4350979,0.7088000,0.7159000,0.5239000,0.7327000,0.5860000,0.3973000,0.7565000,0.5766000,0.2799000,0.7983000,0.5189000,0.3847000,0.9250000,0.4296000,0.4797000,0.3182822,-0.1651071,0.0000000},
{0.7306657,0.3435577,0.2986357,0.7630733,0.2935107,0.2787904,0.6526290,0.4740191,0.2876211,0.5855132,0.5936731,0.2784189,0.7073029,0.7280707,0.4348825,0.7088000,0.7158000,0.5238000,0.7328000,0.5853000,0.3971000,0.7565000,0.5761000,0.2797000,0.7982000,0.5185000,0.3845000,0.9248000,0.4294000,0.4797000,0.3182822,-0.1651071,0.0000000},
{0.7296279,0.3449813,0.2986964,0.7615153,0.2948860,0.2792453,0.6519685,0.4753012,0.2870794,0.5853377,0.5949215,0.2775439,0.7072066,0.7283988,0.4345967,0.7088000,0.7157000,0.5236000,0.7329000,0.5847000,0.3969000,0.7565000,0.5757000,0.2796000,0.7982000,0.5180000,0.3843000,0.9247000,0.4292000,0.4796000,0.3182822,-0.1651071,0.0000000},
{0.7283414,0.3467615,0.2987612,0.7599012,0.2963243,0.2797053,0.6512801,0.4766491,0.2865127,0.5851351,0.5964161,0.2765053,0.7070614,0.7288968,0.4341640,0.7088000,0.7157000,0.5234000,0.7330000,0.5841000,0.3968000,0.7565000,0.5752000,0.2794000,0.7982000,0.5176000,0.3841000,0.9245000,0.4289000,0.4796000,0.3182822,-0.1651071,0.0000000},
{0.7271153,0.3484745,0.2988124,0.7580287,0.2980102,0.2802246,0.6504961,0.4781987,0.2858648,0.5849246,0.5980383,0.2753887,0.7069320,0.7293443,0.4337762,0.7087000,0.7158000,0.5232000,0.7331000,0.5835000,0.3966000,0.7565000,0.5747000,0.2793000,0.7981000,0.5172000,0.3839000,0.9243000,0.4286000,0.4795000,0.3182822,-0.1651071,0.0000000},
{0.7258011,0.3503280,0.2988557,0.7560656,0.2997975,0.2807525,0.6497030,0.4797820,0.2852066,0.5847088,0.5997833,0.2742000,0.7067670,0.7299191,0.4332796,0.7087000,0.7160000,0.5230000,0.7332000,0.5828000,0.3965000,0.7566000,0.5743000,0.2791000,0.7981000,0.5168000,0.3837000,0.9240000,0.4284000,0.4793000,0.3182822,-0.1651071,0.0000000},
{0.7244636,0.3522333,0.2988874,0.7541000,0.3016074,0.2812643,0.6488773,0.4814480,0.2845181,0.5844912,0.6016389,0.2729498,0.7066049,0.7304894,0.4327887,0.7087000,0.7163000,0.5228000,0.7332000,0.5822000,0.3963000,0.7566000,0.5738000,0.2790000,0.7981000,0.5164000,0.3835000,0.9237000,0.4282000,0.4793000,0.3182822,-0.1651071,0.0000000},
{0.7231544,0.3541165,0.2989062,0.7521723,0.3034021,0.2817499,0.6480150,0.4832072,0.2837957,0.5842775,0.6035713,0.2716628,0.7064234,0.7311337,0.4322359,0.7087000,0.7166000,0.5225000,0.7333000,0.5816000,0.3962000,0.7566000,0.5733000,0.2788000,0.7980000,0.5160000,0.3834000,0.9233000,0.4280000,0.4792000,0.3182822,-0.1651071,0.0000000},
{0.7217734,0.3561230,0.2989130,0.7501888,0.3052690,0.2822327,0.6471214,0.4850516,0.2830432,0.5840585,0.6056861,0.2702715,0.7062288,0.7318322,0.4316390,0.7087000,0.7170000,0.5222000,0.7333000,0.5816000,0.3962000,0.7566000,0.5729000,0.2787000,0.7980000,0.5155000,0.3832000,0.9228000,0.4279000,0.4791000,0.3182822,-0.1651071,0.0000000},
{0.7203529,0.3582080,0.2989060,0.7480938,0.3072633,0.2827242,0.6461774,0.4870239,0.2822441,0.5838489,0.6078619,0.2688585,0.7060124,0.7326184,0.4309701,0.7086000,0.7173000,0.5219000,0.7330000,0.5821000,0.3956000,0.7566000,0.5724000,0.2785000,0.7979000,0.5151000,0.3830000,0.9223000,0.4279000,0.4791000,0.3182822,-0.1651071,0.0000000},
{0.7188263,0.3604733,0.2988824,0.7461330,0.3091505,0.2831669,0.6452045,0.4890832,0.2814158,0.5836494,0.6101055,0.2674207,0.7057866,0.7334490,0.4302665,0.7086000,0.7178000,0.5215000,0.7328000,0.5827000,0.3952000,0.7567000,0.5719000,0.2783000,0.7979000,0.5147000,0.3828000,0.9217000,0.4279000,0.4791000,0.3182822,-0.1651071,0.0000000},
{0.7172398,0.3628541,0.2988402,0.7440102,0.3112162,0.2836275,0.6441937,0.4912521,0.2805500,0.5834419,0.6126648,0.2658039,0.7055533,0.7343189,0.4295333,0.7086000,0.7184000,0.5210000,0.7325000,0.5834000,0.3947000,0.7567000,0.5715000,0.2782000,0.7979000,0.5143000,0.3826000,0.9211000,0.4280000,0.4792000,0.3182822,-0.1651071,0.0000000},
{0.7156435,0.3652775,0.2987795,0.7418069,0.3133851,0.2840851,0.6431328,0.4935611,0.2796355,0.5832484,0.6153269,0.2641481,0.7052795,0.7353553,0.4286644,0.7085000,0.7191000,0.5206000,0.7321000,0.5841000,0.3941000,0.7567000,0.5710000,0.2780000,0.7978000,0.5139000,0.3824000,0.9205000,0.4280000,0.4792000,0.3182822,-0.1651071,0.0000000},
{0.7140190,0.3677724,0.2986986,0.7395977,0.3155851,0.2845229,0.6420502,0.4959533,0.2786958,0.5830733,0.6180523,0.2624796,0.7050096,0.7363941,0.4277985,0.7084000,0.7199000,0.5202000,0.7317000,0.5850000,0.3935000,0.7567000,0.5706000,0.2779000,0.7978000,0.5135000,0.3822000,0.9199000,0.4281000,0.4793000,0.3182822,-0.1651071,0.0000000},
{0.7123602,0.3703504,0.2985962,0.7373560,0.3178434,0.2849456,0.6409085,0.4985165,0.2776977,0.5829091,0.6210136,0.2606970,0.7047071,0.7375790,0.4268168,0.7083000,0.7208000,0.5197000,0.7313000,0.5858000,0.3931000,0.7567000,0.5701000,0.2777000,0.7978000,0.5130000,0.3820000,0.9193000,0.4281000,0.4794000,0.3182822,-0.1651071,0.0000000},
{0.7106116,0.3731011,0.2984662,0.7349794,0.3202661,0.2853701,0.6397116,0.5012494,0.2766432,0.5827689,0.6240345,0.2589102,0.7043956,0.7388228,0.4257931,0.7082000,0.7218000,0.5192000,0.7307000,0.5867000,0.3925000,0.7568000,0.5696000,0.2776000,0.7977000,0.5126000,0.3818000,0.9187000,0.4281000,0.4795000,0.3182822,-0.1651071,0.0000000},
{0.7087691,0.3760372,0.2983045,0.7324819,0.3228436,0.2857900,0.6384621,0.5041546,0.2755330,0.5826526,0.6271498,0.2571004,0.7040802,0.7401079,0.4247426,0.7081000,0.7228000,0.5187000,0.7302000,0.5876000,0.3919000,0.7568000,0.5692000,0.2774000,0.7977000,0.5126000,0.3818000,0.9180000,0.4281000,0.4796000,0.3182822,-0.1651071,0.0000000},
{0.7068902,0.3790711,0.2981134,0.7298934,0.3255493,0.2861969,0.6371536,0.5072562,0.2743599,0.5825567,0.6305913,0.2551390,0.7037614,0.7414345,0.4236656,0.7080000,0.7239000,0.5181000,0.7296000,0.5887000,0.3914000,0.7568000,0.5687000,0.2773000,0.7973000,0.5129000,0.3815000,0.9172000,0.4281000,0.4798000,0.3182822,-0.1651071,0.0000000},
{0.7049008,0.3823280,0.2978817,0.7271739,0.3284295,0.2865932,0.6358324,0.5104516,0.2731641,0.5824926,0.6341743,0.2531384,0.7034453,0.7427779,0.4225826,0.7078000,0.7249000,0.5174000,0.7290000,0.5895000,0.3908000,0.7568000,0.5682000,0.2771000,0.7968000,0.5133000,0.3813000,0.9164000,0.4282000,0.4801000,0.3182822,-0.1651071,0.0000000},
{0.7028010,0.3858158,0.2976040,0.7244803,0.3313203,0.2869542,0.6344191,0.5139443,0.2718717,0.5824634,0.6380063,0.2510444,0.7030874,0.7443344,0.4213372,0.7076000,0.7260000,0.5168000,0.7285000,0.5906000,0.3901000,0.7568000,0.5678000,0.2770000,0.7963000,0.5137000,0.3811000,0.9155000,0.4283000,0.4805000,0.3182822,-0.1651071,0.0000000},
{0.7007051,0.3893492,0.2972924,0.7217133,0.3343293,0.2872923,0.6329918,0.5175531,0.2705520,0.5824751,0.6419803,0.2489217,0.7027247,0.7459529,0.4200526,0.7074000,0.7271000,0.5161000,0.7279000,0.5915000,0.3893000,0.7569000,0.5673000,0.2768000,0.7959000,0.5140000,0.3809000,0.9145000,0.4285000,0.4809000,0.3182822,-0.1651071,0.0000000},
{0.6985733,0.3929976,0.2969396,0.7187333,0.3376148,0.2876193,0.6315437,0.5213030,0.2691972,0.5825328,0.6461759,0.2467333,0.7023763,0.7475480,0.4187969,0.7071000,0.7283000,0.5154000,0.7273000,0.5926000,0.3886000,0.7569000,0.5668000,0.2766000,0.7954000,0.5143000,0.3806000,0.9134000,0.4287000,0.4814000,0.3182822,-0.1651071,0.0000000},
{0.6964283,0.3967248,0.2965477,0.7157301,0.3409731,0.2879096,0.6300958,0.5251459,0.2678260,0.5826358,0.6503612,0.2446030,0.7020006,0.7493156,0.4174169,0.7069000,0.7297000,0.5146000,0.7266000,0.5938000,0.3878000,0.7569000,0.5664000,0.2765000,0.7949000,0.5146000,0.3804000,0.9122000,0.4289000,0.4819000,0.3182822,-0.1651071,0.0000000},
{0.6941796,0.4006937,0.2960963,0.7126972,0.3444131,0.2881627,0.6286533,0.5290730,0.2664424,0.5827957,0.6548505,0.2423752,0.7016567,0.7509799,0.4161284,0.7066000,0.7311000,0.5138000,0.7259000,0.5950000,0.3871000,0.7569000,0.5659000,0.2763000,0.7942000,0.5149000,0.3802000,0.9110000,0.4291000,0.4825000,0.3182822,-0.1651071,0.0000000},
{0.6919610,0.4046724,0.2956094,0.7095529,0.3480309,0.2883824,0.6272115,0.5331018,0.2650411,0.5830048,0.6593284,0.2402109,0.7013033,0.7527388,0.4147780,0.7065000,0.7325000,0.5130000,0.7252000,0.5962000,0.3864000,0.7569000,0.5655000,0.2762000,0.7935000,0.5153000,0.3801000,0.9097000,0.4294000,0.4831000,0.3182822,-0.1651071,0.0000000},
{0.6896431,0.4088972,0.2950560,0.7062865,0.3518452,0.2885643,0.6257905,0.5371809,0.2636407,0.5832769,0.6640324,0.2379981,0.7008503,0.7550711,0.4130048,0.7063000,0.7339000,0.5121000,0.7245000,0.5976000,0.3856000,0.7570000,0.5650000,0.2760000,0.7928000,0.5157000,0.3800000,0.9084000,0.4298000,0.4837000,0.3182822,-0.1651071,0.0000000},
{0.6872313,0.4133685,0.2944303,0.7028739,0.3558915,0.2887034,0.6241881,0.5419176,0.2620372,0.5836184,0.6689611,0.2357452,0.7004878,0.7570048,0.4115493,0.7062000,0.7354000,0.5112000,0.7238000,0.5989000,0.3848000,0.7570000,0.5645000,0.2759000,0.7921000,0.5161000,0.3800000,0.9071000,0.4301000,0.4843000,0.3182822,-0.1651071,0.0000000},
{0.6846897,0.4181660,0.2937148,0.6994213,0.3600496,0.2887909,0.6226496,0.5466127,0.2604713,0.5840336,0.6740868,0.2334718,0.7001044,0.7591220,0.4099707,0.7060000,0.7370000,0.5103000,0.7232000,0.6002000,0.3840000,0.7570000,0.5641000,0.2757000,0.7912000,0.5165000,0.3800000,0.9059000,0.4305000,0.4850000,0.3182822,-0.1651071,0.0000000},
{0.6822172,0.4229190,0.2929619,0.6958804,0.3643817,0.2888244,0.6210653,0.5516094,0.2588302,0.5845199,0.6793272,0.2312195,0.6997150,0.7613538,0.4083232,0.7058000,0.7385000,0.5093000,0.7224000,0.6017000,0.3832000,0.7570000,0.5636000,0.2756000,0.7904000,0.5169000,0.3801000,0.9047000,0.4308000,0.4856000,0.3182822,-0.1651071,0.0000000},
{0.6797121,0.4278239,0.2921403,0.6922318,0.3689182,0.2887987,0.6194910,0.5567520,0.2571677,0.5851134,0.6849798,0.2288700,0.6993584,0.7634769,0.4067713,0.7057000,0.7402000,0.5084000,0.7217000,0.6032000,0.3822000,0.7570000,0.5631000,0.2754000,0.7896000,0.5173000,0.3801000,0.9034000,0.4312000,0.4862000,0.3182822,-0.1651071,0.0000000},
{0.6770709,0.4330955,0.2912082,0.6884512,0.3736975,0.2887069,0.6178993,0.5621467,0.2554522,0.5857904,0.6907413,0.2265590,0.6989371,0.7660928,0.4048794,0.7055000,0.7419000,0.5073000,0.7209000,0.6048000,0.3813000,0.7571000,0.5627000,0.2752000,0.7889000,0.5178000,0.3802000,0.9023000,0.4316000,0.4868000,0.3182822,-0.1651071,0.0000000},
{0.6744656,0.4383992,0.2902202,0.6846259,0.3786160,0.2885455,0.6163030,0.5677741,0.2536931,0.5865787,0.6967945,0.2242203,0.6985426,0.7686599,0.4030441,0.7053000,0.7437000,0.5062000,0.7202000,0.6064000,0.3803000,0.7571000,0.5627000,0.2752000,0.7882000,0.5182000,0.3802000,0.9011000,0.4320000,0.4874000,0.3182822,-0.1651071,0.0000000},
{0.6717844,0.4439689,0.2891300,0.6806267,0.3838482,0.2883021,0.6147340,0.5735396,0.2519224,0.5874620,0.7029652,0.2219289,0.6981486,0.7713511,0.4011418,0.7052000,0.7456000,0.5051000,0.7194000,0.6080000,0.3794000,0.7570000,0.5643000,0.2745000,0.7874000,0.5186000,0.3802000,0.8999000,0.4324000,0.4879000,0.3182822,-0.1651071,0.0000000},
{0.6690604,0.4497478,0.2879431,0.6765415,0.3892898,0.2879731,0.6131752,0.5795232,0.2501177,0.5884535,0.7093139,0.2196674,0.6977674,0.7740933,0.3992262,0.7051000,0.7475000,0.5040000,0.7186000,0.6096000,0.3785000,0.7562000,0.5650000,0.2746000,0.7866000,0.5191000,0.3801000,0.8987000,0.4328000,0.4884000,0.3182822,-0.1651071,0.0000000},
{0.6662896,0.4557555,0.2866504,0.6723442,0.3949846,0.2875490,0.6116266,0.5857514,0.2482744,0.5895638,0.7158694,0.2174327,0.6973940,0.7769309,0.3972673,0.7051000,0.7494000,0.5029000,0.7179000,0.6111000,0.3775000,0.7562000,0.5664000,0.2744000,0.7858000,0.5197000,0.3800000,0.8975000,0.4332000,0.4889000,0.3182822,-0.1651071,0.0000000},
{0.6634845,0.4619767,0.2852502,0.6679730,0.4010295,0.2870126,0.6100813,0.5922857,0.2463782,0.5907923,0.7225911,0.2152460,0.6970413,0.7797694,0.3953312,0.7051000,0.7513000,0.5017000,0.7172000,0.6127000,0.3767000,0.7557000,0.5674000,0.2743000,0.7850000,0.5203000,0.3801000,0.8963000,0.4337000,0.4894000,0.3182822,-0.1651071,0.0000000},
{0.6606240,0.4684714,0.2837229,0.6635799,0.4072253,0.2863737,0.6085466,0.5991371,0.2444306,0.5921649,0.7295791,0.2130834,0.6966936,0.7827436,0.3933269,0.7051000,0.7533000,0.5006000,0.7166000,0.6141000,0.3756000,0.7549000,0.5683000,0.2742000,0.7843000,0.5208000,0.3801000,0.8951000,0.4341000,0.4900000,0.3182822,-0.1651071,0.0000000},
{0.6577524,0.4751528,0.2820833,0.6589319,0.4139152,0.2855860,0.6070534,0.6062054,0.2424641,0.5936934,0.7368427,0.2109537,0.6963511,0.7858767,0.3912421,0.7051000,0.7552000,0.4995000,0.7160000,0.6157000,0.3747000,0.7540000,0.5691000,0.2742000,0.7837000,0.5213000,0.3801000,0.8940000,0.4346000,0.4905000,0.3182822,-0.1651071,0.0000000},
{0.6549401,0.4818616,0.2803685,0.6542113,0.4208559,0.2846648,0.6055783,0.6136470,0.2404398,0.5953964,0.7444163,0.2088601,0.6960301,0.7890333,0.3891686,0.7052000,0.7572000,0.4983000,0.7155000,0.6172000,0.3737000,0.7531000,0.5699000,0.2743000,0.7830000,0.5218000,0.3801000,0.8928000,0.4351000,0.4911000,0.3182822,-0.1651071,0.0000000},
{0.6518198,0.4895089,0.2783317,0.6494096,0.4280719,0.2835983,0.6041428,0.6214148,0.2383763,0.5972711,0.7522368,0.2068330,0.6957147,0.7923909,0.3869920,0.7053000,0.7592000,0.4972000,0.7151000,0.6185000,0.3727000,0.7522000,0.5707000,0.2743000,0.7823000,0.5223000,0.3801000,0.8917000,0.4356000,0.4916000,0.3182822,-0.1651071,0.0000000},
{0.6488183,0.4970808,0.2762302,0.6444364,0.4357179,0.2823510,0.6027759,0.6294017,0.2363063,0.5993094,0.7602351,0.2049005,0.6954120,0.7959118,0.3847411,0.7053000,0.7613000,0.4961000,0.7147000,0.6198000,0.3718000,0.7514000,0.5716000,0.2745000,0.7815000,0.5227000,0.3801000,0.8905000,0.4360000,0.4920000,0.3182822,-0.1651071,0.0000000},
{0.6457859,0.5049618,0.2739547,0.6393901,0.4436628,0.2809307,0.6014595,0.6377764,0.2341913,0.6015447,0.7685038,0.2030513,0.6951298,0.7995401,0.3824545,0.7054000,0.7633000,0.4949000,0.7143000,0.6213000,0.3709000,0.7507000,0.5725000,0.2745000,0.7807000,0.5233000,0.3801000,0.8893000,0.4365000,0.4925000,0.3182822,-0.1651071,0.0000000},
{0.6427651,0.5130628,0.2715231,0.6343112,0.4518574,0.2793369,0.6002347,0.6463418,0.2320860,0.6039573,0.7769344,0.2013210,0.6948687,0.8032927,0.3801242,0.7056000,0.7654000,0.4939000,0.7139000,0.6228000,0.3701000,0.7502000,0.5733000,0.2744000,0.7798000,0.5239000,0.3801000,0.8880000,0.4369000,0.4929000,0.3182822,-0.1651071,0.0000000},
{0.6397566,0.5214007,0.2689235,0.6290959,0.4604896,0.2775199,0.5991028,0.6551401,0.2299832,0.6065597,0.7855426,0.1997156,0.6946329,0.8071443,0.3777682,0.7057000,0.7675000,0.4928000,0.7135000,0.6243000,0.3692000,0.7498000,0.5743000,0.2743000,0.7789000,0.5244000,0.3800000,0.8867000,0.4374000,0.4932000,0.3182822,-0.1651071,0.0000000},
{0.6368049,0.5298685,0.2661836,0.6238909,0.4693366,0.2755142,0.5980670,0.6642183,0.2278764,0.6093836,0.7943983,0.1982345,0.6944276,0.8110242,0.3754309,0.7059000,0.7697000,0.4919000,0.7130000,0.6259000,0.3685000,0.7495000,0.5752000,0.2741000,0.7779000,0.5250000,0.3798000,0.8854000,0.4378000,0.4936000,0.3182822,-0.1651071,0.0000000},
{0.6338878,0.5385459,0.2632723,0.6187246,0.4783612,0.2733217,0.5971519,0.6734267,0.2258037,0.6123820,0.8033271,0.1969166,0.6942501,0.8150031,0.3730710,0.7061000,0.7718000,0.4909000,0.7126000,0.6274000,0.3677000,0.7492000,0.5763000,0.2738000,0.7770000,0.5256000,0.3796000,0.8842000,0.4382000,0.4938000,0.3182822,-0.1651071,0.0000000},
{0.6310593,0.5472863,0.2602343,0.6134991,0.4877523,0.2708861,0.5963432,0.6830051,0.2237157,0.6156664,0.8126242,0.1957331,0.6941078,0.8189131,0.3707878,0.7063000,0.7740000,0.4901000,0.7120000,0.6288000,0.3671000,0.7488000,0.5773000,0.2736000,0.7760000,0.5262000,0.3793000,0.8829000,0.4386000,0.4941000,0.3182822,-0.1651071,0.0000000},
{0.6282872,0.5562029,0.2570258,0.6083806,0.4972263,0.2682721,0.5956841,0.6925006,0.2217134,0.6191077,0.8218939,0.1947463,0.6939953,0.8228893,0.3685019,0.7065000,0.7761000,0.4893000,0.7114000,0.6303000,0.3666000,0.7483000,0.5782000,0.2732000,0.7750000,0.5268000,0.3790000,0.8816000,0.4391000,0.4944000,0.3182822,-0.1651071,0.0000000},
{0.6256117,0.5651818,0.2536832,0.6032457,0.5070262,0.2654048,0.5951626,0.7020667,0.2197640,0.6226538,0.8310040,0.1939671,0.6939153,0.8268282,0.3662725,0.7067000,0.7783000,0.4886000,0.7108000,0.6318000,0.3659000,0.7477000,0.5791000,0.2729000,0.7741000,0.5274000,0.3788000,0.8803000,0.4395000,0.4947000,0.3182822,-0.1651071,0.0000000},
{0.6230471,0.5741824,0.2502196,0.5982040,0.5169615,0.2623299,0.5947737,0.7119252,0.2178255,0.6263056,0.8399716,0.1933873,0.6938652,0.8308967,0.3640063,0.7068000,0.7804000,0.4880000,0.7100000,0.6332000,0.3654000,0.7470000,0.5800000,0.2727000,0.7732000,0.5280000,0.3785000,0.8789000,0.4399000,0.4951000,0.3182822,-0.1651071,0.0000000},
{0.6205807,0.5832598,0.2466110,0.5933839,0.5267776,0.2591269,0.5945382,0.7215937,0.2159936,0.6301312,0.8489641,0.1929958,0.6938479,0.8349531,0.3617832,0.7071000,0.7824000,0.4875000,0.7093000,0.6345000,0.3650000,0.7463000,0.5808000,0.2726000,0.7724000,0.5286000,0.3783000,0.8775000,0.4404000,0.4954000,0.3182822,-0.1651071,0.0000000},
{0.6182524,0.5922726,0.2429119,0.5883975,0.5372931,0.2555144,0.5944464,0.7314085,0.2142039,0.6340680,0.8578331,0.1928000,0.6938610,0.8387630,0.3597279,0.7072000,0.7845000,0.4869000,0.7083000,0.6358000,0.3647000,0.7455000,0.5818000,0.2725000,0.7714000,0.5292000,0.3782000,0.8761000,0.4408000,0.4958000,0.3182822,-0.1651071,0.0000000},
{0.6160213,0.6013892,0.2390509,0.5835892,0.5478197,0.2517104,0.5945018,0.7411608,0.2124953,0.6380920,0.8665337,0.1927958,0.6939000,0.8424214,0.3577840,0.7074000,0.7864000,0.4864000,0.7073000,0.6370000,0.3644000,0.7446000,0.5827000,0.2725000,0.7704000,0.5299000,0.3780000,0.8747000,0.4413000,0.4963000,0.3182822,-0.1651071,0.0000000},
{0.6139481,0.6103677,0.2351290,0.5789615,0.5583545,0.2477147,0.5946984,0.7507303,0.2108862,0.6422410,0.8751536,0.1929803,0.6939665,0.8461527,0.3558310,0.7075000,0.7883000,0.4860000,0.7062000,0.6381000,0.3642000,0.7439000,0.5836000,0.2724000,0.7693000,0.5305000,0.3780000,0.8732000,0.4419000,0.4967000,0.3182822,-0.1651071,0.0000000},
{0.6120097,0.6193025,0.2311060,0.5744950,0.5689488,0.2435047,0.5950328,0.7602236,0.2093561,0.6464526,0.8835699,0.1933469,0.6940532,0.8496559,0.3540247,0.7076000,0.7902000,0.4856000,0.7049000,0.6391000,0.3641000,0.7431000,0.5845000,0.2725000,0.7682000,0.5311000,0.3781000,0.8718000,0.4424000,0.4972000,0.3182822,-0.1651071,0.0000000},
{0.6102362,0.6280464,0.2270502,0.5703381,0.5792401,0.2392288,0.5954996,0.7695943,0.2079107,0.6507019,0.8917481,0.1938854,0.6941610,0.8530944,0.3522770,0.7077000,0.7920000,0.4852000,0.7037000,0.6400000,0.3639000,0.7424000,0.5854000,0.2725000,0.7671000,0.5318000,0.3782000,0.8703000,0.4430000,0.4977000,0.3182822,-0.1651071,0.0000000},
{0.6086277,0.6365730,0.2229788,0.5663840,0.5894762,0.2347912,0.5960964,0.7788737,0.2065432,0.6550462,0.8998075,0.1945979,0.6942843,0.8563612,0.3506400,0.7079000,0.7937000,0.4849000,0.7024000,0.6408000,0.3638000,0.7415000,0.5863000,0.2726000,0.7660000,0.5324000,0.3782000,0.8688000,0.4435000,0.4982000,0.3182822,-0.1651071,0.0000000},
{0.6071651,0.6449622,0.2188576,0.5627418,0.5993546,0.2303308,0.5968009,0.7878389,0.2052828,0.6593999,0.9075998,0.1954651,0.6944306,0.8596859,0.3489971,0.7080000,0.7956000,0.4846000,0.7000000,0.6416000,0.3634000,0.7408000,0.5871000,0.2727000,0.7648000,0.5330000,0.3783000,0.8674000,0.4442000,0.4988000,0.3182822,-0.1651071,0.0000000},
{0.6059038,0.6528390,0.2148803,0.5593220,0.6090931,0.2257587,0.5976231,0.7967137,0.2040944,0.6636994,0.9150334,0.1964620,0.6945877,0.8628210,0.3474694,0.7082000,0.7974000,0.4843000,0.6990000,0.6426000,0.3634000,0.7400000,0.5879000,0.2728000,0.7637000,0.5338000,0.3784000,0.8658000,0.4448000,0.4993000,0.3182822,-0.1651071,0.0000000},
{0.6047639,0.6606498,0.2108296,0.5561330,0.6186561,0.2210959,0.5985297,0.8052273,0.2030103,0.6679936,0.9222137,0.1975891,0.6947616,0.8659261,0.3459768,0.7084000,0.7993000,0.4840000,0.6980000,0.6438000,0.3633000,0.7392000,0.5887000,0.2729000,0.7625000,0.5345000,0.3785000,0.8643000,0.4455000,0.4998000,0.3182822,-0.1651071,0.0000000},
{0.6037802,0.6681265,0.2068488,0.5532566,0.6277619,0.2164921,0.5995281,0.8135453,0.2020046,0.6722694,0.9291338,0.1988345,0.6949446,0.8688893,0.3445714,0.7086000,0.8011000,0.4838000,0.6969000,0.6450000,0.3633000,0.7384000,0.5896000,0.2730000,0.7615000,0.5352000,0.3786000,0.8627000,0.4462000,0.5003000,0.3182822,-0.1651071,0.0000000},
{0.6029275,0.6754046,0.2028728,0.5506307,0.6365594,0.2118874,0.6005915,0.8215245,0.2010900,0.6764964,0.9357616,0.2001805,0.6951355,0.8717285,0.3432422,0.7088000,0.8031000,0.4836000,0.6960000,0.6462000,0.3633000,0.7376000,0.5905000,0.2731000,0.7603000,0.5360000,0.3787000,0.8612000,0.4469000,0.5009000,0.3182822,-0.1651071,0.0000000},
{0.6022219,0.6822721,0.1990258,0.5482178,0.6451457,0.2072397,0.6017340,0.8293345,0.2002431,0.6806185,0.9420300,0.2015980,0.6953421,0.8745738,0.3419272,0.7090000,0.8050000,0.4835000,0.6949000,0.6477000,0.3633000,0.7367000,0.5914000,0.2732000,0.7592000,0.5367000,0.3788000,0.8596000,0.4477000,0.5014000,0.3182822,-0.1651071,0.0000000},
{0.6016383,0.6888736,0.1952369,0.5460741,0.6532778,0.2026929,0.6029344,0.8368797,0.1994708,0.6847469,0.9481230,0.2031168,0.6955467,0.8772023,0.3407277,0.7093000,0.8070000,0.4834000,0.6940000,0.6492000,0.3633000,0.7358000,0.5924000,0.2732000,0.7581000,0.5375000,0.3789000,0.8580000,0.4484000,0.5019000,0.3182822,-0.1651071,0.0000000},
{0.6011660,0.6952579,0.1914837,0.5441355,0.6611493,0.1981523,0.6041668,0.8440631,0.1987780,0.6887285,0.9538313,0.2046721,0.6957682,0.8798761,0.3395225,0.7096000,0.8091000,0.4833000,0.6930000,0.6507000,0.3634000,0.7349000,0.5934000,0.2733000,0.7569000,0.5384000,0.3790000,0.8564000,0.4493000,0.5024000,0.3182822,-0.1651071,0.0000000},
{0.6008063,0.7013061,0.1878438,0.5424227,0.6686284,0.1937057,0.6054404,0.8509964,0.1981493,0.6926804,0.9593394,0.2063005,0.6959912,0.8824149,0.3383924,0.7099000,0.8111000,0.4832000,0.6919000,0.6523000,0.3634000,0.7341000,0.5943000,0.2735000,0.7556000,0.5393000,0.3791000,0.8548000,0.4501000,0.5029000,0.3182822,-0.1651071,0.0000000},
{0.6005504,0.7069754,0.1843537,0.5409164,0.6757378,0.1893543,0.6067413,0.8576490,0.1975835,0.6964353,0.9644325,0.2079233,0.6962271,0.8849602,0.3372731,0.7102000,0.8132000,0.4831000,0.6909000,0.6539000,0.3635000,0.7331000,0.5954000,0.2736000,0.7545000,0.5402000,0.3793000,0.8532000,0.4510000,0.5034000,0.3182822,-0.1651071,0.0000000},
{0.6003840,0.7123402,0.1809781,0.5396171,0.6824005,0.1851612,0.6080509,0.8639749,0.1970800,0.7000873,0.9692584,0.2095702,0.6964621,0.8873728,0.3362250,0.7106000,0.8152000,0.4830000,0.6900000,0.6556000,0.3636000,0.7322000,0.5965000,0.2736000,0.7532000,0.5411000,0.3794000,0.8515000,0.4519000,0.5038000,0.3182822,-0.1651071,0.0000000},
{0.6002981,0.7174067,0.1777217,0.5385008,0.6886547,0.1811194,0.6093435,0.8699024,0.1966392,0.7035639,0.9737388,0.2111991,0.6967059,0.8897620,0.3351993,0.7109000,0.8173000,0.4828000,0.6892000,0.6574000,0.3637000,0.7314000,0.5976000,0.2736000,0.7520000,0.5422000,0.3794000,0.8499000,0.4528000,0.5043000,0.3182822,-0.1651071,0.0000000},
{0.6002830,0.7220563,0.1746719,0.5375549,0.6944820,0.1772572,0.6106427,0.8755839,0.1962453,0.7068720,0.9779014,0.2128031,0.6969588,0.8921334,0.3341935,0.7113000,0.8193000,0.4827000,0.6884000,0.6591000,0.3637000,0.7306000,0.5987000,0.2736000,0.7507000,0.5431000,0.3795000,0.8481000,0.4537000,0.5047000,0.3182822,-0.1651071,0.0000000},
{0.6003278,0.7264567,0.1717287,0.5367532,0.6999520,0.1735434,0.6119127,0.8809004,0.1959026,0.7099647,0.9817064,0.2143493,0.6972075,0.8943715,0.3332555,0.7116000,0.8214000,0.4825000,0.6877000,0.6608000,0.3638000,0.7297000,0.5998000,0.2736000,0.7495000,0.5442000,0.3796000,0.8465000,0.4547000,0.5052000,0.3182822,-0.1651071,0.0000000},
{0.6004210,0.7304691,0.1689946,0.5361010,0.7049178,0.1700945,0.6131326,0.8858089,0.1956086,0.7129302,0.9852775,0.2158734,0.6974541,0.8965082,0.3323701,0.7120000,0.8234000,0.4823000,0.6869000,0.6627000,0.3638000,0.7289000,0.6010000,0.2737000,0.7482000,0.5453000,0.3796000,0.8448000,0.4557000,0.5057000,0.3182822,-0.1651071,0.0000000},
{0.6005587,0.7342962,0.1663398,0.5355486,0.7096574,0.1667312,0.6143356,0.8904769,0.1953493,0.7156801,0.9885228,0.2173224,0.6976971,0.8985424,0.3315364,0.7123000,0.8254000,0.4820000,0.6863000,0.6644000,0.3639000,0.7281000,0.6022000,0.2737000,0.7470000,0.5463000,0.3797000,0.8431000,0.4567000,0.5062000,0.3182822,-0.1651071,0.0000000},
{0.6007314,0.7378524,0.1638298,0.5351030,0.7140222,0.1635691,0.6154970,0.8948356,0.1951254,0.7182079,0.9914503,0.2186843,0.6979483,0.9005767,0.3307118,0.7126000,0.8273000,0.4818000,0.6856000,0.6662000,0.3639000,0.7266000,0.6033000,0.2735000,0.7457000,0.5474000,0.3798000,0.8413000,0.4577000,0.5067000,0.3182822,-0.1651071,0.0000000},
{0.6009300,0.7411241,0.1614825,0.5347408,0.7181344,0.1605310,0.6165609,0.8987102,0.1949413,0.7204746,0.9940309,0.2199294,0.6981876,0.9024565,0.3299580,0.7130000,0.8292000,0.4815000,0.6851000,0.6680000,0.3639000,0.7258000,0.6045000,0.2735000,0.7444000,0.5485000,0.3800000,0.8396000,0.4588000,0.5073000,0.3182822,-0.1651071,0.0000000},
{0.6011596,0.7442826,0.1591799,0.5344639,0.7218468,0.1577369,0.6175649,0.9022699,0.1947847,0.7225229,0.9963269,0.2210739,0.6984182,0.9042168,0.3292592,0.7133000,0.8311000,0.4813000,0.6845000,0.6697000,0.3640000,0.7251000,0.6057000,0.2736000,0.7432000,0.5497000,0.3800000,0.8377000,0.4598000,0.5078000,0.3182822,-0.1651071,0.0000000},
{0.6014014,0.7471483,0.1570585,0.5342469,0.7253701,0.1550385,0.6184820,0.9054453,0.1946553,0.7242915,0.9982822,0.2220766,0.6986541,0.9059713,0.3285696,0.7136000,0.8330000,0.4810000,0.6839000,0.6715000,0.3641000,0.7242000,0.6070000,0.2736000,0.7419000,0.5509000,0.3801000,0.8359000,0.4609000,0.5084000,0.3182822,-0.1651071,0.0000000},
{0.6016550,0.7498022,0.1550653,0.5340870,0.7286367,0.1524943,0.6192884,0.9081799,0.1945518,0.7258298,0.9999626,0.2229597,0.6988740,0.9075669,0.3279484,0.7139000,0.8347000,0.4807000,0.6834000,0.6732000,0.3641000,0.7235000,0.6082000,0.2737000,0.7406000,0.5520000,0.3803000,0.8341000,0.4619000,0.5090000,0.3182822,-0.1651071,0.0000000},
{0.6019183,0.7522768,0.1531810,0.5339770,0.7316216,0.1501325,0.6200563,0.9107364,0.1944616,0.7270890,1.0013242,0.2236901,0.6990924,0.9091154,0.3273511,0.7142000,0.8364000,0.4803000,0.6829000,0.6748000,0.3641000,0.7228000,0.6094000,0.2736000,0.7394000,0.5531000,0.3805000,0.8323000,0.4630000,0.5096000,0.3182822,-0.1651071,0.0000000},
{0.6021886,0.7545896,0.1513966,0.5339067,0.7344025,0.1478993,0.6206661,0.9127349,0.1943956,0.7281095,1.0024185,0.2242869,0.6993049,0.9105907,0.3267870,0.7144000,0.8381000,0.4799000,0.6823000,0.6764000,0.3641000,0.7219000,0.6106000,0.2737000,0.7381000,0.5544000,0.3806000,0.8305000,0.4641000,0.5102000,0.3182822,-0.1651071,0.0000000},
{0.6024585,0.7567152,0.1497359,0.5338698,0.7370159,0.1457706,0.6212235,0.9145380,0.1943395,0.7289127,1.0032741,0.2247598,0.6995097,0.9119836,0.3262591,0.7145000,0.8397000,0.4794000,0.6818000,0.6777000,0.3640000,0.7211000,0.6117000,0.2737000,0.7369000,0.5555000,0.3807000,0.8288000,0.4652000,0.5108000,0.3182822,-0.1651071,0.0000000},
{0.6027344,0.7587327,0.1481408,0.5338619,0.7394872,0.1437301,0.6216766,0.9159874,0.1942967,0.7294498,1.0038434,0.2250775,0.6997091,0.9133149,0.3257586,0.7146000,0.8412000,0.4788000,0.6812000,0.6791000,0.3638000,0.7204000,0.6128000,0.2738000,0.7358000,0.5566000,0.3809000,0.8270000,0.4662000,0.5114000,0.3182822,-0.1651071,0.0000000},
{0.6030100,0.7606167,0.1466339,0.5338787,0.7417751,0.1418163,0.6220318,0.9171142,0.1942650,0.7297501,1.0041608,0.2252557,0.6999036,0.9145907,0.3252828,0.7146000,0.8427000,0.4783000,0.6806000,0.6805000,0.3637000,0.7196000,0.6138000,0.2738000,0.7345000,0.5578000,0.3811000,0.8253000,0.4673000,0.5120000,0.3182822,-0.1651071,0.0000000},
{0.6033019,0.7624908,0.1451177,0.5339180,0.7439946,0.1399362,0.6223145,0.9180045,0.1942408,0.7298508,1.0042670,0.2253155,0.7000936,0.9158156,0.3248295,0.7145000,0.8441000,0.4776000,0.6800000,0.6818000,0.3634000,0.7188000,0.6148000,0.2737000,0.7335000,0.5589000,0.3812000,0.8235000,0.4683000,0.5125000,0.3182822,-0.1651071,0.0000000},
{0.6035956,0.7642665,0.1436648,0.5339832,0.7462957,0.1379619,0.6225158,0.9186352,0.1942242,0.7297829,1.0041954,0.2252752,0.7002674,0.9169192,0.3244241,0.7144000,0.8455000,0.4769000,0.6794000,0.6830000,0.3632000,0.7180000,0.6157000,0.2737000,0.7323000,0.5599000,0.3813000,0.8218000,0.4693000,0.5131000,0.3182822,-0.1651071,0.0000000},
{0.6038964,0.7659873,0.1422412,0.5340559,0.7481806,0.1363250,0.6226139,0.9189418,0.1942162,0.7294388,1.0038318,0.2250710,0.7004386,0.9179914,0.3240330,0.7142000,0.8468000,0.4761000,0.6788000,0.6841000,0.3628000,0.7172000,0.6165000,0.2737000,0.7312000,0.5610000,0.3814000,0.8202000,0.4704000,0.5137000,0.3182822,-0.1651071,0.0000000},
{0.6041949,0.7676082,0.1408855,0.5341658,0.7504249,0.1343521,0.6226706,0.9191187,0.1942117,0.7289655,1.0033302,0.2247910,0.7005838,0.9188886,0.3237077,0.7140000,0.8480000,0.4753000,0.6782000,0.6852000,0.3625000,0.7165000,0.6172000,0.2736000,0.7302000,0.5620000,0.3814000,0.8185000,0.4714000,0.5142000,0.3182822,-0.1651071,0.0000000},
{0.6045043,0.7692066,0.1395344,0.5342931,0.7525357,0.1324720,0.6226280,0.9189857,0.1942151,0.7283743,1.0027012,0.2244425,0.7007247,0.9197493,0.3233975,0.7137000,0.8493000,0.4745000,0.6776000,0.6862000,0.3622000,0.7158000,0.6180000,0.2735000,0.7292000,0.5630000,0.3816000,0.8170000,0.4725000,0.5148000,0.3182822,-0.1651071,0.0000000},
{0.6048075,0.7707019,0.1382571,0.5344446,0.7546494,0.1305648,0.6225576,0.9187660,0.1942208,0.7277037,1.0019844,0.2240491,0.7008655,0.9206004,0.3230924,0.7132000,0.8504000,0.4735000,0.6769000,0.6871000,0.3618000,0.7151000,0.6186000,0.2734000,0.7282000,0.5638000,0.3817000,0.8154000,0.4735000,0.5153000,0.3182822,-0.1651071,0.0000000},
{0.6051150,0.7721530,0.1370048,0.5346021,0.7565508,0.1288273,0.6224556,0.9184469,0.1942291,0.7270382,1.0012696,0.2236605,0.7009784,0.9212762,0.3228514,0.7127000,0.8515000,0.4726000,0.6762000,0.6879000,0.3614000,0.7144000,0.6191000,0.2732000,0.7272000,0.5648000,0.3817000,0.8139000,0.4745000,0.5159000,0.3182822,-0.1651071,0.0000000},
{0.6054104,0.7734910,0.1358386,0.5347682,0.7583277,0.1271844,0.6223020,0.9179651,0.1942419,0.7262770,1.0004476,0.2232183,0.7010821,0.9218913,0.3226330,0.7119000,0.8525000,0.4716000,0.6755000,0.6887000,0.3609000,0.7137000,0.6196000,0.2731000,0.7263000,0.5655000,0.3818000,0.8124000,0.4755000,0.5164000,0.3182822,-0.1651071,0.0000000},
{0.6057105,0.7747984,0.1346882,0.5349398,0.7599834,0.1256362,0.6221540,0.9174996,0.1942544,0.7255222,0.9996281,0.2227823,0.7012059,0.9226204,0.3223753,0.7110000,0.8533000,0.4705000,0.6747000,0.6893000,0.3603000,0.7130000,0.6201000,0.2730000,0.7254000,0.5663000,0.3817000,0.8110000,0.4764000,0.5169000,0.3182822,-0.1651071,0.0000000},
{0.6060659,0.7762853,0.1333661,0.5351816,0.7620824,0.1236488,0.6219591,0.9168841,0.1942714,0.7247581,0.9987939,0.2223434,0.7013040,0.9231928,0.3221738,0.7100000,0.8541000,0.4695000,0.6739000,0.6898000,0.3597000,0.7124000,0.6204000,0.2728000,0.7245000,0.5669000,0.3818000,0.8096000,0.4774000,0.5173000,0.3182822,-0.1651071,0.0000000},
{0.6064926,0.7779899,0.1318320,0.5354024,0.7638165,0.1219851,0.6218150,0.9164274,0.1942842,0.7240658,0.9980341,0.2219479,0.7013869,0.9236737,0.3220052,0.7088000,0.8549000,0.4685000,0.6730000,0.6904000,0.3591000,0.7118000,0.6206000,0.2725000,0.7235000,0.5676000,0.3817000,0.8082000,0.4783000,0.5178000,0.3182822,-0.1651071,0.0000000}
};
