fitErrPi Mean = 0.318282
fitErrTh Mean = 0.0218014
fitErrWr Mean = 0.0170838
fitErrLA Mean = 0.0123553
fitErrEl Mean = 0.0124208
fitErrUA Mean = 0.0660477
efPts = {
{0.7503185,0.3708263,0.2539252,0.5947900,0.8157312,0.0755345,1.0179679,0.9189097,0.2302706,1.0093191,0.9412544,0.5198669,0.9416345,0.6755846,0.5818344,0.6986000,0.7176000,0.5189000,0.7334000,0.5718000,0.4024000,0.7426000,0.5726000,0.2847000,0.7992000,0.5105000,0.3860000,0.9245000,0.4324000,0.4806000,0.3182822,-0.0000000,-0.0000000},
{0.7502365,0.3708438,0.2539509,0.7682122,0.3141869,0.2537466,0.6280765,0.4532641,0.2698112,0.5773525,0.5815572,0.2592536,0.6220607,0.6764612,0.3680581,0.6987000,0.7168000,0.5188000,0.7335000,0.5710000,0.4022000,0.7426000,0.5722000,0.2846000,0.7994000,0.5096000,0.3859000,0.9246000,0.4316000,0.4805000,0.3182822,-0.0000000,-0.0000000},
{0.7500034,0.3708939,0.2540238,0.7676477,0.3142372,0.2539219,0.6279640,0.4534394,0.2697555,0.5772993,0.5820805,0.2589375,0.6219741,0.6763147,0.3680570,0.6988000,0.7161000,0.5187000,0.7336000,0.5704000,0.4020000,0.7426000,0.5718000,0.2846000,0.7997000,0.5087000,0.3857000,0.9245000,0.4309000,0.4805000,0.3182822,-0.0000000,-0.0000000},
{0.7495836,0.3709852,0.2541547,0.7667910,0.3143181,0.2541857,0.6277130,0.4538316,0.2696309,0.5772348,0.5827250,0.2585495,0.6219398,0.6762566,0.3680566,0.6989000,0.7155000,0.5185000,0.7337000,0.5700000,0.4016000,0.7427000,0.5714000,0.2845000,0.7999000,0.5077000,0.3856000,0.9244000,0.4301000,0.4805000,0.3182822,-0.0000000,-0.0000000},
{0.7489623,0.3711229,0.2543472,0.7658828,0.3144096,0.2544626,0.6274494,0.4542446,0.2694998,0.5771573,0.5835184,0.2580736,0.6219107,0.6762072,0.3680563,0.6990000,0.7150000,0.5183000,0.7338000,0.5697000,0.4013000,0.7427000,0.5710000,0.2844000,0.7999000,0.5077000,0.3856000,0.9242000,0.4294000,0.4805000,0.3182822,-0.0000000,-0.0000000},
{0.7482922,0.3712750,0.2545533,0.7647524,0.3145318,0.2548033,0.6271002,0.4547940,0.2693256,0.5770877,0.5842482,0.2576376,0.6219195,0.6762222,0.3680564,0.6990000,0.7145000,0.5180000,0.7337000,0.5694000,0.4010000,0.7427000,0.5707000,0.2844000,0.7999000,0.5072000,0.3856000,0.9240000,0.4287000,0.4806000,0.3182822,-0.0000000,-0.0000000},
{0.7473403,0.3714973,0.2548433,0.7633294,0.3146985,0.2552260,0.6267239,0.4553890,0.2691373,0.5770104,0.5850804,0.2571425,0.6219477,0.6762700,0.3680567,0.6990000,0.7141000,0.5177000,0.7336000,0.5690000,0.4007000,0.7428000,0.5703000,0.2843000,0.7997000,0.5066000,0.3855000,0.9237000,0.4280000,0.4808000,0.3182822,-0.0000000,-0.0000000},
{0.7461612,0.3717827,0.2551982,0.7616009,0.3149202,0.2557303,0.6263027,0.4560581,0.2689258,0.5769351,0.5859144,0.2566485,0.6219661,0.6763010,0.3680569,0.6990000,0.7137000,0.5175000,0.7335000,0.5688000,0.4004000,0.7428000,0.5699000,0.2842000,0.7996000,0.5062000,0.3855000,0.9234000,0.4273000,0.4809000,0.3182822,-0.0000000,-0.0000000},
{0.7447453,0.3721402,0.2556179,0.7597092,0.3151867,0.2562708,0.6257864,0.4568835,0.2686655,0.5768549,0.5868284,0.2561096,0.6219884,0.6763389,0.3680572,0.6990000,0.7133000,0.5173000,0.7334000,0.5686000,0.4000000,0.7429000,0.5695000,0.2842000,0.7994000,0.5059000,0.3854000,0.9230000,0.4266000,0.4812000,0.3182822,-0.0000000,-0.0000000},
{0.7431352,0.3725661,0.2560869,0.7573549,0.3155526,0.2569272,0.6252467,0.4577523,0.2683921,0.5767613,0.5879346,0.2554609,0.6220380,0.6764228,0.3680578,0.6989000,0.7128000,0.5171000,0.7332000,0.5683000,0.3998000,0.7429000,0.5691000,0.2841000,0.7991000,0.5055000,0.3853000,0.9225000,0.4260000,0.4814000,0.3182822,-0.0000000,-0.0000000},
{0.7413163,0.3730718,0.2566059,0.7548157,0.3159893,0.2576151,0.6246007,0.4588002,0.2680631,0.5766619,0.5891596,0.2547468,0.6221400,0.6765955,0.3680590,0.6989000,0.7125000,0.5170000,0.7330000,0.5681000,0.3996000,0.7429000,0.5687000,0.2841000,0.7989000,0.5051000,0.3853000,0.9220000,0.4254000,0.4817000,0.3182822,-0.0000000,-0.0000000},
{0.7393966,0.3736335,0.2571416,0.7523077,0.3164628,0.2582743,0.6239040,0.4599405,0.2677060,0.5765529,0.5905725,0.2539289,0.6222213,0.6767330,0.3680600,0.6988000,0.7122000,0.5169000,0.7328000,0.5680000,0.3994000,0.7430000,0.5683000,0.2840000,0.7986000,0.5048000,0.3853000,0.9215000,0.4248000,0.4821000,0.3182822,-0.0000000,-0.0000000},
{0.7372938,0.3742815,0.2577140,0.7496857,0.3170019,0.2589425,0.6231303,0.4612193,0.2673068,0.5764474,0.5920193,0.2530976,0.6224166,0.6770628,0.3680626,0.6988000,0.7120000,0.5168000,0.7325000,0.5679000,0.3992000,0.7430000,0.5680000,0.2839000,0.7982000,0.5045000,0.3854000,0.9209000,0.4243000,0.4824000,0.3182822,-0.0000000,-0.0000000},
{0.7351110,0.3749900,0.2582928,0.7468430,0.3176365,0.2596431,0.6222972,0.4626112,0.2668737,0.5763349,0.5936641,0.2521602,0.6226901,0.6775240,0.3680666,0.6987000,0.7118000,0.5167000,0.7322000,0.5679000,0.3991000,0.7431000,0.5676000,0.2839000,0.7979000,0.5043000,0.3855000,0.9202000,0.4237000,0.4828000,0.3182822,-0.0000000,-0.0000000},
{0.7327131,0.3758101,0.2589104,0.7439661,0.3183311,0.2603270,0.6214168,0.4640990,0.2664124,0.5762257,0.5953829,0.2511892,0.6229968,0.6780400,0.3680715,0.6986000,0.7118000,0.5167000,0.7320000,0.5679000,0.3990000,0.7431000,0.5672000,0.2838000,0.7975000,0.5041000,0.3856000,0.9194000,0.4233000,0.4833000,0.3182822,-0.0000000,-0.0000000},
{0.7301526,0.3767335,0.2595491,0.7407956,0.3191565,0.2610521,0.6204341,0.4657812,0.2658927,0.5761203,0.5971867,0.2501794,0.6233087,0.6785636,0.3680770,0.6985000,0.7119000,0.5167000,0.7316000,0.5681000,0.3990000,0.7431000,0.5668000,0.2837000,0.7971000,0.5039000,0.3857000,0.9186000,0.4227000,0.4837000,0.3182822,-0.0000000,-0.0000000},
{0.7274560,0.3777588,0.2601988,0.7375878,0.3200548,0.2617557,0.6193488,0.4676658,0.2653131,0.5760124,0.5992222,0.2490513,0.6236836,0.6791911,0.3680842,0.6983000,0.7120000,0.5167000,0.7312000,0.5683000,0.3990000,0.7432000,0.5664000,0.2837000,0.7966000,0.5038000,0.3858000,0.9177000,0.4222000,0.4842000,0.3182822,-0.0000000,-0.0000000},
{0.7245264,0.3789335,0.2608782,0.7342577,0.3210534,0.2624544,0.6181623,0.4697590,0.2646722,0.5759089,0.6014209,0.2478460,0.6241440,0.6799594,0.3680941,0.6981000,0.7122000,0.5168000,0.7308000,0.5685000,0.3989000,0.7432000,0.5660000,0.2836000,0.7959000,0.5038000,0.3859000,0.9167000,0.4218000,0.4847000,0.3182822,-0.0000000,-0.0000000},
{0.7214147,0.3802501,0.2615700,0.7307991,0.3221609,0.2631466,0.6169393,0.4719540,0.2640035,0.5758124,0.6037877,0.2465638,0.6245738,0.6806741,0.3681042,0.6979000,0.7124000,0.5168000,0.7303000,0.5689000,0.3989000,0.7432000,0.5656000,0.2836000,0.7955000,0.5038000,0.3860000,0.9156000,0.4213000,0.4852000,0.3182822,-0.0000000,-0.0000000},
{0.7181076,0.3817263,0.2622717,0.7271090,0.3234205,0.2638479,0.6155221,0.4745463,0.2632181,0.5757260,0.6063238,0.2452072,0.6251283,0.6815927,0.3681186,0.6976000,0.7127000,0.5168000,0.7298000,0.5692000,0.3988000,0.7433000,0.5652000,0.2835000,0.7947000,0.5039000,0.3862000,0.9145000,0.4210000,0.4858000,0.3182822,-0.0000000,-0.0000000},
{0.7145778,0.3833888,0.2629829,0.7231149,0.3248732,0.2645643,0.6141267,0.4771520,0.2624332,0.5756512,0.6091022,0.2437413,0.6257038,0.6825420,0.3681351,0.6974000,0.7131000,0.5169000,0.7293000,0.5697000,0.3988000,0.7433000,0.5649000,0.2834000,0.7941000,0.5040000,0.3863000,0.9133000,0.4207000,0.4864000,0.3182822,-0.0000000,-0.0000000},
{0.7108167,0.3852582,0.2636981,0.7189834,0.3264725,0.2652592,0.6125900,0.4800853,0.2615550,0.5755948,0.6120125,0.2422281,0.6263611,0.6836214,0.3681559,0.6971000,0.7137000,0.5168000,0.7286000,0.5703000,0.3988000,0.7434000,0.5645000,0.2834000,0.7933000,0.5042000,0.3865000,0.9120000,0.4205000,0.4869000,0.3182822,-0.0000000,-0.0000000},
{0.7069617,0.3872785,0.2643859,0.7147339,0.3282186,0.2659257,0.6110321,0.4831306,0.2606492,0.5755585,0.6151799,0.2406068,0.6268597,0.6844365,0.3681730,0.6969000,0.7143000,0.5168000,0.7280000,0.5709000,0.3987000,0.7434000,0.5641000,0.2833000,0.7925000,0.5044000,0.3866000,0.9108000,0.4203000,0.4876000,0.3182822,-0.0000000,-0.0000000},
{0.7030828,0.3894174,0.2650318,0.7102024,0.3301923,0.2665831,0.6094156,0.4863701,0.2596920,0.5755481,0.6184756,0.2389477,0.6280780,0.6864160,0.3682197,0.6966000,0.7151000,0.5167000,0.7274000,0.5718000,0.3986000,0.7434000,0.5637000,0.2832000,0.7917000,0.5047000,0.3868000,0.9094000,0.4203000,0.4881000,0.3182822,-0.0000000,-0.0000000},
{0.6987604,0.3919257,0.2656974,0.7056272,0.3323008,0.2671916,0.6077296,0.4898403,0.2586738,0.5755676,0.6220342,0.2371877,0.6288404,0.6876459,0.3682523,0.6963000,0.7160000,0.5165000,0.7266000,0.5725000,0.3985000,0.7435000,0.5633000,0.2832000,0.7908000,0.5049000,0.3870000,0.9081000,0.4202000,0.4887000,0.3182822,-0.0000000,-0.0000000},
{0.6948434,0.3943122,0.2662512,0.7009147,0.3345931,0.2677607,0.6060492,0.4933970,0.2576378,0.5756218,0.6257714,0.2353738,0.6296387,0.6889266,0.3682893,0.6960000,0.7170000,0.5163000,0.7259000,0.5735000,0.3984000,0.7435000,0.5629000,0.2831000,0.7899000,0.5053000,0.3872000,0.9067000,0.4203000,0.4893000,0.3182822,-0.0000000,-0.0000000},
{0.6908232,0.3968737,0.2667708,0.6960560,0.3370837,0.2682869,0.6043390,0.4971236,0.2565602,0.5757165,0.6297317,0.2334895,0.6306974,0.6906137,0.3683426,0.6957000,0.7182000,0.5161000,0.7251000,0.5745000,0.3984000,0.7436000,0.5625000,0.2830000,0.7889000,0.5058000,0.3874000,0.9054000,0.4204000,0.4899000,0.3182822,-0.0000000,-0.0000000},
{0.6865368,0.3997300,0.2672704,0.6910483,0.3397849,0.2687651,0.6026639,0.5008849,0.2554806,0.5758513,0.6337617,0.2316113,0.6317931,0.6923469,0.3684029,0.6954000,0.7195000,0.5158000,0.7242000,0.5757000,0.3982000,0.7436000,0.5622000,0.2830000,0.7880000,0.5062000,0.3876000,0.9040000,0.4206000,0.4905000,0.3182822,-0.0000000,-0.0000000},
{0.6823275,0.4026614,0.2677061,0.6861290,0.3425705,0.2691717,0.6009529,0.5048484,0.2543516,0.5760289,0.6378854,0.2297298,0.6328841,0.6940596,0.3684679,0.6950000,0.7209000,0.5154000,0.7234000,0.5768000,0.3981000,0.7436000,0.5618000,0.2829000,0.7870000,0.5066000,0.3877000,0.9026000,0.4209000,0.4911000,0.3182822,-0.0000000,-0.0000000},
{0.6780595,0.4057619,0.2680921,0.6810568,0.3455796,0.2695257,0.5991616,0.5091390,0.2531389,0.5762545,0.6421611,0.2278213,0.6341403,0.6960160,0.3685488,0.6946000,0.7224000,0.5149000,0.7224000,0.5780000,0.3979000,0.7437000,0.5614000,0.2829000,0.7861000,0.5072000,0.3878000,0.9012000,0.4212000,0.4917000,0.3182822,-0.0000000,-0.0000000},
{0.6737548,0.4090211,0.2684241,0.6759524,0.3487478,0.2698151,0.5975116,0.5132294,0.2519920,0.5765339,0.6466179,0.2258770,0.6353443,0.6978758,0.3686323,0.6943000,0.7240000,0.5143000,0.7215000,0.5794000,0.3976000,0.7437000,0.5610000,0.2828000,0.7851000,0.5077000,0.3879000,0.8999000,0.4216000,0.4923000,0.3182822,-0.0000000,-0.0000000},
{0.6695177,0.4123594,0.2686942,0.6711161,0.3518794,0.2700273,0.5957648,0.5177157,0.2507439,0.5768597,0.6511004,0.2239673,0.6366828,0.6999261,0.3687319,0.6940000,0.7257000,0.5137000,0.7204000,0.5807000,0.3973000,0.7437000,0.5606000,0.2827000,0.7841000,0.5083000,0.3880000,0.8985000,0.4220000,0.4928000,0.3182822,-0.0000000,-0.0000000},
{0.6651895,0.4159048,0.2689113,0.6661982,0.3551937,0.2701811,0.5941017,0.5221495,0.2495204,0.5772426,0.6557301,0.2220421,0.6380027,0.7019303,0.3688368,0.6937000,0.7274000,0.5129000,0.7194000,0.5821000,0.3968000,0.7438000,0.5602000,0.2827000,0.7831000,0.5089000,0.3881000,0.8972000,0.4225000,0.4934000,0.3182822,-0.0000000,-0.0000000},
{0.6610282,0.4194438,0.2690634,0.6611732,0.3587162,0.2702733,0.5924442,0.5267405,0.2482637,0.5776708,0.6603473,0.2201694,0.6394102,0.7040492,0.3689559,0.6934000,0.7293000,0.5122000,0.7184000,0.5835000,0.3964000,0.7438000,0.5598000,0.2826000,0.7821000,0.5094000,0.3882000,0.8958000,0.4230000,0.4940000,0.3182822,-0.0000000,-0.0000000},
{0.6568900,0.4230919,0.2691587,0.6561328,0.3623885,0.2702995,0.5908756,0.5312591,0.2470367,0.5781501,0.6650176,0.2183222,0.6408856,0.7062501,0.3690885,0.6931000,0.7312000,0.5114000,0.7172000,0.5851000,0.3958000,0.7439000,0.5595000,0.2825000,0.7811000,0.5100000,0.3882000,0.8944000,0.4236000,0.4945000,0.3182822,-0.0000000,-0.0000000},
{0.6527468,0.4268749,0.2691973,0.6510994,0.3661958,0.2702587,0.5892848,0.5360321,0.2457510,0.5786922,0.6698315,0.2164673,0.6423150,0.7083631,0.3692244,0.6928000,0.7332000,0.5105000,0.7161000,0.5867000,0.3953000,0.7439000,0.5591000,0.2825000,0.7802000,0.5107000,0.3883000,0.8930000,0.4243000,0.4951000,0.3182822,-0.0000000,-0.0000000},
{0.6485337,0.4308584,0.2691772,0.6461735,0.3700588,0.2701534,0.5877808,0.5407395,0.2444932,0.5792809,0.6746334,0.2146658,0.6438283,0.7105801,0.3693760,0.6924000,0.7352000,0.5096000,0.7150000,0.5884000,0.3948000,0.7439000,0.5587000,0.2824000,0.7791000,0.5113000,0.3884000,0.8917000,0.4249000,0.4956000,0.3182822,-0.0000000,-0.0000000},
{0.6445648,0.4347395,0.2691025,0.6412425,0.3740633,0.2699823,0.5863098,0.5455476,0.2432188,0.5799347,0.6795659,0.2128655,0.6453065,0.7127263,0.3695317,0.6921000,0.7373000,0.5087000,0.7139000,0.5901000,0.3941000,0.7440000,0.5583000,0.2824000,0.7780000,0.5120000,0.3884000,0.8903000,0.4256000,0.4961000,0.3182822,-0.0000000,-0.0000000},
{0.6405142,0.4388319,0.2689690,0.6363980,0.3781332,0.2697495,0.5848799,0.5504378,0.2419331,0.5806197,0.6843755,0.2111584,0.6467601,0.7148183,0.3696920,0.6917000,0.7393000,0.5076000,0.7127000,0.5918000,0.3935000,0.7440000,0.5579000,0.2823000,0.7769000,0.5127000,0.3883000,0.8890000,0.4264000,0.4967000,0.3182822,-0.0000000,-0.0000000},
{0.6365601,0.4429580,0.2687817,0.6317211,0.3821923,0.2694627,0.5835040,0.5553700,0.2406468,0.5813660,0.6892811,0.2094658,0.6482240,0.7169071,0.3698603,0.6913000,0.7413000,0.5066000,0.7117000,0.5936000,0.3926000,0.7441000,0.5575000,0.2822000,0.7759000,0.5133000,0.3883000,0.8877000,0.4271000,0.4971000,0.3182822,-0.0000000,-0.0000000},
{0.6326523,0.4471666,0.2685398,0.6269597,0.3864580,0.2691071,0.5821957,0.5602933,0.2393731,0.5821406,0.6940713,0.2078598,0.6497256,0.7190314,0.3700401,0.6909000,0.7433000,0.5056000,0.7106000,0.5954000,0.3918000,0.7441000,0.5571000,0.2822000,0.7749000,0.5140000,0.3883000,0.8865000,0.4278000,0.4975000,0.3182822,-0.0000000,-0.0000000},
{0.6289295,0.4513001,0.2682554,0.6224417,0.3906324,0.2687091,0.5809590,0.5651852,0.2381174,0.5829683,0.6989075,0.2062850,0.6511364,0.7210107,0.3702154,0.6906000,0.7453000,0.5046000,0.7095000,0.5971000,0.3910000,0.7441000,0.5568000,0.2821000,0.7739000,0.5146000,0.3882000,0.8852000,0.4285000,0.4980000,0.3182822,-0.0000000,-0.0000000},
{0.6251490,0.4556253,0.2679110,0.6179271,0.3949295,0.2682514,0.5797335,0.5702947,0.2368163,0.5838354,0.7037110,0.2047666,0.6525332,0.7229547,0.3703951,0.6903000,0.7472000,0.5035000,0.7086000,0.5990000,0.3900000,0.7441000,0.5568000,0.2821000,0.7730000,0.5152000,0.3881000,0.8840000,0.4293000,0.4984000,0.3182822,-0.0000000,-0.0000000},
{0.6215274,0.4598933,0.2675270,0.6134728,0.3992955,0.2677395,0.5785765,0.5753950,0.2355280,0.5847358,0.7084578,0.2033107,0.6539640,0.7249303,0.3705852,0.6900000,0.7491000,0.5024000,0.7077000,0.6008000,0.3891000,0.7436000,0.5574000,0.2820000,0.7721000,0.5159000,0.3879000,0.8828000,0.4300000,0.4987000,0.3182822,-0.0000000,-0.0000000},
{0.6178768,0.4643227,0.2670846,0.6090252,0.4037829,0.2671672,0.5774719,0.5805567,0.2342347,0.5856926,0.7132700,0.2018795,0.6554171,0.7269208,0.3707844,0.6897000,0.7511000,0.5014000,0.7068000,0.6026000,0.3881000,0.7433000,0.5586000,0.2813000,0.7712000,0.5165000,0.3878000,0.8815000,0.4307000,0.4991000,0.3182822,-0.0000000,-0.0000000},
{0.6143534,0.4687235,0.2666030,0.6046262,0.4083507,0.2665394,0.5764266,0.5857512,0.2329436,0.5866999,0.7181134,0.2004843,0.6568696,0.7288945,0.3709897,0.6894000,0.7530000,0.5003000,0.7060000,0.6044000,0.3872000,0.7429000,0.5596000,0.2809000,0.7703000,0.5172000,0.3876000,0.8803000,0.4315000,0.4995000,0.3182822,-0.0000000,-0.0000000},
{0.6109292,0.4731228,0.2660817,0.6002607,0.4130144,0.2658541,0.5754220,0.5910821,0.2316293,0.5877702,0.7230412,0.1991110,0.6583198,0.7308498,0.3712007,0.6891000,0.7550000,0.4993000,0.7053000,0.6062000,0.3863000,0.7427000,0.5606000,0.2806000,0.7695000,0.5179000,0.3874000,0.8791000,0.4322000,0.4999000,0.3182822,-0.0000000,-0.0000000},
{0.6075887,0.4775355,0.2655206,0.5959499,0.4177514,0.2651144,0.5744714,0.5964965,0.2303054,0.5888982,0.7280217,0.1977702,0.6597673,0.7327862,0.3714171,0.6888000,0.7570000,0.4984000,0.7045000,0.6081000,0.3855000,0.7420000,0.5612000,0.2805000,0.7686000,0.5186000,0.3874000,0.8778000,0.4331000,0.5003000,0.3182822,-0.0000000,-0.0000000},
{0.6043067,0.4819918,0.2649168,0.5917011,0.4225525,0.2643222,0.5736114,0.6017750,0.2290253,0.5900546,0.7329279,0.1964955,0.6613304,0.7348605,0.3716573,0.6886000,0.7590000,0.4976000,0.7038000,0.6100000,0.3848000,0.7420000,0.5626000,0.2799000,0.7677000,0.5195000,0.3872000,0.8765000,0.4339000,0.5008000,0.3182822,-0.0000000,-0.0000000},
{0.6011681,0.4863701,0.2642886,0.5875744,0.4273457,0.2634907,0.5728060,0.6071263,0.2277380,0.5912828,0.7379429,0.1952397,0.6628959,0.7369211,0.3719045,0.6884000,0.7610000,0.4967000,0.7030000,0.6118000,0.3840000,0.7413000,0.5632000,0.2797000,0.7667000,0.5203000,0.3871000,0.8751000,0.4348000,0.5012000,0.3182822,-0.0000000,-0.0000000},
{0.5980932,0.4907751,0.2636230,0.5834508,0.4322679,0.2625966,0.5720541,0.6125727,0.2264385,0.5925496,0.7429271,0.1940386,0.6644584,0.7389608,0.3721577,0.6881000,0.7629000,0.4960000,0.7023000,0.6137000,0.3834000,0.7413000,0.5644000,0.2793000,0.7658000,0.5212000,0.3869000,0.8737000,0.4357000,0.5016000,0.3182822,-0.0000000,-0.0000000},
{0.5950041,0.4953206,0.2629020,0.5793608,0.4372860,0.2616448,0.5713713,0.6180077,0.2251523,0.5938849,0.7479959,0.1928651,0.6660139,0.7409751,0.3724161,0.6879000,0.7648000,0.4952000,0.7016000,0.6156000,0.3827000,0.7409000,0.5653000,0.2789000,0.7650000,0.5219000,0.3869000,0.8723000,0.4366000,0.5020000,0.3182822,-0.0000000,-0.0000000},
{0.5919307,0.4999684,0.2621302,0.5754459,0.4422212,0.2606707,0.5707419,0.6235672,0.2238476,0.5952835,0.7531224,0.1917272,0.6675754,0.7429812,0.3726817,0.6877000,0.7667000,0.4944000,0.7009000,0.6175000,0.3819000,0.7405000,0.5663000,0.2785000,0.7641000,0.5229000,0.3867000,0.8710000,0.4375000,0.5025000,0.3182822,-0.0000000,-0.0000000},
{0.5888136,0.5048163,0.2612892,0.5714791,0.4473591,0.2596182,0.5701534,0.6294267,0.2224843,0.5967912,0.7584606,0.1905948,0.6691572,0.7449970,0.3729570,0.6875000,0.7686000,0.4936000,0.7003000,0.6194000,0.3811000,0.7400000,0.5673000,0.2783000,0.7632000,0.5236000,0.3867000,0.8697000,0.4385000,0.5030000,0.3182822,-0.0000000,-0.0000000},
{0.5856467,0.5098876,0.2603713,0.5674970,0.4526622,0.2584923,0.5696238,0.6355011,0.2210836,0.5984023,0.7639710,0.1894817,0.6708957,0.7471943,0.3732668,0.6872000,0.7705000,0.4928000,0.6998000,0.6213000,0.3804000,0.7394000,0.5684000,0.2781000,0.7624000,0.5247000,0.3866000,0.8684000,0.4394000,0.5035000,0.3182822,-0.0000000,-0.0000000},
{0.5825147,0.5150562,0.2593969,0.5635623,0.4580520,0.2573082,0.5691761,0.6415658,0.2196979,0.6001329,0.7696880,0.1883871,0.6726306,0.7493679,0.3735833,0.6871000,0.7725000,0.4919000,0.6993000,0.6233000,0.3795000,0.7387000,0.5694000,0.2779000,0.7615000,0.5255000,0.3866000,0.8671000,0.4403000,0.5040000,0.3182822,-0.0000000,-0.0000000},
{0.5795416,0.5201124,0.2584069,0.5596256,0.4636017,0.2560485,0.5687856,0.6480616,0.2182278,0.6019686,0.7755467,0.1873288,0.6744585,0.7516379,0.3739245,0.6869000,0.7746000,0.4910000,0.6988000,0.6252000,0.3788000,0.7380000,0.5706000,0.2778000,0.7608000,0.5264000,0.3866000,0.8659000,0.4412000,0.5044000,0.3182822,-0.0000000,-0.0000000},
{0.5762068,0.5259689,0.2572159,0.5556842,0.4693237,0.2547082,0.5684798,0.6547343,0.2167327,0.6040102,0.7818374,0.1862643,0.6764243,0.7540565,0.3743003,0.6868000,0.7767000,0.4901000,0.6983000,0.6271000,0.3780000,0.7373000,0.5718000,0.2778000,0.7600000,0.5273000,0.3867000,0.8647000,0.4421000,0.5049000,0.3182822,-0.0000000,-0.0000000},
{0.5729949,0.5318088,0.2559822,0.5517295,0.4752421,0.2532788,0.5682673,0.6615184,0.2152281,0.6061606,0.7882329,0.1852585,0.6784300,0.7565005,0.3746929,0.6867000,0.7788000,0.4893000,0.6979000,0.6291000,0.3773000,0.7367000,0.5729000,0.2778000,0.7593000,0.5283000,0.3868000,0.8635000,0.4430000,0.5054000,0.3182822,-0.0000000,-0.0000000},
{0.5698008,0.5378259,0.2546643,0.5477093,0.4814519,0.2517335,0.5681527,0.6684021,0.2137173,0.6083892,0.7946347,0.1843292,0.6805680,0.7590796,0.3751214,0.6867000,0.7810000,0.4885000,0.6975000,0.6310000,0.3765000,0.7360000,0.5740000,0.2778000,0.7584000,0.5292000,0.3868000,0.8623000,0.4440000,0.5059000,0.3182822,-0.0000000,-0.0000000},
{0.5666237,0.5440363,0.2532554,0.5436980,0.4878558,0.2500924,0.5681409,0.6755485,0.2121658,0.6106756,0.8009857,0.1834843,0.6827717,0.7617106,0.3755738,0.6867000,0.7831000,0.4877000,0.6971000,0.6328000,0.3759000,0.7354000,0.5750000,0.2778000,0.7575000,0.5302000,0.3869000,0.8611000,0.4449000,0.5062000,0.3182822,-0.0000000,-0.0000000},
{0.5634793,0.5504257,0.2517554,0.5396783,0.4944976,0.2483406,0.5682411,0.6828366,0.2106012,0.6131258,0.8075696,0.1826900,0.6849661,0.7643032,0.3760348,0.6868000,0.7853000,0.4870000,0.6967000,0.6346000,0.3752000,0.7347000,0.5761000,0.2778000,0.7568000,0.5311000,0.3870000,0.8600000,0.4459000,0.5067000,0.3182822,-0.0000000,-0.0000000},
{0.5603267,0.5570993,0.2501353,0.5356687,0.5013650,0.2464776,0.5684612,0.6903042,0.2090165,0.6156766,0.8142008,0.1819746,0.6872352,0.7669560,0.3765224,0.6870000,0.7874000,0.4863000,0.6962000,0.6363000,0.3746000,0.7339000,0.5771000,0.2778000,0.7560000,0.5320000,0.3870000,0.8589000,0.4468000,0.5071000,0.3182822,-0.0000000,-0.0000000},
{0.5572415,0.5639190,0.2484243,0.5316410,0.5085294,0.2444792,0.5687991,0.6977516,0.2074548,0.6183545,0.8209385,0.1813354,0.6895358,0.7696170,0.3770279,0.6872000,0.7894000,0.4857000,0.6958000,0.6380000,0.3741000,0.7332000,0.5781000,0.2779000,0.7553000,0.5328000,0.3871000,0.8578000,0.4477000,0.5075000,0.3182822,-0.0000000,-0.0000000},
{0.5542475,0.5708439,0.2466304,0.5276454,0.5159262,0.2423585,0.5692611,0.7052823,0.2058946,0.6211169,0.8276686,0.1807863,0.6919502,0.7723791,0.3775702,0.6874000,0.7915000,0.4850000,0.6953000,0.6395000,0.3736000,0.7326000,0.5790000,0.2778000,0.7546000,0.5337000,0.3871000,0.8568000,0.4486000,0.5079000,0.3182822,-0.0000000,-0.0000000},
{0.5513000,0.5779963,0.2447188,0.5237473,0.5234507,0.2401424,0.5698521,0.7129023,0.2043353,0.6240044,0.8344835,0.1803224,0.6943472,0.7750909,0.3781204,0.6878000,0.7935000,0.4844000,0.6948000,0.6410000,0.3732000,0.7319000,0.5799000,0.2779000,0.7539000,0.5344000,0.3871000,0.8557000,0.4494000,0.5082000,0.3182822,-0.0000000,-0.0000000},
{0.5484641,0.5852380,0.2427231,0.5199649,0.5310773,0.2378368,0.5705865,0.7207040,0.2027593,0.6269673,0.8412607,0.1799543,0.6967870,0.7778206,0.3786922,0.6881000,0.7955000,0.4838000,0.6942000,0.6424000,0.3728000,0.7313000,0.5808000,0.2778000,0.7532000,0.5353000,0.3871000,0.8547000,0.4503000,0.5085000,0.3182822,-0.0000000,-0.0000000},
{0.5456187,0.5929163,0.2405415,0.5163656,0.5386695,0.2354829,0.5714227,0.7282548,0.2012537,0.6299996,0.8479873,0.1796822,0.6992332,0.7805270,0.3792772,0.6884000,0.7975000,0.4833000,0.6937000,0.6437000,0.3724000,0.7308000,0.5818000,0.2778000,0.7524000,0.5360000,0.3872000,0.8537000,0.4511000,0.5089000,0.3182822,-0.0000000,-0.0000000},
{0.5430481,0.6002717,0.2383885,0.5126868,0.5468140,0.2328934,0.5723839,0.7358110,0.1997666,0.6331090,0.8546807,0.1795053,0.7017366,0.7832658,0.3798880,0.6888000,0.7995000,0.4829000,0.6931000,0.6449000,0.3720000,0.7302000,0.5827000,0.2778000,0.7517000,0.5369000,0.3872000,0.8527000,0.4519000,0.5092000,0.3182822,-0.0000000,-0.0000000},
{0.5405651,0.6078275,0.2361129,0.5091915,0.5549668,0.2302352,0.5734825,0.7434456,0.1982842,0.6362908,0.8613306,0.1794241,0.7042037,0.7859345,0.3805017,0.6891000,0.8014000,0.4825000,0.6925000,0.6463000,0.3716000,0.7297000,0.5838000,0.2778000,0.7510000,0.5377000,0.3872000,0.8517000,0.4527000,0.5095000,0.3182822,-0.0000000,-0.0000000},
{0.5382001,0.6155240,0.2337282,0.5057720,0.5634006,0.2274162,0.5746888,0.7509509,0.1968467,0.6395507,0.8679482,0.1794385,0.7067005,0.7886053,0.3811344,0.6895000,0.8033000,0.4822000,0.6918000,0.6475000,0.3714000,0.7292000,0.5848000,0.2778000,0.7503000,0.5386000,0.3872000,0.8507000,0.4534000,0.5098000,0.3182822,-0.0000000,-0.0000000},
{0.5360118,0.6231829,0.2312880,0.5026304,0.5716212,0.2246008,0.5759975,0.7583261,0.1954537,0.6428477,0.8744529,0.1795474,0.7090573,0.7910989,0.3817423,0.6899000,0.8052000,0.4819000,0.6911000,0.6488000,0.3711000,0.7288000,0.5857000,0.2779000,0.7496000,0.5393000,0.3872000,0.8496000,0.4542000,0.5102000,0.3182822,-0.0000000,-0.0000000},
{0.5339727,0.6309085,0.2287583,0.4996139,0.5800266,0.2216529,0.5774074,0.7655892,0.1941008,0.6461385,0.8807675,0.1797450,0.7115144,0.7936707,0.3823868,0.6903000,0.8071000,0.4816000,0.6903000,0.6499000,0.3708000,0.7283000,0.5867000,0.2778000,0.7487000,0.5402000,0.3872000,0.8485000,0.4550000,0.5105000,0.3182822,-0.0000000,-0.0000000},
{0.5321153,0.6385853,0.2261760,0.4967694,0.5885148,0.2186049,0.5789345,0.7728303,0.1927712,0.6495236,0.8870885,0.1800355,0.7138066,0.7960444,0.3829980,0.6907000,0.8088000,0.4813000,0.6895000,0.6510000,0.3706000,0.7278000,0.5877000,0.2778000,0.7478000,0.5410000,0.3872000,0.8473000,0.4558000,0.5108000,0.3182822,-0.0000000,-0.0000000},
{0.5304097,0.6463531,0.2234924,0.4941071,0.5970772,0.2154571,0.5805328,0.7798518,0.1915005,0.6528535,0.8931431,0.1804031,0.7160989,0.7983940,0.3836185,0.6910000,0.8106000,0.4809000,0.6886000,0.6521000,0.3702000,0.7272000,0.5887000,0.2777000,0.7470000,0.5418000,0.3871000,0.8462000,0.4566000,0.5111000,0.3182822,-0.0000000,-0.0000000},
{0.5288897,0.6540788,0.2207518,0.4916742,0.6055694,0.2122619,0.5821956,0.7866621,0.1902857,0.6561643,0.8990102,0.1808449,0.7183320,0.8006598,0.3842320,0.6913000,0.8123000,0.4805000,0.6877000,0.6531000,0.3699000,0.7266000,0.5897000,0.2776000,0.7462000,0.5426000,0.3870000,0.8449000,0.4574000,0.5114000,0.3182822,-0.0000000,-0.0000000},
{0.5275360,0.6618863,0.2179080,0.4894331,0.6141350,0.2089639,0.5839475,0.7933841,0.1891041,0.6594922,0.9047618,0.1813619,0.7205809,0.8029190,0.3848586,0.6916000,0.8139000,0.4801000,0.6866000,0.6540000,0.3696000,0.7260000,0.5907000,0.2774000,0.7453000,0.5435000,0.3869000,0.8437000,0.4583000,0.5117000,0.3182822,-0.0000000,-0.0000000},
{0.5263909,0.6695441,0.2150446,0.4874154,0.6226748,0.2055994,0.5857974,0.8000569,0.1879486,0.6628134,0.9103626,0.1819475,0.7226949,0.8050220,0.3854557,0.6919000,0.8156000,0.4796000,0.6854000,0.6550000,0.3693000,0.7253000,0.5916000,0.2772000,0.7445000,0.5443000,0.3868000,0.8424000,0.4591000,0.5120000,0.3182822,-0.0000000,-0.0000000},
{0.5254211,0.6772973,0.2120685,0.4855836,0.6313951,0.2020831,0.5876745,0.8064469,0.1868587,0.6660747,0.9157329,0.1825874,0.7248614,0.8071567,0.3860755,0.6922000,0.8173000,0.4791000,0.6842000,0.6558000,0.3689000,0.7247000,0.5926000,0.2771000,0.7435000,0.5451000,0.3867000,0.8411000,0.4599000,0.5123000,0.3182822,-0.0000000,-0.0000000},
{0.5246623,0.6848903,0.2090764,0.4840365,0.6398349,0.1986001,0.5895898,0.8126251,0.1858208,0.6693114,0.9209409,0.1832833,0.7269444,0.8091897,0.3866789,0.6925000,0.8190000,0.4785000,0.6829000,0.6567000,0.3687000,0.7242000,0.5935000,0.2771000,0.7426000,0.5459000,0.3867000,0.8398000,0.4607000,0.5127000,0.3182822,-0.0000000,-0.0000000},
{0.5241047,0.6923957,0.2060405,0.4826977,0.6484226,0.1949731,0.5915826,0.8187331,0.1848102,0.6725037,0.9259629,0.1840269,0.7290847,0.8112589,0.3873066,0.6929000,0.8208000,0.4779000,0.6816000,0.6577000,0.3684000,0.7236000,0.5945000,0.2770000,0.7416000,0.5467000,0.3866000,0.8384000,0.4615000,0.5130000,0.3182822,-0.0000000,-0.0000000},
{0.5237543,0.6996736,0.2030194,0.4816261,0.6568217,0.1913418,0.5935862,0.8245843,0.1838571,0.6756492,0.9308044,0.1848132,0.7312074,0.8132916,0.3879368,0.6932000,0.8225000,0.4773000,0.6794000,0.6584000,0.3678000,0.7228000,0.5954000,0.2770000,0.7406000,0.5475000,0.3865000,0.8370000,0.4624000,0.5134000,0.3182822,-0.0000000,-0.0000000},
{0.5236010,0.7068046,0.1999821,0.4808209,0.6649652,0.1877384,0.5956262,0.8302762,0.1829443,0.6788052,0.9355587,0.1856538,0.7332247,0.8152054,0.3885425,0.6936000,0.8243000,0.4766000,0.6784000,0.6596000,0.3674000,0.7221000,0.5963000,0.2769000,0.7396000,0.5483000,0.3865000,0.8356000,0.4633000,0.5138000,0.3182822,-0.0000000,-0.0000000},
{0.5236432,0.7138555,0.1969002,0.4802608,0.6730219,0.1840900,0.5977318,0.8358991,0.1820568,0.6818994,0.9401224,0.1865265,0.7353098,0.8171653,0.3891757,0.6939000,0.8261000,0.4759000,0.6774000,0.6607000,0.3670000,0.7212000,0.5973000,0.2768000,0.7386000,0.5493000,0.3865000,0.8342000,0.4642000,0.5142000,0.3182822,-0.0000000,-0.0000000},
{0.5238715,0.7205591,0.1938937,0.4799561,0.6807262,0.1805197,0.5998410,0.8413003,0.1812179,0.6850099,0.9446162,0.1874510,0.7372586,0.8189805,0.3897739,0.6941000,0.8278000,0.4752000,0.6766000,0.6619000,0.3665000,0.7202000,0.5983000,0.2767000,0.7376000,0.5501000,0.3864000,0.8327000,0.4653000,0.5147000,0.3182822,-0.0000000,-0.0000000},
{0.5242780,0.7270615,0.1909022,0.4798865,0.6880444,0.1770506,0.6019939,0.8465966,0.1804086,0.6880046,0.9488561,0.1883844,0.7391900,0.8207637,0.3903729,0.6943000,0.8296000,0.4745000,0.6757000,0.6633000,0.3661000,0.7193000,0.5992000,0.2765000,0.7367000,0.5510000,0.3863000,0.8311000,0.4662000,0.5151000,0.3182822,-0.0000000,-0.0000000},
{0.5248461,0.7332657,0.1879747,0.4800309,0.6950261,0.1736667,0.6041457,0.8516908,0.1796430,0.6910143,0.9530338,0.1893642,0.7410073,0.8224274,0.3909420,0.6945000,0.8313000,0.4739000,0.6751000,0.6648000,0.3657000,0.7183000,0.6001000,0.2764000,0.7356000,0.5519000,0.3863000,0.8296000,0.4672000,0.5155000,0.3182822,-0.0000000,-0.0000000},
{0.5255618,0.7391815,0.1851125,0.4803773,0.7017721,0.1703240,0.6062745,0.8565501,0.1789247,0.6939236,0.9569946,0.1903500,0.7428427,0.8240937,0.3915222,0.6947000,0.8331000,0.4732000,0.6744000,0.6663000,0.3653000,0.7174000,0.6010000,0.2763000,0.7345000,0.5529000,0.3863000,0.8280000,0.4682000,0.5160000,0.3182822,-0.0000000,-0.0000000},
{0.5263845,0.7446513,0.1824008,0.4809015,0.7081330,0.1671024,0.6084255,0.8612921,0.1782353,0.6967148,0.9607247,0.1913308,0.7446595,0.8257294,0.3921018,0.6949000,0.8349000,0.4726000,0.6737000,0.6677000,0.3650000,0.7165000,0.6019000,0.2762000,0.7333000,0.5539000,0.3863000,0.8264000,0.4692000,0.5164000,0.3182822,-0.0000000,-0.0000000},
{0.5273203,0.7498552,0.1797588,0.4816108,0.7143486,0.1638847,0.6104850,0.8656854,0.1776071,0.6994411,0.9643034,0.1923211,0.7463807,0.8272665,0.3926558,0.6951000,0.8367000,0.4719000,0.6729000,0.6692000,0.3646000,0.7157000,0.6030000,0.2761000,0.7321000,0.5548000,0.3863000,0.8246000,0.4702000,0.5169000,0.3182822,-0.0000000,-0.0000000},
{0.5283982,0.7549815,0.1770927,0.4824718,0.7202204,0.1607777,0.6124903,0.8698340,0.1770235,0.7020534,0.9676738,0.1932994,0.7480010,0.8287024,0.3931816,0.6953000,0.8385000,0.4712000,0.6722000,0.6707000,0.3643000,0.7149000,0.6040000,0.2759000,0.7310000,0.5559000,0.3862000,0.8229000,0.4712000,0.5173000,0.3182822,-0.0000000,-0.0000000},
{0.5295411,0.7597167,0.1745702,0.4834549,0.7257035,0.1578131,0.6145046,0.8738807,0.1764633,0.7045606,0.9708554,0.1942649,0.7495662,0.8300793,0.3936935,0.6954000,0.8403000,0.4706000,0.6713000,0.6721000,0.3639000,0.7142000,0.6051000,0.2759000,0.7298000,0.5570000,0.3861000,0.8212000,0.4722000,0.5178000,0.3182822,-0.0000000,-0.0000000},
{0.5307556,0.7641740,0.1721394,0.4845907,0.7310443,0.1548626,0.6164496,0.8776808,0.1759458,0.7069279,0.9738126,0.1952000,0.7510101,0.8313405,0.3941691,0.6956000,0.8421000,0.4699000,0.6704000,0.6736000,0.3635000,0.7133000,0.6062000,0.2758000,0.7286000,0.5580000,0.3861000,0.8194000,0.4732000,0.5182000,0.3182822,-0.0000000,-0.0000000},
{0.5320568,0.7684507,0.1697520,0.4857775,0.7358635,0.1521430,0.6184029,0.8813962,0.1754479,0.7092613,0.9766835,0.1961436,0.7524610,0.8325995,0.3946503,0.6956000,0.8438000,0.4692000,0.6697000,0.6749000,0.3632000,0.7125000,0.6072000,0.2758000,0.7274000,0.5590000,0.3861000,0.8177000,0.4742000,0.5187000,0.3182822,-0.0000000,-0.0000000},
{0.5333674,0.7723489,0.1675252,0.4870372,0.7403726,0.1495458,0.6202556,0.8848316,0.1749948,0.7114386,0.9793238,0.1970435,0.7536954,0.8336638,0.3950623,0.6957000,0.8454000,0.4686000,0.6689000,0.6764000,0.3628000,0.7117000,0.6083000,0.2758000,0.7261000,0.5600000,0.3861000,0.8159000,0.4752000,0.5191000,0.3182822,-0.0000000,-0.0000000},
{0.5347245,0.7760356,0.1653714,0.4883319,0.7445180,0.1471098,0.6220171,0.8880219,0.1745806,0.7134860,0.9817729,0.1979065,0.7549817,0.8347663,0.3954942,0.6957000,0.8469000,0.4679000,0.6683000,0.6777000,0.3624000,0.7109000,0.6094000,0.2753000,0.7249000,0.5611000,0.3861000,0.8141000,0.4761000,0.5196000,0.3182822,-0.0000000,-0.0000000},
{0.5360584,0.7793715,0.1633796,0.4896156,0.7482446,0.1448776,0.6237471,0.8910860,0.1741887,0.7153398,0.9839625,0.1987018,0.7560625,0.8356876,0.3958591,0.6956000,0.8485000,0.4673000,0.6677000,0.6792000,0.3620000,0.7100000,0.6106000,0.2751000,0.7236000,0.5620000,0.3862000,0.8124000,0.4771000,0.5200000,0.3182822,-0.0000000,-0.0000000},
{0.5373471,0.7823644,0.1615552,0.4908505,0.7515371,0.1428699,0.6252948,0.8937713,0.1738503,0.7170733,0.9859865,0.1994574,0.7571152,0.8365804,0.3962162,0.6956000,0.8500000,0.4667000,0.6672000,0.6807000,0.3617000,0.7092000,0.6116000,0.2750000,0.7223000,0.5630000,0.3862000,0.8106000,0.4780000,0.5205000,0.3182822,-0.0000000,-0.0000000},
{0.5385825,0.7850496,0.1598862,0.4920636,0.7545372,0.1410095,0.6267068,0.8961770,0.1735511,0.7186983,0.9878631,0.2001758,0.7580507,0.8373701,0.3965351,0.6956000,0.8515000,0.4662000,0.6667000,0.6820000,0.3614000,0.7084000,0.6125000,0.2750000,0.7210000,0.5640000,0.3863000,0.8090000,0.4790000,0.5210000,0.3182822,-0.0000000,-0.0000000},
{0.5398669,0.7876731,0.1582242,0.4932710,0.7573258,0.1392521,0.6279917,0.8983307,0.1732866,0.7201385,0.9895099,0.2008209,0.7589117,0.8380938,0.3968297,0.6955000,0.8530000,0.4656000,0.6662000,0.6832000,0.3612000,0.7076000,0.6134000,0.2750000,0.7198000,0.5649000,0.3863000,0.8072000,0.4800000,0.5213000,0.3182822,-0.0000000,-0.0000000},
{0.5411824,0.7902021,0.1565906,0.4944606,0.7599052,0.1376008,0.6291770,0.9002880,0.1730489,0.7214426,0.9909878,0.2014116,0.7597005,0.8387542,0.3971006,0.6954000,0.8543000,0.4651000,0.6657000,0.6845000,0.3609000,0.7067000,0.6142000,0.2751000,0.7185000,0.5658000,0.3864000,0.8056000,0.4810000,0.5218000,0.3182822,-0.0000000,-0.0000000},
{0.5423217,0.7922760,0.1552263,0.4956149,0.7622673,0.1360657,0.6302644,0.9020598,0.1728360,0.7225783,0.9922648,0.2019312,0.7604068,0.8393433,0.3973440,0.6952000,0.8557000,0.4647000,0.6650000,0.6857000,0.3608000,0.7059000,0.6150000,0.2751000,0.7173000,0.5666000,0.3865000,0.8040000,0.4818000,0.5222000,0.3182822,-0.0000000,-0.0000000},
{0.5436077,0.7944994,0.1537375,0.4967412,0.7644524,0.1346250,0.6312247,0.9036058,0.1726521,0.7236173,0.9934246,0.2024106,0.7609574,0.8398013,0.3975343,0.6949000,0.8568000,0.4642000,0.6644000,0.6867000,0.3606000,0.7051000,0.6157000,0.2751000,0.7163000,0.5675000,0.3865000,0.8026000,0.4827000,0.5227000,0.3182822,-0.0000000,-0.0000000},
{0.5448378,0.7965194,0.1523598,0.4978222,0.7664487,0.1332904,0.6322008,0.9051597,0.1724689,0.7245513,0.9944606,0.2028449,0.7614460,0.8402066,0.3977036,0.6944000,0.8579000,0.4638000,0.6637000,0.6878000,0.3605000,0.7044000,0.6164000,0.2751000,0.7152000,0.5683000,0.3866000,0.8011000,0.4836000,0.5232000,0.3182822,-0.0000000,-0.0000000},
{0.5461384,0.7985507,0.1509485,0.4989409,0.7684199,0.1319545,0.6330408,0.9064829,0.1723143,0.7253821,0.9953769,0.2032339,0.7617940,0.8404948,0.3978244,0.6939000,0.8589000,0.4633000,0.6630000,0.6886000,0.3603000,0.7036000,0.6171000,0.2750000,0.7141000,0.5690000,0.3866000,0.7998000,0.4844000,0.5235000,0.3182822,-0.0000000,-0.0000000},
{0.5475298,0.8006149,0.1494861,0.5000760,0.7703295,0.1306422,0.6338107,0.9076847,0.1721750,0.7260274,0.9960850,0.2035378,0.7621143,0.8407596,0.3979357,0.6932000,0.8597000,0.4629000,0.6622000,0.6894000,0.3600000,0.7028000,0.6175000,0.2749000,0.7131000,0.5696000,0.3866000,0.7984000,0.4852000,0.5239000,0.3182822,-0.0000000,-0.0000000},
{0.5489224,0.8025769,0.1480677,0.5012546,0.7722236,0.1293219,0.6344545,0.9086814,0.1720603,0.7265870,0.9966968,0.2038025,0.7623980,0.8409938,0.3980344,0.6926000,0.8606000,0.4624000,0.6614000,0.6900000,0.3598000,0.7021000,0.6180000,0.2747000,0.7121000,0.5702000,0.3866000,0.7971000,0.4859000,0.5242000,0.3182822,-0.0000000,-0.0000000},
{0.5503653,0.8045083,0.1466420,0.5024500,0.7740594,0.1280236,0.6350227,0.9095551,0.1719604,0.7270227,0.9971714,0.2040094,0.7625721,0.8411373,0.3980951,0.6919000,0.8613000,0.4620000,0.6606000,0.6907000,0.3595000,0.7014000,0.6185000,0.2746000,0.7112000,0.5709000,0.3865000,0.7958000,0.4866000,0.5244000,0.3182822,-0.0000000,-0.0000000},
{0.5519225,0.8064855,0.1451500,0.5037301,0.7759371,0.1266753,0.6354992,0.9102836,0.1718775,0.7272859,0.9974576,0.2041347,0.7626914,0.8412356,0.3981367,0.6912000,0.8621000,0.4615000,0.6598000,0.6913000,0.3592000,0.7007000,0.6189000,0.2745000,0.7103000,0.5714000,0.3865000,0.7946000,0.4873000,0.5246000,0.3182822,-0.0000000,-0.0000000},
{0.5535187,0.8084052,0.1436672,0.5050328,0.7777616,0.1253445,0.6358143,0.9107631,0.1718232,0.7274250,0.9976086,0.2042010,0.7626914,0.8412356,0.3981367,0.6905000,0.8628000,0.4611000,0.6591000,0.6920000,0.3590000,0.7000000,0.6193000,0.2744000,0.7094000,0.5720000,0.3864000,0.7934000,0.4880000,0.5248000,0.3182822,-0.0000000,-0.0000000},
{0.5551526,0.8102660,0.1421947,0.5064141,0.7796076,0.1239756,0.6361075,0.9112079,0.1717729,0.7274593,0.9976458,0.2042174,0.7626338,0.8411882,0.3981166,0.6898000,0.8635000,0.4606000,0.6583000,0.6926000,0.3587000,0.6993000,0.6198000,0.2742000,0.7085000,0.5725000,0.3863000,0.7923000,0.4886000,0.5250000,0.3182822,-0.0000000,-0.0000000},
{0.5568643,0.8121104,0.1406977,0.5080090,0.7816341,0.1224452,0.6362982,0.9114964,0.1717404,0.7273679,0.9975466,0.2041738,0.7626142,0.8411720,0.3981098,0.6892000,0.8641000,0.4602000,0.6576000,0.6931000,0.3584000,0.6987000,0.6201000,0.2740000,0.7076000,0.5729000,0.3863000,0.7912000,0.4893000,0.5252000,0.3182822,-0.0000000,-0.0000000},
{0.5587748,0.8140509,0.1390782,0.5098395,0.7838324,0.1207496,0.6364430,0.9117150,0.1717158,0.7272561,0.9974252,0.2041205,0.7624625,0.8410470,0.3980569,0.6884000,0.8647000,0.4597000,0.6568000,0.6937000,0.3582000,0.6980000,0.6205000,0.2739000,0.7067000,0.5734000,0.3862000,0.7901000,0.4899000,0.5254000,0.3182822,-0.0000000,-0.0000000},
{0.5607010,0.8158899,0.1374964,0.5115808,0.7858067,0.1191924,0.6365896,0.9119359,0.1716910,0.7271080,0.9972642,0.2040500,0.7621763,0.8408108,0.3979573,0.6876000,0.8653000,0.4592000,0.6560000,0.6941000,0.3579000,0.6973000,0.6208000,0.2737000,0.7060000,0.5739000,0.3861000,0.7890000,0.4904000,0.5256000,0.3182822,-0.0000000,-0.0000000},
{0.5624112,0.8174305,0.1361320,0.5128761,0.7872068,0.1180668,0.6367800,0.9122225,0.1716589,0.7270620,0.9972142,0.2040281,0.7619246,0.8406028,0.3978697,0.6867000,0.8658000,0.4587000,0.6553000,0.6945000,0.3576000,0.6967000,0.6210000,0.2736000,0.7053000,0.5743000,0.3860000,0.7879000,0.4911000,0.5257000,0.3182822,-0.0000000,-0.0000000},
{0.5636704,0.8185124,0.1351503,0.5138745,0.7882482,0.1172172,0.6368963,0.9123971,0.1716393,0.7270407,0.9971910,0.2040179,0.7616805,0.8404009,0.3977850,0.6857000,0.8662000,0.4582000,0.6545000,0.6948000,0.3572000,0.6961000,0.6213000,0.2734000,0.7046000,0.5748000,0.3859000,0.7869000,0.4916000,0.5259000,0.3182822,-0.0000000,-0.0000000},
{0.5647945,0.8194423,0.1342895,0.5145523,0.7889373,0.1166490,0.6368588,0.9123408,0.1716456,0.7269548,0.9970975,0.2039771,0.7615922,0.8403277,0.3977543,0.6847000,0.8666000,0.4577000,0.6538000,0.6952000,0.3569000,0.6955000,0.6215000,0.2733000,0.7037000,0.5751000,0.3859000,0.7858000,0.4922000,0.5261000,0.3182822,-0.0000000,-0.0000000}
};
