fitErrPi Mean = 0.318282
fitErrTh Mean = 0.0316179
fitErrWr Mean = 0.0183857
fitErrLA Mean = 0.0107336
fitErrEl Mean = 0.168782
fitErrUA Mean = 0.130801
efPts = {
{0.6840470,0.7704144,0.0924587,0.6666865,0.7392862,0.0529072,0.5176987,0.5202636,0.2659387,1.4075158,0.1510973,0.5401852,0.7946650,0.7428584,0.3773575,0.6412000,0.7678000,0.5039000,0.6556000,0.6256000,0.3913000,0.6873000,0.5956000,0.2772000,0.7138000,0.5475000,0.3886000,0.8146000,0.4554000,0.4926000,0.3182823,0.0000000,0.0000000},
{0.5855310,0.3765410,0.2689635,0.5683877,0.2936460,0.2844144,0.5174042,0.5209825,0.2659220,0.5337459,0.6316570,0.2539173,0.7946627,0.7429019,0.3773522,0.6420000,0.7676000,0.5042000,0.6563000,0.6255000,0.3915000,0.6879000,0.5955000,0.2773000,0.7141000,0.5473000,0.3886000,0.8148000,0.4551000,0.4924000,0.3182823,0.0000000,0.0000000},
{0.5841993,0.3776804,0.2696003,0.5661116,0.2957630,0.2853632,0.5170411,0.5218805,0.2659001,0.5344996,0.6322555,0.2539497,0.7946615,0.7429246,0.3773495,0.6427000,0.7674000,0.5045000,0.6569000,0.6255000,0.3916000,0.6885000,0.5954000,0.2773000,0.7149000,0.5476000,0.3885000,0.8149000,0.4549000,0.4923000,0.3182823,0.0000000,0.0000000},
{0.5826525,0.3790456,0.2703286,0.5633932,0.2984030,0.2864569,0.5165654,0.5230771,0.2658693,0.5354503,0.6330081,0.2539910,0.7946360,0.7434088,0.3772903,0.6435000,0.7674000,0.5047000,0.6574000,0.6256000,0.3917000,0.6891000,0.5954000,0.2774000,0.7152000,0.5476000,0.3885000,0.8151000,0.4546000,0.4922000,0.3182823,0.0000000,0.0000000},
{0.5808317,0.3807111,0.2711700,0.5604483,0.3014034,0.2875918,0.5159943,0.5245450,0.2658289,0.5366529,0.6339565,0.2540441,0.7946173,0.7437699,0.3772463,0.6443000,0.7675000,0.5050000,0.6579000,0.6258000,0.3917000,0.6897000,0.5953000,0.2774000,0.7154000,0.5476000,0.3884000,0.8152000,0.4543000,0.4921000,0.3182823,0.0000000,0.0000000},
{0.5789666,0.3824844,0.2720137,0.5574521,0.3046106,0.2886917,0.5152873,0.5264124,0.2657734,0.5377883,0.6348483,0.2540950,0.7945823,0.7444508,0.3771631,0.6451000,0.7676000,0.5051000,0.6582000,0.6261000,0.3917000,0.6903000,0.5952000,0.2774000,0.7157000,0.5475000,0.3884000,0.8153000,0.4540000,0.4919000,0.3182823,0.0000000,0.0000000},
{0.5767770,0.3846553,0.2729802,0.5541061,0.3083834,0.2898522,0.5144773,0.5286243,0.2657021,0.5390002,0.6357963,0.2541501,0.7945457,0.7451750,0.3770747,0.6460000,0.7678000,0.5053000,0.6586000,0.6264000,0.3916000,0.6909000,0.5952000,0.2775000,0.7160000,0.5474000,0.3882000,0.8153000,0.4537000,0.4917000,0.3182823,0.0000000,0.0000000},
{0.5744216,0.3871013,0.2739898,0.5508444,0.3122629,0.2909118,0.5135417,0.5312844,0.2656083,0.5404100,0.6368942,0.2542153,0.7945014,0.7460693,0.3769656,0.6468000,0.7681000,0.5053000,0.6589000,0.6267000,0.3914000,0.6914000,0.5951000,0.2775000,0.7162000,0.5473000,0.3880000,0.8154000,0.4534000,0.4916000,0.3182823,0.0000000,0.0000000},
{0.5717958,0.3899684,0.2750774,0.5473313,0.3166748,0.2919704,0.5125436,0.5342590,0.2654935,0.5419771,0.6381082,0.2542891,0.7944438,0.7472593,0.3768205,0.6478000,0.7683000,0.5054000,0.6593000,0.6271000,0.3912000,0.6920000,0.5950000,0.2776000,0.7163000,0.5472000,0.3879000,0.8154000,0.4530000,0.4914000,0.3182823,0.0000000,0.0000000},
{0.5690940,0.3930795,0.2761529,0.5439086,0.3212172,0.2929151,0.5114568,0.5376796,0.2653489,0.5443581,0.6399403,0.2544039,0.7943953,0.7482918,0.3766946,0.6488000,0.7686000,0.5054000,0.6595000,0.6276000,0.3910000,0.6926000,0.5950000,0.2776000,0.7164000,0.5471000,0.3876000,0.8153000,0.4526000,0.4912000,0.3182823,0.0000000,0.0000000},
{0.5661701,0.3966392,0.2772646,0.5404269,0.3260994,0.2937834,0.5103111,0.5415207,0.2651710,0.5466576,0.6416956,0.2545177,0.7943315,0.7496895,0.3765242,0.6498000,0.7690000,0.5054000,0.6598000,0.6281000,0.3907000,0.6932000,0.5949000,0.2777000,0.7165000,0.5470000,0.3874000,0.8152000,0.4521000,0.4910000,0.3182823,0.0000000,0.0000000},
{0.5631800,0.4004984,0.2783422,0.5364956,0.3319490,0.2946442,0.5091228,0.5458054,0.2649541,0.5492147,0.6436315,0.2546477,0.7942594,0.7513348,0.3763238,0.6508000,0.7694000,0.5054000,0.6602000,0.6287000,0.3903000,0.6938000,0.5949000,0.2777000,0.7166000,0.5469000,0.3872000,0.8152000,0.4516000,0.4908000,0.3182823,0.0000000,0.0000000},
{0.5598275,0.4051058,0.2794746,0.5325561,0.3381962,0.2953701,0.5077998,0.5510164,0.2646649,0.5519075,0.6456521,0.2547884,0.7941889,0.7530185,0.3761188,0.6519000,0.7700000,0.5054000,0.6605000,0.6294000,0.3898000,0.6944000,0.5948000,0.2777000,0.7167000,0.5467000,0.3870000,0.8151000,0.4512000,0.4906000,0.3182823,0.0000000,0.0000000},
{0.5564332,0.4100950,0.2805332,0.5287124,0.3446945,0.2959354,0.5065220,0.5566110,0.2643250,0.5548678,0.6478525,0.2549475,0.7941046,0.7551441,0.3758602,0.6530000,0.7707000,0.5053000,0.6607000,0.6303000,0.3893000,0.6950000,0.5947000,0.2778000,0.7168000,0.5466000,0.3867000,0.8149000,0.4507000,0.4904000,0.3182823,0.0000000,0.0000000},
{0.5528621,0.4157280,0.2815431,0.5249152,0.3515413,0.2963423,0.5053107,0.5625977,0.2639289,0.5579530,0.6501227,0.2551182,0.7940212,0.7573948,0.3755865,0.6542000,0.7716000,0.5051000,0.6610000,0.6313000,0.3888000,0.6956000,0.5947000,0.2778000,0.7168000,0.5466000,0.3863000,0.8146000,0.4502000,0.4902000,0.3182823,0.0000000,0.0000000},
{0.5493391,0.4217090,0.2824247,0.5211960,0.3587011,0.2965800,0.5041757,0.5690611,0.2634656,0.5612367,0.6525135,0.2553052,0.7939435,0.7596495,0.3753126,0.6553000,0.7724000,0.5049000,0.6612000,0.6324000,0.3882000,0.6961000,0.5946000,0.2779000,0.7168000,0.5465000,0.3860000,0.8144000,0.4498000,0.4900000,0.3182823,0.0000000,0.0000000},
{0.5457631,0.4282599,0.2831897,0.5174141,0.3664936,0.2966400,0.5031416,0.5760459,0.2629250,0.5647766,0.6550620,0.2555130,0.7938618,0.7622308,0.3749992,0.6566000,0.7733000,0.5047000,0.6615000,0.6335000,0.3875000,0.6967000,0.5945000,0.2779000,0.7167000,0.5465000,0.3857000,0.8142000,0.4494000,0.4898000,0.3182823,0.0000000,0.0000000},
{0.5421430,0.4354484,0.2838134,0.5137318,0.3746397,0.2965001,0.5022575,0.5834194,0.2623115,0.5685430,0.6577414,0.2557408,0.7937884,0.7647910,0.3746886,0.6579000,0.7743000,0.5045000,0.6618000,0.6347000,0.3868000,0.6973000,0.5945000,0.2779000,0.7166000,0.5464000,0.3854000,0.8139000,0.4489000,0.4896000,0.3182823,0.0000000,0.0000000},
{0.5385748,0.4431643,0.2842577,0.5100371,0.3834473,0.2961350,0.5015358,0.5913285,0.2616065,0.5725113,0.6605292,0.2559884,0.7937189,0.7675052,0.3743596,0.6593000,0.7752000,0.5042000,0.6621000,0.6360000,0.3860000,0.6979000,0.5944000,0.2780000,0.7164000,0.5464000,0.3851000,0.8135000,0.4484000,0.4894000,0.3182823,0.0000000,0.0000000},
{0.5351102,0.4513577,0.2844991,0.5064007,0.3928364,0.2955198,0.5010214,0.5996084,0.2608185,0.5767847,0.6634916,0.2562634,0.7936524,0.7704843,0.3739989,0.6607000,0.7761000,0.5040000,0.6625000,0.6372000,0.3852000,0.6985000,0.5943000,0.2780000,0.7164000,0.5464000,0.3848000,0.8132000,0.4479000,0.4893000,0.3182823,0.0000000,0.0000000},
{0.5317678,0.4600461,0.2845199,0.5030312,0.4022916,0.2946820,0.5007368,0.6082896,0.2599397,0.5812045,0.6665131,0.2565567,0.7935960,0.7734747,0.3736371,0.6622000,0.7771000,0.5038000,0.6628000,0.6385000,0.3844000,0.6991000,0.5943000,0.2781000,0.7162000,0.5463000,0.3844000,0.8129000,0.4474000,0.4891000,0.3182823,0.0000000,0.0000000},
{0.5286059,0.4691330,0.2843047,0.4996966,0.4125128,0.2935464,0.5007066,0.6172142,0.2589819,0.5859107,0.6696840,0.2568790,0.7935469,0.7766946,0.3732480,0.6638000,0.7781000,0.5036000,0.6632000,0.6398000,0.3835000,0.6997000,0.5942000,0.2781000,0.7162000,0.5463000,0.3840000,0.8125000,0.4467000,0.4889000,0.3182823,0.0000000,0.0000000},
{0.5257108,0.4783812,0.2838565,0.4967129,0.4225553,0.2922120,0.5009434,0.6263684,0.2579441,0.5908126,0.6729369,0.2572251,0.7935087,0.7800063,0.3728482,0.6654000,0.7791000,0.5033000,0.6635000,0.6410000,0.3827000,0.7003000,0.5942000,0.2781000,0.7161000,0.5462000,0.3835000,0.8121000,0.4461000,0.4887000,0.3182823,0.0000000,0.0000000},
{0.5230708,0.4878109,0.2831782,0.4939241,0.4329075,0.2906223,0.5014628,0.6357926,0.2568187,0.5958088,0.6762013,0.2575888,0.7934822,0.7834843,0.3724288,0.6672000,0.7802000,0.5031000,0.6639000,0.6422000,0.3816000,0.7008000,0.5941000,0.2782000,0.7159000,0.5461000,0.3829000,0.8117000,0.4455000,0.4885000,0.3182823,0.0000000,0.0000000},
{0.5206664,0.4974974,0.2822632,0.4913897,0.4433602,0.2888069,0.5022734,0.6453995,0.2556133,0.6009782,0.6795256,0.2579763,0.7934692,0.7872135,0.3719796,0.6690000,0.7813000,0.5029000,0.6643000,0.6435000,0.3809000,0.7008000,0.5941000,0.2782000,0.7156000,0.5460000,0.3824000,0.8111000,0.4449000,0.4883000,0.3182823,0.0000000,0.0000000},
{0.5185158,0.5073847,0.2811137,0.4890959,0.4539626,0.2867587,0.5033497,0.6549042,0.2543639,0.6065465,0.6830472,0.2584063,0.7934717,0.7907744,0.3715511,0.6708000,0.7825000,0.5027000,0.6646000,0.6449000,0.3800000,0.7016000,0.5951000,0.2768000,0.7153000,0.5460000,0.3817000,0.8105000,0.4443000,0.4881000,0.3182823,0.0000000,0.0000000},
{0.5166438,0.5173499,0.2797454,0.4870354,0.4647639,0.2844657,0.5047445,0.6647260,0.2530144,0.6120953,0.6864969,0.2588474,0.7934901,0.7945412,0.3710985,0.6727000,0.7838000,0.5025000,0.6651000,0.6462000,0.3792000,0.7022000,0.5955000,0.2765000,0.7150000,0.5460000,0.3812000,0.8100000,0.4437000,0.4879000,0.3182823,0.0000000,0.0000000},
{0.5151172,0.5269006,0.2782442,0.4852067,0.4758192,0.2819094,0.5064165,0.6745065,0.2516120,0.6178329,0.6900026,0.2593165,0.7935240,0.7982380,0.3706548,0.6746000,0.7850000,0.5024000,0.6656000,0.6476000,0.3785000,0.7029000,0.5961000,0.2760000,0.7147000,0.5459000,0.3807000,0.8094000,0.4429000,0.4878000,0.3182823,0.0000000,0.0000000},
{0.5136886,0.5377618,0.2763188,0.4836590,0.4868416,0.2791551,0.5083729,0.6843029,0.2501491,0.6236000,0.6934649,0.2598010,0.7935773,0.8021795,0.3701823,0.6765000,0.7862000,0.5023000,0.6664000,0.6489000,0.3778000,0.7033000,0.5967000,0.2755000,0.7145000,0.5458000,0.3804000,0.8089000,0.4423000,0.4877000,0.3182823,0.0000000,0.0000000},
{0.5125871,0.5485210,0.2741888,0.4823729,0.4979441,0.2761769,0.5106592,0.6942953,0.2485967,0.6296669,0.6970422,0.2603245,0.7936463,0.8060200,0.3697225,0.6784000,0.7874000,0.5022000,0.6670000,0.6500000,0.3772000,0.7038000,0.5973000,0.2753000,0.7142000,0.5457000,0.3801000,0.8083000,0.4416000,0.4877000,0.3182823,0.0000000,0.0000000},
{0.5118274,0.5586906,0.2719759,0.4813507,0.5091305,0.2729719,0.5131694,0.7040259,0.2470263,0.6358569,0.7006248,0.2608729,0.7937339,0.8099318,0.3692547,0.6803000,0.7886000,0.5021000,0.6676000,0.6511000,0.3767000,0.7038000,0.5980000,0.2751000,0.7140000,0.5457000,0.3799000,0.8077000,0.4410000,0.4877000,0.3182823,0.0000000,0.0000000},
{0.5113354,0.5689208,0.2695565,0.4806030,0.5202879,0.2695721,0.5159809,0.7138180,0.2453869,0.6420165,0.7041239,0.2614325,0.7938420,0.8139475,0.3687751,0.6822000,0.7898000,0.5021000,0.6682000,0.6521000,0.3762000,0.7038000,0.5986000,0.2750000,0.7136000,0.5456000,0.3797000,0.8070000,0.4405000,0.4878000,0.3182823,0.0000000,0.0000000},
{0.5111149,0.5791378,0.2669480,0.4801335,0.5312226,0.2660436,0.5189744,0.7232816,0.2437453,0.6482390,0.7075933,0.2620116,0.7939632,0.8178042,0.3683151,0.6841000,0.7910000,0.5021000,0.6688000,0.6533000,0.3757000,0.7037000,0.5992000,0.2745000,0.7131000,0.5455000,0.3795000,0.8063000,0.4400000,0.4878000,0.3182823,0.0000000,0.0000000},
{0.5111615,0.5891347,0.2642096,0.4799277,0.5419199,0.2624023,0.5221732,0.7325456,0.2420828,0.6546014,0.7110741,0.2626179,0.7941172,0.8220744,0.3678065,0.6861000,0.7922000,0.5022000,0.6693000,0.6546000,0.3753000,0.7035000,0.5996000,0.2741000,0.7126000,0.5455000,0.3791000,0.8055000,0.4396000,0.4878000,0.3182823,0.0000000,0.0000000},
{0.5114523,0.5987431,0.2614030,0.4799683,0.5521786,0.2587326,0.5255175,0.7414849,0.2404253,0.6608519,0.7144295,0.2632272,0.7942749,0.8259452,0.3673460,0.6880000,0.7935000,0.5023000,0.6687000,0.6557000,0.3747000,0.7031000,0.6001000,0.2737000,0.7121000,0.5456000,0.3788000,0.8046000,0.4392000,0.4877000,0.3182823,0.0000000,0.0000000},
{0.5119839,0.6082990,0.2584397,0.4802492,0.5625281,0.2548513,0.5290689,0.7502962,0.2387388,0.6672073,0.7177771,0.2638602,0.7944427,0.8296674,0.3669038,0.6900000,0.7949000,0.5024000,0.6693000,0.6571000,0.3745000,0.7028000,0.6005000,0.2733000,0.7116000,0.5457000,0.3785000,0.8038000,0.4388000,0.4877000,0.3182823,0.0000000,0.0000000},
{0.5127347,0.6175688,0.2553983,0.4807529,0.5725052,0.2509357,0.5327498,0.7588128,0.2370573,0.6735896,0.7210752,0.2645094,0.7946306,0.8334719,0.3664523,0.6921000,0.7962000,0.5024000,0.6699000,0.6586000,0.3744000,0.7022000,0.6009000,0.2729000,0.7110000,0.5458000,0.3783000,0.8030000,0.4384000,0.4878000,0.3182823,0.0000000,0.0000000},
{0.5137115,0.6267437,0.2522222,0.4814748,0.5822917,0.2469247,0.5366103,0.7671752,0.2353553,0.6798068,0.7242276,0.2651546,0.7948282,0.8371512,0.3660163,0.6940000,0.7976000,0.5024000,0.6705000,0.6598000,0.3743000,0.7016000,0.6013000,0.2727000,0.7106000,0.5458000,0.3782000,0.8022000,0.4381000,0.4878000,0.3182823,0.0000000,0.0000000},
{0.5148772,0.6355710,0.2490060,0.4823896,0.5917124,0.2428994,0.5405503,0.7751932,0.2336740,0.6860353,0.7273271,0.2658134,0.7950361,0.8407433,0.3655911,0.6959000,0.7989000,0.5024000,0.6710000,0.6611000,0.3744000,0.7011000,0.6018000,0.2725000,0.7102000,0.5458000,0.3781000,0.8014000,0.4379000,0.4879000,0.3182823,0.0000000,0.0000000},
{0.5162380,0.6441972,0.2457059,0.4835134,0.6010262,0.2387560,0.5447086,0.7831629,0.2319528,0.6924680,0.7304676,0.2665066,0.7952423,0.8440759,0.3651970,0.6977000,0.8002000,0.5022000,0.6714000,0.6623000,0.3743000,0.7005000,0.6023000,0.2724000,0.7096000,0.5459000,0.3780000,0.8005000,0.4376000,0.4879000,0.3182823,0.0000000,0.0000000},
{0.5177990,0.6526826,0.2423017,0.4847999,0.6099292,0.2346368,0.5489624,0.7908557,0.2302418,0.6985717,0.7333916,0.2671762,0.7954677,0.8475026,0.3647923,0.6994000,0.8015000,0.5020000,0.6717000,0.6632000,0.3742000,0.7000000,0.6027000,0.2721000,0.7090000,0.5458000,0.3778000,0.7996000,0.4373000,0.4880000,0.3182823,0.0000000,0.0000000},
{0.5195233,0.6608667,0.2388633,0.4862466,0.6185191,0.2305090,0.5533441,0.7983478,0.2285260,0.7048326,0.7363350,0.2678748,0.7957018,0.8508607,0.3643961,0.7010000,0.8028000,0.5016000,0.6719000,0.6643000,0.3741000,0.6996000,0.6031000,0.2717000,0.7085000,0.5457000,0.3776000,0.7988000,0.4372000,0.4882000,0.3182823,0.0000000,0.0000000},
{0.5213948,0.6687386,0.2354048,0.4878390,0.6267884,0.2263861,0.5578258,0.8056043,0.2268149,0.7109431,0.7391542,0.2685681,0.7959340,0.8540194,0.3640239,0.7025000,0.8042000,0.5011000,0.6720000,0.6651000,0.3738000,0.6991000,0.6035000,0.2714000,0.7078000,0.5457000,0.3775000,0.7979000,0.4370000,0.4884000,0.3182823,0.0000000,0.0000000},
{0.5233883,0.6762571,0.2319554,0.4895700,0.6347619,0.2222647,0.5623994,0.8126262,0.2251102,0.7170306,0.7419107,0.2692697,0.7961841,0.8572586,0.3636425,0.7039000,0.8056000,0.5007000,0.6720000,0.6661000,0.3735000,0.6987000,0.6038000,0.2710000,0.7073000,0.5457000,0.3773000,0.7970000,0.4370000,0.4887000,0.3182823,0.0000000,0.0000000},
{0.5255733,0.6837039,0.2283895,0.4914761,0.6426272,0.2180509,0.5670408,0.8193916,0.2234191,0.7230031,0.7445656,0.2699686,0.7964510,0.8605517,0.3632553,0.7053000,0.8071000,0.5001000,0.6719000,0.6669000,0.3732000,0.6984000,0.6042000,0.2706000,0.7068000,0.5459000,0.3771000,0.7962000,0.4370000,0.4891000,0.3182823,0.0000000,0.0000000},
{0.5278225,0.6906784,0.2249058,0.4934628,0.6500347,0.2139393,0.5717465,0.8259104,0.2217414,0.7288608,0.7471223,0.2706640,0.7967213,0.8637387,0.3628809,0.7067000,0.8086000,0.4995000,0.6716000,0.6678000,0.3729000,0.6982000,0.6045000,0.2701000,0.7062000,0.5459000,0.3769000,0.7952000,0.4370000,0.4894000,0.3182823,0.0000000,0.0000000},
{0.5302582,0.6975881,0.2213074,0.4955953,0.6572724,0.2097790,0.5764989,0.8321723,0.2200817,0.7348302,0.7496803,0.2713828,0.7969980,0.8668641,0.3625142,0.7080000,0.8102000,0.4989000,0.6712000,0.6685000,0.3725000,0.6981000,0.6048000,0.2697000,0.7055000,0.5461000,0.3767000,0.7944000,0.4371000,0.4897000,0.3182823,0.0000000,0.0000000},
{0.5327521,0.7040876,0.2177786,0.4978119,0.6641584,0.2056807,0.5813202,0.8382179,0.2184312,0.7407844,0.7521847,0.2721097,0.7972773,0.8698947,0.3621590,0.7093000,0.8117000,0.4982000,0.6706000,0.6693000,0.3721000,0.6981000,0.6051000,0.2692000,0.7050000,0.5463000,0.3766000,0.7934000,0.4372000,0.4901000,0.3182823,0.0000000,0.0000000},
{0.5353483,0.7103307,0.2142467,0.5001433,0.6708198,0.2015764,0.5861897,0.8440306,0.2167958,0.7464669,0.7545314,0.2728126,0.7975646,0.8728968,0.3618074,0.7104000,0.8132000,0.4975000,0.6699000,0.6700000,0.3718000,0.6981000,0.6054000,0.2688000,0.7043000,0.5465000,0.3764000,0.7924000,0.4374000,0.4905000,0.3182823,0.0000000,0.0000000},
{0.5380810,0.7164084,0.2106625,0.5025494,0.6771671,0.1975277,0.5910077,0.8495088,0.2152073,0.7522395,0.7568725,0.2735357,0.7978329,0.8756034,0.3614908,0.7115000,0.8146000,0.4968000,0.6692000,0.6707000,0.3714000,0.6981000,0.6057000,0.2686000,0.7037000,0.5466000,0.3763000,0.7913000,0.4376000,0.4909000,0.3182823,0.0000000,0.0000000},
{0.5408648,0.7221470,0.2071340,0.5048326,0.6827645,0.1938367,0.5958466,0.8547526,0.2136397,0.7577830,0.7590804,0.2742386,0.7980951,0.8781685,0.3611910,0.7124000,0.8159000,0.4962000,0.6684000,0.6716000,0.3710000,0.6979000,0.6061000,0.2678000,0.7029000,0.5469000,0.3762000,0.7902000,0.4379000,0.4913000,0.3182823,0.0000000,0.0000000},
{0.5436828,0.7275471,0.2036727,0.5074453,0.6887267,0.1897704,0.6005596,0.8596234,0.2121385,0.7631714,0.7611892,0.2749298,0.7983534,0.8806225,0.3609045,0.7131000,0.8171000,0.4955000,0.6679000,0.6723000,0.3706000,0.6982000,0.6065000,0.2674000,0.7022000,0.5473000,0.3760000,0.7890000,0.4382000,0.4918000,0.3182823,0.0000000,0.0000000},
{0.5465289,0.7326290,0.2002776,0.5100735,0.6943053,0.1858285,0.6053837,0.8643786,0.2106268,0.7683933,0.7631979,0.2756071,0.7986008,0.8829119,0.3606373,0.7138000,0.8183000,0.4950000,0.6674000,0.6732000,0.3701000,0.6984000,0.6069000,0.2672000,0.7015000,0.5477000,0.3759000,0.7878000,0.4385000,0.4922000,0.3182823,0.0000000,0.0000000},
{0.5494096,0.7374304,0.1969339,0.5126753,0.6994608,0.1820564,0.6100767,0.8687899,0.2091793,0.7735977,0.7651660,0.2762892,0.7988408,0.8850797,0.3603846,0.7144000,0.8194000,0.4944000,0.6671000,0.6740000,0.3697000,0.6987000,0.6075000,0.2670000,0.7009000,0.5482000,0.3758000,0.7866000,0.4389000,0.4926000,0.3182823,0.0000000,0.0000000},
{0.5523099,0.7419486,0.1936529,0.5152160,0.7041789,0.1784852,0.6146211,0.8728675,0.2077987,0.7784860,0.7669842,0.2769363,0.7990789,0.8871808,0.3601398,0.7150000,0.8206000,0.4939000,0.6669000,0.6750000,0.3694000,0.6989000,0.6080000,0.2668000,0.7002000,0.5486000,0.3758000,0.7855000,0.4393000,0.4930000,0.3182823,0.0000000,0.0000000},
{0.5552070,0.7461724,0.1904538,0.5178236,0.7087266,0.1749244,0.6190456,0.8766602,0.2064736,0.7833416,0.7687611,0.2775853,0.7993092,0.8891701,0.3599082,0.7156000,0.8218000,0.4934000,0.6667000,0.6760000,0.3691000,0.6991000,0.6086000,0.2667000,0.6994000,0.5492000,0.3757000,0.7842000,0.4397000,0.4934000,0.3182823,0.0000000,0.0000000},
{0.5580346,0.7500374,0.1874012,0.5203442,0.7128632,0.1715745,0.6232697,0.8801228,0.2052256,0.7878519,0.7703860,0.2781936,0.7995299,0.8910380,0.3596909,0.7163000,0.8231000,0.4930000,0.6665000,0.6770000,0.3688000,0.6991000,0.6092000,0.2666000,0.6987000,0.5498000,0.3756000,0.7830000,0.4402000,0.4938000,0.3182823,0.0000000,0.0000000},
{0.5608404,0.7536388,0.1844354,0.5228129,0.7166867,0.1683743,0.6273551,0.8833285,0.2040341,0.7921071,0.7718964,0.2787722,0.7997496,0.8928639,0.3594787,0.7170000,0.8244000,0.4926000,0.6664000,0.6780000,0.3686000,0.6992000,0.6099000,0.2665000,0.6979000,0.5503000,0.3756000,0.7819000,0.4408000,0.4942000,0.3182823,0.0000000,0.0000000},
{0.5636064,0.7569757,0.1815694,0.5252638,0.7202754,0.1652708,0.6311619,0.8861917,0.2029372,0.7959299,0.7732348,0.2792960,0.7999429,0.8944424,0.3592953,0.7178000,0.8258000,0.4923000,0.6663000,0.6791000,0.3684000,0.6992000,0.6105000,0.2665000,0.6972000,0.5510000,0.3756000,0.7806000,0.4414000,0.4946000,0.3182823,0.0000000,0.0000000},
{0.5662446,0.7599727,0.1788861,0.5275864,0.7234979,0.1623929,0.6348065,0.8888232,0.2018989,0.7995475,0.7744853,0.2797950,0.8001229,0.8958908,0.3591271,0.7185000,0.8271000,0.4920000,0.6661000,0.6802000,0.3683000,0.6991000,0.6114000,0.2665000,0.6953000,0.5515000,0.3754000,0.7794000,0.4420000,0.4950000,0.3182823,0.0000000,0.0000000},
{0.5687613,0.7626710,0.1763698,0.5298205,0.7264435,0.1596795,0.6380972,0.8911086,0.2009712,0.8025742,0.7755195,0.2802151,0.8002886,0.8972062,0.3589744,0.7193000,0.8284000,0.4917000,0.6659000,0.6812000,0.3681000,0.6990000,0.6122000,0.2665000,0.6947000,0.5523000,0.3753000,0.7782000,0.4427000,0.4954000,0.3182823,0.0000000,0.0000000},
{0.5712278,0.7651708,0.1739429,0.5319881,0.7291645,0.1570954,0.6411180,0.8931320,0.2001277,0.8056566,0.7765617,0.2806452,0.8004373,0.8983729,0.3588390,0.7200000,0.8296000,0.4915000,0.6658000,0.6825000,0.3680000,0.6988000,0.6131000,0.2665000,0.6942000,0.5532000,0.3754000,0.7770000,0.4435000,0.4959000,0.3182823,0.0000000,0.0000000},
{0.5735251,0.7673755,0.1717159,0.5340256,0.7316054,0.1547077,0.6439489,0.8949641,0.1993441,0.8082558,0.7774317,0.2810098,0.8005802,0.8994813,0.3587105,0.7207000,0.8308000,0.4913000,0.6657000,0.6838000,0.3679000,0.6986000,0.6141000,0.2667000,0.6937000,0.5541000,0.3754000,0.7758000,0.4444000,0.4964000,0.3182823,0.0000000,0.0000000},
{0.5756592,0.7693207,0.1696750,0.5358941,0.7337484,0.1525521,0.6465838,0.8966145,0.1986207,0.8104560,0.7781620,0.2813197,0.8007111,0.9004867,0.3585939,0.7214000,0.8320000,0.4909000,0.6658000,0.6849000,0.3678000,0.6983000,0.6151000,0.2667000,0.6932000,0.5552000,0.3755000,0.7746000,0.4452000,0.4969000,0.3182823,0.0000000,0.0000000},
{0.5776676,0.7710639,0.1677779,0.5376214,0.7356513,0.1505870,0.6489518,0.8980528,0.1979754,0.8127407,0.7789144,0.2816428,0.8008300,0.9013926,0.3584889,0.7220000,0.8333000,0.4905000,0.6658000,0.6861000,0.3676000,0.6981000,0.6161000,0.2667000,0.6928000,0.5563000,0.3756000,0.7734000,0.4462000,0.4973000,0.3182823,0.0000000,0.0000000},
{0.5796148,0.7726753,0.1659600,0.5392776,0.7374078,0.1487269,0.6510687,0.8993030,0.1974024,0.8143002,0.7794244,0.2818641,0.8009386,0.9022124,0.3583940,0.7224000,0.8345000,0.4899000,0.6659000,0.6874000,0.3672000,0.6979000,0.6172000,0.2667000,0.6922000,0.5573000,0.3755000,0.7723000,0.4471000,0.4977000,0.3182823,0.0000000,0.0000000},
{0.5814336,0.7741124,0.1642803,0.5407916,0.7389570,0.1470466,0.6529612,0.9003923,0.1968931,0.8158180,0.7799181,0.2820801,0.8010393,0.9029674,0.3583065,0.7228000,0.8357000,0.4893000,0.6660000,0.6885000,0.3669000,0.6976000,0.6181000,0.2667000,0.6917000,0.5585000,0.3755000,0.7711000,0.4481000,0.4980000,0.3182823,0.0000000,0.0000000},
{0.5831719,0.7754259,0.1626912,0.5421783,0.7403299,0.1455240,0.6546289,0.9013302,0.1964468,0.8169562,0.7802865,0.2822424,0.8011303,0.9036445,0.3582281,0.7231000,0.8368000,0.4886000,0.6661000,0.6896000,0.3664000,0.6975000,0.6191000,0.2667000,0.6912000,0.5595000,0.3755000,0.7701000,0.4491000,0.4984000,0.3182823,0.0000000,0.0000000},
{0.5848163,0.7766157,0.1612022,0.5434529,0.7415537,0.1441379,0.6561066,0.9021441,0.1960532,0.8177720,0.7805497,0.2823589,0.8012447,0.9044906,0.3581302,0.7232000,0.8380000,0.4879000,0.6661000,0.6906000,0.3659000,0.6973000,0.6200000,0.2666000,0.6906000,0.5605000,0.3754000,0.7690000,0.4500000,0.4987000,0.3182823,0.0000000,0.0000000},
{0.5863780,0.7776991,0.1598007,0.5447372,0.7427510,0.1427540,0.6573534,0.9028183,0.1957224,0.8184141,0.7807562,0.2824507,0.8013059,0.9049407,0.3580781,0.7233000,0.8391000,0.4871000,0.6661000,0.6916000,0.3654000,0.6972000,0.6207000,0.2665000,0.6901000,0.5614000,0.3754000,0.7681000,0.4510000,0.4990000,0.3182823,0.0000000,0.0000000},
{0.5879002,0.7787122,0.1584463,0.5458566,0.7437656,0.1415580,0.6584331,0.9033929,0.1954369,0.8187538,0.7808654,0.2824994,0.8013869,0.9055335,0.3580095,0.7233000,0.8403000,0.4863000,0.6660000,0.6926000,0.3648000,0.6970000,0.6215000,0.2664000,0.6897000,0.5623000,0.3754000,0.7672000,0.4520000,0.4994000,0.3182823,0.0000000,0.0000000},
{0.5893748,0.7796539,0.1571449,0.5469513,0.7447324,0.1403975,0.6593239,0.9038605,0.1952021,0.8189181,0.7809181,0.2825229,0.8014559,0.9060356,0.3579514,0.7232000,0.8414000,0.4854000,0.6658000,0.6936000,0.3644000,0.6970000,0.6221000,0.2663000,0.6893000,0.5632000,0.3753000,0.7663000,0.4531000,0.4999000,0.3182823,0.0000000,0.0000000},
{0.5906623,0.7804447,0.1560172,0.5480444,0.7456729,0.1392475,0.6599880,0.9042054,0.1950275,0.8192616,0.7810282,0.2825721,0.8015255,0.9065399,0.3578931,0.7230000,0.8425000,0.4845000,0.6655000,0.6946000,0.3639000,0.6968000,0.6228000,0.2662000,0.6889000,0.5641000,0.3754000,0.7654000,0.4541000,0.5003000,0.3182823,0.0000000,0.0000000},
{0.5921074,0.7812978,0.1547608,0.5491449,0.7465953,0.1380983,0.6607157,0.9045796,0.1948365,0.8191610,0.7809959,0.2825577,0.8015633,0.9068134,0.3578614,0.7227000,0.8437000,0.4835000,0.6653000,0.6954000,0.3635000,0.6968000,0.6233000,0.2661000,0.6885000,0.5650000,0.3753000,0.7647000,0.4553000,0.5008000,0.3182823,0.0000000,0.0000000},
{0.5935360,0.7821059,0.1535282,0.5502517,0.7474985,0.1369514,0.6613783,0.9049170,0.1946629,0.8191240,0.7809841,0.2825524,0.8016245,0.9072537,0.3578105,0.7222000,0.8448000,0.4826000,0.6650000,0.6963000,0.3630000,0.6965000,0.6239000,0.2659000,0.6880000,0.5658000,0.3753000,0.7639000,0.4564000,0.5012000,0.3182823,0.0000000,0.0000000},
{0.5948873,0.7828383,0.1523711,0.5513618,0.7483802,0.1358095,0.6619755,0.9052183,0.1945068,0.8189490,0.7809280,0.2825273,0.8016905,0.9077266,0.3577558,0.7216000,0.8457000,0.4817000,0.6646000,0.6971000,0.3624000,0.6964000,0.6243000,0.2657000,0.6876000,0.5666000,0.3752000,0.7632000,0.4574000,0.5016000,0.3182823,0.0000000,0.0000000},
{0.5961823,0.7835115,0.1512699,0.5526200,0.7493504,0.1345257,0.6624833,0.9054725,0.1943743,0.8187422,0.7808616,0.2824977,0.8017230,0.9079593,0.3577289,0.7209000,0.8467000,0.4809000,0.6642000,0.6977000,0.3620000,0.6962000,0.6248000,0.2656000,0.6872000,0.5674000,0.3752000,0.7624000,0.4585000,0.5019000,0.3182823,0.0000000,0.0000000},
{0.5976983,0.7842642,0.1499903,0.5538123,0.7502420,0.1333189,0.6629201,0.9056897,0.1942605,0.8184030,0.7807527,0.2824491,0.8017735,0.9083190,0.3576874,0.7202000,0.8476000,0.4801000,0.6638000,0.6984000,0.3615000,0.6960000,0.6251000,0.2654000,0.6868000,0.5679000,0.3752000,0.7618000,0.4595000,0.5024000,0.3182823,0.0000000,0.0000000},
{0.5990674,0.7849116,0.1488435,0.5550925,0.7511695,0.1320338,0.6632249,0.9058404,0.1941812,0.8183440,0.7807337,0.2824407,0.8018404,0.9087939,0.3576325,0.7194000,0.8485000,0.4793000,0.6633000,0.6989000,0.3611000,0.6957000,0.6255000,0.2653000,0.6863000,0.5686000,0.3753000,0.7611000,0.4605000,0.5027000,0.3182823,0.0000000,0.0000000},
{0.6004516,0.7855352,0.1476924,0.5564351,0.7521098,0.1306975,0.6636105,0.9060301,0.1940809,0.8178168,0.7805641,0.2823653,0.8018854,0.9091127,0.3575957,0.7186000,0.8493000,0.4787000,0.6627000,0.6995000,0.3607000,0.6955000,0.6259000,0.2652000,0.6859000,0.5693000,0.3753000,0.7605000,0.4614000,0.5032000,0.3182823,0.0000000,0.0000000},
{0.6018971,0.7861536,0.1464992,0.5578133,0.7530409,0.1293379,0.6638988,0.9061712,0.1940060,0.8172994,0.7803973,0.2822914,0.8019607,0.9096437,0.3575343,0.7178000,0.8502000,0.4780000,0.6621000,0.7001000,0.3604000,0.6952000,0.6262000,0.2651000,0.6854000,0.5698000,0.3753000,0.7599000,0.4624000,0.5035000,0.3182823,0.0000000,0.0000000}
};
