fitErrPi Mean = 0.00882789
fitErrTh Mean = 0.0103377
fitErrWr Mean = 0.0127488
fitErrLA Mean = 0.0313932
fitErrEl Mean = 0.0399635
fitErrUA Mean = 0.331809
efPts = {
{0.5801417,0.8032521,0.1454659,0.5470633,0.7392291,0.1491014,0.6653296,0.8840798,0.1523364,0.7608542,0.9577258,0.1648259,0.8322284,0.9119141,0.1880666,0.6943000,0.8703000,0.4593000,0.6804000,0.7592000,0.4095000,0.7049000,0.6218000,0.4324000,0.6691000,0.6827000,0.3455000,0.6647000,0.5272000,0.4609000,0.5353491,0.7803424,0.1148983},
{0.5753516,0.8046787,0.1483765,0.5414895,0.7410674,0.1526094,0.6611324,0.8846066,0.1542546,0.7574388,0.9574683,0.1658911,0.8311890,0.9112461,0.1873021,0.6928000,0.8700000,0.4592000,0.6793000,0.7589000,0.4093000,0.7041000,0.6215000,0.4321000,0.6684000,0.6823000,0.3452000,0.6648000,0.5272000,0.4610000,0.5305378,0.7822312,0.1184582},
{0.5699481,0.8062339,0.1515364,0.5352608,0.7430583,0.1563636,0.6564130,0.8851638,0.1563463,0.7533669,0.9571387,0.1671081,0.8300045,0.9104841,0.1864293,0.6913000,0.8698000,0.4592000,0.6782000,0.7586000,0.4090000,0.7034000,0.6213000,0.4318000,0.6677000,0.6821000,0.3448000,0.6648000,0.5272000,0.4610000,0.5249629,0.7843490,0.1224070},
{0.5639475,0.8078978,0.1549010,0.5284483,0.7451640,0.1602812,0.6507792,0.8857822,0.1587568,0.7485812,0.9567225,0.1684707,0.8287283,0.9096622,0.1854872,0.6899000,0.8695000,0.4593000,0.6771000,0.7582000,0.4087000,0.7025000,0.6210000,0.4315000,0.6669000,0.6818000,0.3445000,0.6648000,0.5272000,0.4610000,0.5187222,0.7866362,0.1266194},
{0.5572703,0.8096759,0.1584771,0.5211669,0.7473369,0.1642640,0.6447112,0.8863944,0.1612531,0.7430652,0.9562075,0.1699588,0.8272237,0.9086920,0.1843742,0.6884000,0.8692000,0.4593000,0.6759000,0.7579000,0.4085000,0.7017000,0.6207000,0.4311000,0.6661000,0.6814000,0.3441000,0.6648000,0.5272000,0.4610000,0.5117522,0.7890941,0.1310843},
{0.5499800,0.8115345,0.1621925,0.5132650,0.7496095,0.1683622,0.6380553,0.8870048,0.1638780,0.7369296,0.9555947,0.1715199,0.8255761,0.9076282,0.1831525,0.6868000,0.8688000,0.4594000,0.6747000,0.7575000,0.4082000,0.7009000,0.6205000,0.4307000,0.6652000,0.6812000,0.3438000,0.6648000,0.5272000,0.4610000,0.5041461,0.7916693,0.1356904},
{0.5420970,0.8134532,0.1660019,0.5048340,0.7519424,0.1724936,0.6304674,0.8876267,0.1667337,0.7300951,0.9548670,0.1731534,0.8237059,0.9064187,0.1817619,0.6853000,0.8685000,0.4595000,0.6735000,0.7571000,0.4079000,0.7000000,0.6202000,0.4303000,0.6643000,0.6808000,0.3433000,0.6648000,0.5272000,0.4610000,0.4959434,0.7943311,0.1403711},
{0.5336691,0.8154066,0.1698510,0.4958611,0.7543276,0.1766340,0.6223345,0.8882107,0.1696414,0.7227137,0.9540331,0.1748048,0.8217684,0.9051637,0.1803172,0.6837000,0.8681000,0.4596000,0.6722000,0.7567000,0.4076000,0.6990000,0.6199000,0.4299000,0.6633000,0.6805000,0.3429000,0.6648000,0.5272000,0.4610000,0.4870347,0.7970972,0.1451441},
{0.5247632,0.8173680,0.1736832,0.4864349,0.7567313,0.1807161,0.6135299,0.8887520,0.1726205,0.7145915,0.9530633,0.1764995,0.8197173,0.9038327,0.1787832,0.6819000,0.8677000,0.4596000,0.6708000,0.7563000,0.4073000,0.6980000,0.6196000,0.4294000,0.6624000,0.6802000,0.3424000,0.6648000,0.5272000,0.4610000,0.4778312,0.7998288,0.1497618},
{0.5152355,0.8193566,0.1775323,0.4764695,0.7591658,0.1847515,0.6042976,0.8892234,0.1755662,0.7060057,0.9519841,0.1781641,0.8175273,0.9024089,0.1771399,0.6801000,0.8672000,0.4596000,0.6693000,0.7559000,0.4069000,0.6969000,0.6192000,0.4290000,0.6614000,0.6797000,0.3419000,0.6648000,0.5272000,0.4610000,0.4678781,0.8026497,0.1544241},
{0.5052330,0.8213297,0.1813114,0.4660051,0.7616109,0.1886970,0.5945537,0.8896199,0.1784881,0.6968554,0.9507783,0.1798077,0.8152735,0.9009407,0.1754432,0.6781000,0.8666000,0.4595000,0.6678000,0.7554000,0.4065000,0.6958000,0.6189000,0.4285000,0.6604000,0.6793000,0.3414000,0.6648000,0.5272000,0.4610000,0.4569879,0.8055891,0.1591600},
{0.4948784,0.8232560,0.1849578,0.4551129,0.7640418,0.1925039,0.5835291,0.8899500,0.1815745,0.6874438,0.9494832,0.1813693,0.8129372,0.8994157,0.1736780,0.6759000,0.8660000,0.4595000,0.6662000,0.7548000,0.4061000,0.6947000,0.6184000,0.4280000,0.6594000,0.6789000,0.3408000,0.6649000,0.5272000,0.4610000,0.4467288,0.8082275,0.1632965},
{0.4837930,0.8251948,0.1885792,0.4438672,0.7664358,0.1961307,0.5733627,0.8901486,0.1842245,0.6774948,0.9480583,0.1828893,0.8104779,0.8978070,0.1718132,0.6736000,0.8653000,0.4594000,0.6645000,0.7543000,0.4057000,0.6935000,0.6181000,0.4275000,0.6583000,0.6784000,0.3402000,0.6649000,0.5272000,0.4610000,0.4355864,0.8109590,0.1674556},
{0.4730535,0.8269577,0.1918241,0.4323944,0.7687633,0.1995290,0.5625012,0.8902538,0.1868574,0.6673550,0.9465515,0.1843101,0.8077983,0.8960501,0.1697734,0.6712000,0.8646000,0.4593000,0.6627000,0.7537000,0.4051000,0.6923000,0.6177000,0.4269000,0.6571000,0.6779000,0.3395000,0.6649000,0.5272000,0.4610000,0.4242834,0.8135958,0.1713416},
{0.4618870,0.8286765,0.1949368,0.4207157,0.7710190,0.2026903,0.5514106,0.8902520,0.1893437,0.6570062,0.9449605,0.1856356,0.8051400,0.8943030,0.1677415,0.6687000,0.8639000,0.4593000,0.6608000,0.7531000,0.4046000,0.6910000,0.6173000,0.4264000,0.6558000,0.6774000,0.3389000,0.6649000,0.5272000,0.4610000,0.4127406,0.8161575,0.1749838},
{0.4504940,0.8303156,0.1978511,0.4090039,0.7731711,0.2055719,0.5402264,0.8901431,0.1916523,0.6462991,0.9432613,0.1868827,0.8022494,0.8923985,0.1655227,0.6660000,0.8631000,0.4592000,0.6587000,0.7525000,0.4040000,0.6896000,0.6168000,0.4258000,0.6545000,0.6768000,0.3383000,0.6649000,0.5272000,0.4610000,0.4009298,0.8186487,0.1783877},
{0.4387389,0.8318910,0.2005931,0.3968912,0.7752858,0.2082605,0.5287971,0.8899246,0.1938131,0.6355385,0.9415024,0.1880154,0.7994122,0.8905244,0.1633353,0.6631000,0.8623000,0.4591000,0.6566000,0.7518000,0.4034000,0.6881000,0.6164000,0.4252000,0.6531000,0.6762000,0.3376000,0.6649000,0.5272000,0.4610000,0.3890712,0.8210244,0.1814930},
{0.4268080,0.8333745,0.2031122,0.3846496,0.7773126,0.2106879,0.5171808,0.8895953,0.1958105,0.6245902,0.9396625,0.1890501,0.7964301,0.8885493,0.1610259,0.6601000,0.8614000,0.4591000,0.6544000,0.7510000,0.4028000,0.6865000,0.6159000,0.4246000,0.6515000,0.6755000,0.3368000,0.6649000,0.5272000,0.4610000,0.3769870,0.8233217,0.1843501},
{0.4145932,0.8347772,0.2054262,0.3721482,0.7792718,0.2128766,0.5055569,0.8891608,0.1976146,0.6135473,0.9377576,0.1899785,0.7933781,0.8865224,0.1586514,0.6569000,0.8605000,0.4589000,0.6521000,0.7503000,0.4020000,0.6849000,0.6154000,0.4239000,0.6501000,0.6748000,0.3360000,0.6649000,0.5272000,0.4610000,0.3647492,0.8255263,0.1869404},
{0.4023623,0.8360682,0.2074835,0.3592119,0.7811853,0.2148425,0.4937842,0.8886165,0.1992488,0.6024159,0.9357895,0.1908017,0.7902962,0.8844700,0.1562423,0.6535000,0.8594000,0.4588000,0.6495000,0.7494000,0.4014000,0.6832000,0.6149000,0.4232000,0.6485000,0.6741000,0.3352000,0.6649000,0.5272000,0.4610000,0.3524260,0.8276270,0.1892523},
{0.3899329,0.8372672,0.2093162,0.3465349,0.7829514,0.2164827,0.4821561,0.8879784,0.2006766,0.5912811,0.9337741,0.1915157,0.7871242,0.8823515,0.1537508,0.6500000,0.8583000,0.4585000,0.6468000,0.7484000,0.4007000,0.6815000,0.6144000,0.4225000,0.6468000,0.6735000,0.3343000,0.6649000,0.5272000,0.4610000,0.3399726,0.8296325,0.1912966},
{0.3775956,0.8383480,0.2108852,0.3335890,0.7846464,0.2178727,0.4704435,0.8872365,0.2019313,0.5801163,0.9317077,0.1921246,0.7839149,0.8802017,0.1512175,0.6462000,0.8570000,0.4582000,0.6439000,0.7474000,0.4001000,0.6797000,0.6139000,0.4217000,0.6450000,0.6727000,0.3334000,0.6650000,0.5272000,0.4610000,0.3276027,0.8315112,0.1930453},
{0.3654785,0.8393058,0.2121894,0.3208330,0.7862116,0.2189668,0.4588145,0.8864033,0.2029978,0.5691591,0.9296362,0.1926204,0.7805988,0.8779738,0.1485867,0.6423000,0.8556000,0.4579000,0.6407000,0.7464000,0.3993000,0.6779000,0.6134000,0.4210000,0.6432000,0.6719000,0.3325000,0.6650000,0.5272000,0.4610000,0.3153077,0.8332696,0.1945124},
{0.3534000,0.8401604,0.2132606,0.3083319,0.7876463,0.2197790,0.4473274,0.8854869,0.2038784,0.5582972,0.9275411,0.1930138,0.7771712,0.8756637,0.1458530,0.6383000,0.8541000,0.4576000,0.6374000,0.7453000,0.3986000,0.6759000,0.6128000,0.4201000,0.6408000,0.6709000,0.3319000,0.6650000,0.5272000,0.4610000,0.3032353,0.8348928,0.1956962},
{0.3415409,0.8409039,0.2140939,0.2960559,0.7889613,0.2203298,0.4360988,0.8845023,0.2045746,0.5475531,0.9254283,0.1933083,0.7737161,0.8733276,0.1430827,0.6342000,0.8525000,0.4572000,0.6334000,0.7435000,0.3977000,0.6739000,0.6123000,0.4193000,0.6380000,0.6699000,0.3314000,0.6650000,0.5272000,0.4610000,0.2913697,0.8363904,0.1966164},
{0.3298191,0.8415470,0.2147077,0.2838899,0.7901739,0.2206378,0.4250188,0.8834453,0.2051034,0.5368886,0.9232916,0.1935079,0.7703295,0.8710304,0.1403527,0.6302000,0.8509000,0.4567000,0.6296000,0.7419000,0.3970000,0.6717000,0.6117000,0.4188000,0.6345000,0.6677000,0.3305000,0.6650000,0.5272000,0.4610000,0.2796623,0.8377744,0.1972917},
{0.3181213,0.8420989,0.2151147,0.2719361,0.7912782,0.2207118,0.4141036,0.8823214,0.2054712,0.5264460,0.9211615,0.1936144,0.7668961,0.8686940,0.1375701,0.6259000,0.8491000,0.4563000,0.6258000,0.7401000,0.3962000,0.6695000,0.6112000,0.4179000,0.6352000,0.6686000,0.3288000,0.6650000,0.5272000,0.4610000,0.2680799,0.8390534,0.1977353},
{0.3066610,0.8425531,0.2153160,0.2600031,0.7922952,0.2205616,0.4034490,0.8811454,0.2056839,0.5161767,0.9190300,0.1936330,0.7635209,0.8663898,0.1348200,0.6216000,0.8472000,0.4558000,0.6225000,0.7381000,0.3951000,0.6673000,0.6106000,0.4170000,0.6332000,0.6678000,0.3276000,0.6650000,0.5272000,0.4610000,0.2566471,0.8402288,0.1979565},
{0.2953416,0.8429183,0.2153240,0.2481845,0.7932188,0.2201932,0.3930607,0.8799236,0.2057520,0.5060308,0.9168883,0.1935671,0.7602614,0.8641576,0.1321502,0.6172000,0.8454000,0.4554000,0.6232000,0.7403000,0.3937000,0.6651000,0.6100000,0.4160000,0.6309000,0.6669000,0.3266000,0.6650000,0.5272000,0.4610000,0.2453314,0.8413074,0.1979648},
{0.2841468,0.8431981,0.2151460,0.2364954,0.7940505,0.2196143,0.3830628,0.8786773,0.2056871,0.4962443,0.9147882,0.1934235,0.7569197,0.8618617,0.1293988,0.6128000,0.8435000,0.4549000,0.6200000,0.7392000,0.3925000,0.6628000,0.6094000,0.4150000,0.6287000,0.6661000,0.3253000,0.6650000,0.5272000,0.4610000,0.2342124,0.8422855,0.1977699},
{0.2732964,0.8433922,0.2147972,0.2251501,0.7947801,0.2188484,0.3732291,0.8773839,0.2054980,0.4867627,0.9127212,0.1932084,0.7536568,0.8596128,0.1266979,0.6082000,0.8415000,0.4541000,0.6167000,0.7381000,0.3913000,0.6604000,0.6090000,0.4140000,0.6264000,0.6652000,0.3242000,0.6650000,0.5272000,0.4610000,0.2232166,0.8431734,0.1973795},
{0.2627834,0.8435078,0.2142936,0.2139493,0.7954251,0.2178948,0.3636772,0.8760627,0.2051943,0.4776257,0.9106988,0.1929292,0.7505219,0.8574455,0.1240898,0.6038000,0.8395000,0.4536000,0.6134000,0.7370000,0.3902000,0.6581000,0.6085000,0.4129000,0.6241000,0.6643000,0.3229000,0.6651000,0.5272000,0.4610000,0.2127359,0.8439461,0.1968245},
{0.2526249,0.8435514,0.2136514,0.2032014,0.7959735,0.2167945,0.3543852,0.8747157,0.2047843,0.4688766,0.9087334,0.1925946,0.7472960,0.8552083,0.1213922,0.5992000,0.8372000,0.4529000,0.6101000,0.7358000,0.3889000,0.6557000,0.6079000,0.4118000,0.6218000,0.6635000,0.3217000,0.6651000,0.5272000,0.4610000,0.2026954,0.8446188,0.1961248},
{0.2427087,0.8435291,0.2128764,0.1929724,0.7964308,0.2155778,0.3454465,0.8733617,0.2042820,0.4604519,0.9068138,0.1922087,0.7440437,0.8529456,0.1186582,0.5947000,0.8352000,0.4523000,0.6069000,0.7348000,0.3877000,0.6532000,0.6073000,0.4107000,0.6194000,0.6626000,0.3205000,0.6651000,0.5272000,0.4610000,0.1929042,0.8452108,0.1952835},
{0.2332398,0.8434476,0.2119986,0.1831669,0.7968097,0.2142551,0.3366494,0.8719727,0.2036833,0.4521454,0.9048945,0.1917656,0.7409839,0.8508100,0.1160728,0.5900000,0.8329000,0.4519000,0.6036000,0.7337000,0.3863000,0.6508000,0.6067000,0.4096000,0.6170000,0.6617000,0.3192000,0.6651000,0.5272000,0.4610000,0.1835678,0.8457162,0.1943342},
{0.2242040,0.8433145,0.2110346,0.1737959,0.7971167,0.2128467,0.3282956,0.8706012,0.2030172,0.4440960,0.9030086,0.1912753,0.7379789,0.8487065,0.1135213,0.5849000,0.8309000,0.4508000,0.6003000,0.7327000,0.3849000,0.6482000,0.6062000,0.4086000,0.6146000,0.6608000,0.3179000,0.6651000,0.5272000,0.4610000,0.1745739,0.8461480,0.1932829},
{0.2154098,0.8431326,0.2099765,0.1647457,0.7973617,0.2113512,0.3202149,0.8692250,0.2022813,0.4361882,0.9011303,0.1907336,0.7351439,0.8467161,0.1111025,0.5799000,0.8290000,0.4500000,0.5971000,0.7317000,0.3835000,0.6457000,0.6058000,0.4074000,0.6122000,0.6600000,0.3165000,0.6651000,0.5272000,0.4610000,0.1658122,0.8465162,0.1921283},
{0.2069482,0.8429081,0.2088456,0.1561618,0.7975467,0.2098085,0.3125597,0.8678757,0.2014996,0.4284859,0.8992756,0.1901467,0.7323883,0.8447760,0.1087406,0.5749000,0.8270000,0.4491000,0.5938000,0.7306000,0.3821000,0.6431000,0.6053000,0.4063000,0.6097000,0.6591000,0.3152000,0.6651000,0.5272000,0.4610000,0.1573443,0.8468224,0.1908889},
{0.1989090,0.8426495,0.2076675,0.1477228,0.7976831,0.2081724,0.3052361,0.8665424,0.2006734,0.4211816,0.8974929,0.1895345,0.7294830,0.8427246,0.1062387,0.5700000,0.8249000,0.4482000,0.5905000,0.7297000,0.3806000,0.6431000,0.6053000,0.4063000,0.6071000,0.6583000,0.3138000,0.6651000,0.5272000,0.4610000,0.1491841,0.8470707,0.1895782},
{0.1912026,0.8423595,0.2064420,0.1396333,0.7977710,0.2064916,0.2983368,0.8652480,0.1998236,0.4141792,0.8957614,0.1888946,0.7268573,0.8408653,0.1039672,0.5652000,0.8228000,0.4471000,0.5872000,0.7287000,0.3791000,0.6379000,0.6043000,0.4039000,0.6047000,0.6575000,0.3124000,0.6651000,0.5272000,0.4610000,0.1413378,0.8472656,0.1882089},
{0.1838174,0.8420425,0.2051781,0.1318433,0.7978154,0.2047672,0.2915858,0.8639445,0.1989239,0.4074364,0.8940725,0.1882277,0.7243153,0.8390606,0.1017586,0.5604000,0.8207000,0.4460000,0.5839000,0.7277000,0.3778000,0.6327000,0.6033000,0.4015000,0.6023000,0.6566000,0.3110000,0.6651000,0.5272000,0.4610000,0.1338988,0.8474102,0.1868107},
{0.1767614,0.8417032,0.2038874,0.1244639,0.7978204,0.2030368,0.2852254,0.8626824,0.1980132,0.4009552,0.8924282,0.1875379,0.7216734,0.8371798,0.0994532,0.5558000,0.8187000,0.4450000,0.5805000,0.7266000,0.3764000,0.6327000,0.6033000,0.4015000,0.5999000,0.6558000,0.3097000,0.6651000,0.5272000,0.4610000,0.1269152,0.8475097,0.1854082},
{0.1701128,0.8413505,0.2025958,0.1173737,0.7977909,0.2012838,0.2791550,0.8614464,0.1970858,0.3947693,0.8908391,0.1868330,0.7192240,0.8354315,0.0973067,0.5512000,0.8166000,0.4439000,0.5772000,0.7255000,0.3751000,0.6301000,0.6028000,0.4003000,0.5975000,0.6550000,0.3083000,0.6652000,0.5272000,0.4610000,0.1202087,0.8475719,0.1839782},
{0.1638894,0.8409909,0.2013196,0.1107412,0.7977322,0.1995626,0.2733640,0.8602382,0.1961472,0.3888095,0.8892890,0.1861091,0.7166853,0.8336147,0.0950725,0.5466000,0.8147000,0.4427000,0.5738000,0.7243000,0.3737000,0.6275000,0.6022000,0.3991000,0.5950000,0.6541000,0.3070000,0.6652000,0.5272000,0.4610000,0.1140293,0.8475997,0.1825873},
{0.1578592,0.8406150,0.2000199,0.1045665,0.7976503,0.1978883,0.2677990,0.8590498,0.1951945,0.3831454,0.8877976,0.1853785,0.7142530,0.8318694,0.0929228,0.5422000,0.8128000,0.4416000,0.5704000,0.7232000,0.3724000,0.6248000,0.6017000,0.3979000,0.5924000,0.6532000,0.3056000,0.6652000,0.5272000,0.4610000,0.1081918,0.8475997,0.1812079},
{0.1522130,0.8402379,0.1987459,0.0986361,0.7975463,0.1962141,0.2624525,0.8578823,0.1942314,0.3778004,0.8863733,0.1846494,0.7119843,0.8302374,0.0909096,0.5379000,0.8109000,0.4405000,0.5671000,0.7220000,0.3710000,0.6221000,0.6010000,0.3967000,0.5895000,0.6523000,0.3043000,0.6652000,0.5272000,0.4610000,0.1025602,0.8475750,0.1798160},
{0.1467816,0.8398521,0.1974674,0.0930008,0.7974242,0.1945620,0.2574603,0.8567689,0.1932891,0.3727624,0.8850151,0.1839252,0.7096931,0.8285853,0.0888685,0.5337000,0.8090000,0.4393000,0.5638000,0.7210000,0.3696000,0.6194000,0.6004000,0.3955000,0.5869000,0.6513000,0.3029000,0.6652000,0.5272000,0.4610000,0.0972300,0.8475291,0.1784424},
{0.1415762,0.8394606,0.1961926,0.0876381,0.7972867,0.1929337,0.2526552,0.8556755,0.1923419,0.3679840,0.8837121,0.1832036,0.7073498,0.8268913,0.0867726,0.5296000,0.8072000,0.4380000,0.5605000,0.7200000,0.3681000,0.6168000,0.5999000,0.3943000,0.5842000,0.6503000,0.3016000,0.6652000,0.5272000,0.4610000,0.0921015,0.8474638,0.1770683},
{0.1366022,0.8390664,0.1949284,0.0825119,0.7971354,0.1913252,0.2480424,0.8546055,0.1913948,0.3634807,0.8824703,0.1824913,0.7052413,0.8253634,0.0848795,0.5255000,0.8054000,0.4367000,0.5574000,0.7189000,0.3667000,0.6141000,0.5993000,0.3931000,0.5815000,0.6494000,0.3003000,0.6652000,0.5272000,0.4610000,0.0871438,0.8473807,0.1756904},
{0.1318181,0.8386684,0.1936695,0.0775423,0.7969699,0.1897165,0.2435864,0.8535525,0.1904440,0.3589998,0.8812209,0.1817500,0.7029463,0.8236964,0.0828109,0.5215000,0.8035000,0.4353000,0.5543000,0.7179000,0.3652000,0.6114000,0.5987000,0.3919000,0.5791000,0.6485000,0.2989000,0.6652000,0.5272000,0.4610000,0.0824155,0.8472829,0.1743300},
{0.1272321,0.8382693,0.1924224,0.0727565,0.7967927,0.1881207,0.2393989,0.8525452,0.1895177,0.3547304,0.8800169,0.1810120,0.7011405,0.8223817,0.0811774,0.5177000,0.8018000,0.4339000,0.5512000,0.7168000,0.3637000,0.6088000,0.5981000,0.3907000,0.5767000,0.6477000,0.2975000,0.6652000,0.5272000,0.4610000,0.0778477,0.8471710,0.1729724},
{0.1229256,0.8378785,0.1912148,0.0681552,0.7966057,0.1865426,0.2352981,0.8515418,0.1885791,0.3505869,0.8788352,0.1802648,0.6987297,0.8206225,0.0789886,0.5139000,0.8002000,0.4324000,0.5481000,0.7158000,0.3622000,0.6062000,0.5975000,0.3895000,0.5744000,0.6470000,0.2961000,0.6652000,0.5272000,0.4610000,0.0734186,0.8470457,0.1716145},
{0.1186741,0.8374773,0.1899874,0.0638425,0.7964154,0.1850237,0.2314669,0.8505889,0.1876736,0.3466513,0.8777001,0.1795253,0.6967313,0.8191606,0.0771671,0.5102000,0.7987000,0.4308000,0.5451000,0.7148000,0.3608000,0.6037000,0.5970000,0.3883000,0.5721000,0.6462000,0.2947000,0.6653000,0.5272000,0.4610000,0.0691582,0.8469095,0.1702692},
{0.1146710,0.8370853,0.1887992,0.0595964,0.7962134,0.1834903,0.2276833,0.8496329,0.1867515,0.3429082,0.8766086,0.1787939,0.6947902,0.8177375,0.0753916,0.5068000,0.7972000,0.4294000,0.5422000,0.7137000,0.3594000,0.6012000,0.5965000,0.3869000,0.5700000,0.6455000,0.2933000,0.6653000,0.5272000,0.4610000,0.0651258,0.8467662,0.1689600},
{0.1108173,0.8366948,0.1876252,0.0555765,0.7960088,0.1820033,0.2242107,0.8487420,0.1858805,0.3393425,0.8755573,0.1780702,0.6928907,0.8163419,0.0736482,0.5034000,0.7958000,0.4279000,0.5393000,0.7128000,0.3579000,0.5987000,0.5960000,0.3857000,0.5680000,0.6449000,0.2919000,0.6653000,0.5272000,0.4610000,0.0612141,0.8466135,0.1676561},
{0.1071381,0.8363096,0.1864762,0.0518314,0.7958061,0.1805864,0.2208094,0.8478569,0.1850039,0.3359695,0.8745520,0.1773603,0.6908736,0.8148567,0.0717904,0.5001000,0.7946000,0.4263000,0.5365000,0.7118000,0.3564000,0.5964000,0.5954000,0.3845000,0.5660000,0.6443000,0.2904000,0.6653000,0.5272000,0.4610000,0.0575474,0.8464580,0.1664031},
{0.1036505,0.8359332,0.1853613,0.0481993,0.7955984,0.1791829,0.2175318,0.8469918,0.1841369,0.3327781,0.8735907,0.1766648,0.6890906,0.8135409,0.0701424,0.4968000,0.7933000,0.4248000,0.5338000,0.7110000,0.3550000,0.5939000,0.5949000,0.3832000,0.5639000,0.6436000,0.2890000,0.6653000,0.5272000,0.4611000,0.0540417,0.8462979,0.1651768},
{0.1002849,0.8355595,0.1842613,0.0446915,0.7953872,0.1777995,0.2143606,0.8461434,0.1832767,0.3298039,0.8726855,0.1759947,0.6872445,0.8121757,0.0684307,0.4935000,0.7923000,0.4232000,0.5311000,0.7101000,0.3535000,0.5917000,0.5944000,0.3820000,0.5619000,0.6431000,0.2877000,0.6653000,0.5272000,0.4611000,0.0506890,0.8461343,0.1639778},
{0.0970277,0.8351877,0.1831739,0.0413722,0.7951776,0.1764649,0.2113896,0.8453381,0.1824515,0.3267826,0.8717563,0.1752912,0.6856521,0.8109958,0.0669494,0.4906000,0.7911000,0.4217000,0.5286000,0.7094000,0.3520000,0.5894000,0.5940000,0.3807000,0.5600000,0.6425000,0.2862000,0.6653000,0.5272000,0.4611000,0.0474708,0.8459674,0.1628024},
{0.0939607,0.8348286,0.1821291,0.0381972,0.7949680,0.1751647,0.2084878,0.8445415,0.1816271,0.3240141,0.8708958,0.1746255,0.6838713,0.8096738,0.0652879,0.4875000,0.7901000,0.4201000,0.5261000,0.7086000,0.3506000,0.5871000,0.5936000,0.3795000,0.5580000,0.6420000,0.2849000,0.6653000,0.5272000,0.4611000,0.0444023,0.8457991,0.1616590},
{0.0910042,0.8344739,0.1811025,0.0351069,0.7947555,0.1738766,0.2057370,0.8437772,0.1808284,0.3213173,0.8700489,0.1739566,0.6825550,0.8086948,0.0640562,0.4848000,0.7891000,0.4187000,0.5237000,0.7079000,0.3492000,0.5850000,0.5932000,0.3783000,0.5562000,0.6415000,0.2836000,0.6653000,0.5272000,0.4611000,0.0414793,0.8456305,0.1605489},
{0.0881733,0.8341263,0.1801014,0.0322159,0.7945490,0.1726512,0.2031426,0.8430480,0.1800596,0.3187368,0.8692300,0.1732966,0.6807989,0.8073863,0.0624083,0.4820000,0.7882000,0.4172000,0.5214000,0.7073000,0.3478000,0.5828000,0.5928000,0.3772000,0.5544000,0.6410000,0.2823000,0.6653000,0.5272000,0.4611000,0.0387365,0.8454646,0.1594884},
{0.0854487,0.8337843,0.1791208,0.0294134,0.7943414,0.1714443,0.2006214,0.8423313,0.1792978,0.3163855,0.8684763,0.1726775,0.6794001,0.8063422,0.0610919,0.4794000,0.7873000,0.4158000,0.5191000,0.7066000,0.3464000,0.5807000,0.5924000,0.3761000,0.5526000,0.6405000,0.2811000,0.6654000,0.5272000,0.4611000,0.0360690,0.8452962,0.1584394},
{0.0828320,0.8334489,0.1781633,0.0267494,0.7941375,0.1702794,0.1982269,0.8416434,0.1785606,0.3141310,0.8677465,0.1720673,0.6779683,0.8052715,0.0597408,0.4769000,0.7865000,0.4145000,0.5169000,0.7060000,0.3451000,0.5787000,0.5920000,0.3750000,0.5509000,0.6401000,0.2799000,0.6654000,0.5272000,0.4611000,0.0335635,0.8451315,0.1574380},
{0.0803351,0.8331225,0.1772348,0.0241269,0.7939302,0.1691156,0.1959397,0.8409794,0.1778438,0.3120408,0.8670634,0.1714862,0.6767520,0.8043607,0.0585904,0.4744000,0.7857000,0.4131000,0.5147000,0.7054000,0.3439000,0.5767000,0.5916000,0.3740000,0.5493000,0.6397000,0.2786000,0.6654000,0.5272000,0.4611000,0.0310687,0.8449613,0.1564252},
{0.0779326,0.8328023,0.1763277,0.0216678,0.7937299,0.1680088,0.1937606,0.8403405,0.1771493,0.3100055,0.8663919,0.1709055,0.6753900,0.8033391,0.0572989,0.4721000,0.7850000,0.4118000,0.5127000,0.7048000,0.3426000,0.5747000,0.5913000,0.3730000,0.5477000,0.6393000,0.2775000,0.6654000,0.5272000,0.4611000,0.0287006,0.8447938,0.1554492},
{0.0756374,0.8324909,0.1754483,0.0193197,0.7935332,0.1669377,0.1916679,0.8397211,0.1764713,0.3080998,0.8657573,0.1703480,0.6742953,0.8025167,0.0562584,0.4699000,0.7843000,0.4105000,0.5107000,0.7042000,0.3414000,0.5728000,0.5909000,0.3719000,0.5462000,0.6389000,0.2763000,0.6654000,0.5272000,0.4611000,0.0263853,0.8446244,0.1544809},
{0.0734167,0.8321843,0.1745855,0.0170569,0.7933387,0.1658923,0.1897266,0.8391412,0.1758327,0.3062844,0.8651471,0.1698037,0.6731241,0.8016357,0.0551429,0.4677000,0.7836000,0.4092000,0.5088000,0.7036000,0.3402000,0.5710000,0.5906000,0.3709000,0.5447000,0.6384000,0.2752000,0.6654000,0.5272000,0.4611000,0.0241757,0.8444574,0.1535437},
{0.0713062,0.8318882,0.1737544,0.0149585,0.7931537,0.1649110,0.1877902,0.8385577,0.1751863,0.3044649,0.8645299,0.1692449,0.6719578,0.8007572,0.0540296,0.4657000,0.7829000,0.4079000,0.5069000,0.7030000,0.3390000,0.5693000,0.5903000,0.3699000,0.5432000,0.6380000,0.2741000,0.6654000,0.5272000,0.4611000,0.0220760,0.8442940,0.1526412},
{0.0693211,0.8316052,0.1729628,0.0128837,0.7929666,0.1639295,0.1858237,0.8379599,0.1745200,0.3028224,0.8639675,0.1687283,0.6707685,0.7998601,0.0528918,0.4636000,0.7822000,0.4066000,0.5052000,0.7024000,0.3379000,0.5676000,0.5899000,0.3690000,0.5418000,0.6376000,0.2730000,0.6654000,0.5272000,0.4611000,0.0200254,0.8441298,0.1517484},
{0.0673993,0.8313272,0.1721870,0.0109167,0.7927851,0.1629884,0.1842022,0.8374629,0.1739631,0.3012946,0.8634399,0.1682371,0.6697516,0.7990919,0.0519169,0.4617000,0.7815000,0.4054000,0.5033000,0.7015000,0.3369000,0.5660000,0.5895000,0.3680000,0.5405000,0.6372000,0.2720000,0.6654000,0.5272000,0.4611000,0.0181032,0.8439717,0.1509012},
{0.0656070,0.8310642,0.1714552,0.0091324,0.7926172,0.1621259,0.1824847,0.8369323,0.1733657,0.2998806,0.8629474,0.1677728,0.6688276,0.7983931,0.0510294,0.4598000,0.7809000,0.4042000,0.5019000,0.7014000,0.3355000,0.5645000,0.5892000,0.3670000,0.5393000,0.6368000,0.2710000,0.6654000,0.5271000,0.4611000,0.0163274,0.8438220,0.1501094},
{0.0638956,0.8308098,0.1707488,0.0074248,0.7924534,0.1612924,0.1809197,0.8364452,0.1728144,0.2985079,0.8624654,0.1673129,0.6677953,0.7976115,0.0500359,0.4581000,0.7803000,0.4031000,0.5006000,0.7011000,0.3344000,0.5630000,0.5889000,0.3660000,0.5381000,0.6365000,0.2699000,0.6655000,0.5271000,0.4611000,0.0147104,0.8436827,0.1493809},
{0.0622258,0.8305585,0.1700524,0.0057795,0.7922927,0.1604818,0.1794639,0.8359889,0.1722957,0.2972608,0.8620240,0.1668868,0.6668702,0.7969101,0.0491439,0.4564000,0.7797000,0.4020000,0.4987000,0.6998000,0.3337000,0.5616000,0.5885000,0.3651000,0.5369000,0.6361000,0.2689000,0.6655000,0.5271000,0.4611000,0.0130644,0.8435379,0.1486319},
{0.0606795,0.8303229,0.1694010,0.0042615,0.7921419,0.1597273,0.1780299,0.8355364,0.1717791,0.2961234,0.8616185,0.1664912,0.6661231,0.7963432,0.0484225,0.4549000,0.7791000,0.4010000,0.4975000,0.6998000,0.3325000,0.5603000,0.5882000,0.3642000,0.5359000,0.6358000,0.2679000,0.6655000,0.5271000,0.4611000,0.0114821,0.8433957,0.1479046},
{0.0592354,0.8301004,0.1687870,0.0027291,0.7919872,0.1589593,0.1766934,0.8351118,0.1712926,0.2949856,0.8612097,0.1660884,0.6653137,0.7957283,0.0476397,0.4534000,0.7786000,0.4000000,0.4962000,0.6994000,0.3315000,0.5590000,0.5880000,0.3633000,0.5349000,0.6356000,0.2669000,0.6655000,0.5271000,0.4611000,0.0099188,0.8432525,0.1471790},
{0.0578283,0.8298813,0.1681835,0.0013097,0.7918417,0.1582419,0.1754262,0.8347068,0.1708266,0.2939421,0.8608322,0.1657126,0.6644561,0.7950761,0.0468089,0.4520000,0.7781000,0.3990000,0.4949000,0.6990000,0.3306000,0.5578000,0.5877000,0.3624000,0.5340000,0.6354000,0.2660000,0.6655000,0.5271000,0.4611000,0.0084893,0.8431190,0.1465094},
{0.0564959,0.8296716,0.1676072,-0.0000964,0.7916955,0.1575257,0.1742192,0.8343188,0.1703786,0.2930178,0.8604955,0.1653745,0.6638040,0.7945798,0.0461763,0.4507000,0.7777000,0.3981000,0.4938000,0.6985000,0.3298000,0.5565000,0.5875000,0.3616000,0.5331000,0.6352000,0.2651000,0.6655000,0.5271000,0.4611000,0.0071094,0.8429879,0.1458573},
{0.0552370,0.8294717,0.1670582,-0.0014081,0.7915571,0.1568525,0.1730949,0.8339553,0.1699575,0.2921231,0.8601675,0.1650423,0.6630908,0.7940365,0.0454834,0.4494000,0.7774000,0.3973000,0.4927000,0.6983000,0.3288000,0.5555000,0.5873000,0.3608000,0.5322000,0.6350000,0.2643000,0.6655000,0.5271000,0.4611000,0.0057474,0.8428563,0.1452083},
{0.0540209,0.8292767,0.1665239,-0.0026246,0.7914271,0.1562239,0.1720248,0.8336075,0.1695533,0.2912614,0.8598497,0.1647177,0.6624371,0.7935381,0.0448475,0.4482000,0.7770000,0.3965000,0.4916000,0.6980000,0.3280000,0.5544000,0.5871000,0.3601000,0.5314000,0.6348000,0.2635000,0.6655000,0.5271000,0.4611000,0.0045237,0.8427362,0.1446205},
{0.0528624,0.8290894,0.1660112,-0.0038049,0.7912994,0.1556097,0.1709288,0.8332494,0.1691358,0.2904058,0.8595320,0.1643907,0.6618602,0.7930979,0.0442857,0.4471000,0.7767000,0.3957000,0.4907000,0.6978000,0.3272000,0.5533000,0.5869000,0.3594000,0.5305000,0.6347000,0.2628000,0.6655000,0.5271000,0.4611000,0.0033039,0.8426146,0.1440301},
{0.0518012,0.8289164,0.1655382,-0.0048667,0.7911832,0.1550538,0.1700335,0.8329555,0.1687922,0.2896302,0.8592423,0.1640900,0.6611877,0.7925844,0.0436299,0.4460000,0.7765000,0.3949000,0.4899000,0.6977000,0.3265000,0.5524000,0.5867000,0.3587000,0.5298000,0.6345000,0.2621000,0.6655000,0.5271000,0.4611000,0.0021846,0.8425015,0.1434844},
{0.0507961,0.8287513,0.1650874,-0.0058805,0.7910711,0.1545200,0.1690466,0.8326300,0.1684107,0.2888343,0.8589432,0.1637773,0.6607421,0.7922438,0.0431949,0.4450000,0.7762000,0.3942000,0.4888000,0.6972000,0.3258000,0.5514000,0.5866000,0.3581000,0.5290000,0.6344000,0.2615000,0.6656000,0.5271000,0.4611000,0.0011074,0.8423913,0.1429557},
{0.0498151,0.8285889,0.1646447,-0.0068907,0.7909582,0.1539849,0.1681649,0.8323378,0.1680673,0.2881107,0.8586697,0.1634891,0.6601240,0.7917711,0.0425909,0.4440000,0.7759000,0.3935000,0.4888000,0.6972000,0.3258000,0.5505000,0.5864000,0.3576000,0.5283000,0.6342000,0.2608000,0.6656000,0.5271000,0.4611000,0.0001377,0.8422908,0.1424766},
{0.0488734,0.8284319,0.1642171,-0.0078155,0.7908538,0.1534925,0.1673463,0.8320655,0.1677464,0.2874684,0.8584255,0.1632302,0.6594499,0.7912552,0.0419313,0.4431000,0.7756000,0.3928000,0.4887000,0.6971000,0.3257000,0.5498000,0.5863000,0.3570000,0.5277000,0.6340000,0.2603000,0.6656000,0.5271000,0.4611000,-0.0007327,0.8421996,0.1420442},
{0.0479860,0.8282830,0.1638120,-0.0087506,0.7907474,0.1529921,0.1665477,0.8317987,0.1674314,0.2868513,0.8581897,0.1629785,0.6588450,0.7907919,0.0413386,0.4422000,0.7753000,0.3922000,0.4886000,0.6971000,0.3256000,0.5490000,0.5861000,0.3566000,0.5271000,0.6338000,0.2598000,0.6656000,0.5271000,0.4611000,-0.0016253,0.8421051,0.1415983},
{0.0471171,0.8281362,0.1634131,-0.0096398,0.7906452,0.1525137,0.1658174,0.8315538,0.1671416,0.2862053,0.8579415,0.1627119,0.6584689,0.7905036,0.0409698,0.4414000,0.7751000,0.3916000,0.4884000,0.6970000,0.3255000,0.5484000,0.5859000,0.3562000,0.5266000,0.6337000,0.2593000,0.6656000,0.5271000,0.4611000,-0.0024842,0.8420132,0.1411669},
{0.0462986,0.8279971,0.1630354,-0.0104712,0.7905488,0.1520643,0.1650219,0.8312861,0.1668241,0.2856786,0.8577381,0.1624922,0.6580247,0.7901630,0.0405339,0.4406000,0.7749000,0.3911000,0.4883000,0.6969000,0.3254000,0.5478000,0.5858000,0.3557000,0.5262000,0.6336000,0.2589000,0.6656000,0.5271000,0.4611000,-0.0032809,0.8419271,0.1407648},
{0.0455437,0.8278681,0.1626853,-0.0113509,0.7904459,0.1515864,0.1643122,0.8310463,0.1665391,0.2851107,0.8575178,0.1622528,0.6577299,0.7899368,0.0402444,0.4399000,0.7747000,0.3906000,0.4881000,0.6969000,0.3253000,0.5471000,0.5857000,0.3553000,0.5257000,0.6335000,0.2585000,0.6656000,0.5271000,0.4611000,-0.0040841,0.8418396,0.1403572},
{0.0447814,0.8277370,0.1623301,-0.0121429,0.7903526,0.1511542,0.1637398,0.8308523,0.1663082,0.2845886,0.8573142,0.1620304,0.6572405,0.7895612,0.0397633,0.4392000,0.7745000,0.3901000,0.4880000,0.6968000,0.3252000,0.5467000,0.5856000,0.3550000,0.5253000,0.6334000,0.2580000,0.6656000,0.5271000,0.4611000,-0.0048555,0.8417547,0.1399639},
{0.0440823,0.8276162,0.1620029,-0.0129557,0.7902560,0.1507086,0.1630955,0.8306332,0.1660469,0.2841299,0.8571345,0.1618331,0.6568040,0.7892259,0.0393338,0.4386000,0.7743000,0.3897000,0.4878000,0.6967000,0.3250000,0.5462000,0.5854000,0.3547000,0.5250000,0.6332000,0.2577000,0.6656000,0.5271000,0.4611000,-0.0056418,0.8416674,0.1395611},
{0.0433801,0.8274942,0.1616728,-0.0137544,0.7901604,0.1502688,0.1625257,0.8304389,0.1658148,0.2836444,0.8569436,0.1616223,0.6565154,0.7890041,0.0390497,0.4380000,0.7741000,0.3893000,0.4877000,0.6967000,0.3249000,0.5457000,0.5854000,0.3544000,0.5245000,0.6331000,0.2574000,0.6656000,0.5271000,0.4611000,-0.0062943,0.8415944,0.1392253},
{0.0427425,0.8273829,0.1613719,-0.0144452,0.7900770,0.1498868,0.1619745,0.8302504,0.1655893,0.2831998,0.8567679,0.1614275,0.6562195,0.7887767,0.0387581,0.4374000,0.7739000,0.3889000,0.4875000,0.6966000,0.3248000,0.5452000,0.5853000,0.3541000,0.5242000,0.6329000,0.2571000,0.6656000,0.5271000,0.4611000,-0.0069997,0.8415148,0.1388607},
{0.0421313,0.8272757,0.1610822,-0.0149430,0.7900166,0.1496106,0.1614050,0.8300551,0.1653553,0.2828029,0.8566105,0.1612521,0.6558337,0.7884800,0.0383778,0.4369000,0.7737000,0.3885000,0.4874000,0.6965000,0.3247000,0.5449000,0.5852000,0.3539000,0.5238000,0.6327000,0.2568000,0.6657000,0.5271000,0.4611000,-0.0075207,0.8414556,0.1385905},
{0.0416117,0.8271841,0.1608351,-0.0154196,0.7899585,0.1493455,0.1609068,0.8298838,0.1651496,0.2824130,0.8564552,0.1610784,0.6552689,0.7880453,0.0378205,0.4363000,0.7735000,0.3882000,0.4872000,0.6965000,0.3246000,0.5446000,0.5851000,0.3536000,0.5234000,0.6326000,0.2565000,0.6657000,0.5271000,0.4611000,-0.0079684,0.8414044,0.1383575},
{0.0411087,0.8270952,0.1605951,-0.0159495,0.7898935,0.1490498,0.1604568,0.8297286,0.1649632,0.2820389,0.8563056,0.1609103,0.6550745,0.7878956,0.0376284,0.4358000,0.7733000,0.3878000,0.4871000,0.6964000,0.3245000,0.5442000,0.5850000,0.3534000,0.5232000,0.6324000,0.2563000,0.6657000,0.5271000,0.4611000,-0.0083733,0.8413580,0.1381462},
{0.0406199,0.8270085,0.1603612,-0.0163951,0.7898387,0.1488005,0.1600137,0.8295756,0.1647791,0.2816719,0.8561584,0.1607442,0.6546704,0.7875844,0.0372292,0.4353000,0.7731000,0.3875000,0.4869000,0.6963000,0.3244000,0.5439000,0.5849000,0.3532000,0.5230000,0.6322000,0.2560000,0.6657000,0.5271000,0.4611000,-0.0087764,0.8413115,0.1379354},
{0.0401823,0.8269306,0.1601512,-0.0168986,0.7897764,0.1485180,0.1595886,0.8294283,0.1646017,0.2813839,0.8560425,0.1606130,0.6544341,0.7874023,0.0369955,0.4348000,0.7728000,0.3871000,0.4868000,0.6963000,0.3243000,0.5437000,0.5848000,0.3529000,0.5228000,0.6321000,0.2558000,0.6657000,0.5271000,0.4611000,-0.0092366,0.8412581,0.1376940},
{0.0397525,0.8268538,0.1599443,-0.0172976,0.7897268,0.1482936,0.1591865,0.8292888,0.1644334,0.2810828,0.8559209,0.1604749,0.6541037,0.7871476,0.0366686,0.4343000,0.7725000,0.3868000,0.4867000,0.6962000,0.3242000,0.5435000,0.5847000,0.3527000,0.5226000,0.6320000,0.2555000,0.6657000,0.5271000,0.4611000,-0.0096418,0.8412109,0.1374809},
{0.0394195,0.8267941,0.1597837,-0.0177141,0.7896749,0.1480588,0.1588775,0.8291814,0.1643038,0.2808074,0.8558093,0.1603478,0.6538124,0.7869230,0.0363803,0.4340000,0.7723000,0.3866000,0.4865000,0.6961000,0.3241000,0.5433000,0.5846000,0.3525000,0.5225000,0.6318000,0.2552000,0.6657000,0.5271000,0.4611000,-0.0100212,0.8411665,0.1372809},
{0.0391035,0.8267374,0.1596310,-0.0180691,0.7896304,0.1478582,0.1585820,0.8290785,0.1641795,0.2805931,0.8557223,0.1602484,0.6536710,0.7868139,0.0362403,0.4336000,0.7721000,0.3864000,0.4864000,0.6961000,0.3239000,0.5432000,0.5845000,0.3523000,0.5224000,0.6317000,0.2551000,0.6657000,0.5271000,0.4611000,-0.0103535,0.8411275,0.1371053},
{0.0387995,0.8266827,0.1594837,-0.0183993,0.7895889,0.1476713,0.1583572,0.8290001,0.1640847,0.2803530,0.8556246,0.1601365,0.6536306,0.7867827,0.0362002,0.4333000,0.7720000,0.3861000,0.4862000,0.6960000,0.3238000,0.5430000,0.5843000,0.3522000,0.5222000,0.6315000,0.2549000,0.6657000,0.5271000,0.4611000,-0.0106402,0.8410937,0.1369535},
{0.0385198,0.8266322,0.1593480,-0.0186959,0.7895516,0.1475031,0.1581494,0.8289276,0.1639970,0.2801987,0.8555617,0.1600642,0.6532422,0.7864830,0.0358153,0.4331000,0.7718000,0.3860000,0.4861000,0.6959000,0.3237000,0.5429000,0.5842000,0.3520000,0.5221000,0.6314000,0.2547000,0.6657000,0.5271000,0.4611000,-0.0108481,0.8410691,0.1368433},
{0.0382899,0.8265907,0.1592363,-0.0189932,0.7895140,0.1473343,0.1578892,0.8288366,0.1638869,0.2800361,0.8554952,0.1599878,0.6532422,0.7864830,0.0358153,0.4329000,0.7717000,0.3858000,0.4859000,0.6959000,0.3236000,0.5427000,0.5841000,0.3518000,0.5220000,0.6313000,0.2546000,0.6658000,0.5271000,0.4611000,-0.0110558,0.8410445,0.1367330},
{0.0380956,0.8265555,0.1591417,-0.0192804,0.7894776,0.1471709,0.1577323,0.8287818,0.1638204,0.2799053,0.8554417,0.1599261,0.6531231,0.7863911,0.0356972,0.4327000,0.7716000,0.3856000,0.4858000,0.6958000,0.3235000,0.5426000,0.5840000,0.3517000,0.5218000,0.6312000,0.2545000,0.6658000,0.5271000,0.4611000,-0.0112658,0.8410196,0.1366214},
{0.0378986,0.8265199,0.1590457,-0.0195724,0.7894405,0.1470044,0.1575778,0.8287276,0.1637548,0.2798219,0.8554075,0.1598867,0.6529840,0.7862837,0.0355593,0.4325000,0.7715000,0.3855000,0.4856000,0.6958000,0.3234000,0.5424000,0.5840000,0.3516000,0.5217000,0.6311000,0.2543000,0.6658000,0.5271000,0.4611000,-0.0114495,0.8409977,0.1365236},
{0.0377072,0.8264851,0.1589524,-0.0198336,0.7894072,0.1468553,0.1573999,0.8286653,0.1636793,0.2796932,0.8553547,0.1598258,0.6529795,0.7862802,0.0355548,0.4323000,0.7714000,0.3854000,0.4855000,0.6957000,0.3233000,0.5423000,0.5839000,0.3515000,0.5216000,0.6310000,0.2542000,0.6658000,0.5271000,0.4611000,-0.0116912,0.8409689,0.1363948},
{0.0375840,0.8264627,0.1588922,-0.0201655,0.7893648,0.1466656,0.1572469,0.8286116,0.1636142,0.2796129,0.8553218,0.1597877,0.6526346,0.7860139,0.0352126,0.4321000,0.7713000,0.3853000,0.4853000,0.6956000,0.3232000,0.5422000,0.5838000,0.3515000,0.5216000,0.6310000,0.2542000,0.6658000,0.5271000,0.4611000,-0.0119365,0.8409395,0.1362638},
{0.0373981,0.8264289,0.1588013,-0.0205288,0.7893182,0.1464575,0.1571755,0.8285866,0.1635838,0.2795064,0.8552780,0.1597370,0.6526346,0.7860139,0.0352126,0.4320000,0.7712000,0.3853000,0.4852000,0.6956000,0.3231000,0.5420000,0.5838000,0.3514000,0.5215000,0.6310000,0.2541000,0.6658000,0.5271000,0.4611000,-0.0121733,0.8409111,0.1361373},
{0.0371836,0.8263898,0.1586963,-0.0208985,0.7892706,0.1462452,0.1570209,0.8285323,0.1635179,0.2793996,0.8552340,0.1596860,0.6526062,0.7859919,0.0351843,0.4318000,0.7710000,0.3853000,0.4850000,0.6955000,0.3230000,0.5419000,0.5837000,0.3514000,0.5214000,0.6310000,0.2540000,0.6658000,0.5271000,0.4611000,-0.0124478,0.8408781,0.1359903},
{0.0369444,0.8263462,0.1585792,-0.0212609,0.7892238,0.1460368,0.1569061,0.8284920,0.1634689,0.2792890,0.8551884,0.1596332,0.6525010,0.7859106,0.0350799,0.4316000,0.7709000,0.3852000,0.4849000,0.6954000,0.3229000,0.5418000,0.5837000,0.3513000,0.5214000,0.6310000,0.2540000,0.6658000,0.5271000,0.4611000,-0.0128114,0.8408342,0.1357952},
{0.0367747,0.8263152,0.1584959,-0.0214651,0.7891974,0.1459191,0.1567616,0.8284412,0.1634073,0.2792113,0.8551564,0.1595959,0.6525010,0.7859106,0.0350799,0.4314000,0.7708000,0.3852000,0.4848000,0.6954000,0.3227000,0.5417000,0.5837000,0.3513000,0.5213000,0.6310000,0.2540000,0.6658000,0.5271000,0.4612000,-0.0130181,0.8408091,0.1356841},
{0.0365980,0.8262828,0.1584090,-0.0216014,0.7891797,0.1458405,0.1566101,0.8283879,0.1633425,0.2790777,0.8551012,0.1595318,0.6523319,0.7857800,0.0349120,0.4312000,0.7706000,0.3853000,0.4846000,0.6953000,0.3226000,0.5416000,0.5837000,0.3513000,0.5212000,0.6309000,0.2540000,0.6658000,0.5271000,0.4612000,-0.0132650,0.8407791,0.1355512},
{0.0364319,0.8262524,0.1583274,-0.0217345,0.7891624,0.1457637,0.1564765,0.8283408,0.1632853,0.2790197,0.8550772,0.1595038,0.6523319,0.7857800,0.0349120,0.4311000,0.7705000,0.3853000,0.4845000,0.6952000,0.3225000,0.5416000,0.5837000,0.3513000,0.5212000,0.6309000,0.2539000,0.6659000,0.5271000,0.4612000,-0.0134515,0.8407564,0.1354507},
{0.0363023,0.8262286,0.1582636,-0.0218156,0.7891519,0.1457168,0.1563832,0.8283079,0.1632453,0.2789217,0.8550366,0.1594566,0.6521701,0.7856550,0.0347513,0.4310000,0.7705000,0.3853000,0.4843000,0.6952000,0.3224000,0.5416000,0.5838000,0.3513000,0.5211000,0.6308000,0.2539000,0.6659000,0.5271000,0.4612000,-0.0135671,0.8407423,0.1353883},
{0.0362107,0.8262118,0.1582185,-0.0218891,0.7891423,0.1456744,0.1563203,0.8282857,0.1632183,0.2788415,0.8550034,0.1594178,0.6521701,0.7856550,0.0347513,0.4309000,0.7705000,0.3853000,0.4842000,0.6951000,0.3223000,0.5415000,0.5838000,0.3513000,0.5210000,0.6308000,0.2540000,0.6659000,0.5271000,0.4612000,-0.0136467,0.8407326,0.1353453},
{0.0361377,0.8261984,0.1581825,-0.0219573,0.7891334,0.1456350,0.1562393,0.8282572,0.1631836,0.2788291,0.8549983,0.1594119,0.6521701,0.7856550,0.0347513,0.4309000,0.7704000,0.3853000,0.4840000,0.6950000,0.3222000,0.5415000,0.5838000,0.3513000,0.5210000,0.6308000,0.2540000,0.6659000,0.5271000,0.4612000,-0.0136594,0.8407311,0.1353385}
};
