fitErrPi Mean = 0.318282
fitErrTh Mean = 0.0124983
fitErrWr Mean = 0.0200239
fitErrLA Mean = 0.0580984
fitErrEl Mean = 0.0594467
fitErrUA Mean = 0.0325984
efPts = {
{0.6677545,0.3674738,0.2672502,0.6827356,0.3146201,0.2657475,1.3747973,0.6917322,0.5156424,0.9577138,1.0131513,0.5101979,0.7716540,0.8254235,0.4749459,0.6525000,0.7520000,0.4962000,0.6794000,0.6046000,0.3890000,0.7205000,0.5944000,0.2864000,0.7444000,0.5298000,0.3981000,0.8546000,0.4474000,0.5073000,0.3182823,-0.0000000,-0.0000000},
{0.6675847,0.3676734,0.2672779,0.6824616,0.3148364,0.2658360,0.5727258,0.4962326,0.2441352,0.5975956,0.6580434,0.2752340,0.5731819,0.7068611,0.3203568,0.6513000,0.7515000,0.4951000,0.6785000,0.6039000,0.3880000,0.7201000,0.5941000,0.2861000,0.7437000,0.5292000,0.3978000,0.8537000,0.4469000,0.5075000,0.3182823,-0.0000000,-0.0000000},
{0.6673753,0.3679200,0.2673120,0.6820438,0.3151673,0.2659704,0.5727402,0.4967827,0.2440279,0.5975952,0.6590181,0.2745411,0.5732431,0.7070271,0.3203161,0.6501000,0.7510000,0.4940000,0.6778000,0.6034000,0.3872000,0.7198000,0.5937000,0.2857000,0.7428000,0.5285000,0.3976000,0.8528000,0.4464000,0.5077000,0.3182823,-0.0000000,-0.0000000},
{0.6671425,0.3681949,0.2673496,0.6815228,0.3155817,0.2661371,0.5727546,0.4973159,0.2439241,0.5975974,0.6601121,0.2737670,0.5732917,0.7071587,0.3202838,0.6489000,0.7507000,0.4930000,0.6770000,0.6031000,0.3863000,0.7194000,0.5934000,0.2853000,0.7419000,0.5279000,0.3973000,0.8517000,0.4461000,0.5080000,0.3182823,-0.0000000,-0.0000000},
{0.6668588,0.3685309,0.2673950,0.6809563,0.3160346,0.2663170,0.5727744,0.4980209,0.2437871,0.5976016,0.6610350,0.2731170,0.5733784,0.7073930,0.3202268,0.6478000,0.7505000,0.4920000,0.6761000,0.6028000,0.3856000,0.7190000,0.5931000,0.2850000,0.7410000,0.5273000,0.3970000,0.8507000,0.4458000,0.5083000,0.3182823,-0.0000000,-0.0000000},
{0.6664903,0.3689689,0.2674534,0.6803639,0.3165109,0.2665037,0.5727948,0.4987189,0.2436518,0.5976077,0.6619619,0.2724669,0.5734814,0.7076705,0.3201596,0.6467000,0.7504000,0.4910000,0.6752000,0.6026000,0.3848000,0.7186000,0.5927000,0.2846000,0.7400000,0.5269000,0.3968000,0.8495000,0.4455000,0.5086000,0.3182823,-0.0000000,-0.0000000},
{0.6659391,0.3696272,0.2675393,0.6794395,0.3172592,0.2667921,0.5728212,0.4995803,0.2434853,0.5976163,0.6629286,0.2717918,0.5735763,0.7079251,0.3200983,0.6457000,0.7502000,0.4901000,0.6744000,0.6025000,0.3841000,0.7182000,0.5924000,0.2843000,0.7390000,0.5266000,0.3965000,0.8484000,0.4453000,0.5089000,0.3182823,-0.0000000,-0.0000000},
{0.6651312,0.3705994,0.2676623,0.6783360,0.3181610,0.2671318,0.5728482,0.5004198,0.2433234,0.5976287,0.6640338,0.2710236,0.5736625,0.7081556,0.3200432,0.6448000,0.7501000,0.4892000,0.6737000,0.6023000,0.3833000,0.7179000,0.5920000,0.2839000,0.7382000,0.5263000,0.3960000,0.8473000,0.4450000,0.5093000,0.3182823,-0.0000000,-0.0000000},
{0.6641713,0.3717658,0.2678038,0.6769994,0.3192654,0.2675364,0.5728815,0.5014093,0.2431333,0.5976445,0.6651764,0.2702333,0.5737990,0.7085196,0.3199568,0.6438000,0.7500000,0.4883000,0.6728000,0.6022000,0.3826000,0.7175000,0.5917000,0.2836000,0.7370000,0.5258000,0.3960000,0.8462000,0.4448000,0.5095000,0.3182823,-0.0000000,-0.0000000},
{0.6630955,0.3730876,0.2679563,0.6754235,0.3205849,0.2680038,0.5729196,0.5024831,0.2429278,0.5976640,0.6663515,0.2694248,0.5739358,0.7088822,0.3198715,0.6430000,0.7499000,0.4875000,0.6722000,0.6021000,0.3819000,0.7171000,0.5914000,0.2832000,0.7360000,0.5252000,0.3960000,0.8450000,0.4445000,0.5097000,0.3182823,-0.0000000,-0.0000000},
{0.6619074,0.3745656,0.2681172,0.6736872,0.3220605,0.2685069,0.5729654,0.5037050,0.2426948,0.5976858,0.6674933,0.2686433,0.5740130,0.7090864,0.3198237,0.6422000,0.7499000,0.4867000,0.6713000,0.6021000,0.3812000,0.7167000,0.5910000,0.2828000,0.7356000,0.5255000,0.3953000,0.8439000,0.4444000,0.5099000,0.3182823,-0.0000000,-0.0000000},
{0.6607196,0.3760626,0.2682701,0.6720941,0.3234346,0.2689572,0.5730086,0.5048017,0.2424865,0.5977134,0.6687556,0.2677840,0.5742264,0.7096474,0.3196938,0.6415000,0.7500000,0.4858000,0.6706000,0.6021000,0.3805000,0.7163000,0.5907000,0.2825000,0.7345000,0.5250000,0.3953000,0.8429000,0.4442000,0.5102000,0.3182823,-0.0000000,-0.0000000},
{0.6593982,0.3777509,0.2684308,0.6700573,0.3252196,0.2695173,0.5730565,0.5059584,0.2422677,0.5977435,0.6699768,0.2669572,0.5744886,0.7103318,0.3195378,0.6408000,0.7502000,0.4850000,0.6699000,0.6022000,0.3799000,0.7160000,0.5903000,0.2821000,0.7334000,0.5244000,0.3953000,0.8419000,0.4443000,0.5106000,0.3182823,-0.0000000,-0.0000000},
{0.6579784,0.3795923,0.2685921,0.6678087,0.3272271,0.2701151,0.5731144,0.5072874,0.2420174,0.5977802,0.6713144,0.2660568,0.5749436,0.7115054,0.3192764,0.6402000,0.7505000,0.4841000,0.6691000,0.6023000,0.3792000,0.7156000,0.5900000,0.2818000,0.7330000,0.5249000,0.3947000,0.8411000,0.4444000,0.5110000,0.3182823,-0.0000000,-0.0000000},
{0.6563971,0.3816773,0.2687578,0.6655115,0.3293185,0.2707035,0.5731886,0.5088994,0.2417155,0.5978213,0.6726650,0.2651530,0.5753035,0.7124223,0.3190776,0.6397000,0.7508000,0.4832000,0.6684000,0.6025000,0.3786000,0.7152000,0.5897000,0.2814000,0.7319000,0.5244000,0.3948000,0.8403000,0.4446000,0.5114000,0.3182823,-0.0000000,-0.0000000},
{0.6546845,0.3839763,0.2689203,0.6629427,0.3317058,0.2713345,0.5733133,0.5114146,0.2412477,0.5978745,0.6742465,0.2641015,0.5756948,0.7134077,0.3188691,0.6393000,0.7511000,0.4823000,0.6677000,0.6028000,0.3779000,0.7148000,0.5893000,0.2811000,0.7307000,0.5238000,0.3949000,0.8392000,0.4447000,0.5117000,0.3182823,-0.0000000,-0.0000000},
{0.6527852,0.3865770,0.2690795,0.6601431,0.3343668,0.2719894,0.5734420,0.5138080,0.2408065,0.5979400,0.6760057,0.2629406,0.5761798,0.7146141,0.3186210,0.6390000,0.7516000,0.4815000,0.6670000,0.6033000,0.3773000,0.7144000,0.5890000,0.2807000,0.7303000,0.5243000,0.3943000,0.8383000,0.4447000,0.5119000,0.3182823,-0.0000000,-0.0000000},
{0.6508253,0.3893182,0.2692201,0.6573752,0.3370588,0.2726029,0.5735913,0.5163814,0.2403364,0.5980259,0.6780809,0.2615825,0.5767500,0.7160116,0.3183436,0.6386000,0.7521000,0.4806000,0.6663000,0.6037000,0.3766000,0.7141000,0.5886000,0.2803000,0.7299000,0.5246000,0.3942000,0.8373000,0.4446000,0.5123000,0.3182823,-0.0000000,-0.0000000},
{0.6485628,0.3925574,0.2693516,0.6544644,0.3399563,0.2732113,0.5737763,0.5193326,0.2398026,0.5981304,0.6803564,0.2601075,0.5774033,0.7175868,0.3180434,0.6383000,0.7527000,0.4797000,0.6658000,0.6042000,0.3759000,0.7137000,0.5883000,0.2800000,0.7288000,0.5241000,0.3944000,0.8362000,0.4446000,0.5125000,0.3182823,-0.0000000,-0.0000000},
{0.6462092,0.3960143,0.2694523,0.6512544,0.3432317,0.2738379,0.5739976,0.5225892,0.2392203,0.5982620,0.6829353,0.2584536,0.5782066,0.7194882,0.3176985,0.6381000,0.7535000,0.4788000,0.6653000,0.6048000,0.3751000,0.7133000,0.5880000,0.2796000,0.7284000,0.5244000,0.3942000,0.8353000,0.4448000,0.5127000,0.3182823,-0.0000000,-0.0000000},
{0.6438049,0.3996410,0.2695160,0.6478219,0.3468285,0.2744556,0.5742591,0.5261375,0.2385937,0.5984276,0.6858576,0.2566019,0.5789726,0.7212676,0.3173927,0.6379000,0.7543000,0.4780000,0.6647000,0.6056000,0.3744000,0.7129000,0.5876000,0.2793000,0.7280000,0.5248000,0.3936000,0.8343000,0.4451000,0.5130000,0.3182823,-0.0000000,-0.0000000},
{0.6411277,0.4037968,0.2695385,0.6441525,0.3507833,0.2750551,0.5745671,0.5299898,0.2379227,0.5986236,0.6889791,0.2546496,0.5798895,0.7233568,0.3170544,0.6377000,0.7552000,0.4772000,0.6642000,0.6063000,0.3736000,0.7125000,0.5873000,0.2789000,0.7267000,0.5244000,0.3937000,0.8332000,0.4454000,0.5132000,0.3182823,-0.0000000,-0.0000000},
{0.6383812,0.4081944,0.2695063,0.6403448,0.3550095,0.2756094,0.5749532,0.5344334,0.2371608,0.5988695,0.6925207,0.2524665,0.5810822,0.7260135,0.3166559,0.6376000,0.7562000,0.4765000,0.6637000,0.6073000,0.3728000,0.7122000,0.5869000,0.2786000,0.7263000,0.5248000,0.3935000,0.8321000,0.4458000,0.5134000,0.3182823,-0.0000000,-0.0000000},
{0.6355464,0.4128823,0.2694116,0.6363787,0.3595472,0.2761115,0.5753905,0.5390627,0.2363807,0.5991639,0.6963620,0.2501362,0.5824831,0.7290536,0.3162427,0.6376000,0.7573000,0.4758000,0.6633000,0.6082000,0.3721000,0.7118000,0.5866000,0.2782000,0.7258000,0.5252000,0.3930000,0.8310000,0.4460000,0.5135000,0.3182823,-0.0000000,-0.0000000},
{0.6325967,0.4179295,0.2692433,0.6322344,0.3644408,0.2765520,0.5759125,0.5441518,0.2355391,0.5995062,0.7004248,0.2477133,0.5838793,0.7320053,0.3158844,0.6376000,0.7584000,0.4752000,0.6629000,0.6092000,0.3713000,0.7114000,0.5863000,0.2778000,0.7252000,0.5257000,0.3928000,0.8299000,0.4463000,0.5136000,0.3182823,-0.0000000,-0.0000000},
{0.6296136,0.4232194,0.2689966,0.6279478,0.3696704,0.2769145,0.5765094,0.5495171,0.2346699,0.5999220,0.7049299,0.2450757,0.5854232,0.7351863,0.3155448,0.6378000,0.7596000,0.4746000,0.6625000,0.6102000,0.3706000,0.7110000,0.5859000,0.2775000,0.7247000,0.5262000,0.3923000,0.8287000,0.4465000,0.5137000,0.3182823,-0.0000000,-0.0000000},
{0.6265174,0.4289197,0.2686542,0.6234561,0.3753401,0.2771891,0.5772133,0.5553564,0.2337450,0.6003944,0.7096156,0.2423863,0.5870954,0.7385426,0.3152377,0.6379000,0.7609000,0.4739000,0.6622000,0.6113000,0.3697000,0.7106000,0.5856000,0.2771000,0.7241000,0.5266000,0.3920000,0.8276000,0.4468000,0.5138000,0.3182823,-0.0000000,-0.0000000},
{0.6233626,0.4349628,0.2682084,0.6189591,0.3812185,0.2773522,0.5779959,0.5613620,0.2328165,0.6009545,0.7147235,0.2395157,0.5888475,0.7419685,0.3149779,0.6382000,0.7624000,0.4732000,0.6619000,0.6125000,0.3689000,0.7103000,0.5852000,0.2768000,0.7235000,0.5271000,0.3916000,0.8263000,0.4469000,0.5137000,0.3182823,-0.0000000,-0.0000000},
{0.6202461,0.4411835,0.2676646,0.6142622,0.3875831,0.2773978,0.5788915,0.5677370,0.2318562,0.6015859,0.7200333,0.2365981,0.5907897,0.7456676,0.3147572,0.6385000,0.7639000,0.4726000,0.6615000,0.6138000,0.3680000,0.7099000,0.5849000,0.2764000,0.7228000,0.5276000,0.3911000,0.8250000,0.4470000,0.5136000,0.3182823,-0.0000000,-0.0000000},
{0.6172505,0.4474172,0.2670371,0.6096069,0.3941288,0.2773114,0.5798759,0.5742520,0.2309016,0.6022982,0.7255834,0.2336193,0.5928541,0.7494958,0.3145934,0.6390000,0.7655000,0.4719000,0.6612000,0.6152000,0.3672000,0.7095000,0.5846000,0.2761000,0.7221000,0.5282000,0.3907000,0.8237000,0.4472000,0.5135000,0.3182823,-0.0000000,-0.0000000},
{0.6139879,0.4545153,0.2662263,0.6047391,0.4012396,0.2770735,0.5809541,0.5809122,0.2299536,0.6030884,0.7313118,0.2306192,0.5950349,0.7534339,0.3144926,0.6395000,0.7672000,0.4713000,0.6608000,0.6167000,0.3661000,0.7091000,0.5842000,0.2757000,0.7213000,0.5288000,0.3901000,0.8223000,0.4473000,0.5134000,0.3182823,-0.0000000,-0.0000000},
{0.6108519,0.4616723,0.2653093,0.5999635,0.4084960,0.2766848,0.5821635,0.5879010,0.2289893,0.6039782,0.7373333,0.2275457,0.5973748,0.7575487,0.3144601,0.6402000,0.7690000,0.4707000,0.6605000,0.6184000,0.3653000,0.7087000,0.5839000,0.2753000,0.7206000,0.5293000,0.3896000,0.8208000,0.4475000,0.5132000,0.3182823,-0.0000000,-0.0000000},
{0.6078061,0.4689714,0.2642753,0.5952073,0.4160162,0.2761351,0.5834756,0.5950092,0.2280403,0.6049586,0.7435463,0.2244587,0.5997941,0.7616925,0.3145020,0.6410000,0.7709000,0.4700000,0.6602000,0.6201000,0.3642000,0.7084000,0.5836000,0.2750000,0.7198000,0.5301000,0.3890000,0.8193000,0.4476000,0.5130000,0.3182823,-0.0000000,-0.0000000},
{0.6048155,0.4765114,0.2631062,0.5904716,0.4238155,0.2754152,0.5849132,0.6023292,0.2270966,0.6060246,0.7498948,0.2213913,0.6023152,0.7659005,0.3146209,0.6418000,0.7729000,0.4694000,0.6599000,0.6219000,0.3634000,0.7080000,0.5832000,0.2746000,0.7192000,0.5309000,0.3884000,0.8177000,0.4477000,0.5128000,0.3182823,-0.0000000,-0.0000000},
{0.6018936,0.4842810,0.2617979,0.5857098,0.4319951,0.2745043,0.5864562,0.6097321,0.2261768,0.6071843,0.7564064,0.2183348,0.6049446,0.7701784,0.3148205,0.6427000,0.7748000,0.4687000,0.6597000,0.6237000,0.3623000,0.7076000,0.5829000,0.2743000,0.7184000,0.5316000,0.3878000,0.8161000,0.4478000,0.5126000,0.3182823,-0.0000000,-0.0000000},
{0.5990349,0.4923222,0.2603367,0.5810477,0.4403592,0.2734155,0.5881325,0.6173270,0.2252694,0.6084653,0.7632033,0.2152397,0.6076523,0.7744743,0.3151009,0.6437000,0.7769000,0.4681000,0.6595000,0.6256000,0.3614000,0.7072000,0.5825000,0.2739000,0.7176000,0.5323000,0.3872000,0.8145000,0.4479000,0.5124000,0.3182823,-0.0000000,-0.0000000},
{0.5963392,0.5003640,0.2587696,0.5764515,0.4489814,0.2721335,0.5899499,0.6251152,0.2243772,0.6098418,0.7701204,0.2121883,0.6103972,0.7787232,0.3154573,0.6447000,0.7789000,0.4674000,0.6592000,0.6274000,0.3603000,0.7068000,0.5822000,0.2736000,0.7168000,0.5331000,0.3866000,0.8127000,0.4479000,0.5122000,0.3182823,-0.0000000,-0.0000000},
{0.5936926,0.5087666,0.2570220,0.5719525,0.4578192,0.2706580,0.5918781,0.6329472,0.2235190,0.6113351,0.7772446,0.2091480,0.6132323,0.7830071,0.3158970,0.6457000,0.7810000,0.4669000,0.6591000,0.6292000,0.3593000,0.7064000,0.5819000,0.2732000,0.7159000,0.5339000,0.3861000,0.8111000,0.4481000,0.5120000,0.3182823,-0.0000000,-0.0000000},
{0.5912092,0.5171915,0.2551595,0.5675780,0.4668319,0.2689909,0.5939329,0.6408745,0.2226905,0.6129071,0.7843812,0.2062052,0.6161238,0.7872733,0.3164157,0.6468000,0.7831000,0.4664000,0.6590000,0.6310000,0.3583000,0.7064000,0.5819000,0.2732000,0.7151000,0.5346000,0.3855000,0.8094000,0.4483000,0.5119000,0.3182823,-0.0000000,-0.0000000},
{0.5888530,0.5257664,0.2531526,0.5633699,0.4759383,0.2671453,0.5960693,0.6487205,0.2219103,0.6145885,0.7916630,0.2033076,0.6190445,0.7914829,0.3170078,0.6479000,0.7852000,0.4660000,0.6588000,0.6329000,0.3575000,0.7066000,0.5830000,0.2728000,0.7142000,0.5354000,0.3849000,0.8077000,0.4486000,0.5117000,0.3182823,-0.0000000,-0.0000000},
{0.5866872,0.5342590,0.2510563,0.5593182,0.4851630,0.2651153,0.5983257,0.6566261,0.2211646,0.6163427,0.7989250,0.2005223,0.6220763,0.7957522,0.3176908,0.6491000,0.7872000,0.4656000,0.6588000,0.6346000,0.3566000,0.7072000,0.5844000,0.2723000,0.7133000,0.5363000,0.3845000,0.8059000,0.4488000,0.5115000,0.3182823,-0.0000000,-0.0000000},
{0.5846415,0.5429482,0.2488011,0.5554004,0.4945683,0.2628831,0.6007057,0.6645931,0.2204542,0.6182094,0.8063268,0.1977900,0.6251538,0.7999866,0.3184520,0.6503000,0.7893000,0.4653000,0.6588000,0.6364000,0.3559000,0.7074000,0.5856000,0.2718000,0.7122000,0.5371000,0.3841000,0.8042000,0.4490000,0.5113000,0.3182823,-0.0000000,-0.0000000},
{0.5826944,0.5519870,0.2463379,0.5516891,0.5039857,0.2604874,0.6031538,0.6724377,0.2197955,0.6202476,0.8140732,0.1950448,0.6282407,0.8041378,0.3192811,0.6515000,0.7914000,0.4651000,0.6587000,0.6381000,0.3554000,0.7075000,0.5869000,0.2714000,0.7112000,0.5381000,0.3837000,0.8024000,0.4492000,0.5112000,0.3182823,-0.0000000,-0.0000000},
{0.5809704,0.5608103,0.2438189,0.5481179,0.5135909,0.2578809,0.6057536,0.6804237,0.2191666,0.6223964,0.8219077,0.1923867,0.6314626,0.8083724,0.3202134,0.6527000,0.7935000,0.4649000,0.6586000,0.6398000,0.3549000,0.7075000,0.5881000,0.2710000,0.7103000,0.5389000,0.3833000,0.8007000,0.4494000,0.5111000,0.3182823,-0.0000000,-0.0000000},
{0.5794120,0.5696826,0.2411724,0.5446354,0.5235653,0.2550024,0.6084357,0.6883312,0.2185859,0.6245765,0.8295487,0.1899085,0.6346145,0.8124218,0.3211892,0.6540000,0.7956000,0.4647000,0.6582000,0.6413000,0.3545000,0.7074000,0.5892000,0.2707000,0.7093000,0.5397000,0.3829000,0.7991000,0.4496000,0.5111000,0.3182823,-0.0000000,-0.0000000},
{0.5780316,0.5785396,0.2384168,0.5414219,0.5334099,0.2519912,0.6112630,0.6963414,0.2180405,0.6268647,0.8372718,0.1875181,0.6379144,0.8165661,0.3222759,0.6552000,0.7976000,0.4645000,0.6579000,0.6428000,0.3542000,0.7072000,0.5902000,0.2705000,0.7084000,0.5404000,0.3826000,0.7976000,0.4499000,0.5112000,0.3182823,-0.0000000,-0.0000000},
{0.5768094,0.5875346,0.2355018,0.5383629,0.5434825,0.2487362,0.6142007,0.7043464,0.2175390,0.6292715,0.8451029,0.1852115,0.6412416,0.8206492,0.3234367,0.6564000,0.7996000,0.4643000,0.6574000,0.6440000,0.3538000,0.7067000,0.5911000,0.2704000,0.7075000,0.5412000,0.3824000,0.7961000,0.4502000,0.5113000,0.3182823,-0.0000000,-0.0000000},
{0.5757862,0.5963729,0.2325225,0.5355498,0.5535000,0.2453245,0.6172224,0.7122756,0.2170857,0.6317378,0.8528474,0.1830469,0.6444959,0.8245528,0.3246335,0.6576000,0.8016000,0.4641000,0.6568000,0.6451000,0.3535000,0.7063000,0.5921000,0.2703000,0.7067000,0.5419000,0.3822000,0.7945000,0.4505000,0.5114000,0.3182823,-0.0000000,-0.0000000},
{0.5749221,0.6054292,0.2293501,0.5329786,0.5634673,0.2417568,0.6203216,0.7201178,0.2166805,0.6343455,0.8607578,0.1809558,0.6480266,0.8286900,0.3259989,0.6588000,0.8036000,0.4638000,0.6561000,0.6462000,0.3532000,0.7058000,0.5930000,0.2702000,0.7058000,0.5427000,0.3820000,0.7930000,0.4509000,0.5115000,0.3182823,-0.0000000,-0.0000000},
{0.5742583,0.6143145,0.2261184,0.5306209,0.5735036,0.2379884,0.6235907,0.7280997,0.2163125,0.6370594,0.8687152,0.1789750,0.6514297,0.8325834,0.3273793,0.6599000,0.8054000,0.4636000,0.6554000,0.6471000,0.3529000,0.7052000,0.5937000,0.2701000,0.7050000,0.5434000,0.3818000,0.7915000,0.4513000,0.5116000,0.3182823,-0.0000000,-0.0000000},
{0.5737855,0.6230710,0.2228160,0.5284952,0.5835535,0.2340360,0.6268617,0.7358142,0.2160001,0.6398600,0.8766588,0.1771213,0.6548197,0.8363716,0.3288158,0.6610000,0.8073000,0.4634000,0.6538000,0.6480000,0.3524000,0.7046000,0.5945000,0.2700000,0.7041000,0.5440000,0.3817000,0.7900000,0.4518000,0.5118000,0.3182823,-0.0000000,-0.0000000},
{0.5735008,0.6316396,0.2194691,0.5266620,0.5933018,0.2300283,0.6302147,0.7434634,0.2157331,0.6427322,0.8845469,0.1754039,0.6583162,0.8401863,0.3303608,0.6621000,0.8091000,0.4631000,0.6535000,0.6491000,0.3521000,0.7039000,0.5952000,0.2698000,0.7033000,0.5448000,0.3815000,0.7886000,0.4522000,0.5120000,0.3182823,-0.0000000,-0.0000000},
{0.5733964,0.6402444,0.2159905,0.5250650,0.6030080,0.2258642,0.6336632,0.7510790,0.2155100,0.6456786,0.8923890,0.1738196,0.6616082,0.8436931,0.3318734,0.6632000,0.8109000,0.4628000,0.6531000,0.6503000,0.3518000,0.7032000,0.5957000,0.2696000,0.7024000,0.5454000,0.3814000,0.7872000,0.4527000,0.5124000,0.3182823,-0.0000000,-0.0000000},
{0.5734741,0.6486065,0.2124938,0.5237309,0.6124848,0.2216272,0.6371228,0.7584827,0.2153347,0.6487114,0.9002172,0.1723619,0.6648614,0.8470787,0.3334226,0.6642000,0.8127000,0.4625000,0.6529000,0.6514000,0.3516000,0.7024000,0.5963000,0.2695000,0.7016000,0.5462000,0.3813000,0.7859000,0.4533000,0.5127000,0.3182823,-0.0000000,-0.0000000},
{0.5737204,0.6566441,0.2090215,0.5226421,0.6218062,0.2172898,0.6406020,0.7657065,0.2152040,0.6517857,0.9079189,0.1710503,0.6681118,0.8503825,0.3350243,0.6652000,0.8145000,0.4622000,0.6526000,0.6525000,0.3514000,0.7016000,0.5968000,0.2693000,0.7008000,0.5469000,0.3812000,0.7845000,0.4539000,0.5129000,0.3182823,-0.0000000,-0.0000000},
{0.5741315,0.6645315,0.2055044,0.5217986,0.6309245,0.2128784,0.6441096,0.7727800,0.2151151,0.6549488,0.9156148,0.1698630,0.6712770,0.8535244,0.3366354,0.6661000,0.8163000,0.4619000,0.6522000,0.6536000,0.3511000,0.7007000,0.5973000,0.2691000,0.7000000,0.5476000,0.3810000,0.7831000,0.4544000,0.5132000,0.3182823,-0.0000000,-0.0000000},
{0.5746803,0.6719900,0.2020748,0.5212076,0.6395864,0.2085279,0.6476515,0.7797235,0.2150663,0.6581360,0.9231508,0.1688219,0.6743784,0.8565312,0.3382632,0.6670000,0.8181000,0.4617000,0.6516000,0.6548000,0.3509000,0.6997000,0.5978000,0.2688000,0.6992000,0.5483000,0.3809000,0.7818000,0.4549000,0.5133000,0.3182823,-0.0000000,-0.0000000},
{0.5753847,0.6793910,0.1985680,0.5208371,0.6480211,0.2041354,0.6511554,0.7864079,0.2150558,0.6613468,0.9305348,0.1679206,0.6774206,0.8594113,0.3399071,0.6679000,0.8199000,0.4614000,0.6511000,0.6560000,0.3506000,0.6988000,0.5982000,0.2685000,0.6984000,0.5489000,0.3807000,0.7804000,0.4555000,0.5135000,0.3182823,-0.0000000,-0.0000000},
{0.5762059,0.6864065,0.1951444,0.5206802,0.6560854,0.1997858,0.6545930,0.7927979,0.2150800,0.6645721,0.9377546,0.1671556,0.6803809,0.8621480,0.3415517,0.6687000,0.8216000,0.4612000,0.6505000,0.6572000,0.3503000,0.6979000,0.5988000,0.2682000,0.6975000,0.5496000,0.3806000,0.7791000,0.4560000,0.5137000,0.3182823,-0.0000000,-0.0000000},
{0.5771351,0.6931008,0.1917832,0.5207190,0.6637908,0.1954862,0.6580928,0.7991421,0.2151378,0.6678013,0.9447960,0.1665226,0.6832308,0.8647209,0.3431772,0.6695000,0.8232000,0.4611000,0.6500000,0.6586000,0.3500000,0.6971000,0.5993000,0.2680000,0.6967000,0.5503000,0.3804000,0.7777000,0.4567000,0.5138000,0.3182823,-0.0000000,-0.0000000},
{0.5781502,0.6994289,0.1885172,0.5209367,0.6711492,0.1912428,0.6614572,0.8050959,0.2152231,0.6710456,0.9516917,0.1660136,0.6859816,0.8671465,0.3447856,0.6702000,0.8248000,0.4609000,0.6495000,0.6597000,0.3498000,0.6963000,0.5999000,0.2676000,0.6959000,0.5511000,0.3802000,0.7763000,0.4573000,0.5140000,0.3182823,-0.0000000,-0.0000000},
{0.5792527,0.7054871,0.1853058,0.5213074,0.6780173,0.1871549,0.6648104,0.8108951,0.2153357,0.6742063,0.9582460,0.1656340,0.6885860,0.8693902,0.3463445,0.6708000,0.8263000,0.4608000,0.6490000,0.6610000,0.3496000,0.6957000,0.6006000,0.2674000,0.6951000,0.5518000,0.3801000,0.7750000,0.4580000,0.5142000,0.3182823,-0.0000000,-0.0000000},
{0.5804013,0.7111345,0.1822339,0.5218205,0.6845770,0.1831294,0.6679979,0.8162893,0.2154672,0.6773353,0.9645824,0.1653662,0.6911308,0.8715325,0.3479019,0.6713000,0.8278000,0.4607000,0.6484000,0.6623000,0.3493000,0.6951000,0.6013000,0.2672000,0.6943000,0.5527000,0.3799000,0.7735000,0.4587000,0.5143000,0.3182823,-0.0000000,-0.0000000},
{0.5816351,0.7166234,0.1791720,0.5224485,0.6907102,0.1792530,0.6711463,0.8215085,0.2156193,0.6804140,0.9706760,0.1652029,0.6935374,0.8735123,0.3494062,0.6718000,0.8292000,0.4607000,0.6479000,0.6636000,0.3491000,0.6945000,0.6021000,0.2670000,0.6935000,0.5535000,0.3799000,0.7722000,0.4595000,0.5145000,0.3182823,-0.0000000,-0.0000000},
{0.5828606,0.7216062,0.1763241,0.5231798,0.6964970,0.1754899,0.6741252,0.8263514,0.2157828,0.6834007,0.9764588,0.1651360,0.6958108,0.8753410,0.3508556,0.6723000,0.8306000,0.4607000,0.6475000,0.6649000,0.3490000,0.6940000,0.6030000,0.2668000,0.6926000,0.5544000,0.3798000,0.7709000,0.4603000,0.5148000,0.3182823,-0.0000000,-0.0000000},
{0.5841320,0.7263737,0.1735352,0.5239823,0.7018460,0.1719152,0.6770014,0.8309426,0.2159580,0.6862589,0.9818783,0.1651531,0.6979565,0.8770293,0.3522493,0.6727000,0.8321000,0.4607000,0.6470000,0.6663000,0.3489000,0.6934000,0.6038000,0.2668000,0.6918000,0.5553000,0.3797000,0.7696000,0.4611000,0.5150000,0.3182823,-0.0000000,-0.0000000},
{0.5853887,0.7307506,0.1709167,0.5248604,0.7069090,0.1684416,0.6797338,0.8352302,0.2161398,0.6889994,0.9869732,0.1652416,0.6999908,0.8785958,0.3535941,0.6732000,0.8336000,0.4608000,0.6465000,0.6678000,0.3488000,0.6927000,0.6047000,0.2667000,0.6911000,0.5563000,0.3797000,0.7682000,0.4619000,0.5152000,0.3182823,-0.0000000,-0.0000000},
{0.5866497,0.7348570,0.1684070,0.5257778,0.7115766,0.1651571,0.6822784,0.8391598,0.2163219,0.6915859,0.9916934,0.1653880,0.7019241,0.8800531,0.3548934,0.6738000,0.8350000,0.4609000,0.6461000,0.6693000,0.3487000,0.6921000,0.6056000,0.2666000,0.6902000,0.5573000,0.3797000,0.7669000,0.4627000,0.5154000,0.3182823,-0.0000000,-0.0000000},
{0.5879297,0.7387724,0.1659637,0.5267504,0.7160097,0.1619606,0.6846241,0.8427301,0.2165006,0.6940702,0.9961484,0.1655845,0.7036980,0.8813631,0.3561042,0.6744000,0.8364000,0.4610000,0.6457000,0.6708000,0.3487000,0.6915000,0.6066000,0.2666000,0.6895000,0.5584000,0.3797000,0.7657000,0.4637000,0.5158000,0.3182823,-0.0000000,-0.0000000},
{0.5891915,0.7424134,0.1636453,0.5277447,0.7201172,0.1589281,0.6868493,0.8460719,0.2166793,0.6963705,1.0002062,0.1658141,0.7054156,0.8826063,0.3572937,0.6751000,0.8379000,0.4612000,0.6453000,0.6724000,0.3487000,0.6908000,0.6076000,0.2667000,0.6886000,0.5594000,0.3798000,0.7644000,0.4646000,0.5161000,0.3182823,-0.0000000,-0.0000000},
{0.5903973,0.7457123,0.1615042,0.5287526,0.7239308,0.1560481,0.6889068,0.8491237,0.2168524,0.6984932,1.0038950,0.1660657,0.7068966,0.8836581,0.3583332,0.6757000,0.8393000,0.4612000,0.6449000,0.6739000,0.3488000,0.6901000,0.6085000,0.2667000,0.6878000,0.5604000,0.3799000,0.7631000,0.4656000,0.5164000,0.3182823,-0.0000000,-0.0000000},
{0.5916043,0.7488562,0.1594262,0.5298030,0.7275983,0.1532167,0.6907471,0.8518229,0.2170135,0.7004290,1.0072131,0.1663277,0.7082763,0.8846208,0.3593133,0.6763000,0.8407000,0.4613000,0.6445000,0.6754000,0.3489000,0.6890000,0.6096000,0.2663000,0.6870000,0.5616000,0.3800000,0.7619000,0.4666000,0.5168000,0.3182823,-0.0000000,-0.0000000},
{0.5927901,0.7518043,0.1574426,0.5308709,0.7310574,0.1504875,0.6924278,0.8542635,0.2171656,0.7021821,1.0101807,0.1665914,0.7094278,0.8854116,0.3601400,0.6769000,0.8422000,0.4613000,0.6442000,0.6769000,0.3489000,0.6884000,0.6107000,0.2663000,0.6862000,0.5627000,0.3801000,0.7606000,0.4676000,0.5170000,0.3182823,-0.0000000,-0.0000000},
{0.5939128,0.7544783,0.1556128,0.5319383,0.7342839,0.1478876,0.6939447,0.8564465,0.2173070,0.7037783,1.0128528,0.1668529,0.7104867,0.8861284,0.3609072,0.6775000,0.8436000,0.4612000,0.6439000,0.6784000,0.3490000,0.6880000,0.6117000,0.2663000,0.6855000,0.5638000,0.3801000,0.7594000,0.4686000,0.5173000,0.3182823,-0.0000000,-0.0000000},
{0.5950470,0.7570728,0.1538083,0.5330051,0.7373096,0.1453994,0.6952993,0.8583802,0.2174364,0.7051867,1.0151866,0.1671005,0.7113638,0.8867144,0.3615480,0.6779000,0.8450000,0.4610000,0.6437000,0.6799000,0.3489000,0.6875000,0.6128000,0.2664000,0.6846000,0.5649000,0.3802000,0.7582000,0.4697000,0.5176000,0.3182823,-0.0000000,-0.0000000},
{0.5961250,0.7594460,0.1521316,0.5340623,0.7401352,0.1430294,0.6965141,0.8601021,0.2175550,0.7064429,1.0172499,0.1673344,0.7121503,0.8872341,0.3621266,0.6783000,0.8464000,0.4608000,0.6434000,0.6813000,0.3488000,0.6871000,0.6138000,0.2664000,0.6839000,0.5660000,0.3803000,0.7571000,0.4706000,0.5178000,0.3182823,-0.0000000,-0.0000000},
{0.5972161,0.7617624,0.1504697,0.5351348,0.7428461,0.1407114,0.6974526,0.8614244,0.2176483,0.7074419,1.0188784,0.1675291,0.7127245,0.8876098,0.3625515,0.6787000,0.8477000,0.4604000,0.6431000,0.6826000,0.3487000,0.6867000,0.6149000,0.2663000,0.6833000,0.5672000,0.3802000,0.7559000,0.4716000,0.5180000,0.3182823,-0.0000000,-0.0000000},
{0.5982682,0.7639192,0.1488989,0.5361714,0.7453329,0.1385448,0.6983399,0.8626682,0.2177378,0.7081130,1.0199664,0.1676643,0.7132225,0.8879333,0.3629216,0.6790000,0.8489000,0.4600000,0.6428000,0.6838000,0.3485000,0.6863000,0.6158000,0.2662000,0.6826000,0.5681000,0.3802000,0.7548000,0.4726000,0.5182000,0.3182823,-0.0000000,-0.0000000},
{0.5992979,0.7659617,0.1473897,0.5372967,0.7478984,0.1362671,0.6989488,0.8635184,0.2177999,0.7085028,1.0205960,0.1677444,0.7135523,0.8881463,0.3631676,0.6793000,0.8501000,0.4595000,0.6425000,0.6851000,0.3483000,0.6859000,0.6167000,0.2662000,0.6820000,0.5692000,0.3802000,0.7537000,0.4736000,0.5185000,0.3182823,-0.0000000,-0.0000000},
{0.6002945,0.7678773,0.1459543,0.5384007,0.7502923,0.1341008,0.6994404,0.8642027,0.2178505,0.7093468,1.0219538,0.1679218,0.7137721,0.8882876,0.3633319,0.6795000,0.8514000,0.4591000,0.6423000,0.6862000,0.3480000,0.6856000,0.6176000,0.2661000,0.6813000,0.5703000,0.3802000,0.7526000,0.4746000,0.5187000,0.3182823,-0.0000000,-0.0000000},
{0.6012555,0.7696706,0.1445923,0.5395433,0.7526534,0.1319231,0.6997328,0.8646087,0.2178807,0.7089832,1.0213699,0.1678447,0.7138294,0.8883244,0.3633748,0.6796000,0.8525000,0.4585000,0.6420000,0.6873000,0.3478000,0.6852000,0.6184000,0.2660000,0.6806000,0.5711000,0.3802000,0.7515000,0.4756000,0.5189000,0.3182823,-0.0000000,-0.0000000},
{0.6022155,0.7714112,0.1432527,0.5406770,0.7548883,0.1298224,0.6999159,0.8648627,0.2178997,0.7091077,1.0215700,0.1678710,0.7137591,0.8882793,0.3633222,0.6797000,0.8536000,0.4578000,0.6417000,0.6883000,0.3475000,0.6848000,0.6192000,0.2659000,0.6800000,0.5722000,0.3801000,0.7505000,0.4767000,0.5192000,0.3182823,-0.0000000,-0.0000000},
{0.6031248,0.7730156,0.1420021,0.5417736,0.7569561,0.1278424,0.6999490,0.8649087,0.2179032,0.7090822,1.0215289,0.1678656,0.7136131,0.8881854,0.3632131,0.6797000,0.8547000,0.4570000,0.6414000,0.6892000,0.3471000,0.6844000,0.6200000,0.2658000,0.6794000,0.5730000,0.3801000,0.7494000,0.4776000,0.5194000,0.3182823,-0.0000000,-0.0000000},
{0.6039607,0.7744537,0.1408677,0.5429909,0.7591516,0.1256997,0.6999011,0.8648422,0.2178982,0.7088708,1.0211889,0.1678211,0.7133079,0.8879885,0.3629852,0.6795000,0.8557000,0.4562000,0.6411000,0.6901000,0.3466000,0.6841000,0.6206000,0.2657000,0.6788000,0.5739000,0.3800000,0.7484000,0.4786000,0.5196000,0.3182823,-0.0000000,-0.0000000},
{0.6049435,0.7761015,0.1395515,0.5443733,0.7615269,0.1233319,0.6998129,0.8647199,0.2178890,0.7085615,1.0206906,0.1677565,0.7128876,0.8877160,0.3626725,0.6792000,0.8566000,0.4552000,0.6407000,0.6909000,0.3462000,0.6837000,0.6212000,0.2655000,0.6782000,0.5747000,0.3799000,0.7474000,0.4796000,0.5199000,0.3182823,-0.0000000,-0.0000000},
{0.6059804,0.7777914,0.1381830,0.5455423,0.7634450,0.1213798,0.6997587,0.8646447,0.2178834,0.7081322,1.0199973,0.1676682,0.7123964,0.8873955,0.3623084,0.6787000,0.8575000,0.4543000,0.6402000,0.6916000,0.3456000,0.6834000,0.6217000,0.2652000,0.6776000,0.5755000,0.3798000,0.7464000,0.4806000,0.5201000,0.3182823,-0.0000000,-0.0000000}
};
