fitErrPi Mean = 0.358558
fitErrTh Mean = 0.0494435
fitErrWr Mean = 0.0384069
fitErrLA Mean = 0.0555138
fitErrEl Mean = 0.0192051
fitErrUA Mean = 0.0244507
efPts = {
{0.5820357,0.3321137,0.2979336,0.5786593,0.2797676,0.2826354,0.6827540,1.0486361,0.2092429,0.9229920,1.0108861,0.4814859,0.8787070,0.9889800,0.4593875,0.7001000,0.6726000,0.5497000,0.6903000,0.5904000,0.4013000,0.7039000,0.5682000,0.2819000,0.7773000,0.4965000,0.3874000,0.9393000,0.4189000,0.4710000,0.3182823,-0.1651070,0.0000000},
{0.5820529,0.3321143,0.2979182,0.5786207,0.2797763,0.2826734,0.5537233,0.4797482,0.4048946,0.5141000,0.5430380,0.3580109,0.6406691,0.6478456,0.4620967,0.7006000,0.6718000,0.5499000,0.6907000,0.5899000,0.4013000,0.7042000,0.5679000,0.2819000,0.7776000,0.4959000,0.3873000,0.9399000,0.4182000,0.4704000,0.3182823,-0.1651070,0.0000000},
{0.5819797,0.3321121,0.2979838,0.5784785,0.2798091,0.2828132,0.5536941,0.4802561,0.4040303,0.5140880,0.5437411,0.3571275,0.6406862,0.6477989,0.4621573,0.7011000,0.6710000,0.5501000,0.6911000,0.5894000,0.4013000,0.7045000,0.5677000,0.2819000,0.7779000,0.4953000,0.3872000,0.9405000,0.4175000,0.4699000,0.3182823,-0.1651070,0.0000000},
{0.5818803,0.3321099,0.2980727,0.5784738,0.2798102,0.2828178,0.5536686,0.4807272,0.4032362,0.5140761,0.5447180,0.3559085,0.6406665,0.6478526,0.4620876,0.7015000,0.6703000,0.5503000,0.6915000,0.5889000,0.4013000,0.7048000,0.5674000,0.2818000,0.7782000,0.4948000,0.3870000,0.9409000,0.4167000,0.4692000,0.3182823,-0.1651070,0.0000000},
{0.5817814,0.3321084,0.2981610,0.5782725,0.2798591,0.2830147,0.5536415,0.4812586,0.4023488,0.5140693,0.5458213,0.3545429,0.6406009,0.6480320,0.4618550,0.7019000,0.6697000,0.5504000,0.6919000,0.5884000,0.4013000,0.7051000,0.5672000,0.2818000,0.7785000,0.4942000,0.3869000,0.9412000,0.4159000,0.4685000,0.3182823,-0.1651070,0.0000000},
{0.5816258,0.3321076,0.2982991,0.5780717,0.2799105,0.2832101,0.5536160,0.4817957,0.4014605,0.5140697,0.5470091,0.3530860,0.6404868,0.6483465,0.4614483,0.7023000,0.6693000,0.5504000,0.6922000,0.5878000,0.4013000,0.7054000,0.5669000,0.2818000,0.7788000,0.4937000,0.3867000,0.9414000,0.4151000,0.4679000,0.3182823,-0.1651070,0.0000000},
{0.5814329,0.3321092,0.2984697,0.5777805,0.2799897,0.2834915,0.5535953,0.4822632,0.4006942,0.5140778,0.5481797,0.3516630,0.6403663,0.6486818,0.4610161,0.7026000,0.6689000,0.5504000,0.6926000,0.5873000,0.4013000,0.7057000,0.5667000,0.2818000,0.7791000,0.4931000,0.3866000,0.9416000,0.4143000,0.4673000,0.3182823,-0.1651070,0.0000000},
{0.5812729,0.3321127,0.2986104,0.5775443,0.2800580,0.2837182,0.5535734,0.4827898,0.3998385,0.5140932,0.5493466,0.3502573,0.6402400,0.6490374,0.4605594,0.7030000,0.6688000,0.5504000,0.6930000,0.5868000,0.4013000,0.7060000,0.5664000,0.2818000,0.7794000,0.4926000,0.3864000,0.9415000,0.4135000,0.4667000,0.3182823,-0.1651070,0.0000000},
{0.5811404,0.3321170,0.2987263,0.5772993,0.2801326,0.2839519,0.5535541,0.4832930,0.3990278,0.5141118,0.5503301,0.3490820,0.6400981,0.6494413,0.4600428,0.7033000,0.6687000,0.5504000,0.6934000,0.5863000,0.4013000,0.7063000,0.5662000,0.2818000,0.7797000,0.4920000,0.3863000,0.9414000,0.4127000,0.4661000,0.3182823,-0.1651070,0.0000000},
{0.5810223,0.3321221,0.2988294,0.5771198,0.2801898,0.2841221,0.5535385,0.4837276,0.3983331,0.5141316,0.5511681,0.3480874,0.6399952,0.6497377,0.4596651,0.7041000,0.6695000,0.5505000,0.6938000,0.5858000,0.4013000,0.7066000,0.5659000,0.2818000,0.7800000,0.4914000,0.3861000,0.9411000,0.4119000,0.4656000,0.3182823,-0.1651070,0.0000000},
{0.5808995,0.3321285,0.2989361,0.5769864,0.2802336,0.2842480,0.5535279,0.4840390,0.3978384,0.5141510,0.5518706,0.3472584,0.6398910,0.6500404,0.4592805,0.7045000,0.6696000,0.5506000,0.6942000,0.5853000,0.4013000,0.7069000,0.5657000,0.2818000,0.7803000,0.4909000,0.3860000,0.9406000,0.4112000,0.4651000,0.3182823,-0.1651070,0.0000000},
{0.5807572,0.3321373,0.2990592,0.5768626,0.2802753,0.2843645,0.5535185,0.4843298,0.3973786,0.5141668,0.5523873,0.3466513,0.6398114,0.6502738,0.4589847,0.7048000,0.6696000,0.5507000,0.6946000,0.5848000,0.4013000,0.7072000,0.5654000,0.2818000,0.7807000,0.4903000,0.3859000,0.9400000,0.4104000,0.4647000,0.3182823,-0.1651070,0.0000000},
{0.5806153,0.3321477,0.2991815,0.5767806,0.2803035,0.2844415,0.5535107,0.4845833,0.3969794,0.5141762,0.5526743,0.3463151,0.6397955,0.6503207,0.4589254,0.7053000,0.6696000,0.5510000,0.6950000,0.5843000,0.4013000,0.7075000,0.5652000,0.2817000,0.7810000,0.4898000,0.3857000,0.9394000,0.4096000,0.4644000,0.3182823,-0.1651070,0.0000000},
{0.5804365,0.3321629,0.2993348,0.5766569,0.2803468,0.2845572,0.5535062,0.4847331,0.3967443,0.5141793,0.5527663,0.3462074,0.6397882,0.6503421,0.4588984,0.7059000,0.6697000,0.5512000,0.6954000,0.5838000,0.4013000,0.7078000,0.5649000,0.2817000,0.7813000,0.4892000,0.3856000,0.9386000,0.4089000,0.4642000,0.3182823,-0.1651070,0.0000000},
{0.5802290,0.3321837,0.2995118,0.5765415,0.2803881,0.2846648,0.5535023,0.4848675,0.3965338,0.5141794,0.5527684,0.3462050,0.6398068,0.6502873,0.4589676,0.7065000,0.6698000,0.5515000,0.6958000,0.5833000,0.4013000,0.7081000,0.5647000,0.2817000,0.7816000,0.4886000,0.3854000,0.9378000,0.4082000,0.4641000,0.3182823,-0.1651070,0.0000000},
{0.5800144,0.3322086,0.2996936,0.5764260,0.2804302,0.2847722,0.5535020,0.4848782,0.3965171,0.5141754,0.5526502,0.3463434,0.6398521,0.6501543,0.4591360,0.7071000,0.6699000,0.5519000,0.6962000,0.5828000,0.4013000,0.7084000,0.5644000,0.2817000,0.7819000,0.4881000,0.3853000,0.9372000,0.4075000,0.4641000,0.3182823,-0.1651070,0.0000000},
{0.5797879,0.3322387,0.2998841,0.5763259,0.2804674,0.2848650,0.5535020,0.4848782,0.3965171,0.5141745,0.5526229,0.3463753,0.6398988,0.6500176,0.4593094,0.7077000,0.6701000,0.5522000,0.6966000,0.5823000,0.4013000,0.7087000,0.5642000,0.2817000,0.7822000,0.4875000,0.3851000,0.9366000,0.4069000,0.4643000,0.3182823,-0.1651070,0.0000000},
{0.5795647,0.3322722,0.3000705,0.5762079,0.2805121,0.2849741,0.5535004,0.4849344,0.3964292,0.5141730,0.5525792,0.3464264,0.6399182,0.6499612,0.4593810,0.7082000,0.6702000,0.5525000,0.6970000,0.5817000,0.4013000,0.7090000,0.5639000,0.2817000,0.7825000,0.4870000,0.3850000,0.9360000,0.4064000,0.4645000,0.3182823,-0.1651070,0.0000000},
{0.5793523,0.3323076,0.3002468,0.5760684,0.2805661,0.2851025,0.5534983,0.4850091,0.3963126,0.5141776,0.5527174,0.3462647,0.6399187,0.6499598,0.4593827,0.7085000,0.6703000,0.5527000,0.6974000,0.5812000,0.4013000,0.7093000,0.5637000,0.2817000,0.7828000,0.4864000,0.3848000,0.9356000,0.4060000,0.4649000,0.3182823,-0.1651070,0.0000000},
{0.5791515,0.3323442,0.3004124,0.5758792,0.2806412,0.2852760,0.5534962,0.4850838,0.3961960,0.5141846,0.5529210,0.3460267,0.6399187,0.6499598,0.4593827,0.7088000,0.6704000,0.5528000,0.6977000,0.5807000,0.4013000,0.7096000,0.5634000,0.2817000,0.7831000,0.4859000,0.3847000,0.9353000,0.4057000,0.4652000,0.3182823,-0.1651070,0.0000000},
{0.5789789,0.3323781,0.3005539,0.5757098,0.2807104,0.2854306,0.5534909,0.4852807,0.3958894,0.5141968,0.5532659,0.3456243,0.6399065,0.6499952,0.4593378,0.7090000,0.6705000,0.5528000,0.6981000,0.5802000,0.4014000,0.7099000,0.5632000,0.2817000,0.7834000,0.4853000,0.3846000,0.9350000,0.4054000,0.4656000,0.3182823,-0.1651070,0.0000000},
{0.5788026,0.3324151,0.3006975,0.5755003,0.2807985,0.2856208,0.5534843,0.4855346,0.3954956,0.5142156,0.5537633,0.3450458,0.6398519,0.6501548,0.4591355,0.7092000,0.6706000,0.5528000,0.6985000,0.5797000,0.4014000,0.7102000,0.5629000,0.2817000,0.7837000,0.4847000,0.3844000,0.9349000,0.4052000,0.4659000,0.3182823,-0.1651070,0.0000000},
{0.5786449,0.3324502,0.3008254,0.5751971,0.2809308,0.2858941,0.5534766,0.4858445,0.3950168,0.5142417,0.5544105,0.3442961,0.6397913,0.6503331,0.4589097,0.7093000,0.6706000,0.5527000,0.6989000,0.5792000,0.4014000,0.7105000,0.5627000,0.2816000,0.7840000,0.4842000,0.3843000,0.9347000,0.4049000,0.4661000,0.3182823,-0.1651070,0.0000000},
{0.5784610,0.3324934,0.3009737,0.5748852,0.2810729,0.2861729,0.5534679,0.4862215,0.3944373,0.5142785,0.5552470,0.3433324,0.6396924,0.6506258,0.4585401,0.7094000,0.6706000,0.5526000,0.6993000,0.5787000,0.4014000,0.7108000,0.5624000,0.2816000,0.7844000,0.4836000,0.3841000,0.9347000,0.4047000,0.4662000,0.3182823,-0.1651070,0.0000000},
{0.5782451,0.3325475,0.3011467,0.5744709,0.2812709,0.2865395,0.5534568,0.4867537,0.3936245,0.5143310,0.5563273,0.3420962,0.6395614,0.6510178,0.4580468,0.7093000,0.6706000,0.5524000,0.6997000,0.5782000,0.4014000,0.7111000,0.5622000,0.2816000,0.7847000,0.4831000,0.3840000,0.9347000,0.4044000,0.4663000,0.3182823,-0.1651070,0.0000000},
{0.5779790,0.3326190,0.3013583,0.5739874,0.2815153,0.2869620,0.5534458,0.4873533,0.3927162,0.5144117,0.5578054,0.3404199,0.6393935,0.6515275,0.4574081,0.7091000,0.6706000,0.5521000,0.7001000,0.5777000,0.4014000,0.7114000,0.5619000,0.2816000,0.7850000,0.4825000,0.3838000,0.9347000,0.4042000,0.4663000,0.3182823,-0.1651070,0.0000000},
{0.5775564,0.3327435,0.3016905,0.5734570,0.2818000,0.2874191,0.5534325,0.4882252,0.3914089,0.5145240,0.5596130,0.3383932,0.6391990,0.6521283,0.4566597,0.7088000,0.6705000,0.5518000,0.7005000,0.5772000,0.4014000,0.7117000,0.5617000,0.2816000,0.7853000,0.4820000,0.3837000,0.9348000,0.4039000,0.4663000,0.3182823,-0.1651070,0.0000000},
{0.5771510,0.3328756,0.3020049,0.5728329,0.2821566,0.2879482,0.5534189,0.4895017,0.3895222,0.5146814,0.5618273,0.3359444,0.6389574,0.6528905,0.4557164,0.7085000,0.6703000,0.5514000,0.7009000,0.5767000,0.4014000,0.7119000,0.5614000,0.2816000,0.7856000,0.4814000,0.3835000,0.9349000,0.4036000,0.4661000,0.3182823,-0.1651070,0.0000000},
{0.5767830,0.3330063,0.3022866,0.5721669,0.2825630,0.2885026,0.5534115,0.4908555,0.3875548,0.5148862,0.5643452,0.3332037,0.6386914,0.6537516,0.4546590,0.7081000,0.6702000,0.5509000,0.7013000,0.5762000,0.4014000,0.7122000,0.5612000,0.2816000,0.7859000,0.4808000,0.3834000,0.9350000,0.4033000,0.4659000,0.3182823,-0.1651070,0.0000000},
{0.5763168,0.3331864,0.3026385,0.5713621,0.2830894,0.2891586,0.5534111,0.4922915,0.3855035,0.5151422,0.5671180,0.3302376,0.6384115,0.6546840,0.4535240,0.7076000,0.6700000,0.5504000,0.7017000,0.5756000,0.4014000,0.7125000,0.5609000,0.2816000,0.7862000,0.4803000,0.3832000,0.9352000,0.4030000,0.4657000,0.3182823,-0.1651070,0.0000000},
{0.5758178,0.3333973,0.3030089,0.5705226,0.2836791,0.2898269,0.5534187,0.4938460,0.3833214,0.5154526,0.5701077,0.3270984,0.6380857,0.6558050,0.4521722,0.7070000,0.6699000,0.5499000,0.7021000,0.5751000,0.4014000,0.7128000,0.5607000,0.2816000,0.7865000,0.4797000,0.3831000,0.9353000,0.4026000,0.4654000,0.3182823,-0.1651070,0.0000000},
{0.5752144,0.3336774,0.3034484,0.5696318,0.2843499,0.2905180,0.5534358,0.4955324,0.3809963,0.5158179,0.5732652,0.3238466,0.6377466,0.6570158,0.4507279,0.7064000,0.6699000,0.5493000,0.7025000,0.5746000,0.4014000,0.7131000,0.5604000,0.2816000,0.7868000,0.4792000,0.3830000,0.9354000,0.4023000,0.4652000,0.3182823,-0.1651070,0.0000000},
{0.5745631,0.3340103,0.3039122,0.5686833,0.2851145,0.2912339,0.5534642,0.4973696,0.3785102,0.5162378,0.5765568,0.3205235,0.6373927,0.6583321,0.4491755,0.7056000,0.6699000,0.5488000,0.7029000,0.5741000,0.4014000,0.7134000,0.5602000,0.2815000,0.7871000,0.4786000,0.3828000,0.9354000,0.4019000,0.4649000,0.3182823,-0.1651070,0.0000000},
{0.5738623,0.3344042,0.3043991,0.5676130,0.2860392,0.2920172,0.5535049,0.4993232,0.3759165,0.5166982,0.5798620,0.3172528,0.6370513,0.6596574,0.4476306,0.7049000,0.6700000,0.5482000,0.7033000,0.5736000,0.4014000,0.7137000,0.5599000,0.2815000,0.7874000,0.4780000,0.3827000,0.9353000,0.4016000,0.4646000,0.3182823,-0.1651070,0.0000000},
{0.5731392,0.3348493,0.3048884,0.5665487,0.2870232,0.2927706,0.5535573,0.5013371,0.3732929,0.5172184,0.5833119,0.3139065,0.6367171,0.6610131,0.4460684,0.7041000,0.6701000,0.5478000,0.7036000,0.5731000,0.4014000,0.7140000,0.5597000,0.2815000,0.7877000,0.4775000,0.3825000,0.9351000,0.4012000,0.4643000,0.3182823,-0.1651070,0.0000000},
{0.5722779,0.3354308,0.3054536,0.5654105,0.2881462,0.2935484,0.5536240,0.5034790,0.3705545,0.5177663,0.5866940,0.3106907,0.6364026,0.6623470,0.4445487,0.7035000,0.6702000,0.5474000,0.7040000,0.5726000,0.4014000,0.7143000,0.5594000,0.2815000,0.7880000,0.4769000,0.3824000,0.9349000,0.4009000,0.4640000,0.3182823,-0.1651070,0.0000000},
{0.5712844,0.3361712,0.3060819,0.5642538,0.2893615,0.2943093,0.5537027,0.5056615,0.3678158,0.5183404,0.5900201,0.3075883,0.6361123,0.6636340,0.4430983,0.7029000,0.6704000,0.5471000,0.7044000,0.5721000,0.4014000,0.7146000,0.5592000,0.2815000,0.7884000,0.4764000,0.3822000,0.9346000,0.4005000,0.4637000,0.3182823,-0.1651070,0.0000000},
{0.5701261,0.3371287,0.3067820,0.5629935,0.2907702,0.2951049,0.5537971,0.5079727,0.3649684,0.5189732,0.5934791,0.3044231,0.6358285,0.6649489,0.4416322,0.7024000,0.6706000,0.5469000,0.7048000,0.5716000,0.4014000,0.7149000,0.5589000,0.2815000,0.7887000,0.4758000,0.3821000,0.9343000,0.4002000,0.4635000,0.3182823,-0.1651070,0.0000000},
{0.5687292,0.3384197,0.3075800,0.5617078,0.2922976,0.2958807,0.5539052,0.5103465,0.3620970,0.5196311,0.5968867,0.3013637,0.6355559,0.6662716,0.4401727,0.7019000,0.6708000,0.5468000,0.7052000,0.5711000,0.4014000,0.7152000,0.5587000,0.2815000,0.7890000,0.4753000,0.3819000,0.9339000,0.3998000,0.4634000,0.3182823,-0.1651070,0.0000000},
{0.5672085,0.3399956,0.3083904,0.5604584,0.2938690,0.2966001,0.5540249,0.5127422,0.3592498,0.5203104,0.6002377,0.2984103,0.6352964,0.6675906,0.4387324,0.7014000,0.6712000,0.5467000,0.7056000,0.5706000,0.4014000,0.7155000,0.5584000,0.2815000,0.7893000,0.4747000,0.3818000,0.9335000,0.3995000,0.4632000,0.3182823,-0.1651070,0.0000000},
{0.5655589,0.3419091,0.3092000,0.5593014,0.2954004,0.2972360,0.5541437,0.5149414,0.3566786,0.5210127,0.6035513,0.2955420,0.6350455,0.6689284,0.4372865,0.7010000,0.6717000,0.5465000,0.7060000,0.5701000,0.4014000,0.7158000,0.5582000,0.2815000,0.7896000,0.4741000,0.3817000,0.9329000,0.3991000,0.4632000,0.3182823,-0.1651070,0.0000000},
{0.5639792,0.3439438,0.3099062,0.5583269,0.2967470,0.2977491,0.5543080,0.5177669,0.3534310,0.5216946,0.6066432,0.2929110,0.6348146,0.6702209,0.4359035,0.7007000,0.6724000,0.5464000,0.7064000,0.5695000,0.4014000,0.7161000,0.5579000,0.2814000,0.7899000,0.4736000,0.3815000,0.9323000,0.3988000,0.4632000,0.3182823,-0.1651070,0.0000000},
{0.5624403,0.3461199,0.3105279,0.5575362,0.2978780,0.2981503,0.5544164,0.5195238,0.3514417,0.5223402,0.6094714,0.2905417,0.6345995,0.6714846,0.4345642,0.7004000,0.6731000,0.5463000,0.7068000,0.5690000,0.4014000,0.7164000,0.5577000,0.2814000,0.7902000,0.4730000,0.3814000,0.9315000,0.3985000,0.4632000,0.3182823,-0.1651070,0.0000000},
{0.5610426,0.3482661,0.3110347,0.5570150,0.2986421,0.2984073,0.5545479,0.5215605,0.3491630,0.5229500,0.6120638,0.2884007,0.6344015,0.6727048,0.4332827,0.7003000,0.6739000,0.5463000,0.7072000,0.5685000,0.4014000,0.7167000,0.5574000,0.2814000,0.7905000,0.4725000,0.3812000,0.9307000,0.3982000,0.4633000,0.3182823,-0.1651070,0.0000000},
{0.5598296,0.3502627,0.3114287,0.5566856,0.2991327,0.2985667,0.5546859,0.5236062,0.3469025,0.5235414,0.6145123,0.2864049,0.6342311,0.6738040,0.4321380,0.7002000,0.6747000,0.5461000,0.7076000,0.5680000,0.4014000,0.7170000,0.5572000,0.2814000,0.7908000,0.4719000,0.3811000,0.9298000,0.3979000,0.4635000,0.3182823,-0.1651070,0.0000000},
{0.5587155,0.3522090,0.3117522,0.5566372,0.2992054,0.2985899,0.5548178,0.5254872,0.3448480,0.5240962,0.6167559,0.2845981,0.6340800,0.6748216,0.4310863,0.7002000,0.6756000,0.5459000,0.7080000,0.5675000,0.4014000,0.7173000,0.5569000,0.2814000,0.7911000,0.4713000,0.3809000,0.9288000,0.3976000,0.4638000,0.3182823,-0.1651070,0.0000000},
{0.5577880,0.3539131,0.3119929,0.5567964,0.2989671,0.2985134,0.5549416,0.5271958,0.3430011,0.5246361,0.6188932,0.2828962,0.6339328,0.6758562,0.4300248,0.7001000,0.6764000,0.5457000,0.7084000,0.5670000,0.4014000,0.7176000,0.5567000,0.2814000,0.7911000,0.4713000,0.3809000,0.9279000,0.3974000,0.4641000,0.3182823,-0.1651070,0.0000000},
{0.5571146,0.3551990,0.3121511,0.5571826,0.2983948,0.2983253,0.5550696,0.5289101,0.3411657,0.5251324,0.6208214,0.2813767,0.6338056,0.6767880,0.4290754,0.7001000,0.6773000,0.5454000,0.7088000,0.5665000,0.4015000,0.7179000,0.5564000,0.2814000,0.7906000,0.4717000,0.3809000,0.9269000,0.3972000,0.4645000,0.3182823,-0.1651070,0.0000000},
{0.5566489,0.3561129,0.3122521,0.5578292,0.2974549,0.2980032,0.5551912,0.5304968,0.3394822,0.5255910,0.6225733,0.2800090,0.6336744,0.6777910,0.4280603,0.7001000,0.6782000,0.5450000,0.7091000,0.5660000,0.4015000,0.7182000,0.5562000,0.2814000,0.7902000,0.4721000,0.3809000,0.9259000,0.3970000,0.4649000,0.3182823,-0.1651070,0.0000000},
{0.6000356,0.3464073,0.2770939,0.5587962,0.2960921,0.2975046,0.5553052,0.5319495,0.3379536,0.5260128,0.6241615,0.2787796,0.6335667,0.6786494,0.4271971,0.7000000,0.6790000,0.5445000,0.7095000,0.5655000,0.4015000,0.7185000,0.5559000,0.2814000,0.7897000,0.4724000,0.3809000,0.9250000,0.3969000,0.4654000,0.3182823,-0.1651070,0.0000000},
{0.6019289,0.3497723,0.2742664,0.5600871,0.2943525,0.2968073,0.5554165,0.5333394,0.3365018,0.5264023,0.6256094,0.2776674,0.6334570,0.6795597,0.4262872,0.7000000,0.6799000,0.5440000,0.7099000,0.5650000,0.4015000,0.7188000,0.5557000,0.2814000,0.7892000,0.4728000,0.3809000,0.9240000,0.3969000,0.4658000,0.3182823,-0.1651070,0.0000000},
{0.6033427,0.3525748,0.2720562,0.5618870,0.2920793,0.2957747,0.5555252,0.5346706,0.3351211,0.5267816,0.6270022,0.2766052,0.6333614,0.6803864,0.4254656,0.6999000,0.6807000,0.5435000,0.7103000,0.5645000,0.4015000,0.7191000,0.5554000,0.2813000,0.7888000,0.4732000,0.3810000,0.9231000,0.3968000,0.4663000,0.3182823,-0.1651070,0.0000000},
{0.6044328,0.3549165,0.2702903,0.5647889,0.2887900,0.2939609,0.5556303,0.5359346,0.3338188,0.5271665,0.6283998,0.2755467,0.6332648,0.6812564,0.4246061,0.6998000,0.6815000,0.5429000,0.7107000,0.5640000,0.4015000,0.7194000,0.5552000,0.2813000,0.7885000,0.4736000,0.3811000,0.9222000,0.3968000,0.4669000,0.3182823,-0.1651070,0.0000000},
{0.6053398,0.3569922,0.2687775,0.5933054,0.2845934,0.2649861,0.5557374,0.5372035,0.3325198,0.5275385,0.6297360,0.2745417,0.6331775,0.6820766,0.4238002,0.6996000,0.6822000,0.5422000,0.7111000,0.5634000,0.4015000,0.7197000,0.5549000,0.2813000,0.7881000,0.4740000,0.3812000,0.9214000,0.3969000,0.4674000,0.3182823,-0.1651070,0.0000000},
{0.6061064,0.3588414,0.2674665,0.5964957,0.2882852,0.2600946,0.5558434,0.5384389,0.3312629,0.5279369,0.6311512,0.2734846,0.6330918,0.6829175,0.4229786,0.6994000,0.6830000,0.5415000,0.7115000,0.5629000,0.4015000,0.7199000,0.5547000,0.2813000,0.7878000,0.4743000,0.3813000,0.9206000,0.3970000,0.4680000,0.3182823,-0.1651070,0.0000000},
{0.6067665,0.3605064,0.2663129,0.5983009,0.2909310,0.2571061,0.5559477,0.5396376,0.3300504,0.5283286,0.6325277,0.2724636,0.6330066,0.6837919,0.4221289,0.6991000,0.6837000,0.5408000,0.7119000,0.5624000,0.4015000,0.7202000,0.5544000,0.2813000,0.7874000,0.4746000,0.3813000,0.9199000,0.3972000,0.4685000,0.3182823,-0.1651070,0.0000000},
{0.6073287,0.3619800,0.2653113,0.5995384,0.2930083,0.2549529,0.5560497,0.5407935,0.3288879,0.5287633,0.6340391,0.2713505,0.6329216,0.6847086,0.4212435,0.6988000,0.6844000,0.5400000,0.7123000,0.5619000,0.4015000,0.7205000,0.5542000,0.2813000,0.7870000,0.4749000,0.3814000,0.9192000,0.3974000,0.4690000,0.3182823,-0.1651070,0.0000000},
{0.6078307,0.3633402,0.2644019,0.6004750,0.2947366,0.2532615,0.5561542,0.5419624,0.3277188,0.5291754,0.6354562,0.2703145,0.6328400,0.6856350,0.4203539,0.6985000,0.6852000,0.5392000,0.7123000,0.5619000,0.4015000,0.7208000,0.5539000,0.2813000,0.7867000,0.4753000,0.3814000,0.9186000,0.3976000,0.4695000,0.3182823,-0.1651070,0.0000000},
{0.6083281,0.3647310,0.2634861,0.6011257,0.2960223,0.2520526,0.5562596,0.5431266,0.3265607,0.5296008,0.6369038,0.2692638,0.6327545,0.6866637,0.4193723,0.6981000,0.6860000,0.5384000,0.7122000,0.5624000,0.4011000,0.7211000,0.5537000,0.2813000,0.7864000,0.4756000,0.3815000,0.9180000,0.3979000,0.4699000,0.3182823,-0.1651070,0.0000000},
{0.6086965,0.3657893,0.2627982,0.6015383,0.2968758,0.2512709,0.5563475,0.5440867,0.3256103,0.5300567,0.6384389,0.2681577,0.6326741,0.6876952,0.4183945,0.6976000,0.6868000,0.5376000,0.7122000,0.5630000,0.4007000,0.7214000,0.5534000,0.2813000,0.7861000,0.4760000,0.3815000,0.9175000,0.3982000,0.4704000,0.3182823,-0.1651070,0.0000000},
{0.6089644,0.3665747,0.2622926,0.6017849,0.2974004,0.2507979,0.5564403,0.5450903,0.3246214,0.5304816,0.6398549,0.2671449,0.6326028,0.6886732,0.4174731,0.6972000,0.6876000,0.5368000,0.7120000,0.5634000,0.4003000,0.7217000,0.5532000,0.2813000,0.7858000,0.4763000,0.3815000,0.9168000,0.3985000,0.4708000,0.3182823,-0.1651070,0.0000000},
{0.6091762,0.3672050,0.2618896,0.6019103,0.2976714,0.2505558,0.5565321,0.5460725,0.3236578,0.5309305,0.6413362,0.2660930,0.6325319,0.6897134,0.4164994,0.6967000,0.6885000,0.5360000,0.7119000,0.5639000,0.4000000,0.7220000,0.5529000,0.2812000,0.7854000,0.4767000,0.3815000,0.9163000,0.3988000,0.4712000,0.3182823,-0.1651070,0.0000000},
{0.6093153,0.3676237,0.2616233,0.6020257,0.2979235,0.2503319,0.5566127,0.5469279,0.3228222,0.5313810,0.6428076,0.2650557,0.6324661,0.6907559,0.4155298,0.6963000,0.6893000,0.5352000,0.7118000,0.5644000,0.3996000,0.7223000,0.5527000,0.2812000,0.7851000,0.4771000,0.3816000,0.9158000,0.3992000,0.4716000,0.3182823,-0.1651070,0.0000000},
{0.6094436,0.3680132,0.2613766,0.6021754,0.2982542,0.2500399,0.5566963,0.5478072,0.3219665,0.5318005,0.6441655,0.2641051,0.6324083,0.6917474,0.4146135,0.6958000,0.6902000,0.5345000,0.7116000,0.5648000,0.3992000,0.7226000,0.5524000,0.2812000,0.7848000,0.4776000,0.3816000,0.9152000,0.3996000,0.4719000,0.3182823,-0.1651070,0.0000000},
{0.6095966,0.3684818,0.2610810,0.6024167,0.2987963,0.2495657,0.5567661,0.5485363,0.3212594,0.5322114,0.6454836,0.2631885,0.6323601,0.6926415,0.4137920,0.6953000,0.6911000,0.5337000,0.7114000,0.5653000,0.3989000,0.7229000,0.5522000,0.2812000,0.7845000,0.4780000,0.3816000,0.9147000,0.4000000,0.4723000,0.3182823,-0.1651070,0.0000000},
{0.6097798,0.3690490,0.2607249,0.6027055,0.2994601,0.2489922,0.5568383,0.5492849,0.3205358,0.5325852,0.6466732,0.2623663,0.6323127,0.6935967,0.4129191,0.6949000,0.6919000,0.5330000,0.7113000,0.5658000,0.3987000,0.7232000,0.5519000,0.2812000,0.7842000,0.4785000,0.3815000,0.9142000,0.4004000,0.4727000,0.3182823,-0.1651070,0.0000000},
{0.6099854,0.3696934,0.2603227,0.6029598,0.3000585,0.2484818,0.5569143,0.5500683,0.3197811,0.5329309,0.6477655,0.2616156,0.6322733,0.6944621,0.4121327,0.6944000,0.6929000,0.5324000,0.7110000,0.5662000,0.3985000,0.7235000,0.5517000,0.2812000,0.7839000,0.4790000,0.3815000,0.9136000,0.4008000,0.4731000,0.3182823,-0.1651070,0.0000000},
{0.6102040,0.3703880,0.2598917,0.6032182,0.3006800,0.2479577,0.5569816,0.5507563,0.3191204,0.5332600,0.6487987,0.2609093,0.6322410,0.6952339,0.4114349,0.6940000,0.6938000,0.5318000,0.7107000,0.5667000,0.3984000,0.7238000,0.5514000,0.2812000,0.7836000,0.4795000,0.3816000,0.9130000,0.4013000,0.4735000,0.3182823,-0.1651070,0.0000000},
{0.6104380,0.3711424,0.2594267,0.6033737,0.3010607,0.2476398,0.5570485,0.5514368,0.3184688,0.5335329,0.6496504,0.2603297,0.6322120,0.6959892,0.4107550,0.6936000,0.6948000,0.5313000,0.7106000,0.5673000,0.3982000,0.7241000,0.5512000,0.2812000,0.7831000,0.4800000,0.3817000,0.9125000,0.4019000,0.4740000,0.3182823,-0.1651070,0.0000000},
{0.6105864,0.3716267,0.2591298,0.6034682,0.3012948,0.2474454,0.5571141,0.5521003,0.3178353,0.5338380,0.6505970,0.2596884,0.6321845,0.6967735,0.4100522,0.6932000,0.6957000,0.5308000,0.7103000,0.5678000,0.3981000,0.7244000,0.5509000,0.2812000,0.7828000,0.4805000,0.3818000,0.9118000,0.4024000,0.4745000,0.3182823,-0.1651070,0.0000000},
{0.6107633,0.3722103,0.2587737,0.6035765,0.3015651,0.2472219,0.5571893,0.5528558,0.3171161,0.5341791,0.6516494,0.2589789,0.6321599,0.6975529,0.4093571,0.6928000,0.6967000,0.5303000,0.7099000,0.5683000,0.3981000,0.7247000,0.5507000,0.2811000,0.7824000,0.4812000,0.3821000,0.9111000,0.4029000,0.4750000,0.3182823,-0.1651070,0.0000000},
{0.6109054,0.3726841,0.2584860,0.6036841,0.3018364,0.2469987,0.5572614,0.5535761,0.3164326,0.5345500,0.6527861,0.2582168,0.6321375,0.6983458,0.4086533,0.6923000,0.6977000,0.5299000,0.7097000,0.5689000,0.3980000,0.7250000,0.5504000,0.2811000,0.7819000,0.4818000,0.3823000,0.9105000,0.4035000,0.4755000,0.3182823,-0.1651070,0.0000000},
{0.6110805,0.3732736,0.2581296,0.6037926,0.3021125,0.2467727,0.5573486,0.5544414,0.3156141,0.5349806,0.6540962,0.2573436,0.6321168,0.6991818,0.4079147,0.6919000,0.6987000,0.5294000,0.7093000,0.5695000,0.3979000,0.7253000,0.5502000,0.2811000,0.7814000,0.4823000,0.3825000,0.9097000,0.4041000,0.4761000,0.3182823,-0.1651070,0.0000000},
{0.6112431,0.3738275,0.2577963,0.6039562,0.3025340,0.2464297,0.5574467,0.5554077,0.3147037,0.5354074,0.6553850,0.2564901,0.6320978,0.7000856,0.4071202,0.6915000,0.6998000,0.5290000,0.7089000,0.5701000,0.3979000,0.7256000,0.5499000,0.2811000,0.7810000,0.4830000,0.3828000,0.9090000,0.4047000,0.4767000,0.3182823,-0.1651070,0.0000000},
{0.6114509,0.3745437,0.2573676,0.6041903,0.3031473,0.2459351,0.5575303,0.5562253,0.3139361,0.5358078,0.6565857,0.2556998,0.6320831,0.7009337,0.4063784,0.6911000,0.7008000,0.5285000,0.7086000,0.5708000,0.3978000,0.7259000,0.5497000,0.2811000,0.7805000,0.4836000,0.3830000,0.9082000,0.4054000,0.4773000,0.3182823,-0.1651070,0.0000000},
{0.6117079,0.3754436,0.2568325,0.6044999,0.3039784,0.2452729,0.5576244,0.5571396,0.3130808,0.5361697,0.6576637,0.2549943,0.6320702,0.7018823,0.4055532,0.6908000,0.7020000,0.5280000,0.7083000,0.5715000,0.3978000,0.7262000,0.5494000,0.2811000,0.7800000,0.4845000,0.3833000,0.9074000,0.4061000,0.4779000,0.3182823,-0.1651070,0.0000000},
{0.6119656,0.3763612,0.2562908,0.6048465,0.3049361,0.2445208,0.5577108,0.5579736,0.3123034,0.5365014,0.6586462,0.2543545,0.6320617,0.7027477,0.4048042,0.6904000,0.7032000,0.5275000,0.7079000,0.5722000,0.3977000,0.7265000,0.5492000,0.2811000,0.7795000,0.4852000,0.3835000,0.9066000,0.4068000,0.4786000,0.3182823,-0.1651070,0.0000000},
{0.6122224,0.3772920,0.2557453,0.6052291,0.3060280,0.2436769,0.5578082,0.5589064,0.3114370,0.5368212,0.6595882,0.2537440,0.6320562,0.7036036,0.4040670,0.6900000,0.7044000,0.5269000,0.7075000,0.5730000,0.3977000,0.7268000,0.5489000,0.2811000,0.7790000,0.4859000,0.3837000,0.9057000,0.4075000,0.4793000,0.3182823,-0.1651070,0.0000000},
{0.6125000,0.3783160,0.2551496,0.6055579,0.3069970,0.2429394,0.5579055,0.5598334,0.3105791,0.5371880,0.6606630,0.2530509,0.6320537,0.7045303,0.4032730,0.6896000,0.7056000,0.5263000,0.7072000,0.5738000,0.3975000,0.7271000,0.5487000,0.2811000,0.7785000,0.4867000,0.3840000,0.9049000,0.4083000,0.4799000,0.3182823,-0.1651070,0.0000000},
{0.6128453,0.3796173,0.2543993,0.6058829,0.3079838,0.2421990,0.5580107,0.5608275,0.3096626,0.5375639,0.6617577,0.2523487,0.6320547,0.7054859,0.4024584,0.6891000,0.7068000,0.5257000,0.7068000,0.5745000,0.3973000,0.7274000,0.5484000,0.2811000,0.7779000,0.4873000,0.3842000,0.9040000,0.4090000,0.4805000,0.3182823,-0.1651070,0.0000000},
{0.6130959,0.3805814,0.2538479,0.6061568,0.3088384,0.2415660,0.5581205,0.5618584,0.3087160,0.5379847,0.6629758,0.2515719,0.6320593,0.7064492,0.4016418,0.6887000,0.7080000,0.5250000,0.7063000,0.5754000,0.3971000,0.7277000,0.5482000,0.2810000,0.7774000,0.4881000,0.3844000,0.9031000,0.4098000,0.4812000,0.3182823,-0.1651070,0.0000000},
{0.6133415,0.3815425,0.2533021,0.6064336,0.3097246,0.2409172,0.5582310,0.5628877,0.3077746,0.5384486,0.6643093,0.2507267,0.6320689,0.7075349,0.4007268,0.6882000,0.7092000,0.5244000,0.7059000,0.5762000,0.3968000,0.7279000,0.5479000,0.2810000,0.7769000,0.4889000,0.3845000,0.9022000,0.4106000,0.4818000,0.3182823,-0.1651070,0.0000000},
{0.6135370,0.3823197,0.2528634,0.6066555,0.3104517,0.2403905,0.5583430,0.5639237,0.3068310,0.5389241,0.6656670,0.2498720,0.6320836,0.7086600,0.3997843,0.6877000,0.7106000,0.5236000,0.7054000,0.5770000,0.3966000,0.7282000,0.5477000,0.2810000,0.7763000,0.4897000,0.3846000,0.9013000,0.4114000,0.4824000,0.3182823,-0.1651070,0.0000000},
{0.6137410,0.3831418,0.2524020,0.6068355,0.3110531,0.2399586,0.5584493,0.5649005,0.3059446,0.5394394,0.6671274,0.2489589,0.6321042,0.7098353,0.3988060,0.6872000,0.7119000,0.5229000,0.7050000,0.5780000,0.3962000,0.7285000,0.5474000,0.2810000,0.7758000,0.4905000,0.3846000,0.9002000,0.4121000,0.4830000,0.3182823,-0.1651070,0.0000000},
{0.6139200,0.3838735,0.2519935,0.6070072,0.3116362,0.2395430,0.5585642,0.5659496,0.3049963,0.5399444,0.6685481,0.2480770,0.6321306,0.7110348,0.3978142,0.6868000,0.7133000,0.5221000,0.7045000,0.5790000,0.3959000,0.7288000,0.5472000,0.2810000,0.7752000,0.4913000,0.3847000,0.8992000,0.4130000,0.4836000,0.3182823,-0.1651070,0.0000000},
{0.6140409,0.3843731,0.2517157,0.6071655,0.3121823,0.2391564,0.5586684,0.5668942,0.3041456,0.5404427,0.6699398,0.2472191,0.6321621,0.7122232,0.3968380,0.6863000,0.7147000,0.5213000,0.7041000,0.5800000,0.3955000,0.7291000,0.5469000,0.2810000,0.7745000,0.4922000,0.3848000,0.8982000,0.4138000,0.4843000,0.3182823,-0.1651070,0.0000000},
{0.6142724,0.3853418,0.2511798,0.6073779,0.3129286,0.2386323,0.5587838,0.5679345,0.3032123,0.5409453,0.6713341,0.2463655,0.6322000,0.7134484,0.3958382,0.6859000,0.7162000,0.5204000,0.7037000,0.5810000,0.3951000,0.7294000,0.5467000,0.2810000,0.7740000,0.4930000,0.3848000,0.8971000,0.4147000,0.4850000,0.3182823,-0.1651070,0.0000000},
{0.6144902,0.3862681,0.2506705,0.6075580,0.3135738,0.2381830,0.5588954,0.5689335,0.3023195,0.5414745,0.6727919,0.2454794,0.6322461,0.7147442,0.3947880,0.6855000,0.7176000,0.5195000,0.7033000,0.5821000,0.3947000,0.7297000,0.5464000,0.2810000,0.7734000,0.4940000,0.3849000,0.8961000,0.4155000,0.4856000,0.3182823,-0.1651070,0.0000000},
{0.6147002,0.3871756,0.2501744,0.6078449,0.3146252,0.2374579,0.5590249,0.5700854,0.3012940,0.5420467,0.6743569,0.2445352,0.6322959,0.7159846,0.3937896,0.6851000,0.7191000,0.5185000,0.7029000,0.5832000,0.3943000,0.7300000,0.5462000,0.2810000,0.7728000,0.4947000,0.3850000,0.8952000,0.4165000,0.4863000,0.3182823,-0.1651070,0.0000000},
{0.6149035,0.3880674,0.2496898,0.6080865,0.3155348,0.2368377,0.5591656,0.5713281,0.3001926,0.5426090,0.6758830,0.2436215,0.6323573,0.7173536,0.3926955,0.6847000,0.7206000,0.5176000,0.7025000,0.5843000,0.3938000,0.7303000,0.5459000,0.2810000,0.7722000,0.4956000,0.3851000,0.8941000,0.4174000,0.4871000,0.3182823,-0.1651070,0.0000000},
{0.6152025,0.3894045,0.2489683,0.6083249,0.3164540,0.2362171,0.5593034,0.5725366,0.2991263,0.5432230,0.6775375,0.2426388,0.6324248,0.7187135,0.3916165,0.6843000,0.7221000,0.5166000,0.7021000,0.5854000,0.3933000,0.7306000,0.5457000,0.2809000,0.7716000,0.4964000,0.3853000,0.8920000,0.4176000,0.4879000,0.3182823,-0.1651070,0.0000000},
{0.6154731,0.3906413,0.2483062,0.6086426,0.3177154,0.2353757,0.5594535,0.5738426,0.2979790,0.5438919,0.6793252,0.2415861,0.6325021,0.7201326,0.3904989,0.6840000,0.7236000,0.5157000,0.7018000,0.5866000,0.3929000,0.7309000,0.5454000,0.2809000,0.7711000,0.4974000,0.3854000,0.8914000,0.4188000,0.4886000,0.3182823,-0.1651070,0.0000000},
{0.6157543,0.3919546,0.2476085,0.6090489,0.3193915,0.2342747,0.5596210,0.5752892,0.2967146,0.5446076,0.6812220,0.2404795,0.6325902,0.7216144,0.3893410,0.6836000,0.7252000,0.5147000,0.7013000,0.5877000,0.3924000,0.7312000,0.5452000,0.2809000,0.7704000,0.4982000,0.3856000,0.8908000,0.4202000,0.4892000,0.3182823,-0.1651070,0.0000000},
{0.6160613,0.3934218,0.2468355,0.6093798,0.3208126,0.2333556,0.5598039,0.5768557,0.2953526,0.5454052,0.6833166,0.2392695,0.6326905,0.7231653,0.3881388,0.6833000,0.7268000,0.5138000,0.7010000,0.5889000,0.3919000,0.7315000,0.5449000,0.2809000,0.7698000,0.4991000,0.3856000,0.8897000,0.4211000,0.4899000,0.3182823,-0.1651070,0.0000000},
{0.6164005,0.3950858,0.2459667,0.6098907,0.3231130,0.2318947,0.5599996,0.5785166,0.2939167,0.5462362,0.6854788,0.2380340,0.6327985,0.7247110,0.3869503,0.6830000,0.7284000,0.5128000,0.7006000,0.5901000,0.3914000,0.7318000,0.5447000,0.2809000,0.7693000,0.4999000,0.3855000,0.8886000,0.4220000,0.4906000,0.3182823,-0.1651070,0.0000000},
{0.6167900,0.3970554,0.2449490,0.6103353,0.3252293,0.2305780,0.5602330,0.5804797,0.2922303,0.5471800,0.6879098,0.2366608,0.6329245,0.7263863,0.3856730,0.6827000,0.7300000,0.5118000,0.7002000,0.5913000,0.3909000,0.7321000,0.5444000,0.2809000,0.7687000,0.5009000,0.3855000,0.8875000,0.4229000,0.4912000,0.3182823,-0.1651070,0.0000000},
{0.6172249,0.3993327,0.2437860,0.6108638,0.3279005,0.2289511,0.5604740,0.5824851,0.2905191,0.5481872,0.6904766,0.2352293,0.6330676,0.7281548,0.3843369,0.6824000,0.7317000,0.5107000,0.6998000,0.5925000,0.3903000,0.7324000,0.5442000,0.2809000,0.7681000,0.5016000,0.3855000,0.8864000,0.4238000,0.4918000,0.3182823,-0.1651070,0.0000000},
{0.6177012,0.4019291,0.2424773,0.6114030,0.3308218,0.2272137,0.5607501,0.5847583,0.2885935,0.5493133,0.6933140,0.2336686,0.6332301,0.7300275,0.3829354,0.6821000,0.7333000,0.5097000,0.6994000,0.5938000,0.3896000,0.7327000,0.5439000,0.2809000,0.7675000,0.5025000,0.3854000,0.8853000,0.4246000,0.4924000,0.3182823,-0.1651070,0.0000000},
{0.6181972,0.4047557,0.2410727,0.6119465,0.3339978,0.2253704,0.5610342,0.5870721,0.2866484,0.5504805,0.6962200,0.2320935,0.6334181,0.7320497,0.3814372,0.6818000,0.7349000,0.5086000,0.6990000,0.5951000,0.3890000,0.7330000,0.5437000,0.2809000,0.7670000,0.5032000,0.3853000,0.8842000,0.4255000,0.4931000,0.3182823,-0.1651070,0.0000000},
{0.6186964,0.4077395,0.2396116,0.6124929,0.3374647,0.2234089,0.5613519,0.5896299,0.2845154,0.5517987,0.6994620,0.2303640,0.6336273,0.7341527,0.3798958,0.6815000,0.7366000,0.5076000,0.6986000,0.5963000,0.3883000,0.7330000,0.5437000,0.2809000,0.7663000,0.5040000,0.3853000,0.8831000,0.4263000,0.4937000,0.3182823,-0.1651070,0.0000000},
{0.6192092,0.4109658,0.2380555,0.6130074,0.3410303,0.2214425,0.5616818,0.5922551,0.2823447,0.5531917,0.7028431,0.2285912,0.6338574,0.7363209,0.3783239,0.6812000,0.7384000,0.5065000,0.6981000,0.5977000,0.3876000,0.7332000,0.5447000,0.2806000,0.7657000,0.5048000,0.3851000,0.8819000,0.4272000,0.4944000,0.3182823,-0.1651070,0.0000000},
{0.6197107,0.4142976,0.2364736,0.6135223,0.3449560,0.2193329,0.5620481,0.5951343,0.2799849,0.5546854,0.7064204,0.2267495,0.6341256,0.7386928,0.3766243,0.6810000,0.7403000,0.5055000,0.6976000,0.5992000,0.3869000,0.7329000,0.5455000,0.2803000,0.7650000,0.5056000,0.3851000,0.8806000,0.4281000,0.4950000,0.3182823,-0.1651070,0.0000000},
{0.6202021,0.4177535,0.2348582,0.5285718,0.3648002,0.3027377,0.5624455,0.5982195,0.2774801,0.5562874,0.7102044,0.2248391,0.6344189,0.7411306,0.3748990,0.6808000,0.7422000,0.5044000,0.6971000,0.6007000,0.3861000,0.7327000,0.5463000,0.2799000,0.7643000,0.5065000,0.3850000,0.8792000,0.4290000,0.4957000,0.3182823,-0.1651070,0.0000000},
{0.6207013,0.4214857,0.2331415,0.5270345,0.3700001,0.3023278,0.5628574,0.6013763,0.2749420,0.5579727,0.7141287,0.2228984,0.6347488,0.7437125,0.3730951,0.6807000,0.7443000,0.5033000,0.6967000,0.6022000,0.3855000,0.7324000,0.5472000,0.2795000,0.7635000,0.5074000,0.3848000,0.8777000,0.4299000,0.4963000,0.3182823,-0.1651070,0.0000000},
{0.6211877,0.4253707,0.2313841,0.5255314,0.3752962,0.3018430,0.5632872,0.6046294,0.2723522,0.5597405,0.7181865,0.2209347,0.6351117,0.7463912,0.3712484,0.6807000,0.7464000,0.5022000,0.6961000,0.6038000,0.3848000,0.7319000,0.5481000,0.2792000,0.7627000,0.5084000,0.3848000,0.8763000,0.4308000,0.4970000,0.3182823,-0.1651070,0.0000000},
{0.6216724,0.4295280,0.2295352,0.5239999,0.3809222,0.3012580,0.5637639,0.6081904,0.2695465,0.5615974,0.7223874,0.2189475,0.6355138,0.7491954,0.3693421,0.6807000,0.7486000,0.5010000,0.6956000,0.6055000,0.3840000,0.7314000,0.5491000,0.2788000,0.7618000,0.5093000,0.3847000,0.8748000,0.4317000,0.4977000,0.3182823,-0.1651070,0.0000000},
{0.6221262,0.4337305,0.2276983,0.5225516,0.3864708,0.3006143,0.5642455,0.6117422,0.2667778,0.5635441,0.7267271,0.2169430,0.6359536,0.7520989,0.3673968,0.6807000,0.7509000,0.4999000,0.6950000,0.6072000,0.3833000,0.7307000,0.5501000,0.2785000,0.7609000,0.5103000,0.3847000,0.8733000,0.4326000,0.4984000,0.3182823,-0.1651070,0.0000000},
{0.6225993,0.4385022,0.2256499,0.5210651,0.3924147,0.2998549,0.5647587,0.6154790,0.2638959,0.5655853,0.7312104,0.2149236,0.6364232,0.7550401,0.3654555,0.6807000,0.7531000,0.4987000,0.6946000,0.6090000,0.3826000,0.7301000,0.5512000,0.2782000,0.7602000,0.5113000,0.3847000,0.8718000,0.4335000,0.4991000,0.3182823,-0.1651070,0.0000000},
{0.6230345,0.4433340,0.2236147,0.5196143,0.3984792,0.2990093,0.5653107,0.6194459,0.2608710,0.5677051,0.7357975,0.2129109,0.6369273,0.7580430,0.3635032,0.6808000,0.7554000,0.4975000,0.6941000,0.6109000,0.3818000,0.7295000,0.5523000,0.2780000,0.7593000,0.5123000,0.3847000,0.8703000,0.4344000,0.4999000,0.3182823,-0.1651070,0.0000000},
{0.6234470,0.4484208,0.2215126,0.5181732,0.4047842,0.2980578,0.5658834,0.6235081,0.2578090,0.5699574,0.7405982,0.2108621,0.6374895,0.7612316,0.3614629,0.6808000,0.7577000,0.4963000,0.6936000,0.6127000,0.3811000,0.7288000,0.5534000,0.2778000,0.7584000,0.5134000,0.3848000,0.8688000,0.4354000,0.5007000,0.3182823,-0.1651070,0.0000000},
{0.6238281,0.4537128,0.2193683,0.5167834,0.4111578,0.2970242,0.5664819,0.6276982,0.2546874,0.5722941,0.7455034,0.2088292,0.6380703,0.7643744,0.3594841,0.6809000,0.7600000,0.4952000,0.6932000,0.6146000,0.3803000,0.7282000,0.5547000,0.2776000,0.7576000,0.5144000,0.3849000,0.8672000,0.4364000,0.5015000,0.3182823,-0.1651070,0.0000000},
{0.6241720,0.4591756,0.2171985,0.5154252,0.4176935,0.2958922,0.5671139,0.6320662,0.2514722,0.5747393,0.7505579,0.2067980,0.6386974,0.7676192,0.3574745,0.6810000,0.7623000,0.4941000,0.6927000,0.6165000,0.3795000,0.7273000,0.5560000,0.2775000,0.7567000,0.5155000,0.3850000,0.8656000,0.4374000,0.5023000,0.3182823,-0.1651070,0.0000000},
{0.6244747,0.4647851,0.2150154,0.5141024,0.4243855,0.2946603,0.5677755,0.6365796,0.2481907,0.5772589,0.7556866,0.2048027,0.6393642,0.7709223,0.3554632,0.6811000,0.7647000,0.4930000,0.6922000,0.6185000,0.3788000,0.7268000,0.5572000,0.2773000,0.7556000,0.5167000,0.3851000,0.8640000,0.4385000,0.5030000,0.3182823,-0.1651070,0.0000000},
{0.6247357,0.4705904,0.2128023,0.5127759,0.4314627,0.2932797,0.5684636,0.6412134,0.2448638,0.5799107,0.7610017,0.2028043,0.6400822,0.7743326,0.3534225,0.6814000,0.7671000,0.4920000,0.6918000,0.6205000,0.3781000,0.7260000,0.5584000,0.2770000,0.7547000,0.5178000,0.3851000,0.8623000,0.4395000,0.5037000,0.3182823,-0.1651070,0.0000000},
{0.6249518,0.4766056,0.2105574,0.5115165,0.4385690,0.2918153,0.5691914,0.6460525,0.2414340,0.5826045,0.7663181,0.2008760,0.6408389,0.7777822,0.3513951,0.6816000,0.7696000,0.4910000,0.6913000,0.6225000,0.3774000,0.7253000,0.5598000,0.2767000,0.7536000,0.5191000,0.3851000,0.8606000,0.4406000,0.5045000,0.3182823,-0.1651070,0.0000000},
{0.6251153,0.4826832,0.2083378,0.5102933,0.4458901,0.2902270,0.5699564,0.6510724,0.2379232,0.5854872,0.7719190,0.1989206,0.6416396,0.7812913,0.3493702,0.6819000,0.7720000,0.4899000,0.6908000,0.6245000,0.3767000,0.7248000,0.5611000,0.2765000,0.7527000,0.5204000,0.3851000,0.8589000,0.4417000,0.5050000,0.3182823,-0.1651070,0.0000000},
{0.6252316,0.4892547,0.2059916,0.5091014,0.4534915,0.2884940,0.5707495,0.6562109,0.2343778,0.5886092,0.7778874,0.1969228,0.6425110,0.7849652,0.3472904,0.6822000,0.7746000,0.4889000,0.6904000,0.6266000,0.3761000,0.7242000,0.5625000,0.2762000,0.7517000,0.5217000,0.3850000,0.8572000,0.4428000,0.5056000,0.3182823,-0.1651070,0.0000000},
{0.6252866,0.4959143,0.2036695,0.5079550,0.4613230,0.2866207,0.5715839,0.6615478,0.2307463,0.5917438,0.7837824,0.1950364,0.6434200,0.7886546,0.3452428,0.6826000,0.7771000,0.4878000,0.6898000,0.6288000,0.3754000,0.7235000,0.5640000,0.2759000,0.7508000,0.5229000,0.3850000,0.8554000,0.4439000,0.5062000,0.3182823,-0.1651070,0.0000000},
{0.6252764,0.5030633,0.2012382,0.5068677,0.4693289,0.2846148,0.5724583,0.6670689,0.2270431,0.5949024,0.7896284,0.1932511,0.6443960,0.7924726,0.3431668,0.6830000,0.7796000,0.4868000,0.6894000,0.6309000,0.3746000,0.7230000,0.5654000,0.2756000,0.7498000,0.5242000,0.3850000,0.8537000,0.4450000,0.5067000,0.3182823,-0.1651070,0.0000000},
{0.6251944,0.5102882,0.1988448,0.5058509,0.4774536,0.2824861,0.5733643,0.6727170,0.2233096,0.5982301,0.7956899,0.1914899,0.6454362,0.7963956,0.3410788,0.6834000,0.7821000,0.4857000,0.6890000,0.6330000,0.3739000,0.7222000,0.5669000,0.2753000,0.7490000,0.5256000,0.3849000,0.8520000,0.4461000,0.5073000,0.3182823,-0.1651070,0.0000000},
{0.6250378,0.5176310,0.1964771,0.5048939,0.4858282,0.2801942,0.5743100,0.6785376,0.2195193,0.6016384,0.8017988,0.1898079,0.6465632,0.8004952,0.3389454,0.6839000,0.7847000,0.4847000,0.6886000,0.6351000,0.3732000,0.7217000,0.5684000,0.2750000,0.7480000,0.5268000,0.3849000,0.8502000,0.4471000,0.5078000,0.3182823,-0.1651070,0.0000000},
{0.6247897,0.5254730,0.1940202,0.5040296,0.4941983,0.2778042,0.5752941,0.6845182,0.2156842,0.6052258,0.8081250,0.1881649,0.6477481,0.8046539,0.3368317,0.6843000,0.7872000,0.4836000,0.6883000,0.6372000,0.3725000,0.7211000,0.5700000,0.2749000,0.7470000,0.5282000,0.3849000,0.8484000,0.4482000,0.5083000,0.3182823,-0.1651070,0.0000000},
{0.6244508,0.5334663,0.1915922,0.5032006,0.5032391,0.2751105,0.5763296,0.6907312,0.2117627,0.6089075,0.8145114,0.1866088,0.6489940,0.8088767,0.3347371,0.6849000,0.7898000,0.4826000,0.6881000,0.6394000,0.3717000,0.7206000,0.5716000,0.2746000,0.7460000,0.5296000,0.3848000,0.8466000,0.4492000,0.5088000,0.3182823,-0.1651070,0.0000000},
{0.6240076,0.5417513,0.1891571,0.5024810,0.5122841,0.2722976,0.5774107,0.6971358,0.2077860,0.6127007,0.8209837,0.1851377,0.6503199,0.8132189,0.3326376,0.6854000,0.7924000,0.4816000,0.6878000,0.6416000,0.3710000,0.7200000,0.5734000,0.2745000,0.7449000,0.5310000,0.3848000,0.8446000,0.4502000,0.5092000,0.3182823,-0.1651070,0.0000000},
{0.6234682,0.5500607,0.1867990,0.5018675,0.5214272,0.2693319,0.5785332,0.7037004,0.2037781,0.6166320,0.8275808,0.1837490,0.6517098,0.8176198,0.3305656,0.6860000,0.7950000,0.4806000,0.6876000,0.6437000,0.3702000,0.7195000,0.5750000,0.2743000,0.7437000,0.5325000,0.3847000,0.8426000,0.4513000,0.5095000,0.3182823,-0.1651070,0.0000000},
{0.6227901,0.5588787,0.1843902,0.5013760,0.5304738,0.2662733,0.5796786,0.7103148,0.1998086,0.6207007,0.8342942,0.1824519,0.6531674,0.8220846,0.3285211,0.6867000,0.7976000,0.4796000,0.6873000,0.6459000,0.3695000,0.7190000,0.5767000,0.2740000,0.7425000,0.5339000,0.3846000,0.8405000,0.4523000,0.5098000,0.3182823,-0.1651070,0.0000000},
{0.6219890,0.5678215,0.1820480,0.5009693,0.5405262,0.2627247,0.5808909,0.7172278,0.1957328,0.6248203,0.8409778,0.1812783,0.6546972,0.8266204,0.3265034,0.6873000,0.8002000,0.4787000,0.6869000,0.6480000,0.3688000,0.7185000,0.5784000,0.2737000,0.7411000,0.5353000,0.3843000,0.8383000,0.4533000,0.5099000,0.3182823,-0.1651070,0.0000000},
{0.6210528,0.5769205,0.1797721,0.5007239,0.5501368,0.2591782,0.5821096,0.7240900,0.1917599,0.6290573,0.8477366,0.1802127,0.6563455,0.8313515,0.3244626,0.6880000,0.8029000,0.4778000,0.6866000,0.6502000,0.3680000,0.7179000,0.5802000,0.2733000,0.7398000,0.5368000,0.3840000,0.8360000,0.4542000,0.5101000,0.3182823,-0.1651070,0.0000000},
{0.6199877,0.5860358,0.1776050,0.5006260,0.5598462,0.2554339,0.5833518,0.7309989,0.1878325,0.6333396,0.8544530,0.1792764,0.6580302,0.8360344,0.3225071,0.6888000,0.8056000,0.4769000,0.6862000,0.6525000,0.3674000,0.7173000,0.5819000,0.2728000,0.7384000,0.5383000,0.3836000,0.8337000,0.4551000,0.5102000,0.3182823,-0.1651070,0.0000000},
{0.6187538,0.5954048,0.1755011,0.5006937,0.5698824,0.2513821,0.5846317,0.7380312,0.1839092,0.6376992,0.8611760,0.1784639,0.6597241,0.8406007,0.3206623,0.6896000,0.8082000,0.4761000,0.6858000,0.6549000,0.3667000,0.7165000,0.5837000,0.2723000,0.7369000,0.5399000,0.3833000,0.8313000,0.4562000,0.5103000,0.3182823,-0.1651070,0.0000000},
{0.6173888,0.6046548,0.1735539,0.5009279,0.5793697,0.2473691,0.5859280,0.7450681,0.1800577,0.6421396,0.8679084,0.1777777,0.6615540,0.8453867,0.3187948,0.6905000,0.8108000,0.4753000,0.6853000,0.6573000,0.3659000,0.7157000,0.5855000,0.2719000,0.7354000,0.5414000,0.3830000,0.8288000,0.4571000,0.5104000,0.3182823,-0.1651070,0.0000000},
{0.6157925,0.6143375,0.1716641,0.5013529,0.5890479,0.2430753,0.5872581,0.7522024,0.1762285,0.6466235,0.8745921,0.1772254,0.6634220,0.8501271,0.3170124,0.6914000,0.8135000,0.4745000,0.6849000,0.6597000,0.3652000,0.7149000,0.5873000,0.2716000,0.7338000,0.5431000,0.3827000,0.8263000,0.4582000,0.5106000,0.3182823,-0.1651070,0.0000000},
{0.6140172,0.6239823,0.1699461,0.5019977,0.5988750,0.2384865,0.5886072,0.7593532,0.1724665,0.6511181,0.8811795,0.1768098,0.6653347,0.8548406,0.3153070,0.6924000,0.8161000,0.4737000,0.6844000,0.6620000,0.3645000,0.7141000,0.5892000,0.2713000,0.7322000,0.5447000,0.3825000,0.8237000,0.4592000,0.5108000,0.3182823,-0.1651070,0.0000000},
{0.6120461,0.6335864,0.1684155,0.5028805,0.6086550,0.2336605,0.5899766,0.7665267,0.1687690,0.6556938,0.8877728,0.1765250,0.6672543,0.8594388,0.3137085,0.6933000,0.8188000,0.4729000,0.6839000,0.6643000,0.3638000,0.7133000,0.5912000,0.2709000,0.7305000,0.5463000,0.3823000,0.8211000,0.4602000,0.5110000,0.3182823,-0.1651070,0.0000000},
{0.6097966,0.6433973,0.1670612,0.5040179,0.6182572,0.2286315,0.5913566,0.7736720,0.1651621,0.6602653,0.8942493,0.1763766,0.6692918,0.8641848,0.3121268,0.6943000,0.8214000,0.4721000,0.6833000,0.6666000,0.3632000,0.7125000,0.5932000,0.2707000,0.7288000,0.5480000,0.3821000,0.8184000,0.4613000,0.5112000,0.3182823,-0.1651070,0.0000000},
{0.6073057,0.6530830,0.1659637,0.5054407,0.6276628,0.2233738,0.5927542,0.7808264,0.1616268,0.6648384,0.9006196,0.1763613,0.6713418,0.8688288,0.3106471,0.6953000,0.8240000,0.4714000,0.6817000,0.6687000,0.3623000,0.7116000,0.5952000,0.2704000,0.7272000,0.5497000,0.3818000,0.8157000,0.4624000,0.5114000,0.3182823,-0.1651070,0.0000000},
{0.6043840,0.6631294,0.1651250,0.5071762,0.6367753,0.2178964,0.5941591,0.7879363,0.1581892,0.6694195,0.9068942,0.1764770,0.6734045,0.8733778,0.3092641,0.6963000,0.8266000,0.4707000,0.6814000,0.6710000,0.3616000,0.7108000,0.5971000,0.2701000,0.7255000,0.5514000,0.3816000,0.8129000,0.4635000,0.5115000,0.3182823,-0.1651070,0.0000000},
{0.6012628,0.6725350,0.1646820,0.5092777,0.6455732,0.2121504,0.5955601,0.7949484,0.1548732,0.6740029,0.9130670,0.1767214,0.6755560,0.8779981,0.3079276,0.6974000,0.8292000,0.4701000,0.6810000,0.6732000,0.3608000,0.7100000,0.5990000,0.2698000,0.7237000,0.5531000,0.3813000,0.8100000,0.4647000,0.5117000,0.3182823,-0.1651070,0.0000000},
{0.5976160,0.6820345,0.1646730,0.5118177,0.6539929,0.2060831,0.5969655,0.8019051,0.1516567,0.6785253,0.9190565,0.1770869,0.6776835,0.8824494,0.3067064,0.6984000,0.8317000,0.4694000,0.6805000,0.6754000,0.3602000,0.7091000,0.6008000,0.2694000,0.7220000,0.5548000,0.3811000,0.8072000,0.4659000,0.5119000,0.3182823,-0.1651070,0.0000000},
{0.5933101,0.6914512,0.1652766,0.5147906,0.6616731,0.1998441,0.5983686,0.8087758,0.1485524,0.6830906,0.9250023,0.1775792,0.6798589,0.8868868,0.3055552,0.6994000,0.8342000,0.4688000,0.6798000,0.6777000,0.3597000,0.7079000,0.6027000,0.2687000,0.7201000,0.5565000,0.3808000,0.8043000,0.4670000,0.5122000,0.3182823,-0.1651070,0.0000000},
{0.5881043,0.7005412,0.1667898,0.5182668,0.6684749,0.1934125,0.5997548,0.8154921,0.1455879,0.6875176,0.9306727,0.1781734,0.6821103,0.8913639,0.3044621,0.7004000,0.8368000,0.4681000,0.6789000,0.6799000,0.3591000,0.7072000,0.6046000,0.2684000,0.7182000,0.5582000,0.3807000,0.8014000,0.4683000,0.5124000,0.3182823,-0.1651070,0.0000000},
{0.5813979,0.7089275,0.1698736,0.5221696,0.6739840,0.1870352,0.6011592,0.8222250,0.1426864,0.6918809,0.9361707,0.1788706,0.6843307,0.8956706,0.3034770,0.7013000,0.8392000,0.4675000,0.6779000,0.6819000,0.3586000,0.7064000,0.6065000,0.2681000,0.7164000,0.5599000,0.3804000,0.7984000,0.4695000,0.5126000,0.3182823,-0.1651070,0.0000000},
{0.5758592,0.7132243,0.1733182,0.5258883,0.6775682,0.1816186,0.6025302,0.8287298,0.1399508,0.6961362,0.9414467,0.1796560,0.6865390,0.8998516,0.3025844,0.7023000,0.8417000,0.4668000,0.6766000,0.6839000,0.3581000,0.7056000,0.6083000,0.2679000,0.7145000,0.5616000,0.3803000,0.7955000,0.4707000,0.5129000,0.3182823,-0.1651070,0.0000000},
{0.5741215,0.7140954,0.1745616,0.5289841,0.6795130,0.1775214,0.6038736,0.8350396,0.1373618,0.7002816,0.9465053,0.1805205,0.6887179,0.9038815,0.3017852,0.7031000,0.8441000,0.4662000,0.6753000,0.6859000,0.3577000,0.7046000,0.6101000,0.2678000,0.7126000,0.5633000,0.3802000,0.7926000,0.4720000,0.5133000,0.3182823,-0.1651070,0.0000000},
{0.5734727,0.7143625,0.1750457,0.5311424,0.6803742,0.1748610,0.6052039,0.8412261,0.1348857,0.7043201,0.9513570,0.1814566,0.6909248,0.9078706,0.3010547,0.7039000,0.8464000,0.4657000,0.6737000,0.6879000,0.3572000,0.7035000,0.6119000,0.2677000,0.7107000,0.5650000,0.3800000,0.7897000,0.4733000,0.5137000,0.3182823,-0.1651070,0.0000000},
{0.5732483,0.7144475,0.1752157,0.5326867,0.6807598,0.1730490,0.6065015,0.8472027,0.1325535,0.7081969,0.9559439,0.1824419,0.6930186,0.9115725,0.3004322,0.7047000,0.8486000,0.4651000,0.6720000,0.6898000,0.3569000,0.7025000,0.6137000,0.2675000,0.7088000,0.5667000,0.3800000,0.7868000,0.4747000,0.5141000,0.3182823,-0.1651070,0.0000000},
{0.5731588,0.7144804,0.1752839,0.5337796,0.6809220,0.1718104,0.6077618,0.8529532,0.1303658,0.7119981,0.9603743,0.1834901,0.6951782,0.9153095,0.2998597,0.7055000,0.8509000,0.4646000,0.6703000,0.6917000,0.3565000,0.7014000,0.6154000,0.2674000,0.7069000,0.5684000,0.3800000,0.7839000,0.4761000,0.5146000,0.3182823,-0.1651070,0.0000000},
{0.5731069,0.7144992,0.1753234,0.5345995,0.6809855,0.1709044,0.6090043,0.8585708,0.1282829,0.7155809,0.9644897,0.1845524,0.6972804,0.9188706,0.2993676,0.7062000,0.8530000,0.4641000,0.6687000,0.6936000,0.3561000,0.7003000,0.6171000,0.2673000,0.7050000,0.5701000,0.3800000,0.7809000,0.4775000,0.5150000,0.3182823,-0.1651070,0.0000000},
{0.5730936,0.7145039,0.1753336,0.5352417,0.6810010,0.1702082,0.6101863,0.8638671,0.1263692,0.7190172,0.9683816,0.1856390,0.6993296,0.9222715,0.2989481,0.7068000,0.8551000,0.4635000,0.6671000,0.6957000,0.3557000,0.6991000,0.6189000,0.2673000,0.7029000,0.5719000,0.3800000,0.7781000,0.4789000,0.5155000,0.3182823,-0.1651070,0.0000000},
{0.5731606,0.7144797,0.1752825,0.5357504,0.6809925,0.1696650,0.6113506,0.8690393,0.1245481,0.7222864,0.9720342,0.1867342,0.7013342,0.9255331,0.2985934,0.7073000,0.8572000,0.4629000,0.6658000,0.6977000,0.3552000,0.6980000,0.6206000,0.2672000,0.7011000,0.5736000,0.3800000,0.7752000,0.4804000,0.5159000,0.3182823,-0.1651070,0.0000000},
{0.5732043,0.7144638,0.1752491,0.5362318,0.6809676,0.1691576,0.6124260,0.8737775,0.1229221,0.7253084,0.9753671,0.1877999,0.7033051,0.9286789,0.2982969,0.7078000,0.8593000,0.4623000,0.6646000,0.6997000,0.3547000,0.6968000,0.6223000,0.2671000,0.6992000,0.5754000,0.3800000,0.7725000,0.4820000,0.5164000,0.3182823,-0.1651070,0.0000000},
{0.5733160,0.7144223,0.1751643,0.5366340,0.6809344,0.1687386,0.6134819,0.8783935,0.1213775,0.7282471,0.9785682,0.1888854,0.7052289,0.9316924,0.2980560,0.7083000,0.8614000,0.4617000,0.6635000,0.7019000,0.3542000,0.6957000,0.6239000,0.2670000,0.6973000,0.5771000,0.3800000,0.7698000,0.4835000,0.5169000,0.3182823,-0.1651070,0.0000000},
{0.5734209,0.7143825,0.1750848,0.5370355,0.6808901,0.1683249,0.6144924,0.8827769,0.1199477,0.7308585,0.9813794,0.1898908,0.7070384,0.9344767,0.2978723,0.7088000,0.8633000,0.4610000,0.6625000,0.7039000,0.3537000,0.6945000,0.6254000,0.2669000,0.6956000,0.5789000,0.3800000,0.7671000,0.4850000,0.5173000,0.3182823,-0.1651070,0.0000000},
{0.5735602,0.7143284,0.1749798,0.5374013,0.6808402,0.1679516,0.6154396,0.8868561,0.1186499,0.7333639,0.9840471,0.1908915,0.7087625,0.9370852,0.2977351,0.7092000,0.8653000,0.4603000,0.6615000,0.7058000,0.3533000,0.6934000,0.6270000,0.2668000,0.6938000,0.5806000,0.3801000,0.7646000,0.4866000,0.5179000,0.3182823,-0.1651070,0.0000000},
{0.5737421,0.7142555,0.1748434,0.5377775,0.6807794,0.1675716,0.6163347,0.8906839,0.1174615,0.7355757,0.9863782,0.1918045,0.7103450,0.9394423,0.2976409,0.7096000,0.8672000,0.4596000,0.6606000,0.7077000,0.3528000,0.6923000,0.6285000,0.2667000,0.6922000,0.5822000,0.3801000,0.7619000,0.4881000,0.5183000,0.3182823,-0.1651070,0.0000000},
{0.5738963,0.7141917,0.1747284,0.5381257,0.6807146,0.1672231,0.6171603,0.8941923,0.1163978,0.7376026,0.9884944,0.1926655,0.7119172,0.9417494,0.2975770,0.7098000,0.8691000,0.4589000,0.6596000,0.7096000,0.3523000,0.6912000,0.6298000,0.2666000,0.6905000,0.5838000,0.3801000,0.7595000,0.4898000,0.5189000,0.3182823,-0.1651070,0.0000000},
{0.5741045,0.7141028,0.1745742,0.5384966,0.6806367,0.1668555,0.6179313,0.8974489,0.1154325,0.7394254,0.9903815,0.1934597,0.7133149,0.9437719,0.2975446,0.7101000,0.8709000,0.4582000,0.6587000,0.7113000,0.3518000,0.6901000,0.6313000,0.2666000,0.6888000,0.5854000,0.3802000,0.7570000,0.4913000,0.5193000,0.3182823,-0.1651070,0.0000000},
{0.5743232,0.7140059,0.1744133,0.5388700,0.6805490,0.1664891,0.6186327,0.9003947,0.1145781,0.7410080,0.9920073,0.1941646,0.7146400,0.9456647,0.2975348,0.7102000,0.8726000,0.4575000,0.6577000,0.7131000,0.3513000,0.6892000,0.6326000,0.2665000,0.6860000,0.5867000,0.3801000,0.7546000,0.4930000,0.5199000,0.3182823,-0.1651070,0.0000000},
{0.5745456,0.7139038,0.1742510,0.5392628,0.6804469,0.1661075,0.6192921,0.9031498,0.1137954,0.7423416,0.9933682,0.1947697,0.7157661,0.9472548,0.2975422,0.7100000,0.8745000,0.4567000,0.6569000,0.7147000,0.3508000,0.6881000,0.6339000,0.2665000,0.6845000,0.5882000,0.3801000,0.7523000,0.4945000,0.5204000,0.3182823,-0.1651070,0.0000000},
{0.5747933,0.7137856,0.1740717,0.5396730,0.6803295,0.1657134,0.6198795,0.9055923,0.1131149,0.7436852,0.9947310,0.1953897,0.7167946,0.9486923,0.2975616,0.7101000,0.8760000,0.4560000,0.6559000,0.7163000,0.3503000,0.6871000,0.6351000,0.2664000,0.6830000,0.5897000,0.3801000,0.7501000,0.4961000,0.5210000,0.3182823,-0.1651070,0.0000000},
{0.5750469,0.7136597,0.1738898,0.5400845,0.6802008,0.1653223,0.6204045,0.9077661,0.1125200,0.7445877,0.9956417,0.1958119,0.7177269,0.9499834,0.2975894,0.7099000,0.8775000,0.4552000,0.6550000,0.7178000,0.3497000,0.6861000,0.6363000,0.2664000,0.6817000,0.5911000,0.3803000,0.7480000,0.4978000,0.5216000,0.3182823,-0.1651070,0.0000000},
{0.5753044,0.7135271,0.1737068,0.5405057,0.6800578,0.1649264,0.6208719,0.9096936,0.1120011,0.7454098,0.9964678,0.1962006,0.7184522,0.9509799,0.2976177,0.7095000,0.8790000,0.4544000,0.6541000,0.7191000,0.3492000,0.6851000,0.6373000,0.2663000,0.6803000,0.5925000,0.3804000,0.7460000,0.4994000,0.5222000,0.3182823,-0.1651070,0.0000000},
{0.5755605,0.7133901,0.1735264,0.5409327,0.6799012,0.1645296,0.6212857,0.9113945,0.1115500,0.7461132,0.9971722,0.1965362,0.7191926,0.9519903,0.2976526,0.7091000,0.8804000,0.4534000,0.6532000,0.7204000,0.3487000,0.6841000,0.6383000,0.2663000,0.6790000,0.5939000,0.3804000,0.7442000,0.5008000,0.5228000,0.3182823,-0.1651070,0.0000000},
{0.5758215,0.7132456,0.1733443,0.5413797,0.6797250,0.1641193,0.6216536,0.9129022,0.1111555,0.7462862,0.9973452,0.1966192,0.7197373,0.9527290,0.2976821,0.7085000,0.8818000,0.4525000,0.6522000,0.7215000,0.3482000,0.6831000,0.6393000,0.2662000,0.6777000,0.5950000,0.3805000,0.7423000,0.5023000,0.5232000,0.3182823,-0.1651070,0.0000000},
{0.5761221,0.7130727,0.1731368,0.5418281,0.6795356,0.1637126,0.6219638,0.9141697,0.1108278,0.7468590,0.9979166,0.1968952,0.7201896,0.9533395,0.2977091,0.7079000,0.8831000,0.4516000,0.6512000,0.7227000,0.3477000,0.6821000,0.6401000,0.2661000,0.6764000,0.5962000,0.3805000,0.7405000,0.5036000,0.5236000,0.3182823,-0.1651070,0.0000000},
{0.5764274,0.7128902,0.1729284,0.5423175,0.6793146,0.1632744,0.6222342,0.9152722,0.1105457,0.7472932,0.9983487,0.1971057,0.7205308,0.9537985,0.2977309,0.7072000,0.8843000,0.4507000,0.6503000,0.7237000,0.3472000,0.6812000,0.6408000,0.2660000,0.6752000,0.5973000,0.3806000,0.7389000,0.5049000,0.5240000,0.3182823,-0.1651070,0.0000000},
{0.5767412,0.7126953,0.1727166,0.5428337,0.6790654,0.1628185,0.6224341,0.9160861,0.1103392,0.7472555,0.9983112,0.1970874,0.7208076,0.9541696,0.2977496,0.7063000,0.8854000,0.4499000,0.6493000,0.7246000,0.3467000,0.6803000,0.6415000,0.2659000,0.6740000,0.5982000,0.3805000,0.7374000,0.5062000,0.5245000,0.3182823,-0.1651070,0.0000000},
{0.5770702,0.7124830,0.1724974,0.5433778,0.6787850,0.1623452,0.6225963,0.9167451,0.1101732,0.7471855,0.9982416,0.1970534,0.7209205,0.9543207,0.2977574,0.7055000,0.8864000,0.4491000,0.6484000,0.7255000,0.3462000,0.6794000,0.6422000,0.2658000,0.6729000,0.5991000,0.3806000,0.7359000,0.5074000,0.5249000,0.3182823,-0.1651070,0.0000000},
{0.5774303,0.7122413,0.1722606,0.5440008,0.6784419,0.1618118,0.6227118,0.9172139,0.1100556,0.7470530,0.9981097,0.1969891,0.7210656,0.9545146,0.2977677,0.7045000,0.8875000,0.4483000,0.6475000,0.7263000,0.3457000,0.6785000,0.6428000,0.2657000,0.6718000,0.6000000,0.3806000,0.7345000,0.5087000,0.5254000,0.3182823,-0.1651070,0.0000000},
{0.5777918,0.7119887,0.1720262,0.5446018,0.6780886,0.1613061,0.6227964,0.9175572,0.1099699,0.7468001,0.9978579,0.1968667,0.7211028,0.9545644,0.2977704,0.7035000,0.8884000,0.4476000,0.6467000,0.7270000,0.3454000,0.6777000,0.6433000,0.2656000,0.6707000,0.6008000,0.3806000,0.7332000,0.5098000,0.5257000,0.3182823,-0.1651070,0.0000000}
};
