fitErrPi Mean = 0.318282
fitErrTh Mean = 0.017403
fitErrWr Mean = 0.0210987
fitErrLA Mean = 0.0452141
fitErrEl Mean = 0.075727
fitErrUA Mean = 0.338908
efPts = {
{0.6000817,0.8079865,0.1481354,0.5533190,0.7730272,0.1293031,0.6246769,0.9720756,0.2005110,0.6838202,1.0673385,0.2313874,0.8210665,0.9481800,0.2073507,0.6487000,0.8740000,0.4594000,0.6115000,0.7122000,0.3492000,0.6555000,0.6337000,0.2644000,0.6472000,0.5847000,0.3779000,0.7214000,0.4982000,0.5188000,0.3182823,0.0000000,0.0000000},
{0.5973084,0.8082145,0.1504482,0.5508841,0.7733085,0.1318496,0.6229303,0.9717225,0.2011613,0.6831893,1.0670192,0.2314398,0.8209459,0.9480271,0.2072089,0.6474000,0.8730000,0.4596000,0.6110000,0.7111000,0.3490000,0.6553000,0.6329000,0.2643000,0.6471000,0.5838000,0.3776000,0.7215000,0.4973000,0.5185000,0.3182823,0.0000000,0.0000000},
{0.5945004,0.8084001,0.1527008,0.5481842,0.7735786,0.1345643,0.6210152,0.9713265,0.2018660,0.6818992,1.0663638,0.2315455,0.8206850,0.9476959,0.2069018,0.6462000,0.8720000,0.4598000,0.6105000,0.7101000,0.3489000,0.6551000,0.6321000,0.2641000,0.6470000,0.5828000,0.3774000,0.7216000,0.4964000,0.5182000,0.3182823,0.0000000,0.0000000},
{0.5914902,0.8085525,0.1550240,0.5452532,0.7738265,0.1373932,0.6188800,0.9708744,0.2026416,0.6806901,1.0657464,0.2316429,0.8204523,0.9474005,0.2066278,0.6449000,0.8709000,0.4600000,0.6099000,0.7090000,0.3488000,0.6548000,0.6313000,0.2639000,0.6470000,0.5819000,0.3771000,0.7216000,0.4955000,0.5179000,0.3182823,0.0000000,0.0000000},
{0.5881975,0.8086687,0.1574656,0.5420368,0.7740493,0.1403689,0.6164846,0.9703538,0.2034992,0.6796700,1.0652232,0.2317238,0.8204001,0.9473342,0.2065663,0.6436000,0.8699000,0.4603000,0.6094000,0.7079000,0.3487000,0.6545000,0.6305000,0.2638000,0.6468000,0.5809000,0.3769000,0.7216000,0.4947000,0.5176000,0.3182823,0.0000000,0.0000000},
{0.5846571,0.8087395,0.1599843,0.5386182,0.7742344,0.1433974,0.6137411,0.9697406,0.2044652,0.6780510,1.0643885,0.2318498,0.8200827,0.9469310,0.2061920,0.6423000,0.8688000,0.4605000,0.6089000,0.7069000,0.3486000,0.6542000,0.6297000,0.2636000,0.6467000,0.5800000,0.3767000,0.7215000,0.4938000,0.5174000,0.3182823,0.0000000,0.0000000},
{0.5807939,0.8087580,0.1626172,0.5347996,0.7743842,0.1466314,0.6106922,0.9690382,0.2055189,0.6762198,1.0634379,0.2319888,0.8197415,0.9464973,0.2057894,0.6410000,0.8677000,0.4608000,0.6083000,0.7059000,0.3485000,0.6539000,0.6289000,0.2634000,0.6466000,0.5791000,0.3764000,0.7214000,0.4930000,0.5172000,0.3182823,0.0000000,0.0000000},
{0.5766312,0.8087152,0.1653305,0.5306899,0.7744844,0.1499527,0.6072958,0.9682303,0.2066686,0.6741930,1.0623777,0.2321382,0.8195082,0.9462006,0.2055138,0.6397000,0.8666000,0.4611000,0.6078000,0.7049000,0.3484000,0.6536000,0.6282000,0.2633000,0.6464000,0.5782000,0.3762000,0.7212000,0.4921000,0.5169000,0.3182823,0.0000000,0.0000000},
{0.5721051,0.8086008,0.1681473,0.5263715,0.7745276,0.1532813,0.6036096,0.9673236,0.2078881,0.6723785,1.0614214,0.2322681,0.8190884,0.9456665,0.2050175,0.6385000,0.8655000,0.4614000,0.6072000,0.7038000,0.3484000,0.6533000,0.6275000,0.2632000,0.6461000,0.5773000,0.3760000,0.7209000,0.4913000,0.5167000,0.3182823,0.0000000,0.0000000},
{0.5672431,0.8084060,0.1710314,0.5212251,0.7745041,0.1570522,0.5996907,0.9663263,0.2091528,0.6697315,1.0600142,0.2324509,0.8186187,0.9450683,0.2044614,0.6373000,0.8644000,0.4617000,0.6066000,0.7029000,0.3483000,0.6530000,0.6267000,0.2630000,0.6460000,0.5765000,0.3758000,0.7207000,0.4905000,0.5165000,0.3182823,0.0000000,0.0000000},
{0.5618006,0.8081070,0.1741004,0.5159575,0.7744032,0.1607119,0.5952700,0.9651608,0.2105412,0.6668922,1.0584888,0.2326383,0.8181801,0.9445094,0.2039415,0.6361000,0.8633000,0.4620000,0.6060000,0.7018000,0.3482000,0.6527000,0.6261000,0.2629000,0.6457000,0.5757000,0.3756000,0.7204000,0.4897000,0.5162000,0.3182823,0.0000000,0.0000000},
{0.5563857,0.8077318,0.1770009,0.5103451,0.7742184,0.1644093,0.5906502,0.9638980,0.2119497,0.6638676,1.0568456,0.2328279,0.8176454,0.9438274,0.2033067,0.6349000,0.8621000,0.4623000,0.6054000,0.7009000,0.3481000,0.6524000,0.6253000,0.2627000,0.6455000,0.5749000,0.3754000,0.7200000,0.4888000,0.5161000,0.3182823,0.0000000,0.0000000},
{0.5505543,0.8072480,0.1799677,0.5044608,0.7739465,0.1680824,0.5857795,0.9625180,0.2133885,0.6604984,1.0549930,0.2330271,0.8170567,0.9430758,0.2026065,0.6337000,0.8610000,0.4626000,0.6048000,0.6998000,0.3480000,0.6520000,0.6246000,0.2626000,0.6453000,0.5741000,0.3752000,0.7198000,0.4881000,0.5159000,0.3182823,0.0000000,0.0000000},
{0.5444838,0.8066635,0.1828969,0.4981125,0.7735714,0.1718320,0.5806279,0.9610055,0.2148600,0.6569433,1.0530128,0.2332233,0.8164537,0.9423051,0.2018881,0.6326000,0.8598000,0.4629000,0.6042000,0.6988000,0.3479000,0.6517000,0.6239000,0.2625000,0.6450000,0.5734000,0.3750000,0.7194000,0.4872000,0.5156000,0.3182823,0.0000000,0.0000000},
{0.5383503,0.8059956,0.1857040,0.4914647,0.7730955,0.1755417,0.5752096,0.9593570,0.2163531,0.6531859,1.0508915,0.2334152,0.8158316,0.9415090,0.2011455,0.6314000,0.8586000,0.4631000,0.6036000,0.6978000,0.3478000,0.6513000,0.6231000,0.2622000,0.6447000,0.5725000,0.3749000,0.7190000,0.4865000,0.5155000,0.3182823,0.0000000,0.0000000},
{0.5319588,0.8052227,0.1884779,0.4855445,0.7726057,0.1786735,0.5696314,0.9575995,0.2178330,0.6492973,1.0486653,0.2335970,0.8151196,0.9405971,0.2002939,0.6302000,0.8575000,0.4634000,0.6030000,0.6969000,0.3477000,0.6509000,0.6224000,0.2621000,0.6444000,0.5717000,0.3747000,0.7186000,0.4857000,0.5153000,0.3182823,0.0000000,0.0000000},
{0.5254636,0.8043624,0.1911495,0.4785617,0.7719542,0.1821748,0.5637711,0.9556885,0.2193266,0.6447081,1.0459976,0.2337894,0.8143238,0.9395762,0.1993399,0.6290000,0.8564000,0.4636000,0.6023000,0.6959000,0.3477000,0.6504000,0.6216000,0.2620000,0.6440000,0.5709000,0.3745000,0.7183000,0.4849000,0.5151000,0.3182823,0.0000000,0.0000000},
{0.5187268,0.8033955,0.1937738,0.4716152,0.7712323,0.1854658,0.5577504,0.9536578,0.2207970,0.6405153,1.0435219,0.2339443,0.8135750,0.9386144,0.1984401,0.6278000,0.8552000,0.4639000,0.6017000,0.6950000,0.3476000,0.6500000,0.6207000,0.2618000,0.6436000,0.5701000,0.3743000,0.7179000,0.4842000,0.5150000,0.3182823,0.0000000,0.0000000},
{0.5118315,0.8023323,0.1963147,0.4645034,0.7704224,0.1886502,0.5516246,0.9515228,0.2222278,0.6356969,1.0406315,0.2340975,0.8127771,0.9375881,0.1974789,0.6266000,0.8541000,0.4642000,0.6010000,0.6941000,0.3476000,0.6495000,0.6199000,0.2621000,0.6433000,0.5693000,0.3742000,0.7176000,0.4834000,0.5148000,0.3182823,0.0000000,0.0000000},
{0.5047499,0.8011673,0.1987806,0.4571844,0.7695188,0.1917449,0.5452636,0.9492336,0.2236452,0.6307646,1.0376223,0.2342267,0.8118426,0.9363843,0.1963504,0.6254000,0.8530000,0.4646000,0.6003000,0.6933000,0.3476000,0.6492000,0.6189000,0.2622000,0.6428000,0.5684000,0.3741000,0.7173000,0.4828000,0.5147000,0.3182823,0.0000000,0.0000000},
{0.4973627,0.7998777,0.2012065,0.4496423,0.7685180,0.1947522,0.5388325,0.9468459,0.2250087,0.6257044,1.0344817,0.2343302,0.8109953,0.9352910,0.1953243,0.6242000,0.8519000,0.4649000,0.5995000,0.6923000,0.3477000,0.6487000,0.6182000,0.2621000,0.6424000,0.5678000,0.3739000,0.7169000,0.4821000,0.5145000,0.3182823,0.0000000,0.0000000},
{0.4899135,0.7985046,0.2035096,0.4419562,0.7674295,0.1976382,0.5322089,0.9443109,0.2263410,0.6205953,1.0312555,0.2344045,0.8100690,0.9340940,0.1941995,0.6230000,0.8508000,0.4652000,0.5988000,0.6915000,0.3476000,0.6482000,0.6175000,0.2620000,0.6420000,0.5672000,0.3738000,0.7164000,0.4814000,0.5143000,0.3182823,0.0000000,0.0000000},
{0.4823518,0.7970397,0.2057078,0.4340918,0.7662481,0.2004148,0.5255296,0.9416779,0.2276118,0.6154239,1.0279333,0.2344487,0.8090365,0.9327573,0.1929421,0.6218000,0.8497000,0.4655000,0.5980000,0.6906000,0.3476000,0.6477000,0.6169000,0.2619000,0.6415000,0.5665000,0.3737000,0.7160000,0.4808000,0.5142000,0.3182823,0.0000000,0.0000000},
{0.4746206,0.7954717,0.2078169,0.4261416,0.7649879,0.2030498,0.5189351,0.9390037,0.2287959,0.6102278,1.0245374,0.2344616,0.8080312,0.9314535,0.1917138,0.6205000,0.8485000,0.4658000,0.5971000,0.6897000,0.3476000,0.6472000,0.6162000,0.2617000,0.6411000,0.5659000,0.3735000,0.7155000,0.4803000,0.5140000,0.3182823,0.0000000,0.0000000},
{0.4670162,0.7938632,0.2097608,0.4182909,0.7636815,0.2054904,0.5121635,0.9361818,0.2299396,0.6050384,1.0210874,0.2344425,0.8069794,0.9300868,0.1904248,0.6190000,0.8474000,0.4660000,0.5963000,0.6888000,0.3474000,0.6466000,0.6154000,0.2616000,0.6408000,0.5653000,0.3733000,0.7151000,0.4796000,0.5138000,0.3182823,0.0000000,0.0000000},
{0.4592947,0.7921653,0.2116076,0.4103097,0.7622933,0.2078147,0.5054239,0.9332975,0.2310062,0.5997971,1.0175434,0.2343907,0.8059432,0.9287379,0.1891508,0.6175000,0.8461000,0.4662000,0.5955000,0.6878000,0.3473000,0.6459000,0.6146000,0.2613000,0.6404000,0.5646000,0.3730000,0.7146000,0.4791000,0.5137000,0.3182823,0.0000000,0.0000000},
{0.4515576,0.7904013,0.2133348,0.4024787,0.7608745,0.2099477,0.4986112,0.9303059,0.2320123,0.5940598,1.0135947,0.2342962,0.8048377,0.9272959,0.1877870,0.6158000,0.8449000,0.4664000,0.5946000,0.6868000,0.3471000,0.6453000,0.6138000,0.2611000,0.6400000,0.5639000,0.3728000,0.7142000,0.4786000,0.5136000,0.3182823,0.0000000,0.0000000},
{0.4439022,0.7885964,0.2149264,0.3945493,0.7593830,0.2119643,0.4918366,0.9272561,0.2329417,0.5888920,1.0099753,0.2341769,0.8036905,0.9257966,0.1863670,0.6140000,0.8435000,0.4666000,0.5937000,0.6857000,0.3469000,0.6446000,0.6130000,0.2608000,0.6395000,0.5633000,0.3726000,0.7138000,0.4781000,0.5134000,0.3182823,0.0000000,0.0000000},
{0.4361284,0.7867048,0.2164270,0.3866756,0.7578493,0.2138293,0.4849948,0.9241005,0.2338087,0.5831967,1.0059171,0.2340075,0.8025904,0.9243558,0.1850005,0.6121000,0.8422000,0.4668000,0.5927000,0.6847000,0.3467000,0.6439000,0.6122000,0.2606000,0.6391000,0.5625000,0.3724000,0.7133000,0.4776000,0.5133000,0.3182823,0.0000000,0.0000000},
{0.4284049,0.7847687,0.2178060,0.3787652,0.7562571,0.2155693,0.4780980,0.9208433,0.2346105,0.5775117,1.0017929,0.2337983,0.8013461,0.9227227,0.1834493,0.6103000,0.8408000,0.4670000,0.5917000,0.6836000,0.3466000,0.6431000,0.6114000,0.2603000,0.6386000,0.5619000,0.3721000,0.7129000,0.4772000,0.5132000,0.3182823,0.0000000,0.0000000},
{0.4204938,0.7827283,0.2191061,0.3707912,0.7546017,0.2171919,0.4712161,0.9175173,0.2353384,0.5723267,0.9979668,0.2335722,0.8002318,0.9212570,0.1820550,0.6084000,0.8393000,0.4673000,0.5906000,0.6825000,0.3463000,0.6423000,0.6107000,0.2601000,0.6382000,0.5613000,0.3718000,0.7124000,0.4768000,0.5130000,0.3182823,0.0000000,0.0000000},
{0.4126654,0.7806539,0.2202834,0.3628748,0.7529096,0.2186757,0.4643231,0.9141100,0.2359957,0.5665150,0.9936041,0.2332783,0.7989203,0.9195281,0.1804079,0.6065000,0.8379000,0.4675000,0.5895000,0.6815000,0.3462000,0.6416000,0.6099000,0.2598000,0.6378000,0.5606000,0.3716000,0.7119000,0.4763000,0.5129000,0.3182823,0.0000000,0.0000000},
{0.4046375,0.7784706,0.2213805,0.3548743,0.7511513,0.2200499,0.4572437,0.9105317,0.2365959,0.5608530,0.9892773,0.2329502,0.7977375,0.9179654,0.1789167,0.6046000,0.8364000,0.4678000,0.5882000,0.6803000,0.3460000,0.6407000,0.6092000,0.2596000,0.6372000,0.5601000,0.3713000,0.7114000,0.4759000,0.5127000,0.3182823,0.0000000,0.0000000},
{0.3966782,0.7762511,0.2223602,0.3467720,0.7493225,0.2213160,0.4503126,0.9069510,0.2371103,0.5552432,0.9849150,0.2325840,0.7964691,0.9162856,0.1773114,0.6027000,0.8349000,0.4681000,0.5868000,0.6792000,0.3459000,0.6399000,0.6085000,0.2593000,0.6367000,0.5595000,0.3712000,0.7108000,0.4755000,0.5126000,0.3182823,0.0000000,0.0000000},
{0.3887083,0.7739750,0.2232356,0.3386664,0.7474455,0.2224588,0.4432658,0.9032321,0.2375587,0.5496717,0.9805072,0.2321791,0.7952291,0.9146396,0.1757358,0.6008000,0.8333000,0.4683000,0.5853000,0.6780000,0.3459000,0.6390000,0.6079000,0.2591000,0.6363000,0.5589000,0.3709000,0.7104000,0.4752000,0.5125000,0.3182823,0.0000000,0.0000000},
{0.3805983,0.7716046,0.2240197,0.3306035,0.7455321,0.2234749,0.4363380,0.8994984,0.2379261,0.5440884,0.9760134,0.2317316,0.7940220,0.9130338,0.1741963,0.5988000,0.8318000,0.4686000,0.5849000,0.6771000,0.3460000,0.6381000,0.6073000,0.2589000,0.6357000,0.5583000,0.3706000,0.7099000,0.4749000,0.5124000,0.3182823,0.0000000,0.0000000},
{0.3724603,0.7691719,0.2246997,0.3224462,0.7435501,0.2243825,0.4293600,0.8956598,0.2382223,0.5385453,0.9714751,0.2312452,0.7927277,0.9113078,0.1725391,0.5969000,0.8303000,0.4689000,0.5836000,0.6759000,0.3460000,0.6371000,0.6067000,0.2586000,0.6351000,0.5578000,0.3705000,0.7094000,0.4746000,0.5123000,0.3182823,0.0000000,0.0000000},
{0.3643795,0.7667032,0.2252705,0.3142259,0.7415064,0.2251764,0.4224643,0.8917892,0.2384418,0.5331145,0.9669531,0.2307274,0.7914142,0.9095521,0.1708505,0.5949000,0.8287000,0.4692000,0.5823000,0.6749000,0.3460000,0.6362000,0.6060000,0.2584000,0.6346000,0.5573000,0.3702000,0.7089000,0.4743000,0.5122000,0.3182823,0.0000000,0.0000000},
{0.3562007,0.7641513,0.2257432,0.3059259,0.7393963,0.2258563,0.4156411,0.8878833,0.2385868,0.5276606,0.9623351,0.2301655,0.7901568,0.9078672,0.1692274,0.5930000,0.8271000,0.4694000,0.5809000,0.6737000,0.3459000,0.6352000,0.6054000,0.2582000,0.6340000,0.5567000,0.3701000,0.7084000,0.4741000,0.5122000,0.3182823,0.0000000,0.0000000},
{0.3480477,0.7615545,0.2261103,0.2976310,0.7372412,0.2264151,0.4088076,0.8838950,0.2386596,0.5223461,0.9577599,0.2295769,0.7889818,0.9062891,0.1677049,0.5909000,0.8256000,0.4697000,0.5793000,0.6726000,0.3458000,0.6342000,0.6048000,0.2579000,0.6333000,0.5562000,0.3699000,0.7078000,0.4738000,0.5121000,0.3182823,0.0000000,0.0000000},
{0.3399213,0.7589139,0.2263733,0.2894423,0.7350686,0.2268494,0.4020798,0.8798929,0.2386597,0.5171984,0.9532562,0.2289674,0.7875473,0.9043578,0.1658386,0.5889000,0.8241000,0.4699000,0.5779000,0.6714000,0.3457000,0.6332000,0.6042000,0.2577000,0.6326000,0.5557000,0.3696000,0.7071000,0.4737000,0.5121000,0.3182823,0.0000000,0.0000000},
{0.3317296,0.7561994,0.2265348,0.2807795,0.7327218,0.2271825,0.3955435,0.8759323,0.2385911,0.5120902,0.9487156,0.2283235,0.7862761,0.9026419,0.1641775,0.5868000,0.8225000,0.4701000,0.5764000,0.6704000,0.3456000,0.6322000,0.6035000,0.2574000,0.6319000,0.5552000,0.3694000,0.7065000,0.4735000,0.5120000,0.3182823,0.0000000,0.0000000},
{0.3236592,0.7534737,0.2265925,0.2725764,0.7304539,0.2273788,0.3891586,0.8719937,0.2384579,0.5071622,0.9442663,0.2276647,0.7851168,0.9010734,0.1626569,0.5846000,0.8210000,0.4703000,0.5749000,0.6692000,0.3454000,0.6311000,0.6029000,0.2571000,0.6312000,0.5547000,0.3692000,0.7057000,0.4734000,0.5120000,0.3182823,0.0000000,0.0000000},
{0.3156539,0.7507193,0.2265502,0.2642689,0.7281119,0.2274598,0.3828699,0.8680460,0.2382619,0.5023731,0.9398764,0.2269884,0.7839594,0.8995040,0.1611332,0.5825000,0.8195000,0.4704000,0.5733000,0.6681000,0.3453000,0.6300000,0.6023000,0.2568000,0.6304000,0.5543000,0.3690000,0.7049000,0.4733000,0.5120000,0.3182823,0.0000000,0.0000000},
{0.3077412,0.7479473,0.2264108,0.2560992,0.7257644,0.2274239,0.3767732,0.8641532,0.2380097,0.4976082,0.9354428,0.2262796,0.7825477,0.8975851,0.1592671,0.5804000,0.8179000,0.4705000,0.5718000,0.6669000,0.3452000,0.6289000,0.6016000,0.2565000,0.6296000,0.5539000,0.3687000,0.7042000,0.4733000,0.5120000,0.3182823,0.0000000,0.0000000},
{0.2999782,0.7451796,0.2261794,0.2480149,0.7233980,0.2272752,0.3707189,0.8602226,0.2376977,0.4930675,0.9311555,0.2255700,0.7813473,0.8959491,0.1576736,0.5783000,0.8164000,0.4706000,0.5703000,0.6658000,0.3449000,0.6278000,0.6008000,0.2562000,0.6289000,0.5533000,0.3684000,0.7034000,0.4733000,0.5120000,0.3182823,0.0000000,0.0000000},
{0.2922774,0.7423868,0.2258567,0.2401412,0.7210517,0.2270219,0.3647779,0.8563017,0.2373309,0.4885931,0.9268698,0.2248376,0.7801086,0.8942572,0.1560230,0.5762000,0.8149000,0.4705000,0.5689000,0.6647000,0.3447000,0.6267000,0.6000000,0.2559000,0.6281000,0.5528000,0.3683000,0.7025000,0.4734000,0.5120000,0.3182823,0.0000000,0.0000000},
{0.2847263,0.7396022,0.2254495,0.2322900,0.7186709,0.2266621,0.3590010,0.8524272,0.2369157,0.4841750,0.9225777,0.2240814,0.7788487,0.8925319,0.1543373,0.5741000,0.8135000,0.4705000,0.5674000,0.6636000,0.3445000,0.6256000,0.5992000,0.2556000,0.6274000,0.5524000,0.3680000,0.7018000,0.4734000,0.5121000,0.3182823,0.0000000,0.0000000},
{0.2772675,0.7368064,0.2249583,0.2247230,0.7163372,0.2262133,0.3533197,0.8485564,0.2364500,0.4799298,0.9183959,0.2233233,0.7776507,0.8908877,0.1527282,0.5721000,0.8121000,0.4705000,0.5660000,0.6626000,0.3443000,0.6245000,0.5984000,0.2553000,0.6266000,0.5520000,0.3678000,0.7010000,0.4735000,0.5121000,0.3182823,0.0000000,0.0000000},
{0.2699201,0.7340079,0.2243869,0.2171795,0.7139722,0.2256654,0.3478199,0.8447511,0.2359439,0.4756614,0.9141328,0.2225291,0.7765148,0.8893250,0.1511967,0.5701000,0.8108000,0.4704000,0.5647000,0.6615000,0.3442000,0.6233000,0.5976000,0.2549000,0.6258000,0.5515000,0.3676000,0.7000000,0.4736000,0.5122000,0.3182823,0.0000000,0.0000000},
{0.2627813,0.7312462,0.2237476,0.2096887,0.7115852,0.2250209,0.3425212,0.8410296,0.2354040,0.4716235,0.9100450,0.2217478,0.7752689,0.8876069,0.1495104,0.5682000,0.8095000,0.4704000,0.5632000,0.6605000,0.3441000,0.6221000,0.5967000,0.2546000,0.6249000,0.5510000,0.3674000,0.6990000,0.4738000,0.5123000,0.3182823,0.0000000,0.0000000},
{0.2556131,0.7284300,0.2230211,0.2024162,0.7092305,0.2242983,0.3372368,0.8372631,0.2348133,0.4676598,0.9059790,0.2209519,0.7740924,0.8859806,0.1479118,0.5662000,0.8082000,0.4702000,0.5618000,0.6595000,0.3439000,0.6208000,0.5960000,0.2541000,0.6239000,0.5506000,0.3670000,0.6986000,0.4740000,0.5120000,0.3182823,0.0000000,0.0000000},
{0.2485900,0.7256284,0.2222256,0.1951218,0.7068315,0.2234763,0.3321863,0.8336108,0.2341989,0.4638074,0.9019757,0.2201501,0.7729201,0.8843565,0.1463130,0.5642000,0.8068000,0.4700000,0.5603000,0.6586000,0.3436000,0.6196000,0.5952000,0.2536000,0.6228000,0.5502000,0.3666000,0.6974000,0.4740000,0.5119000,0.3182823,0.0000000,0.0000000},
{0.2417750,0.7228690,0.2213733,0.1878598,0.7044056,0.2225598,0.3272172,0.8299660,0.2335459,0.4599938,0.8979616,0.2193284,0.7716156,0.8825447,0.1445266,0.5620000,0.8055000,0.4697000,0.5588000,0.6576000,0.3431000,0.6183000,0.5943000,0.2530000,0.6217000,0.5498000,0.3662000,0.6956000,0.4742000,0.5121000,0.3182823,0.0000000,0.0000000},
{0.2349712,0.7200732,0.2204419,0.1808080,0.7020132,0.2215746,0.3224891,0.8264499,0.2328788,0.4564058,0.8941374,0.2185294,0.7704350,0.8809008,0.1429033,0.5598000,0.8041000,0.4693000,0.5574000,0.6567000,0.3425000,0.6171000,0.5934000,0.2523000,0.6206000,0.5492000,0.3656000,0.6949000,0.4741000,0.5116000,0.3182823,0.0000000,0.0000000},
{0.2283061,0.7172940,0.2194500,0.1737492,0.6995818,0.2204926,0.3179067,0.8229963,0.2321888,0.4528623,0.8903144,0.2177151,0.7691766,0.8791444,0.1411661,0.5575000,0.8026000,0.4688000,0.5558000,0.6558000,0.3418000,0.6160000,0.5925000,0.2514000,0.6196000,0.5487000,0.3651000,0.6938000,0.4745000,0.5115000,0.3182823,0.0000000,0.0000000},
{0.2218546,0.7145649,0.2184132,0.1669408,0.6972010,0.2193563,0.3135030,0.8196337,0.2314844,0.4494219,0.8865577,0.2168999,0.7680240,0.8775318,0.1395688,0.5551000,0.8013000,0.4683000,0.5543000,0.6549000,0.3410000,0.6148000,0.5915000,0.2507000,0.6185000,0.5482000,0.3644000,0.6938000,0.4745000,0.5115000,0.3182823,0.0000000,0.0000000},
{0.2155012,0.7118391,0.2173168,0.1602375,0.6948223,0.2181469,0.3091788,0.8162894,0.2307524,0.4461246,0.8829148,0.2160954,0.7666747,0.8756390,0.1376910,0.5526000,0.7999000,0.4677000,0.5527000,0.6541000,0.3403000,0.6135000,0.5904000,0.2499000,0.6174000,0.5477000,0.3639000,0.6920000,0.4746000,0.5115000,0.3182823,0.0000000,0.0000000},
{0.2093812,0.7091766,0.2161882,0.1538091,0.6925079,0.2169005,0.3050300,0.8130402,0.2300117,0.4428031,0.8792021,0.2152615,0.7655572,0.8740675,0.1361295,0.5502000,0.7987000,0.4671000,0.5511000,0.6533000,0.3394000,0.6123000,0.5894000,0.2491000,0.6162000,0.5470000,0.3633000,0.6901000,0.4747000,0.5115000,0.3182823,0.0000000,0.0000000},
{0.2033893,0.7065341,0.2150128,0.1474319,0.6901790,0.2155784,0.3009297,0.8097890,0.2292418,0.4395956,0.8755752,0.2144335,0.7642693,0.8722519,0.1343228,0.5477000,0.7973000,0.4664000,0.5495000,0.6524000,0.3387000,0.6110000,0.5883000,0.2485000,0.6149000,0.5464000,0.3628000,0.6883000,0.4749000,0.5114000,0.3182823,0.0000000,0.0000000},
{0.1974853,0.7038946,0.2137844,0.1412559,0.6878917,0.2142147,0.2968811,0.8065389,0.2284437,0.4364006,0.8719204,0.2135858,0.7631143,0.8706197,0.1326960,0.5452000,0.7960000,0.4657000,0.5478000,0.6515000,0.3380000,0.6097000,0.5874000,0.2478000,0.6136000,0.5458000,0.3623000,0.6865000,0.4750000,0.5114000,0.3182823,0.0000000,0.0000000},
{0.1918175,0.7013266,0.2125380,0.1352733,0.6856452,0.2128134,0.2928871,0.8032928,0.2276186,0.4332007,0.8682173,0.2127134,0.7619135,0.8689185,0.1309980,0.5427000,0.7947000,0.4650000,0.5462000,0.6505000,0.3372000,0.6085000,0.5864000,0.2472000,0.6121000,0.5451000,0.3619000,0.6847000,0.4751000,0.5114000,0.3182823,0.0000000,0.0000000},
{0.1862613,0.6987758,0.2112503,0.1295027,0.6834488,0.2113850,0.2889550,0.8000573,0.2267686,0.4300333,0.8645087,0.2118264,0.7607460,0.8672604,0.1293405,0.5401000,0.7933000,0.4643000,0.5445000,0.6496000,0.3363000,0.6073000,0.5857000,0.2466000,0.6107000,0.5445000,0.3614000,0.6829000,0.4753000,0.5113000,0.3182823,0.0000000,0.0000000},
{0.1808251,0.6962470,0.2099256,0.1239447,0.6813052,0.2099358,0.2850606,0.7968129,0.2258890,0.4270024,0.8609186,0.2109550,0.7594801,0.8654581,0.1275361,0.5375000,0.7920000,0.4635000,0.5427000,0.6486000,0.3355000,0.6060000,0.5848000,0.2460000,0.6092000,0.5439000,0.3609000,0.6810000,0.4754000,0.5113000,0.3182823,0.0000000,0.0000000},
{0.1754731,0.6937247,0.2085567,0.1185864,0.6792118,0.2084687,0.2812646,0.7936113,0.2249944,0.4240145,0.8573391,0.2100740,0.7582410,0.8636893,0.1257624,0.5349000,0.7907000,0.4627000,0.5409000,0.6476000,0.3348000,0.6048000,0.5840000,0.2455000,0.6076000,0.5433000,0.3605000,0.6792000,0.4756000,0.5113000,0.3182823,0.0000000,0.0000000},
{0.1704247,0.6913146,0.2072049,0.1132189,0.6770876,0.2069281,0.2776143,0.7904950,0.2240985,0.4210767,0.8537796,0.2091858,0.7570530,0.8619890,0.1240548,0.5323000,0.7894000,0.4619000,0.5390000,0.6466000,0.3340000,0.6035000,0.5834000,0.2450000,0.6061000,0.5427000,0.3602000,0.6774000,0.4757000,0.5113000,0.3182823,0.0000000,0.0000000},
{0.1653913,0.6888809,0.2057966,0.1080565,0.6750180,0.2053773,0.2740120,0.7873825,0.2231792,0.4182300,0.8502916,0.2083041,0.7559722,0.8604386,0.1224955,0.5295000,0.7881000,0.4611000,0.5370000,0.6456000,0.3331000,0.6023000,0.5827000,0.2446000,0.6046000,0.5421000,0.3597000,0.6756000,0.4758000,0.5112000,0.3182823,0.0000000,0.0000000},
{0.1606001,0.6865349,0.2043981,0.1030091,0.6729687,0.2037936,0.2705383,0.7843452,0.2222586,0.4153423,0.8467135,0.2073877,0.7546403,0.8585229,0.1205659,0.5268000,0.7869000,0.4602000,0.5350000,0.6446000,0.3324000,0.6009000,0.5819000,0.2441000,0.6029000,0.5415000,0.3594000,0.6756000,0.4758000,0.5112000,0.3182823,0.0000000,0.0000000},
{0.1559017,0.6842056,0.2029699,0.0980915,0.6709466,0.2021844,0.2671631,0.7813592,0.2213311,0.4126414,0.8433294,0.2065103,0.7534797,0.8568492,0.1188774,0.5241000,0.7855000,0.4594000,0.5331000,0.6435000,0.3316000,0.5996000,0.5813000,0.2436000,0.6013000,0.5409000,0.3591000,0.6741000,0.4758000,0.5115000,0.3182823,0.0000000,0.0000000},
{0.1513253,0.6819083,0.2015229,0.0933746,0.6689828,0.2005774,0.2637946,0.7783440,0.2203721,0.4098802,0.8398315,0.2055923,0.7523036,0.8551488,0.1171594,0.5214000,0.7843000,0.4585000,0.5312000,0.6424000,0.3309000,0.5983000,0.5805000,0.2432000,0.5996000,0.5402000,0.3587000,0.6724000,0.4758000,0.5116000,0.3182823,0.0000000,0.0000000},
{0.1469129,0.6796659,0.2000737,0.0888053,0.6670569,0.1989595,0.2605078,0.7753670,0.2194032,0.4072381,0.8364473,0.2046937,0.7511647,0.8534982,0.1154893,0.5186000,0.7829000,0.4577000,0.5292000,0.6413000,0.3301000,0.5969000,0.5796000,0.2428000,0.5980000,0.5395000,0.3585000,0.6707000,0.4758000,0.5116000,0.3182823,0.0000000,0.0000000},
{0.1425455,0.6774188,0.1985850,0.0844152,0.6651840,0.1973463,0.2571872,0.7723232,0.2183902,0.4046301,0.8330703,0.2037867,0.7500551,0.8518861,0.1138558,0.5158000,0.7816000,0.4568000,0.5272000,0.6401000,0.3294000,0.5956000,0.5789000,0.2425000,0.5963000,0.5388000,0.3582000,0.6690000,0.4759000,0.5115000,0.3182823,0.0000000,0.0000000},
{0.1383102,0.6752125,0.1970880,0.0801064,0.6633236,0.1957052,0.2539137,0.7692859,0.2173567,0.4020984,0.8297566,0.2028868,0.7487731,0.8500186,0.1119606,0.5131000,0.7802000,0.4559000,0.5253000,0.6388000,0.3287000,0.5940000,0.5778000,0.2422000,0.5947000,0.5381000,0.3579000,0.6673000,0.4759000,0.5116000,0.3182823,0.0000000,0.0000000},
{0.1341099,0.6729970,0.1955493,0.0758701,0.6614724,0.1940339,0.2507254,0.7662916,0.2163159,0.3994411,0.8262397,0.2019211,0.7475483,0.8482296,0.1101422,0.5103000,0.7789000,0.4551000,0.5233000,0.6375000,0.3281000,0.5923000,0.5767000,0.2422000,0.5931000,0.5373000,0.3578000,0.6657000,0.4759000,0.5117000,0.3182823,0.0000000,0.0000000},
{0.1300207,0.6708130,0.1939978,0.0716950,0.6596256,0.1923287,0.2475008,0.7632256,0.2152276,0.3969177,0.8228624,0.2009835,0.7464923,0.8466832,0.1085681,0.5076000,0.7776000,0.4541000,0.5212000,0.6363000,0.3275000,0.5901000,0.5751000,0.2423000,0.5915000,0.5365000,0.3576000,0.6641000,0.4760000,0.5118000,0.3182823,0.0000000,0.0000000},
{0.1259710,0.6686224,0.1924069,0.0676265,0.6578039,0.1906094,0.2444139,0.7602540,0.2141511,0.3944443,0.8195153,0.2000445,0.7453151,0.8449552,0.1068065,0.5049000,0.7763000,0.4532000,0.5193000,0.6350000,0.3269000,0.5901000,0.5751000,0.2423000,0.5899000,0.5359000,0.3575000,0.6624000,0.4761000,0.5119000,0.3182823,0.0000000,0.0000000},
{0.1219908,0.6664416,0.1907885,0.0636355,0.6559949,0.1888656,0.2413652,0.7572828,0.2130535,0.3920482,0.8162374,0.1991155,0.7441359,0.8432197,0.1050348,0.5022000,0.7750000,0.4522000,0.5175000,0.6337000,0.3262000,0.5902000,0.5752000,0.2424000,0.5883000,0.5351000,0.3573000,0.6607000,0.4762000,0.5120000,0.3182823,0.0000000,0.0000000},
{0.1181735,0.6643229,0.1891830,0.0596801,0.6541797,0.1870791,0.2383773,0.7543346,0.2119434,0.3896796,0.8129619,0.1981779,0.7430597,0.8416318,0.1034113,0.4995000,0.7739000,0.4512000,0.5155000,0.6326000,0.3255000,0.5902000,0.5752000,0.2426000,0.5867000,0.5344000,0.3572000,0.6590000,0.4764000,0.5121000,0.3182823,0.0000000,0.0000000},
{0.1143277,0.6621604,0.1875104,0.0557921,0.6523729,0.1852643,0.2355500,0.7515105,0.2108604,0.3873146,0.8096555,0.1972221,0.7418281,0.8398098,0.1015458,0.4969000,0.7727000,0.4501000,0.5138000,0.6314000,0.3249000,0.5902000,0.5753000,0.2427000,0.5851000,0.5337000,0.3570000,0.6573000,0.4766000,0.5122000,0.3182823,0.0000000,0.0000000},
{0.1106642,0.6600732,0.1858634,0.0520691,0.6506210,0.1834697,0.2326699,0.7485982,0.2097235,0.3850595,0.8064684,0.1962921,0.7408874,0.8384147,0.1001153,0.4944000,0.7716000,0.4491000,0.5120000,0.6304000,0.3241000,0.5902000,0.5754000,0.2429000,0.5832000,0.5329000,0.3567000,0.6554000,0.4768000,0.5122000,0.3182823,0.0000000,0.0000000},
{0.1070296,0.6579748,0.1841751,0.0484476,0.6488956,0.1816684,0.2299007,0.7457629,0.2085970,0.3828553,0.8033199,0.1953647,0.7397137,0.8366700,0.0983241,0.4919000,0.7705000,0.4480000,0.5102000,0.6295000,0.3233000,0.5902000,0.5755000,0.2430000,0.5820000,0.5325000,0.3566000,0.6536000,0.4770000,0.5123000,0.3182823,0.0000000,0.0000000},
{0.1035643,0.6559474,0.1825126,0.0448786,0.6471736,0.1798373,0.2272561,0.7430218,0.2074897,0.3806673,0.8001612,0.1944260,0.7386414,0.8350719,0.0966808,0.4894000,0.7696000,0.4469000,0.5086000,0.6287000,0.3226000,0.5902000,0.5755000,0.2431000,0.5799000,0.5315000,0.3562000,0.6518000,0.4772000,0.5123000,0.3182823,0.0000000,0.0000000},
{0.1001735,0.6539371,0.1808337,0.0414871,0.6455167,0.1780435,0.2246228,0.7402589,0.2063553,0.3785251,0.7970353,0.1934888,0.7376165,0.8335408,0.0951045,0.4869000,0.7686000,0.4457000,0.5070000,0.6278000,0.3217000,0.5903000,0.5756000,0.2433000,0.5786000,0.5311000,0.3561000,0.6499000,0.4774000,0.5123000,0.3182823,0.0000000,0.0000000},
{0.0969711,0.6520131,0.1791983,0.0383286,0.6439548,0.1763238,0.2221067,0.7375865,0.2052406,0.3765015,0.7940517,0.1925866,0.7365259,0.8319075,0.0934206,0.4844000,0.7677000,0.4445000,0.5054000,0.6270000,0.3208000,0.5903000,0.5757000,0.2434000,0.5772000,0.5308000,0.3554000,0.6481000,0.4776000,0.5123000,0.3182823,0.0000000,0.0000000},
{0.0938203,0.6500950,0.1775398,0.0352535,0.6424159,0.1746021,0.2197262,0.7350278,0.2041571,0.3745153,0.7910931,0.1916846,0.7355151,0.8303899,0.0918539,0.4820000,0.7667000,0.4433000,0.5038000,0.6262000,0.3198000,0.5903000,0.5758000,0.2436000,0.5753000,0.5297000,0.3550000,0.6463000,0.4779000,0.5122000,0.3182823,0.0000000,0.0000000},
{0.0907593,0.6482065,0.1758791,0.0322157,0.6408773,0.1728534,0.2174201,0.7325197,0.2030798,0.3725979,0.7882079,0.1907980,0.7345544,0.8289444,0.0903596,0.4796000,0.7658000,0.4421000,0.5023000,0.6254000,0.3188000,0.5903000,0.5758000,0.2437000,0.5741000,0.5296000,0.3545000,0.6445000,0.4781000,0.5121000,0.3182823,0.0000000,0.0000000},
{0.0877970,0.6463542,0.1742232,0.0292839,0.6393743,0.1711184,0.2151000,0.7299664,0.2019674,0.3706567,0.7852571,0.1898841,0.7334815,0.8273263,0.0886847,0.4772000,0.7649000,0.4408000,0.5007000,0.6246000,0.3178000,0.5903000,0.5759000,0.2438000,0.5727000,0.5294000,0.3538000,0.6426000,0.4783000,0.5120000,0.3182823,0.0000000,0.0000000},
{0.0849200,0.6445306,0.1725668,0.0264179,0.6378870,0.1693756,0.2129157,0.7275339,0.2008930,0.3688245,0.7824436,0.1890061,0.7325244,0.8258792,0.0871849,0.4748000,0.7640000,0.4395000,0.4992000,0.6239000,0.3167000,0.5903000,0.5760000,0.2440000,0.5710000,0.5286000,0.3533000,0.6406000,0.4785000,0.5118000,0.3182823,0.0000000,0.0000000},
{0.0821442,0.6427471,0.1709212,0.0235915,0.6364021,0.1676094,0.2108040,0.7251547,0.1998282,0.3670373,0.7796721,0.1881348,0.7314368,0.8242309,0.0854743,0.4725000,0.7631000,0.4382000,0.4978000,0.6231000,0.3155000,0.5903000,0.5761000,0.2441000,0.5694000,0.5281000,0.3525000,0.6386000,0.4787000,0.5116000,0.3182823,0.0000000,0.0000000},
{0.0794139,0.6409685,0.1692546,0.0208161,0.6349257,0.1658273,0.2087694,0.7228359,0.1987772,0.3653853,0.7770857,0.1873160,0.7304188,0.8226841,0.0838668,0.4702000,0.7621000,0.4368000,0.4963000,0.6224000,0.3143000,0.5904000,0.5761000,0.2443000,0.5680000,0.5277000,0.3519000,0.6367000,0.4788000,0.5113000,0.3182823,0.0000000,0.0000000},
{0.0766737,0.6391579,0.1675316,0.0181024,0.6334636,0.1640366,0.2067755,0.7205373,0.1977223,0.3636897,0.7744059,0.1864618,0.7295980,0.8214344,0.0825665,0.4679000,0.7612000,0.4354000,0.4947000,0.6217000,0.3130000,0.5904000,0.5762000,0.2444000,0.5665000,0.5272000,0.3510000,0.6347000,0.4790000,0.5110000,0.3182823,0.0000000,0.0000000},
{0.0740055,0.6373687,0.1658025,0.0154327,0.6320065,0.1622262,0.2048399,0.7182801,0.1966739,0.3620085,0.7717230,0.1856008,0.7286047,0.8199185,0.0809875,0.4656000,0.7602000,0.4340000,0.4932000,0.6208000,0.3118000,0.5904000,0.5763000,0.2445000,0.5649000,0.5266000,0.3502000,0.6328000,0.4791000,0.5107000,0.3182823,0.0000000,0.0000000},
{0.0714813,0.6356511,0.1641174,0.0126679,0.6304770,0.1602978,0.2028888,0.7159782,0.1955917,0.3604373,0.7691919,0.1847831,0.7276695,0.8184882,0.0794956,0.4634000,0.7592000,0.4326000,0.4916000,0.6199000,0.3105000,0.5904000,0.5764000,0.2447000,0.5636000,0.5260000,0.3495000,0.6309000,0.4792000,0.5104000,0.3182823,0.0000000,0.0000000},
{0.0689886,0.6339295,0.1624034,0.0099103,0.6289295,0.1583172,0.2010799,0.7138191,0.1945649,0.3589329,0.7667461,0.1839881,0.7268553,0.8172401,0.0781923,0.4611000,0.7583000,0.4312000,0.4900000,0.6189000,0.3093000,0.5904000,0.5764000,0.2448000,0.5625000,0.5258000,0.3487000,0.6291000,0.4794000,0.5101000,0.3182823,0.0000000,0.0000000},
{0.0665539,0.6322222,0.1606785,0.0071776,0.6273731,0.1562948,0.1992977,0.7116675,0.1935300,0.3574403,0.7642975,0.1831873,0.7259399,0.8158340,0.0767224,0.4590000,0.7574000,0.4298000,0.4884000,0.6178000,0.3082000,0.5904000,0.5765000,0.2450000,0.5625000,0.5258000,0.3487000,0.6273000,0.4795000,0.5099000,0.3182823,0.0000000,0.0000000},
{0.0641178,0.6304867,0.1588991,0.0043889,0.6257600,0.1541663,0.1975618,0.7095478,0.1924992,0.3560162,0.7619404,0.1824118,0.7249532,0.8143148,0.0751322,0.4568000,0.7565000,0.4285000,0.4869000,0.6168000,0.3072000,0.5905000,0.5766000,0.2451000,0.5625000,0.5260000,0.3489000,0.6257000,0.4797000,0.5097000,0.3182823,0.0000000,0.0000000},
{0.0617391,0.6287642,0.1571067,0.0015560,0.6240939,0.1519327,0.1959013,0.7074968,0.1914912,0.3546786,0.7597073,0.1816730,0.7242597,0.8132448,0.0740110,0.4548000,0.7557000,0.4271000,0.4854000,0.6157000,0.3062000,0.5905000,0.5767000,0.2452000,0.5625000,0.5261000,0.3490000,0.6241000,0.4800000,0.5096000,0.3182823,0.0000000,0.0000000},
{0.0594138,0.6270519,0.1552985,-0.0012585,0.6224095,0.1496376,0.1943156,0.7055164,0.1905078,0.3533672,0.7574996,0.1809386,0.7234535,0.8119987,0.0727040,0.4528000,0.7550000,0.4259000,0.4840000,0.6148000,0.3054000,0.5905000,0.5767000,0.2454000,0.5625000,0.5263000,0.3492000,0.6226000,0.4802000,0.5096000,0.3182823,0.0000000,0.0000000},
{0.0571248,0.6253368,0.1534604,-0.0040966,0.6206794,0.1472408,0.1928008,0.7036036,0.1895485,0.3521959,0.7555121,0.1802741,0.7228087,0.8110003,0.0716557,0.4509000,0.7543000,0.4248000,0.4826000,0.6138000,0.3047000,0.5905000,0.5768000,0.2455000,0.5625000,0.5265000,0.3494000,0.6212000,0.4805000,0.5096000,0.3182823,0.0000000,0.0000000},
{0.0549051,0.6236438,0.1516190,-0.0069427,0.6189101,0.1447479,0.1913742,0.7017830,0.1886269,0.3510166,0.7534956,0.1795966,0.7220911,0.8098872,0.0704860,0.4491000,0.7537000,0.4238000,0.4814000,0.6129000,0.3041000,0.5905000,0.5769000,0.2457000,0.5625000,0.5267000,0.3496000,0.6198000,0.4807000,0.5096000,0.3182823,0.0000000,0.0000000},
{0.0527963,0.6220059,0.1498118,-0.0097203,0.6171474,0.1422213,0.1899952,0.7000045,0.1877184,0.3499348,0.7516321,0.1789677,0.7213939,0.8088037,0.0693464,0.4473000,0.7530000,0.4228000,0.4801000,0.6123000,0.3034000,0.5905000,0.5770000,0.2458000,0.5625000,0.5269000,0.3498000,0.6184000,0.4809000,0.5097000,0.3182823,0.0000000,0.0000000},
{0.0508873,0.6204967,0.1481236,-0.0120226,0.6156574,0.1400514,0.1887160,0.6983380,0.1868597,0.3489774,0.7499715,0.1784049,0.7209342,0.8080885,0.0685935,0.4457000,0.7525000,0.4220000,0.4801000,0.6123000,0.3034000,0.5905000,0.5770000,0.2459000,0.5625000,0.5271000,0.3499000,0.6172000,0.4811000,0.5097000,0.3182823,0.0000000,0.0000000},
{0.0494434,0.6193373,0.1468116,-0.0137093,0.6145477,0.1384148,0.1875619,0.6968199,0.1860714,0.3480722,0.7483915,0.1778673,0.7203494,0.8071772,0.0676336,0.4441000,0.7520000,0.4212000,0.4790000,0.6118000,0.3028000,0.5906000,0.5771000,0.2461000,0.5625000,0.5272000,0.3501000,0.6159000,0.4813000,0.5098000,0.3182823,0.0000000,0.0000000},
{0.0480578,0.6182093,0.1455222,-0.0149668,0.6137100,0.1371674,0.1866685,0.6956353,0.1854520,0.3473395,0.7471055,0.1774283,0.7196136,0.8060289,0.0664229,0.4426000,0.7516000,0.4205000,0.4778000,0.6114000,0.3022000,0.5906000,0.5772000,0.2462000,0.5625000,0.5274000,0.3503000,0.6147000,0.4814000,0.5098000,0.3182823,0.0000000,0.0000000},
{0.0471736,0.6174812,0.1446830,-0.0155225,0.6133369,0.1366084,0.1858968,0.6946050,0.1849104,0.3467195,0.7460121,0.1770540,0.7191873,0.8053625,0.0657198,0.4412000,0.7513000,0.4197000,0.4767000,0.6109000,0.3016000,0.5906000,0.5773000,0.2464000,0.5625000,0.5276000,0.3505000,0.6135000,0.4815000,0.5099000,0.3182823,0.0000000,0.0000000},
{0.0465645,0.6169758,0.1440973,-0.0157178,0.6132053,0.1364108,0.1852553,0.6937435,0.1844554,0.3461954,0.7450842,0.1767356,0.7187780,0.8047219,0.0650436,0.4399000,0.7512000,0.4189000,0.4756000,0.6105000,0.3010000,0.5906000,0.5774000,0.2465000,0.5625000,0.5278000,0.3507000,0.6125000,0.4815000,0.5099000,0.3182823,0.0000000,0.0000000},
{0.0460160,0.6165178,0.1435643,-0.0158812,0.6130950,0.1362450,0.1848182,0.6931538,0.1841428,0.3458246,0.7444256,0.1765092,0.7183363,0.8040301,0.0643128,0.4387000,0.7512000,0.4182000,0.4745000,0.6100000,0.3004000,0.5906000,0.5774000,0.2466000,0.5625000,0.5280000,0.3508000,0.6114000,0.4815000,0.5099000,0.3182823,0.0000000,0.0000000},
{0.0455347,0.6161137,0.1430923,-0.0160454,0.6129840,0.1360780,0.1844670,0.6926785,0.1838902,0.3455789,0.7439882,0.1763586,0.7181298,0.8037063,0.0639707,0.4377000,0.7514000,0.4175000,0.4734000,0.6096000,0.2998000,0.5906000,0.5775000,0.2468000,0.5625000,0.5282000,0.3510000,0.6103000,0.4816000,0.5099000,0.3182823,0.0000000,0.0000000},
{0.0451871,0.6158206,0.1427487,-0.0162312,0.6128582,0.1358884,0.1841871,0.6922987,0.1836879,0.3454285,0.7437202,0.1762663,0.7180331,0.8035546,0.0638104,0.4369000,0.7516000,0.4168000,0.4734000,0.6096000,0.2998000,0.5907000,0.5776000,0.2469000,0.5625000,0.5283000,0.3512000,0.6093000,0.4816000,0.5099000,0.3182823,0.0000000,0.0000000},
{0.0448412,0.6155277,0.1424046,-0.0163970,0.6127458,0.1357188,0.1840021,0.6920470,0.1835537,0.3454175,0.7437006,0.1762595,0.7176088,0.8028887,0.0631063,0.4362000,0.7519000,0.4163000,0.4728000,0.6098000,0.2993000,0.5907000,0.5777000,0.2470000,0.5625000,0.5285000,0.3514000,0.6083000,0.4816000,0.5097000,0.3182823,0.0000000,0.0000000},
{0.0446494,0.6153648,0.1422128,-0.0164888,0.6126835,0.1356247,0.1838669,0.6918629,0.1834554,0.3453769,0.7436281,0.1762345,0.7176088,0.8028887,0.0631063,0.4356000,0.7522000,0.4158000,0.4723000,0.6101000,0.2989000,0.5907000,0.5777000,0.2472000,0.5625000,0.5287000,0.3515000,0.6073000,0.4816000,0.5096000,0.3182823,0.0000000,0.0000000},
{0.0444396,0.6151862,0.1420022,-0.0165817,0.6126204,0.1355294,0.1837591,0.6917159,0.1833768,0.3453769,0.7436281,0.1762345,0.7174855,0.8026952,0.0629015,0.4351000,0.7526000,0.4154000,0.4718000,0.6105000,0.2986000,0.5907000,0.5778000,0.2473000,0.5625000,0.5289000,0.3517000,0.6063000,0.4816000,0.5095000,0.3182823,0.0000000,0.0000000},
{0.0443550,0.6151141,0.1419171,-0.0166117,0.6126000,0.1354986,0.1836689,0.6915929,0.1833110,0.3453769,0.7436281,0.1762345,0.7174248,0.8025998,0.0628007,0.4347000,0.7530000,0.4150000,0.4714000,0.6108000,0.2982000,0.5907000,0.5779000,0.2475000,0.5625000,0.5291000,0.3519000,0.6054000,0.4817000,0.5094000,0.3182823,0.0000000,0.0000000}
};
