fitErrPi Mean = 0.0323041
fitErrTh Mean = 0.0127536
fitErrWr Mean = 0.0307533
fitErrLA Mean = 0.609726
fitErrEl Mean = 0.0306308
fitErrUA Mean = 0.0618065
efPts = {
{0.9435023,0.5253102,-0.3345401,0.6215954,0.6360430,-0.0749989,0.8053638,0.0820006,0.3675365,1.1848896,0.7476736,0.6087787,0.9443720,0.5558216,0.6360951,0.6689000,0.7250000,0.4964000,0.6896000,0.6374000,0.4334000,0.7092000,0.5917000,0.3524000,0.7820000,0.5515000,0.4332000,0.8740000,0.5094000,0.4759000,0.7348771,0.6949762,-0.2443106},
{0.5730513,0.3547347,0.2993002,0.6221714,0.2934756,0.2650629,0.8053638,0.0820006,0.3675365,0.5532181,0.5852592,0.2832776,0.5840915,0.7052233,0.3767333,0.6692000,0.7247000,0.4967000,0.6898000,0.6372000,0.4335000,0.7094000,0.5915000,0.3524000,0.7822000,0.5512000,0.4331000,0.8742000,0.5091000,0.4758000,0.5788104,0.3150033,0.2388554},
{0.5730138,0.3548844,0.2992985,0.6220571,0.2936881,0.2652037,0.8051363,0.0818677,0.3676154,0.5532158,0.5852460,0.2832862,0.5841441,0.7052696,0.3767303,0.6695000,0.7244000,0.4969000,0.6899000,0.6370000,0.4336000,0.7096000,0.5914000,0.3524000,0.7823000,0.5510000,0.4330000,0.8744000,0.5087000,0.4756000,0.5787314,0.3151672,0.2389130},
{0.5729161,0.3552756,0.2992939,0.6217573,0.2942470,0.2655717,0.8050653,0.0818262,0.3676400,0.5532639,0.5855210,0.2831075,0.5842510,0.7053637,0.3767242,0.6698000,0.7240000,0.4971000,0.6901000,0.6367000,0.4336000,0.7098000,0.5913000,0.3524000,0.7824000,0.5507000,0.4329000,0.8745000,0.5083000,0.4754000,0.5785983,0.3154436,0.2390098},
{0.5727521,0.3559339,0.2992854,0.6215234,0.2946841,0.2658575,0.8054076,0.0820262,0.3675213,0.5533613,0.5860732,0.2827490,0.5843548,0.7054549,0.3767182,0.6700000,0.7237000,0.4973000,0.6903000,0.6365000,0.4336000,0.7100000,0.5911000,0.3524000,0.7825000,0.5504000,0.4328000,0.8746000,0.5079000,0.4752000,0.5783498,0.3159607,0.2391901},
{0.5725843,0.3566100,0.2992757,0.6211174,0.2954457,0.2663511,0.8054076,0.0820262,0.3675213,0.5535062,0.5868852,0.2822231,0.5844688,0.7055551,0.3767117,0.6701000,0.7234000,0.4973000,0.6904000,0.6364000,0.4336000,0.7103000,0.5910000,0.3524000,0.7825000,0.5502000,0.4327000,0.8746000,0.5076000,0.4751000,0.5780572,0.3165709,0.2394016},
{0.5723662,0.3574925,0.2992616,0.6207449,0.2961472,0.2668010,0.8058763,0.0822999,0.3673589,0.5536867,0.5878814,0.2815798,0.5846825,0.7057427,0.3766996,0.6702000,0.7232000,0.4973000,0.6905000,0.6363000,0.4336000,0.7105000,0.5909000,0.3524000,0.7826000,0.5500000,0.4326000,0.8747000,0.5072000,0.4749000,0.5777301,0.3172550,0.2396371},
{0.5721296,0.3584551,0.2992443,0.6203971,0.2968048,0.2672185,0.8062006,0.0824892,0.3672466,0.5539161,0.5891246,0.2807800,0.5850181,0.7060370,0.3766809,0.6702000,0.7231000,0.4973000,0.6905000,0.6362000,0.4334000,0.7107000,0.5907000,0.3524000,0.7826000,0.5498000,0.4324000,0.8746000,0.5069000,0.4748000,0.5772957,0.3181663,0.2399482},
{0.5718446,0.3596215,0.2992207,0.6198734,0.2977996,0.2678426,0.8065521,0.0826943,0.3671248,0.5541604,0.5904216,0.2799492,0.5853969,0.7063686,0.3766601,0.6702000,0.7230000,0.4971000,0.6906000,0.6362000,0.4332000,0.7109000,0.5906000,0.3524000,0.7825000,0.5495000,0.4323000,0.8745000,0.5065000,0.4746000,0.5768064,0.3191974,0.2402965},
{0.5714809,0.3611215,0.2991861,0.6189683,0.2995320,0.2689083,0.8070290,0.0829724,0.3669597,0.5544658,0.5920063,0.2789389,0.5859467,0.7068487,0.3766306,0.6702000,0.7231000,0.4969000,0.6906000,0.6363000,0.4330000,0.7111000,0.5905000,0.3524000,0.7823000,0.5494000,0.4323000,0.8744000,0.5061000,0.4745000,0.5762698,0.3203332,0.2406757},
{0.5710749,0.3628111,0.2991414,0.6181974,0.3010205,0.2698029,0.8074058,0.0831920,0.3668293,0.5547905,0.5936503,0.2778965,0.5865946,0.7074128,0.3765969,0.6702000,0.7232000,0.4967000,0.6906000,0.6365000,0.4328000,0.7113000,0.5903000,0.3524000,0.7822000,0.5492000,0.4322000,0.8743000,0.5057000,0.4745000,0.5755778,0.3218059,0.2411605},
{0.5706282,0.3646898,0.2990845,0.6173018,0.3027650,0.2708271,0.8079793,0.0835262,0.3666308,0.5551675,0.5955104,0.2767240,0.5873451,0.7080639,0.3765592,0.6703000,0.7235000,0.4966000,0.6906000,0.6367000,0.4326000,0.7115000,0.5902000,0.3524000,0.7820000,0.5490000,0.4321000,0.8740000,0.5053000,0.4744000,0.5748405,0.3233851,0.2416718},
{0.5701389,0.3667713,0.2990129,0.6162573,0.3048199,0.2720011,0.8088458,0.0840307,0.3663310,0.5556092,0.5976276,0.2753984,0.5882509,0.7088465,0.3765156,0.6704000,0.7239000,0.4964000,0.6906000,0.6370000,0.4325000,0.7117000,0.5901000,0.3525000,0.7817000,0.5488000,0.4321000,0.8737000,0.5048000,0.4743000,0.5739744,0.3252535,0.2422653},
{0.5695806,0.3691779,0.2989187,0.6151214,0.3070798,0.2732528,0.8097123,0.0845347,0.3660314,0.5561204,0.6000027,0.2739225,0.5892556,0.7097105,0.3764698,0.6705000,0.7243000,0.4963000,0.6906000,0.6375000,0.4323000,0.7119000,0.5899000,0.3525000,0.7813000,0.5487000,0.4320000,0.8733000,0.5043000,0.4742000,0.5729854,0.3274051,0.2429337},
{0.5689470,0.3719519,0.2987950,0.6138426,0.3096555,0.2746306,0.8103369,0.0848977,0.3658155,0.5566988,0.6026016,0.2723212,0.5903607,0.7106558,0.3764223,0.6706000,0.7248000,0.4962000,0.6905000,0.6380000,0.4321000,0.7121000,0.5898000,0.3525000,0.7809000,0.5485000,0.4319000,0.8727000,0.5038000,0.4741000,0.5719018,0.3297845,0.2436544},
{0.5682627,0.3750009,0.2986405,0.6123351,0.3127347,0.2762120,0.8115010,0.0855737,0.3654133,0.5573494,0.6054248,0.2705976,0.5915114,0.7116348,0.3763761,0.6709000,0.7254000,0.4960000,0.6905000,0.6386000,0.4319000,0.7123000,0.5897000,0.3525000,0.7805000,0.5485000,0.4318000,0.8722000,0.5032000,0.4740000,0.5706886,0.3324765,0.2444466},
{0.5675129,0.3784078,0.2984451,0.6107468,0.3160295,0.2778278,0.8126279,0.0862272,0.3650242,0.5581010,0.6085677,0.2686983,0.5927098,0.7126484,0.3763315,0.6711000,0.7259000,0.4959000,0.6904000,0.6393000,0.4317000,0.7126000,0.5895000,0.3525000,0.7800000,0.5484000,0.4318000,0.8716000,0.5027000,0.4739000,0.5693536,0.3354734,0.2453000},
{0.5666744,0.3823061,0.2981919,0.6090348,0.3196391,0.2795112,0.8136967,0.0868463,0.3646555,0.5589592,0.6120190,0.2666362,0.5940021,0.7137350,0.3762874,0.6714000,0.7265000,0.4958000,0.6904000,0.6401000,0.4315000,0.7128000,0.5894000,0.3525000,0.7796000,0.5484000,0.4317000,0.8710000,0.5022000,0.4738000,0.5678912,0.3387989,0.2462126},
{0.5657999,0.3864768,0.2978863,0.6072500,0.3234673,0.2812016,0.8153076,0.0877780,0.3641001,0.5599138,0.6157057,0.2644605,0.5953248,0.7148400,0.3762465,0.6716000,0.7272000,0.4956000,0.6903000,0.6408000,0.4311000,0.7128000,0.5894000,0.3525000,0.7791000,0.5482000,0.4316000,0.8704000,0.5017000,0.4737000,0.5663084,0.3424497,0.2471734},
{0.5648903,0.3909384,0.2975199,0.6053090,0.3277062,0.2829640,0.8167730,0.0886242,0.3635953,0.5609766,0.6196441,0.2621669,0.5968586,0.7161127,0.3762043,0.6718000,0.7280000,0.4952000,0.6902000,0.6415000,0.4308000,0.7129000,0.5900000,0.3522000,0.7787000,0.5482000,0.4315000,0.8697000,0.5011000,0.4736000,0.5646436,0.3463485,0.2481530},
{0.5639336,0.3957786,0.2970764,0.6033908,0.3319739,0.2846274,0.8185945,0.0896742,0.3629684,0.5621513,0.6238191,0.2597699,0.5985299,0.7174889,0.3761646,0.6719000,0.7289000,0.4948000,0.6900000,0.6422000,0.4305000,0.7129000,0.5905000,0.3518000,0.7780000,0.5481000,0.4314000,0.8690000,0.5005000,0.4734000,0.5628616,0.3505906,0.2491655},
{0.5629733,0.4008037,0.2965655,0.6013059,0.3367021,0.2863458,0.8202443,0.0906235,0.3624011,0.5634088,0.6281060,0.2573453,0.6004717,0.7190742,0.3761267,0.6720000,0.7298000,0.4944000,0.6899000,0.6431000,0.4302000,0.7127000,0.5910000,0.3516000,0.7774000,0.5480000,0.4313000,0.8682000,0.4999000,0.4733000,0.5610558,0.3549639,0.2501521},
{0.5621142,0.4054555,0.2960470,0.5991395,0.3417158,0.2880312,0.8221545,0.0917206,0.3617450,0.5647547,0.6325107,0.2548927,0.6025975,0.7207933,0.3760952,0.6723000,0.7310000,0.4940000,0.6898000,0.6442000,0.4298000,0.7125000,0.5915000,0.3513000,0.7766000,0.5480000,0.4311000,0.8672000,0.4993000,0.4732000,0.5591876,0.3595705,0.2511300},
{0.5610284,0.4115695,0.2952990,0.5970101,0.3467451,0.2895864,0.8241483,0.0928632,0.3610609,0.5662018,0.6370598,0.2524003,0.6049333,0.7226625,0.3760722,0.6728000,0.7323000,0.4938000,0.6897000,0.6453000,0.4294000,0.7121000,0.5920000,0.3511000,0.7758000,0.5480000,0.4310000,0.8662000,0.4986000,0.4731000,0.5572129,0.3645330,0.2521145},
{0.5600791,0.4171578,0.2945495,0.5947683,0.3521511,0.2911130,0.8260035,0.0939242,0.3604250,0.5677732,0.6418062,0.2498439,0.6073640,0.7245863,0.3760612,0.6733000,0.7336000,0.4936000,0.6897000,0.6465000,0.4291000,0.7117000,0.5926000,0.3509000,0.7750000,0.5480000,0.4308000,0.8651000,0.4980000,0.4729000,0.5551989,0.3696972,0.2530646},
{0.5590986,0.4232001,0.2936686,0.5924093,0.3579652,0.2925940,0.8284564,0.0953239,0.3595853,0.5694957,0.6468046,0.2472000,0.6098328,0.7265185,0.3760631,0.6739000,0.7349000,0.4933000,0.6897000,0.6478000,0.4288000,0.7113000,0.5933000,0.3507000,0.7743000,0.5482000,0.4306000,0.8639000,0.4973000,0.4727000,0.5531172,0.3751484,0.2539870},
{0.5581126,0.4295978,0.2926563,0.5900316,0.3639594,0.2939532,0.8308611,0.0966925,0.3587631,0.5713612,0.6520048,0.2445020,0.6123556,0.7284705,0.3760785,0.6744000,0.7362000,0.4930000,0.6897000,0.6491000,0.4285000,0.7108000,0.5940000,0.3506000,0.7734000,0.5482000,0.4305000,0.8628000,0.4967000,0.4725000,0.5509257,0.3810178,0.2548896},
{0.5571384,0.4362902,0.2915098,0.5875570,0.3703450,0.2952211,0.8335639,0.0982267,0.3578404,0.5734005,0.6574649,0.2417266,0.6148087,0.7303474,0.3761063,0.6749000,0.7375000,0.4927000,0.6897000,0.6505000,0.4282000,0.7104000,0.5947000,0.3504000,0.7726000,0.5483000,0.4303000,0.8616000,0.4960000,0.4723000,0.5486660,0.3872166,0.2557432},
{0.5561787,0.4433155,0.2902101,0.5850279,0.3770312,0.2963571,0.8358343,0.0995120,0.3570663,0.5756198,0.6631719,0.2388886,0.6173488,0.7322692,0.3761480,0.6754000,0.7388000,0.4924000,0.6898000,0.6518000,0.4279000,0.7099000,0.5955000,0.3503000,0.7718000,0.5484000,0.4302000,0.8606000,0.4955000,0.4722000,0.5463866,0.3936286,0.2565207},
{0.5552582,0.4505455,0.2887696,0.5825448,0.3837592,0.2973093,0.8384944,0.1010140,0.3561606,0.5780396,0.6691471,0.2359859,0.6198646,0.7341512,0.3762022,0.6757000,0.7402000,0.4920000,0.6899000,0.6531000,0.4274000,0.7096000,0.5961000,0.3502000,0.7710000,0.5486000,0.4301000,0.8595000,0.4949000,0.4720000,0.5440515,0.4003727,0.2572250},
{0.5543720,0.4580774,0.2871579,0.5799462,0.3909812,0.2981254,0.8412708,0.1025772,0.3552167,0.5806047,0.6752313,0.2331024,0.6224612,0.7360717,0.3762712,0.6760000,0.7417000,0.4915000,0.6898000,0.6544000,0.4270000,0.7094000,0.5970000,0.3499000,0.7702000,0.5487000,0.4300000,0.8584000,0.4943000,0.4719000,0.5416890,0.4073882,0.2578369},
{0.5535746,0.4654678,0.2854660,0.5773794,0.3983046,0.2987417,0.8441768,0.1042085,0.3542302,0.5833504,0.6814910,0.2302121,0.6252320,0.7380970,0.3763594,0.6763000,0.7432000,0.4910000,0.6899000,0.6557000,0.4266000,0.7091000,0.5978000,0.3497000,0.7693000,0.5488000,0.4297000,0.8572000,0.4938000,0.4718000,0.5394295,0.4142903,0.2583209},
{0.5528158,0.4732133,0.2835750,0.5748578,0.4056929,0.2991542,0.8475544,0.1060982,0.3530856,0.5862031,0.6877480,0.2274002,0.6281578,0.7402090,0.3764685,0.6767000,0.7447000,0.4906000,0.6900000,0.6571000,0.4262000,0.7090000,0.5986000,0.3494000,0.7685000,0.5491000,0.4296000,0.8560000,0.4933000,0.4716000,0.5369145,0.4222105,0.2587349},
{0.5521354,0.4809693,0.2815602,0.5722554,0.4135301,0.2993678,0.8507235,0.1078653,0.3520136,0.5892431,0.6941682,0.2245958,0.6312822,0.7424349,0.3766027,0.6771000,0.7463000,0.4903000,0.6902000,0.6585000,0.4257000,0.7087000,0.5994000,0.3491000,0.7676000,0.5493000,0.4295000,0.8547000,0.4928000,0.4715000,0.5346152,0.4296881,0.2589893},
{0.5515153,0.4889951,0.2793467,0.5697133,0.4214075,0.2993554,0.8538756,0.1096170,0.3509491,0.5924408,0.7006740,0.2218376,0.6344732,0.7446772,0.3767583,0.6777000,0.7478000,0.4899000,0.6904000,0.6599000,0.4253000,0.7084000,0.6003000,0.3489000,0.7665000,0.5495000,0.4294000,0.8534000,0.4923000,0.4714000,0.5321182,0.4380861,0.2591196},
{0.5509715,0.4971814,0.2769534,0.5671357,0.4296339,0.2991043,0.8572786,0.1115017,0.3498019,0.5958053,0.7072727,0.2191266,0.6376874,0.7469048,0.3769338,0.6782000,0.7494000,0.4896000,0.6906000,0.6615000,0.4249000,0.7081000,0.6012000,0.3488000,0.7649000,0.5494000,0.4291000,0.8521000,0.4918000,0.4713000,0.5298008,0.4461629,0.2590923},
{0.5505056,0.5056159,0.2743430,0.5645656,0.4380944,0.2985963,0.8606293,0.1133509,0.3486744,0.5993785,0.7140310,0.2164411,0.6409837,0.7491576,0.3771327,0.6787000,0.7509000,0.4893000,0.6909000,0.6630000,0.4246000,0.7078000,0.6020000,0.3486000,0.7640000,0.5497000,0.4290000,0.8509000,0.4914000,0.4712000,0.5273875,0.4548921,0.2588968},
{0.5501316,0.5141846,0.2715393,0.5619621,0.4469500,0.2977973,0.8646121,0.1155406,0.3473368,0.6032157,0.7210293,0.2137582,0.6444344,0.7514821,0.3773613,0.6791000,0.7523000,0.4889000,0.6913000,0.6644000,0.4243000,0.7076000,0.6028000,0.3485000,0.7631000,0.5499000,0.4291000,0.8498000,0.4911000,0.4711000,0.5249762,0.4639739,0.2585124},
{0.5498535,0.5229578,0.2685083,0.5593785,0.4560489,0.2966941,0.8683994,0.1176143,0.3460675,0.6072337,0.7280966,0.2111509,0.6477690,0.7536960,0.3776017,0.6795000,0.7538000,0.4886000,0.6915000,0.6657000,0.4240000,0.7072000,0.6036000,0.3485000,0.7624000,0.5502000,0.4291000,0.8486000,0.4907000,0.4710000,0.5225702,0.4734384,0.2579177},
{0.5496812,0.5318642,0.2652629,0.5568135,0.4654208,0.2952608,0.8719293,0.1195399,0.3448867,0.6115038,0.7353421,0.2085858,0.6511519,0.7559101,0.3778646,0.6798000,0.7553000,0.4881000,0.6917000,0.6670000,0.4238000,0.7069000,0.6044000,0.3484000,0.7615000,0.5505000,0.4291000,0.8476000,0.4904000,0.4709000,0.5201805,0.4832907,0.2570898},
{0.5496216,0.5407499,0.2618534,0.5543224,0.4748843,0.2935081,0.8765217,0.1220345,0.3433538,0.6159734,0.7426590,0.2061078,0.6545303,0.7580898,0.3781462,0.6802000,0.7568000,0.4877000,0.6919000,0.6684000,0.4235000,0.7067000,0.6052000,0.3483000,0.7608000,0.5508000,0.4290000,0.8464000,0.4902000,0.4708000,0.5179148,0.4931086,0.2560543},
{0.5496769,0.5497012,0.2582423,0.5519102,0.4844316,0.2914281,0.8808616,0.1243811,0.3419086,0.6205807,0.7499405,0.2037556,0.6580725,0.7603417,0.3784614,0.6806000,0.7583000,0.4872000,0.6920000,0.6696000,0.4233000,0.7063000,0.6060000,0.3482000,0.7600000,0.5510000,0.4291000,0.8453000,0.4899000,0.4708000,0.5156776,0.5033333,0.2547536},
{0.5498456,0.5584695,0.2545298,0.5495584,0.4941559,0.2889852,0.8852213,0.1267278,0.3404600,0.6253732,0.7572571,0.2015086,0.6616633,0.7625903,0.3788016,0.6812000,0.7599000,0.4869000,0.6922000,0.6710000,0.4230000,0.7059000,0.6069000,0.3481000,0.7591000,0.5516000,0.4290000,0.8441000,0.4897000,0.4707000,0.5135222,0.5137719,0.2531920},
{0.5501353,0.5673737,0.2505786,0.5473062,0.5039144,0.2862007,0.8895737,0.1290601,0.3390172,0.6303164,0.7645509,0.1993870,0.6653473,0.7648619,0.3791718,0.6819000,0.7615000,0.4865000,0.6925000,0.6725000,0.4227000,0.7054000,0.6078000,0.3480000,0.7583000,0.5518000,0.4288000,0.8429000,0.4896000,0.4706000,0.5114491,0.5244642,0.2513475},
{0.5505430,0.5761967,0.2464790,0.5451375,0.5137967,0.2830346,0.8944799,0.1316767,0.3373946,0.6357035,0.7722297,0.1972841,0.6690765,0.7671254,0.3795681,0.6825000,0.7632000,0.4863000,0.6928000,0.6741000,0.4224000,0.7049000,0.6087000,0.3480000,0.7573000,0.5522000,0.4288000,0.8416000,0.4894000,0.4704000,0.5094593,0.5354638,0.2491903},
{0.5510657,0.5848979,0.2422515,0.5430470,0.5238640,0.2794427,0.8993410,0.1342563,0.3357911,0.6410303,0.7795671,0.1954029,0.6728124,0.7693573,0.3799866,0.6832000,0.7649000,0.4860000,0.6931000,0.6755000,0.4222000,0.7044000,0.6098000,0.3480000,0.7564000,0.5528000,0.4287000,0.8404000,0.4893000,0.4702000,0.5076054,0.5465259,0.2467533},
{0.5517327,0.5938613,0.2376999,0.5410519,0.5340798,0.2754081,0.9041318,0.1367861,0.3342146,0.6464479,0.7867875,0.1936771,0.6764094,0.7714729,0.3804095,0.6838000,0.7667000,0.4858000,0.6934000,0.6770000,0.4219000,0.7038000,0.6108000,0.3479000,0.7555000,0.5533000,0.4286000,0.8391000,0.4891000,0.4700000,0.5058732,0.5577737,0.2439974},
{0.5525131,0.6026050,0.2330615,0.5392370,0.5440202,0.2710920,0.9090714,0.1393815,0.3325931,0.6520870,0.7940617,0.1920679,0.6801706,0.7736506,0.3808724,0.6845000,0.7685000,0.4855000,0.6936000,0.6784000,0.4218000,0.7033000,0.6120000,0.3479000,0.7547000,0.5532000,0.4284000,0.8381000,0.4891000,0.4699000,0.5042436,0.5694254,0.2408431},
{0.5533999,0.6111185,0.2283510,0.5375568,0.5539322,0.2663881,0.9143787,0.1421555,0.3308556,0.6577318,0.8011129,0.1906358,0.6838244,0.7757328,0.3813422,0.6851000,0.7704000,0.4853000,0.6937000,0.6798000,0.4217000,0.7027000,0.6130000,0.3479000,0.7537000,0.5541000,0.4284000,0.8368000,0.4894000,0.4693000,0.5028093,0.5808686,0.2374432},
{0.5543856,0.6193896,0.2235846,0.5360305,0.5637236,0.2613297,0.9195214,0.1448293,0.3291763,0.6634157,0.8079944,0.1893631,0.6875683,0.7778325,0.3818438,0.6857000,0.7723000,0.4850000,0.6938000,0.6814000,0.4216000,0.7017000,0.6139000,0.3482000,0.7530000,0.5545000,0.4280000,0.8355000,0.4892000,0.4696000,0.5015794,0.5919619,0.2338555},
{0.5554712,0.6274715,0.2187400,0.5346869,0.5731985,0.2560230,0.9245763,0.1474438,0.3275300,0.6690278,0.8145861,0.1882637,0.6912248,0.7798507,0.3823533,0.6865000,0.7744000,0.4848000,0.6941000,0.6830000,0.4213000,0.7005000,0.6149000,0.3486000,0.7530000,0.5545000,0.4280000,0.8342000,0.4895000,0.4691000,0.5004945,0.6032449,0.2299046},
{0.5566300,0.6352203,0.2139149,0.5335016,0.5825169,0.2503835,0.9291908,0.1498189,0.3260307,0.6745185,0.8208509,0.1873310,0.6948417,0.7818156,0.3828761,0.6873000,0.7765000,0.4847000,0.6944000,0.6846000,0.4211000,0.6990000,0.6158000,0.3488000,0.7550000,0.5590000,0.4269000,0.8329000,0.4897000,0.4690000,0.4996094,0.6141533,0.2257871},
{0.5578880,0.6428504,0.2089845,0.5325087,0.5913782,0.2446065,0.9341929,0.1523809,0.3244095,0.6799786,0.8269088,0.1865368,0.6984471,0.7837436,0.3834156,0.6882000,0.7786000,0.4846000,0.6935000,0.6859000,0.4208000,0.6965000,0.6165000,0.3492000,0.7541000,0.5598000,0.4267000,0.8314000,0.4898000,0.4690000,0.4988947,0.6249896,0.2213977},
{0.5591868,0.6500546,0.2041596,0.5317097,0.5996417,0.2388273,0.9396590,0.1551658,0.3226424,0.6853667,0.8327266,0.1858773,0.7021021,0.7856672,0.3839813,0.6891000,0.7807000,0.4844000,0.6940000,0.6876000,0.4207000,0.6957000,0.6176000,0.3493000,0.7532000,0.5608000,0.4267000,0.8300000,0.4901000,0.4689000,0.4983623,0.6355360,0.2168292},
{0.5605705,0.6571250,0.1992576,0.5310204,0.6082265,0.2323889,0.9435192,0.1571233,0.3213974,0.6906740,0.8383084,0.1853430,0.7056420,0.7875005,0.3845468,0.6905000,0.7838000,0.4844000,0.6945000,0.6892000,0.4207000,0.6951000,0.6189000,0.3494000,0.7523000,0.5617000,0.4266000,0.8286000,0.4903000,0.4688000,0.4980061,0.6457468,0.2121165},
{0.5620058,0.6639171,0.1943863,0.5305241,0.6161321,0.2260321,0.9481652,0.1594692,0.3199020,0.6959902,0.8437574,0.1849180,0.7091994,0.7893140,0.3851326,0.6912000,0.7860000,0.4842000,0.6949000,0.6909000,0.4206000,0.6947000,0.6203000,0.3494000,0.7515000,0.5627000,0.4266000,0.8272000,0.4906000,0.4687000,0.4978158,0.6557360,0.2072186},
{0.5634763,0.6703974,0.1895841,0.5301913,0.6235545,0.2196530,0.9528598,0.1618284,0.3183946,0.7011435,0.8489089,0.1846072,0.7128723,0.7911560,0.3857556,0.6918000,0.7884000,0.4840000,0.6952000,0.6925000,0.4205000,0.6946000,0.6219000,0.3493000,0.7506000,0.5636000,0.4266000,0.8259000,0.4910000,0.4687000,0.4977867,0.6653061,0.2022475},
{0.5649737,0.6765740,0.1848602,0.5300071,0.6306136,0.2131776,0.9578182,0.1643082,0.3168061,0.7061925,0.8538359,0.1843960,0.7164906,0.7929407,0.3863872,0.6925000,0.7910000,0.4838000,0.6955000,0.6941000,0.4204000,0.6947000,0.6237000,0.3491000,0.7493000,0.5644000,0.4271000,0.8246000,0.4914000,0.4687000,0.4978992,0.6741287,0.1974116},
{0.5664934,0.6824671,0.1802139,0.5299648,0.6372680,0.2066678,0.9615656,0.1661741,0.3156082,0.7109192,0.8583438,0.1842792,0.7198268,0.7945602,0.3869854,0.6931000,0.7936000,0.4835000,0.6957000,0.6957000,0.4203000,0.6950000,0.6254000,0.3488000,0.7491000,0.5656000,0.4269000,0.8235000,0.4915000,0.4691000,0.4981505,0.6829101,0.1923450},
{0.5679953,0.6879659,0.1757504,0.5300517,0.6433810,0.2002994,0.9661697,0.1684570,0.3141394,0.7155197,0.8626374,0.1842385,0.7231769,0.7961613,0.3876011,0.6939000,0.7963000,0.4834000,0.6960000,0.6974000,0.4201000,0.6952000,0.6272000,0.3485000,0.7485000,0.5668000,0.4266000,0.8222000,0.4921000,0.4691000,0.4985297,0.6913480,0.1872262},
{0.5694925,0.6931637,0.1714124,0.5302523,0.6490296,0.1940436,0.9699455,0.1703213,0.3129373,0.7196778,0.8664403,0.1842619,0.7263574,0.7976582,0.3881995,0.6948000,0.7990000,0.4834000,0.6964000,0.6991000,0.4199000,0.6955000,0.6291000,0.3481000,0.7472000,0.5678000,0.4266000,0.8208000,0.4929000,0.4688000,0.4990124,0.6992273,0.1822124},
{0.5709463,0.6979677,0.1672960,0.5305528,0.6542380,0.1879186,0.9735773,0.1721079,0.3117831,0.7234949,0.8698678,0.1843326,0.7295055,0.7991178,0.3888050,0.6959000,0.8014000,0.4834000,0.6967000,0.7007000,0.4197000,0.6958000,0.6309000,0.3478000,0.7462000,0.5689000,0.4265000,0.8193000,0.4935000,0.4688000,0.4995949,0.7067397,0.1772100},
{0.5723915,0.7025289,0.1632885,0.5309324,0.6589475,0.1820473,0.9771107,0.1738398,0.3106622,0.7270321,0.8729910,0.1844393,0.7324337,0.8004558,0.3893801,0.6969000,0.8037000,0.4833000,0.6969000,0.7024000,0.4196000,0.6961000,0.6327000,0.3475000,0.7455000,0.5701000,0.4265000,0.8180000,0.4940000,0.4689000,0.5002348,0.7135796,0.1724561},
{0.5737596,0.7066672,0.1595655,0.5313687,0.6631462,0.1765106,0.9800269,0.1752646,0.3097384,0.7303691,0.8758914,0.1845756,0.7351247,0.8016688,0.3899186,0.6981000,0.8057000,0.4834000,0.6972000,0.7040000,0.4196000,0.6962000,0.6344000,0.3473000,0.7446000,0.5712000,0.4264000,0.8165000,0.4946000,0.4689000,0.5009239,0.7198968,0.1678873},
{0.5750618,0.7104569,0.1560806,0.5318665,0.6670382,0.1710898,0.9833001,0.1768588,0.3087032,0.7335110,0.8785822,0.1847350,0.7376489,0.8027921,0.3904324,0.6997000,0.8079000,0.4834000,0.6974000,0.7056000,0.4195000,0.6963000,0.6361000,0.3472000,0.7437000,0.5724000,0.4265000,0.8151000,0.4952000,0.4689000,0.5016368,0.7256415,0.1635756},
{0.5763329,0.7140255,0.1527304,0.5323792,0.6704042,0.1661482,0.9863141,0.1783222,0.3077514,0.7364763,0.8810866,0.1849126,0.7399673,0.8038116,0.3909117,0.7007000,0.8097000,0.4833000,0.6976000,0.7071000,0.4195000,0.6962000,0.6377000,0.3470000,0.7429000,0.5736000,0.4264000,0.8138000,0.4959000,0.4690000,0.5023654,0.7309004,0.1594904},
{0.5775341,0.7172871,0.1496081,0.5329155,0.6734397,0.1614635,0.9886944,0.1794748,0.3070006,0.7391541,0.8833193,0.1850955,0.7419762,0.8046854,0.3913326,0.7018000,0.8117000,0.4831000,0.6977000,0.7086000,0.4195000,0.6961000,0.6392000,0.3470000,0.7421000,0.5746000,0.4264000,0.8125000,0.4966000,0.4690000,0.5030932,0.7356752,0.1556610},
{0.5786736,0.7202879,0.1466830,0.5334559,0.6761255,0.1571148,0.9915598,0.1808587,0.3060980,0.7417145,0.8854288,0.1852899,0.7438928,0.8055110,0.3917392,0.7028000,0.8136000,0.4828000,0.6978000,0.7100000,0.4194000,0.6958000,0.6407000,0.3470000,0.7413000,0.5758000,0.4265000,0.8113000,0.4973000,0.4690000,0.5038125,0.7400177,0.1520738},
{0.5797583,0.7230646,0.1439298,0.5340039,0.6785509,0.1530029,0.9935297,0.1818077,0.3054782,0.7439208,0.8872269,0.1854727,0.7455284,0.8062092,0.3920900,0.7036000,0.8154000,0.4825000,0.6979000,0.7116000,0.4193000,0.6954000,0.6421000,0.3471000,0.7406000,0.5770000,0.4265000,0.8101000,0.4980000,0.4691000,0.5045170,0.7439697,0.1487185},
{0.5807905,0.7256378,0.1413373,0.5345584,0.6807591,0.1490875,0.9956396,0.1828222,0.3048150,0.7458786,0.8888073,0.1856466,0.7471983,0.8069160,0.3924517,0.7044000,0.8171000,0.4822000,0.6980000,0.7131000,0.4193000,0.6949000,0.6434000,0.3471000,0.7399000,0.5780000,0.4266000,0.8090000,0.4987000,0.4692000,0.5052078,0.7475994,0.1455573},
{0.5817455,0.7279618,0.1389609,0.5351288,0.6828174,0.1452724,0.9979377,0.1839247,0.3040934,0.7476280,0.8902077,0.1858112,0.7487086,0.8075500,0.3927820,0.7050000,0.8185000,0.4818000,0.6981000,0.7145000,0.4192000,0.6943000,0.6447000,0.3472000,0.7393000,0.5792000,0.4263000,0.8079000,0.4995000,0.4693000,0.5058884,0.7509690,0.1425514},
{0.5826648,0.7301491,0.1366930,0.5356652,0.6845854,0.1418524,0.9990128,0.1844396,0.3037561,0.7492061,0.8914614,0.1859671,0.7500110,0.8080928,0.3930692,0.7058000,0.8200000,0.4815000,0.6982000,0.7158000,0.4191000,0.6937000,0.6459000,0.3474000,0.7386000,0.5804000,0.4264000,0.8069000,0.5003000,0.4694000,0.5065292,0.7539776,0.1398071},
{0.5835310,0.7321672,0.1345731,0.5362098,0.6862380,0.1385217,1.0008322,0.1853097,0.3031857,0.7505768,0.8925430,0.1861081,0.7512906,0.8086225,0.3933536,0.7065000,0.8215000,0.4811000,0.6983000,0.7171000,0.4190000,0.6932000,0.6470000,0.3474000,0.7380000,0.5814000,0.4265000,0.8060000,0.5011000,0.4696000,0.5071585,0.7567932,0.1371851},
{0.5843172,0.7339642,0.1326625,0.5367186,0.6876672,0.1355249,1.0020735,0.1859024,0.3027968,0.7519838,0.8936462,0.1862584,0.7522784,0.8090289,0.3935745,0.7071000,0.8229000,0.4806000,0.6984000,0.7184000,0.4188000,0.6927000,0.6480000,0.3474000,0.7374000,0.5825000,0.4266000,0.8051000,0.5019000,0.4698000,0.5077655,0.7593917,0.1347175},
{0.5850758,0.7356677,0.1308310,0.5372415,0.6890339,0.1325469,1.0034157,0.1865425,0.3023765,0.7531779,0.8945770,0.1863902,0.7532858,0.8094413,0.3938012,0.7077000,0.8243000,0.4802000,0.6984000,0.7195000,0.4186000,0.6923000,0.6490000,0.3475000,0.7369000,0.5835000,0.4267000,0.8044000,0.5026000,0.4701000,0.5083572,0.7618225,0.1323660},
{0.5858123,0.7372939,0.1290638,0.5377277,0.6902208,0.1298613,1.0046212,0.1871167,0.3019993,0.7543326,0.8954721,0.1865214,0.7539676,0.8097191,0.3939553,0.7082000,0.8257000,0.4796000,0.6984000,0.7206000,0.4185000,0.6920000,0.6499000,0.3475000,0.7363000,0.5844000,0.4268000,0.8037000,0.5034000,0.4703000,0.5089402,0.7641280,0.1300959},
{0.5865122,0.7388145,0.1273942,0.5381887,0.6912784,0.1273826,1.0062244,0.1878792,0.3014979,0.7554028,0.8962976,0.1866463,0.7546464,0.8099948,0.3941094,0.7086000,0.8270000,0.4791000,0.6984000,0.7216000,0.4183000,0.6918000,0.6508000,0.3475000,0.7359000,0.5853000,0.4269000,0.8030000,0.5042000,0.4706000,0.5094877,0.7662174,0.1280039},
{0.5872047,0.7402963,0.1257511,0.5386686,0.6923147,0.1248669,1.0075449,0.1885063,0.3010853,0.7563254,0.8970060,0.1867565,0.7552850,0.8102531,0.3942548,0.7089000,0.8283000,0.4785000,0.6983000,0.7226000,0.4181000,0.6916000,0.6516000,0.3474000,0.7354000,0.5861000,0.4270000,0.8024000,0.5049000,0.4709000,0.5100303,0.7682211,0.1259656}
};
