fitErrPi Mean = 0.392912
fitErrTh Mean = 0.1912
fitErrWr Mean = 0.188514
fitErrLA Mean = 0.143138
fitErrEl Mean = 0.0446313
fitErrUA Mean = 0.431002
efPts = {
{0.5338115,0.8124957,0.1908235,0.4878347,0.7799792,0.1802529,0.6101323,0.9324639,0.2326281,0.4927980,0.5325761,-0.0349078,0.9315408,0.9164321,0.2142848,0.7205000,0.8289000,0.4651000,0.7142000,0.7346000,0.3594000,0.7550000,0.6595000,0.3619000,0.7796000,0.5927000,0.3837000,0.8607000,0.5287000,0.4587000,0.5998105,0.7550951,-0.0056083},
{0.5324721,0.8116581,0.1902474,0.4859581,0.7789265,0.1794695,0.6088471,0.9313348,0.2323117,0.7096111,1.0155628,0.2323740,0.9308533,0.9155851,0.2132363,0.7175000,0.8280000,0.4647000,0.7125000,0.7335000,0.3588000,0.7537000,0.6588000,0.3614000,0.7782000,0.5921000,0.3834000,0.8594000,0.5284000,0.4588000,0.5984231,0.7541402,-0.0064319},
{0.5305253,0.8104368,0.1894043,0.4834386,0.7775075,0.1784090,0.6071957,0.9298779,0.2319006,0.7053146,1.0146914,0.2333010,0.9301115,0.9146699,0.2121029,0.7146000,0.8267000,0.4643000,0.7106000,0.7325000,0.3582000,0.7523000,0.6580000,0.3609000,0.7770000,0.5914000,0.3831000,0.8581000,0.5281000,0.4590000,0.5965519,0.7528508,-0.0075450},
{0.5280689,0.8088887,0.1883308,0.4806158,0.7759101,0.1772089,0.6052630,0.9281646,0.2314130,0.7005018,1.0136674,0.2343053,0.9294412,0.9138419,0.2110769,0.7109000,0.8263000,0.4640000,0.7087000,0.7314000,0.3572000,0.7509000,0.6572000,0.3604000,0.7755000,0.5908000,0.3828000,0.8567000,0.5278000,0.4592000,0.5943941,0.7513617,-0.0088319},
{0.5251405,0.8070333,0.1870366,0.4773199,0.7740346,0.1757917,0.6029251,0.9260797,0.2308139,0.6952863,1.0125015,0.2353533,0.9284800,0.9126529,0.2096025,0.7086000,0.8243000,0.4635000,0.7066000,0.7300000,0.3568000,0.7495000,0.6564000,0.3599000,0.7740000,0.5899000,0.3825000,0.8552000,0.5275000,0.4593000,0.5919887,0.7496991,-0.0102707},
{0.5217888,0.8048964,0.1855364,0.4736315,0.7719228,0.1741853,0.6003099,0.9237315,0.2301316,0.6897243,1.0111945,0.2364255,0.9277665,0.9117690,0.2085059,0.7057000,0.8228000,0.4632000,0.7051000,0.7293000,0.3560000,0.7479000,0.6555000,0.3594000,0.7724000,0.5892000,0.3822000,0.8536000,0.5272000,0.4595000,0.5895102,0.7479829,-0.0117578},
{0.5181560,0.8025641,0.1838873,0.4696853,0.7696480,0.1724428,0.5974438,0.9211386,0.2293690,0.6837887,1.0097285,0.2375188,0.9268542,0.9106370,0.2071007,0.7027000,0.8214000,0.4627000,0.7023000,0.7278000,0.3556000,0.7463000,0.6549000,0.3589000,0.7708000,0.5885000,0.3819000,0.8518000,0.5268000,0.4595000,0.5868040,0.7461055,-0.0133868},
{0.5141829,0.7999942,0.1820563,0.4653864,0.7671519,0.1705164,0.5941585,0.9181414,0.2284758,0.6777700,1.0081678,0.2385742,0.9258871,0.9094352,0.2056076,0.6996000,0.8201000,0.4624000,0.7011000,0.7272000,0.3547000,0.7450000,0.6546000,0.3584000,0.7691000,0.5877000,0.3815000,0.8498000,0.5264000,0.4596000,0.5838927,0.7440817,-0.0151455},
{0.5100423,0.7972944,0.1801175,0.4609884,0.7645788,0.1685153,0.5907444,0.9149980,0.2275258,0.6713746,1.0064287,0.2396381,0.9250667,0.9084138,0.2043380,0.6956000,0.8196000,0.4620000,0.6985000,0.7260000,0.3544000,0.7431000,0.6538000,0.3578000,0.7671000,0.5870000,0.3811000,0.8477000,0.5261000,0.4596000,0.5806445,0.7418186,-0.0171154},
{0.5056732,0.7944219,0.1780376,0.4562527,0.7617860,0.1663261,0.5869428,0.9114634,0.2264417,0.6647623,1.0045444,0.2406762,0.9241153,0.9072276,0.2028624,0.6930000,0.8178000,0.4615000,0.6963000,0.7250000,0.3539000,0.7411000,0.6531000,0.3572000,0.7652000,0.5864000,0.3806000,0.8455000,0.5257000,0.4596000,0.5774422,0.7395823,-0.0190655},
{0.5010879,0.7913809,0.1758171,0.4513044,0.7588433,0.1640004,0.5830056,0.9077642,0.2252895,0.6579091,1.0024999,0.2416868,0.9232275,0.9061187,0.2014822,0.6895000,0.8169000,0.4613000,0.6969000,0.7255000,0.3522000,0.7390000,0.6523000,0.3566000,0.7631000,0.5857000,0.3802000,0.8431000,0.5253000,0.4596000,0.5737018,0.7369637,-0.0213532},
{0.4963062,0.7881807,0.1734602,0.4462383,0.7558046,0.1615789,0.5790009,0.9039610,0.2240868,0.6508592,1.0003007,0.2426576,0.9222360,0.9048783,0.1999372,0.6864000,0.8155000,0.4608000,0.6935000,0.7241000,0.3520000,0.7368000,0.6515000,0.3561000,0.7610000,0.5851000,0.3797000,0.8406000,0.5249000,0.4596000,0.5697912,0.7342182,-0.0237566},
{0.4913654,0.7848429,0.1709804,0.4409959,0.7526324,0.1590298,0.5747920,0.8999194,0.2227888,0.6435787,0.9979283,0.2435877,0.9212523,0.9036454,0.1984003,0.6831000,0.8143000,0.4605000,0.6917000,0.7234000,0.3512000,0.7346000,0.6509000,0.3556000,0.7588000,0.5845000,0.3793000,0.8380000,0.5245000,0.4596000,0.5658260,0.7314264,-0.0262057},
{0.4863546,0.7814254,0.1684190,0.4357079,0.7494039,0.1564137,0.5703631,0.8956168,0.2213852,0.6359782,0.9953427,0.2444809,0.9201802,0.9022991,0.1967209,0.6806000,0.8126000,0.4597000,0.6884000,0.7219000,0.3510000,0.7331000,0.6512000,0.3546000,0.7563000,0.5841000,0.3787000,0.8352000,0.5241000,0.4595000,0.5614273,0.7283199,-0.0289369},
{0.4811926,0.7778703,0.1657310,0.4302559,0.7460449,0.1536693,0.5658121,0.8911420,0.2199020,0.6281862,0.9925776,0.2453146,0.9190916,0.9009294,0.1950109,0.6771000,0.8115000,0.4597000,0.6861000,0.7211000,0.3504000,0.7307000,0.6506000,0.3540000,0.7539000,0.5835000,0.3782000,0.8323000,0.5237000,0.4595000,0.5569314,0.7251345,-0.0317442},
{0.4759830,0.7742468,0.1629674,0.4246755,0.7425748,0.1508104,0.5611698,0.8865208,0.2183460,0.6201441,0.9896028,0.2460887,0.9181223,0.8997075,0.1934843,0.6736000,0.8103000,0.4594000,0.6828000,0.7199000,0.3500000,0.7281000,0.6499000,0.3532000,0.7513000,0.5829000,0.3778000,0.8294000,0.5233000,0.4595000,0.5523666,0.7218896,-0.0346107},
{0.4707604,0.7705780,0.1601451,0.4190807,0.7390630,0.1478930,0.5564598,0.8817732,0.2167223,0.6118646,0.9864127,0.2467943,0.9169516,0.8982287,0.1916353,0.6700000,0.8089000,0.4590000,0.6799000,0.7188000,0.3495000,0.7252000,0.6490000,0.3526000,0.7486000,0.5822000,0.3772000,0.8263000,0.5230000,0.4595000,0.5475693,0.7184676,-0.0376411},
{0.4654534,0.7668127,0.1572239,0.4133253,0.7354161,0.1448384,0.5516945,0.8769083,0.2150328,0.6032311,0.9829485,0.2474317,0.9157802,0.8967459,0.1897797,0.6662000,0.8076000,0.4587000,0.6768000,0.7177000,0.3489000,0.7225000,0.6483000,0.3520000,0.7459000,0.5817000,0.3767000,0.8231000,0.5226000,0.4594000,0.5426783,0.7149664,-0.0407495},
{0.4601547,0.7630153,0.1542529,0.4076929,0.7318131,0.1417962,0.5468739,0.8719234,0.2132752,0.5945062,0.9793052,0.2479740,0.9145289,0.8951582,0.1877911,0.6624000,0.8062000,0.4583000,0.6738000,0.7167000,0.3484000,0.7196000,0.6474000,0.3515000,0.7430000,0.5811000,0.3762000,0.8198000,0.5223000,0.4594000,0.5378286,0.7114822,-0.0438506},
{0.4547516,0.7591037,0.1511673,0.4019984,0.7281361,0.1386668,0.5418978,0.8667094,0.2114089,0.5856524,0.9754616,0.2484193,0.9132857,0.8935773,0.1858091,0.6584000,0.8049000,0.4580000,0.6705000,0.7155000,0.3479000,0.7165000,0.6465000,0.3510000,0.7403000,0.5808000,0.3756000,0.8164000,0.5220000,0.4594000,0.5327057,0.7077882,-0.0471471},
{0.4493232,0.7551335,0.1480094,0.3963401,0.7244479,0.1355036,0.5368659,0.8613654,0.2094673,0.5766777,0.9714142,0.2487626,0.9120263,0.8919719,0.1837946,0.6544000,0.8036000,0.4576000,0.6672000,0.7144000,0.3473000,0.7138000,0.6460000,0.3504000,0.7372000,0.5801000,0.3750000,0.8129000,0.5217000,0.4594000,0.5279592,0.7043530,-0.0502204},
{0.4439215,0.7511422,0.1448091,0.3906673,0.7207155,0.1322780,0.5317633,0.8558717,0.2074415,0.5675751,0.9671529,0.2489990,0.9107423,0.8903312,0.1817338,0.6501000,0.8024000,0.4572000,0.6637000,0.7132000,0.3467000,0.7108000,0.6454000,0.3497000,0.7341000,0.5796000,0.3746000,0.8093000,0.5215000,0.4595000,0.5229696,0.7007288,-0.0534711},
{0.4384384,0.7470491,0.1415009,0.3849913,0.7169458,0.1289957,0.5266207,0.8502573,0.2053408,0.5583708,0.9626827,0.2491226,0.9094813,0.8887161,0.1797033,0.6458000,0.8011000,0.4568000,0.6601000,0.7120000,0.3461000,0.7078000,0.6449000,0.3492000,0.7310000,0.5792000,0.3741000,0.8056000,0.5213000,0.4595000,0.5181916,0.6972456,-0.0566031},
{0.4330166,0.7429598,0.1381698,0.3792770,0.7131148,0.1256354,0.5214572,0.8445402,0.2031707,0.5491016,0.9580153,0.2491287,0.9080988,0.8869408,0.1774693,0.6413000,0.7998000,0.4564000,0.6565000,0.7109000,0.3455000,0.7043000,0.6443000,0.3486000,0.7276000,0.5786000,0.3736000,0.8018000,0.5211000,0.4596000,0.5133811,0.6937261,-0.0597756},
{0.4274659,0.7387297,0.1346971,0.3735397,0.7092318,0.1222046,0.5163489,0.8388040,0.2009628,0.5398387,0.9531831,0.2490145,0.9066818,0.8851165,0.1751711,0.6366000,0.7987000,0.4561000,0.6526000,0.7095000,0.3450000,0.7011000,0.6438000,0.3479000,0.7243000,0.5782000,0.3730000,0.7978000,0.5210000,0.4596000,0.5086951,0.6902853,-0.0628847},
{0.4218544,0.7344079,0.1311215,0.3677319,0.7052634,0.1186727,0.5112524,0.8329999,0.1986981,0.5304978,0.9481373,0.2487757,0.9053289,0.8833700,0.1729688,0.6318000,0.7974000,0.4556000,0.6487000,0.7083000,0.3444000,0.6976000,0.6432000,0.3472000,0.7205000,0.5777000,0.3725000,0.7937000,0.5209000,0.4596000,0.5035700,0.6865083,-0.0663063},
{0.4164217,0.7301797,0.1275969,0.3620148,0.7013194,0.1151376,0.5061892,0.8271514,0.1963856,0.5212886,0.9429898,0.2484166,0.9039412,0.8815739,0.1707016,0.6270000,0.7960000,0.4550000,0.6446000,0.7070000,0.3437000,0.6942000,0.6427000,0.3464000,0.7169000,0.5772000,0.3718000,0.7894000,0.5208000,0.4596000,0.4986067,0.6828364,-0.0696412},
{0.4109823,0.7259023,0.1240050,0.3563743,0.6973914,0.1115924,0.5011790,0.8212816,0.1940345,0.5122183,0.9377487,0.2479403,0.9023620,0.8795239,0.1681111,0.6219000,0.7947000,0.4545000,0.6405000,0.7056000,0.3430000,0.6905000,0.6422000,0.3457000,0.7133000,0.5767000,0.3712000,0.7850000,0.5206000,0.4596000,0.4937212,0.6792084,-0.0729446},
{0.4055300,0.7215700,0.1203405,0.3506760,0.6933854,0.1079521,0.4962544,0.8154303,0.1916612,0.5033097,0.9324317,0.2473515,0.9009830,0.8777287,0.1658402,0.6167000,0.7935000,0.4539000,0.6363000,0.7043000,0.3423000,0.6868000,0.6418000,0.3448000,0.7093000,0.5762000,0.3704000,0.7805000,0.5205000,0.4595000,0.4888611,0.6755858,-0.0762512},
{0.4002003,0.7172911,0.1166956,0.3450528,0.6893947,0.1043011,0.4914150,0.8095992,0.1892673,0.4946796,0.9271171,0.2466638,0.8995615,0.8758732,0.1634903,0.6113000,0.7921000,0.4533000,0.6321000,0.7030000,0.3416000,0.6830000,0.6413000,0.3440000,0.7053000,0.5758000,0.3697000,0.7759000,0.5203000,0.4594000,0.4837718,0.6717777,-0.0797361},
{0.3950109,0.7130824,0.1130859,0.3394784,0.6854011,0.1006236,0.4866040,0.8037206,0.1868253,0.4862378,0.9217579,0.2458764,0.8981542,0.8740310,0.1611551,0.6060000,0.7906000,0.4527000,0.6276000,0.7018000,0.3407000,0.6790000,0.6409000,0.3431000,0.7012000,0.5753000,0.3688000,0.7712000,0.5202000,0.4592000,0.4787365,0.6679953,-0.0832063},
{0.3898531,0.7088573,0.1094381,0.3340473,0.6814739,0.0969839,0.4819037,0.7978966,0.1843780,0.4780687,0.9164164,0.2450031,0.8967057,0.8721296,0.1587421,0.6004000,0.7892000,0.4520000,0.6229000,0.7002000,0.3399000,0.6750000,0.6404000,0.3422000,0.6972000,0.5749000,0.3679000,0.7664000,0.5201000,0.4589000,0.4735078,0.6640517,-0.0868340},
{0.3847570,0.7046408,0.1057740,0.3286122,0.6775074,0.0932849,0.4773495,0.7921754,0.1819472,0.4701867,0.9111131,0.2440536,0.8952464,0.8702085,0.1563016,0.5948000,0.7878000,0.4514000,0.6187000,0.6993000,0.3390000,0.6709000,0.6400000,0.3412000,0.6930000,0.5744000,0.3669000,0.7614000,0.5199000,0.4585000,0.4686938,0.6604066,-0.0901957},
{0.3798039,0.7005021,0.1021548,0.3232307,0.6735436,0.0895656,0.4728398,0.7864322,0.1794809,0.4624580,0.9057658,0.2430172,0.8937317,0.8682085,0.1537581,0.5891000,0.7862000,0.4506000,0.6141000,0.6979000,0.3380000,0.6668000,0.6396000,0.3401000,0.6887000,0.5741000,0.3659000,0.7564000,0.5197000,0.4581000,0.4639207,0.6567788,-0.0935496},
{0.3748019,0.6962814,0.0984410,0.3181124,0.6697395,0.0859748,0.4685426,0.7808855,0.1770744,0.4550237,0.9004797,0.2419185,0.8922440,0.8662383,0.1512494,0.5834000,0.7847000,0.4496000,0.6098000,0.6971000,0.3376000,0.6626000,0.6391000,0.3390000,0.6841000,0.5733000,0.3649000,0.7513000,0.5195000,0.4576000,0.4592824,0.6532401,-0.0968289},
{0.3701256,0.6922974,0.0949145,0.3131308,0.6660045,0.0824293,0.4643020,0.7753390,0.1746441,0.4477847,0.8951933,0.2407490,0.8907897,0.8643065,0.1487872,0.5775000,0.7832000,0.4485000,0.6068000,0.6966000,0.3356000,0.6584000,0.6385000,0.3379000,0.6799000,0.5727000,0.3638000,0.7462000,0.5193000,0.4571000,0.4545182,0.6495917,-0.1002181},
{0.3654021,0.6882352,0.0912981,0.3082054,0.6622796,0.0788739,0.4602201,0.7699296,0.1722510,0.4408379,0.8899864,0.2395310,0.8892924,0.8623117,0.1462418,0.5721000,0.7813000,0.4473000,0.6023000,0.6951000,0.3340000,0.6541000,0.6381000,0.3366000,0.6756000,0.5721000,0.3627000,0.7411000,0.5192000,0.4566000,0.4498745,0.6460220,-0.1035422},
{0.3607996,0.6842397,0.0877210,0.3033801,0.6585990,0.0753419,0.4562468,0.7645958,0.1698697,0.4339812,0.8847134,0.2382331,0.8876730,0.8601473,0.1434768,0.5666000,0.7797000,0.4460000,0.5979000,0.6943000,0.3332000,0.6497000,0.6375000,0.3355000,0.6712000,0.5715000,0.3615000,0.7361000,0.5190000,0.4560000,0.4456429,0.6427573,-0.1065890},
{0.3562169,0.6802241,0.0841059,0.2987790,0.6550600,0.0719280,0.4523331,0.7592742,0.1674724,0.4273576,0.8794881,0.2368853,0.8861407,0.8580928,0.1408491,0.5607000,0.7784000,0.4448000,0.5931000,0.6924000,0.3322000,0.6453000,0.6369000,0.3342000,0.6667000,0.5706000,0.3604000,0.7311000,0.5188000,0.4554000,0.4410649,0.6392126,-0.1099048},
{0.3519440,0.6764458,0.0806864,0.2942745,0.6515670,0.0685417,0.4485501,0.7540645,0.1651051,0.4208840,0.8742510,0.2354748,0.8845873,0.8560034,0.1381735,0.5546000,0.7772000,0.4436000,0.5882000,0.6910000,0.3303000,0.6406000,0.6361000,0.3329000,0.6624000,0.5699000,0.3591000,0.7262000,0.5186000,0.4547000,0.4365684,0.6357180,-0.1131813},
{0.3476036,0.6725736,0.0771639,0.2897753,0.6480496,0.0651152,0.4449314,0.7490187,0.1627931,0.4145903,0.8690304,0.2340114,0.8830954,0.8539902,0.1355927,0.5489000,0.7758000,0.4423000,0.5836000,0.6888000,0.3290000,0.6363000,0.6354000,0.3317000,0.6583000,0.5694000,0.3578000,0.7213000,0.5185000,0.4540000,0.4322935,0.6323835,-0.1163148},
{0.3433447,0.6687397,0.0736585,0.2853606,0.6445703,0.0617092,0.4413811,0.7440071,0.1604782,0.4086174,0.8639530,0.2325345,0.8813643,0.8516465,0.1325845,0.5434000,0.7743000,0.4406000,0.5836000,0.6888000,0.3290000,0.6320000,0.6346000,0.3303000,0.6542000,0.5687000,0.3567000,0.7165000,0.5182000,0.4534000,0.4288075,0.6296554,-0.1188834},
{0.3392355,0.6650080,0.0702295,0.2810695,0.6411613,0.0583564,0.4379839,0.7391533,0.1582188,0.4028890,0.8589654,0.2310336,0.8799152,0.8496779,0.1300548,0.5376000,0.7727000,0.4390000,0.5779000,0.6867000,0.3271000,0.6278000,0.6337000,0.3290000,0.6500000,0.5677000,0.3556000,0.7118000,0.5180000,0.4527000,0.4249015,0.6265892,-0.1217760},
{0.3351116,0.6612300,0.0667413,0.2770076,0.6379093,0.0551434,0.4347395,0.7344630,0.1560192,0.3974853,0.8541497,0.2295385,0.8783084,0.8474881,0.1272376,0.5319000,0.7714000,0.4375000,0.5721000,0.6847000,0.3252000,0.6235000,0.6327000,0.3278000,0.6461000,0.5668000,0.3543000,0.7072000,0.5177000,0.4521000,0.4213521,0.6237940,-0.1244180},
{0.3309069,0.6573433,0.0631351,0.2728310,0.6345395,0.0517994,0.4314732,0.7296850,0.1537622,0.3924141,0.8495276,0.2280620,0.8766314,0.8451946,0.1242832,0.5264000,0.7699000,0.4357000,0.5664000,0.6826000,0.3233000,0.6194000,0.6316000,0.3265000,0.6421000,0.5659000,0.3532000,0.7027000,0.5174000,0.4515000,0.4176971,0.6209068,-0.1271521},
{0.3268318,0.6535424,0.0595915,0.2688883,0.6313339,0.0486045,0.4284071,0.7251475,0.1516036,0.3875204,0.8449685,0.2265665,0.8751493,0.8431609,0.1216603,0.5210000,0.7686000,0.4340000,0.5607000,0.6806000,0.3214000,0.6154000,0.6304000,0.3252000,0.6381000,0.5647000,0.3522000,0.6983000,0.5171000,0.4509000,0.4144477,0.6183323,-0.1295943},
{0.3230304,0.6499660,0.0562419,0.2651549,0.6282762,0.0455444,0.4253773,0.7206122,0.1494313,0.3827646,0.8404402,0.2250433,0.8734841,0.8408680,0.1186997,0.5165000,0.7664000,0.4319000,0.5549000,0.6785000,0.3195000,0.6119000,0.6298000,0.3236000,0.6343000,0.5637000,0.3510000,0.6940000,0.5168000,0.4504000,0.4107914,0.6154268,-0.1323556},
{0.3192094,0.6463406,0.0528314,0.2614759,0.6252414,0.0424951,0.4224842,0.7162321,0.1473195,0.3781701,0.8359696,0.2235031,0.8718658,0.8386317,0.1158085,0.5113000,0.7649000,0.4298000,0.5492000,0.6765000,0.3176000,0.6075000,0.6280000,0.3224000,0.6307000,0.5626000,0.3500000,0.6898000,0.5165000,0.4499000,0.4076895,0.6129546,-0.1347093},
{0.3156663,0.6429510,0.0496290,0.2578924,0.6222643,0.0394922,0.4196140,0.7118379,0.1451872,0.3737949,0.8316203,0.2219705,0.8702409,0.8363783,0.1128916,0.5066000,0.7632000,0.4276000,0.5492000,0.6765000,0.3176000,0.6041000,0.6268000,0.3214000,0.6274000,0.5616000,0.3489000,0.6857000,0.5162000,0.4494000,0.4041909,0.6101580,-0.1373763},
{0.3123222,0.6397267,0.0465705,0.2543657,0.6193138,0.0365047,0.4168276,0.7075236,0.1430804,0.3695855,0.8273467,0.2204322,0.8686399,0.8341502,0.1100039,0.5018000,0.7616000,0.4253000,0.5456000,0.6750000,0.3161000,0.6002000,0.6254000,0.3198000,0.6238000,0.5604000,0.3479000,0.6817000,0.5158000,0.4489000,0.4009200,0.6075356,-0.1398816},
{0.3090484,0.6365461,0.0435421,0.2510029,0.6164811,0.0336260,0.4141939,0.7034009,0.1410548,0.3655425,0.8231552,0.2188927,0.8671017,0.8320019,0.1072162,0.4970000,0.7601000,0.4228000,0.5420000,0.6735000,0.3145000,0.5964000,0.6240000,0.3182000,0.6208000,0.5594000,0.3468000,0.6777000,0.5154000,0.4485000,0.3975089,0.6047927,-0.1425067},
{0.3058645,0.6334296,0.0405635,0.2476528,0.6136399,0.0307281,0.4116348,0.6993520,0.1390539,0.3618036,0.8191995,0.2174121,0.8657423,0.8300972,0.1047419,0.4924000,0.7588000,0.4204000,0.5383000,0.6717000,0.3128000,0.5930000,0.6227000,0.3168000,0.6174000,0.5582000,0.3458000,0.6739000,0.5150000,0.4481000,0.3941450,0.6020794,-0.1451081},
{0.3029441,0.6305505,0.0378020,0.2444988,0.6109472,0.0279723,0.4093470,0.6956950,0.1372367,0.3581598,0.8152671,0.2159138,0.8640942,0.8277801,0.1017283,0.4881000,0.7574000,0.4181000,0.5350000,0.6702000,0.3111000,0.5899000,0.6214000,0.3157000,0.6144000,0.5570000,0.3447000,0.6701000,0.5147000,0.4476000,0.3908096,0.5993810,-0.1476999},
{0.3001078,0.6277352,0.0350928,0.2414107,0.6082937,0.0252474,0.4071727,0.6921862,0.1354844,0.3547246,0.8114860,0.2144486,0.8627077,0.8258241,0.0991813,0.4839000,0.7562000,0.4157000,0.5316000,0.6686000,0.3095000,0.5869000,0.6202000,0.3142000,0.6116000,0.5561000,0.3435000,0.6664000,0.5143000,0.4471000,0.3871513,0.5964118,-0.1505569},
{0.2973192,0.6249485,0.0324024,0.2383041,0.6056071,0.0224793,0.4051052,0.6888187,0.1337945,0.3515885,0.8079687,0.2130641,0.8614263,0.8240108,0.0968178,0.4800000,0.7550000,0.4134000,0.5286000,0.6672000,0.3078000,0.5841000,0.6190000,0.3128000,0.6088000,0.5550000,0.3425000,0.6628000,0.5139000,0.4465000,0.3837317,0.5936273,-0.1532413},
{0.2945853,0.6221982,0.0297386,0.2353294,0.6030181,0.0198030,0.4030723,0.6854775,0.1321099,0.3485360,0.8044819,0.2116712,0.8600586,0.8220694,0.0942846,0.4762000,0.7538000,0.4111000,0.5258000,0.6659000,0.3060000,0.5812000,0.6179000,0.3113000,0.6060000,0.5541000,0.3414000,0.6592000,0.5136000,0.4459000,0.3808403,0.5912659,-0.1555216},
{0.2920280,0.6196089,0.0272230,0.2324409,0.6004883,0.0171797,0.4012091,0.6823879,0.1305452,0.3456165,0.8010858,0.2102952,0.8586891,0.8201194,0.0917374,0.4726000,0.7527000,0.4088000,0.5231000,0.6646000,0.3043000,0.5784000,0.6168000,0.3099000,0.6033000,0.5532000,0.3402000,0.6559000,0.5132000,0.4453000,0.3778241,0.5887958,-0.1579107},
{0.2894463,0.6169782,0.0246596,0.2297327,0.5981020,0.0146977,0.3992232,0.6790658,0.1288554,0.3427483,0.7976878,0.2088995,0.8575842,0.8185415,0.0896744,0.4692000,0.7516000,0.4065000,0.5206000,0.6634000,0.3025000,0.5757000,0.6159000,0.3085000,0.6009000,0.5523000,0.3391000,0.6527000,0.5128000,0.4446000,0.3749889,0.5864675,-0.1601662},
{0.2870327,0.6145033,0.0222410,0.2272119,0.5958682,0.0123678,0.3973546,0.6759116,0.1272438,0.3399997,0.7943718,0.2075191,0.8561969,0.8165546,0.0870741,0.4658000,0.7506000,0.4044000,0.5182000,0.6623000,0.3009000,0.5732000,0.6150000,0.3071000,0.5984000,0.5516000,0.3379000,0.6496000,0.5124000,0.4439000,0.3720735,0.5840668,-0.1624954},
{0.2845366,0.6119281,0.0197172,0.2245066,0.5934571,0.0098457,0.3954900,0.6727361,0.1256143,0.3373298,0.7910914,0.2061358,0.8550293,0.8148771,0.0848765,0.4627000,0.7495000,0.4022000,0.5162000,0.6613000,0.2992000,0.5709000,0.6142000,0.3056000,0.5960000,0.5509000,0.3367000,0.6465000,0.5120000,0.4432000,0.3691319,0.5816377,-0.1648560},
{0.2822793,0.6095850,0.0174145,0.2221252,0.5913226,0.0076068,0.3937860,0.6698087,0.1241059,0.3349144,0.7880708,0.2048466,0.8540426,0.8134561,0.0830132,0.4598000,0.7486000,0.4002000,0.5141000,0.6603000,0.2976000,0.5689000,0.6137000,0.3041000,0.5937000,0.5501000,0.3356000,0.6436000,0.5116000,0.4424000,0.3664834,0.5794447,-0.1669903},
{0.2800998,0.6073097,0.0151726,0.2197318,0.5891658,0.0053386,0.3921281,0.6669372,0.1226204,0.3326247,0.7851589,0.2035897,0.8529665,0.8119023,0.0809742,0.4570000,0.7477000,0.3982000,0.5141000,0.6603000,0.2976000,0.5668000,0.6129000,0.3027000,0.5918000,0.5496000,0.3344000,0.6407000,0.5111000,0.4416000,0.3637262,0.5771557,-0.1692213},
{0.2780605,0.6051691,0.0130583,0.2173536,0.5870110,0.0030666,0.3906317,0.6643246,0.1212638,0.3305454,0.7824713,0.2024174,0.8519590,0.8104439,0.0790589,0.4544000,0.7466000,0.3962000,0.5151000,0.6602000,0.2981000,0.5650000,0.6124000,0.3015000,0.5896000,0.5489000,0.3333000,0.6381000,0.5107000,0.4409000,0.3609898,0.5748778,-0.1714449},
{0.2757818,0.6027636,0.0106762,0.2151635,0.5850162,0.0009581,0.3891521,0.6617217,0.1199076,0.3285737,0.7798831,0.2012774,0.8510337,0.8091014,0.0772943,0.4519000,0.7457000,0.3945000,0.5161000,0.6602000,0.2986000,0.5635000,0.6118000,0.3002000,0.5879000,0.5485000,0.3322000,0.6355000,0.5102000,0.4402000,0.3586442,0.5729203,-0.1733584},
{0.2739747,0.6008456,0.0087724,0.2129307,0.5829721,-0.0012079,0.3877317,0.6592043,0.1185913,0.3266947,0.7773791,0.2001641,0.8502302,0.8079331,0.0757577,0.4496000,0.7446000,0.3928000,0.5171000,0.6601000,0.2990000,0.5618000,0.6111000,0.2990000,0.5860000,0.5478000,0.3312000,0.6331000,0.5097000,0.4394000,0.3561503,0.5708340,-0.1754004},
{0.2719316,0.5986659,0.0066039,0.2108126,0.5810229,-0.0032781,0.3862373,0.6565353,0.1171910,0.3248832,0.7749287,0.1990648,0.8495298,0.8069130,0.0744152,0.4475000,0.7436000,0.3913000,0.5181000,0.6601000,0.2995000,0.5603000,0.6106000,0.2978000,0.5843000,0.5471000,0.3302000,0.6308000,0.5092000,0.4387000,0.3537200,0.5687959,-0.1773980},
{0.2699625,0.5965536,0.0044975,0.2086989,0.5790681,-0.0053592,0.3848817,0.6540957,0.1159065,0.3231724,0.7725803,0.1980021,0.8485010,0.8054111,0.0724372,0.4455000,0.7426000,0.3899000,0.5191000,0.6600000,0.3000000,0.5589000,0.6098000,0.2968000,0.5828000,0.5466000,0.3291000,0.6286000,0.5087000,0.4380000,0.3514522,0.5668895,-0.1792690},
{0.2682252,0.5946806,0.0026256,0.2065459,0.5770668,-0.0074949,0.3835434,0.6516696,0.1146251,0.3215354,0.7703006,0.1969620,0.8478764,0.8044975,0.0712333,0.4455000,0.7426000,0.3899000,0.5201000,0.6600000,0.3005000,0.5577000,0.6093000,0.2957000,0.5813000,0.5461000,0.3282000,0.6265000,0.5081000,0.4373000,0.3496278,0.5653527,-0.1807790},
{0.2665306,0.5928450,0.0007874,0.2046288,0.5752759,-0.0094104,0.3823550,0.6495001,0.1134757,0.3200401,0.7681893,0.1959913,0.8471803,0.8034777,0.0698886,0.4450000,0.7419000,0.3897000,0.5212000,0.6599000,0.3010000,0.5565000,0.6088000,0.2947000,0.5800000,0.5455000,0.3272000,0.6245000,0.5075000,0.4366000,0.3477341,0.5637545,-0.1823510},
{0.2649220,0.5910944,-0.0009691,0.2027208,0.5734851,-0.0113299,0.3811959,0.6473702,0.1123441,0.3186724,0.7662328,0.1950852,0.8464529,0.8024100,0.0684800,0.4446000,0.7412000,0.3895000,0.5222000,0.6599000,0.3015000,0.5553000,0.6081000,0.2938000,0.5786000,0.5448000,0.3264000,0.6227000,0.5069000,0.4360000,0.3460068,0.5622939,-0.1837890},
{0.2632582,0.5892756,-0.0027976,0.2009587,0.5718238,-0.0131142,0.3801079,0.6453583,0.1112722,0.3174033,0.7643951,0.1942285,0.8457716,0.8014083,0.0671576,0.4442000,0.7404000,0.3893000,0.5232000,0.6598000,0.3020000,0.5540000,0.6073000,0.2929000,0.5773000,0.5442000,0.3256000,0.6210000,0.5062000,0.4353000,0.3439468,0.5605486,-0.1855092},
{0.2618355,0.5877135,-0.0043710,0.1991434,0.5701046,-0.0149643,0.3791237,0.6435274,0.1102942,0.3161618,0.7625755,0.1933748,0.8451250,0.8004560,0.0658999,0.4437000,0.7397000,0.3890000,0.5242000,0.6598000,0.3025000,0.5531000,0.6067000,0.2920000,0.5762000,0.5434000,0.3247000,0.6194000,0.5056000,0.4347000,0.3422519,0.5591098,-0.1869287},
{0.2603426,0.5860673,-0.0060319,0.1973688,0.5684163,-0.0167850,0.3782087,0.6418156,0.1093778,0.3150005,0.7608534,0.1925620,0.8445686,0.7996353,0.0648155,0.4433000,0.7390000,0.3888000,0.5252000,0.6597000,0.3030000,0.5521000,0.6061000,0.2912000,0.5751000,0.5427000,0.3240000,0.6180000,0.5050000,0.4342000,0.3409240,0.5579808,-0.1880437},
{0.2590488,0.5846351,-0.0074793,0.1956362,0.5667606,-0.0185740,0.3772911,0.6400898,0.1084517,0.3139045,0.7592097,0.1917816,0.8440996,0.7989426,0.0638997,0.4428000,0.7383000,0.3886000,0.5262000,0.6596000,0.3035000,0.5510000,0.6053000,0.2904000,0.5740000,0.5420000,0.3234000,0.6167000,0.5043000,0.4336000,0.3392909,0.5565901,-0.1894181},
{0.2577972,0.5832444,-0.0088869,0.1944332,0.5656067,-0.0198229,0.3764331,0.6384676,0.1075793,0.3128613,0.7576279,0.1910264,0.8434747,0.7980183,0.0626773,0.4424000,0.7376000,0.3884000,0.5272000,0.6596000,0.3040000,0.5502000,0.6046000,0.2897000,0.5731000,0.5413000,0.3229000,0.6156000,0.5037000,0.4332000,0.3383319,0.5557724,-0.1902269},
{0.2570874,0.5824535,-0.0096884,0.1939875,0.5651783,-0.0202870,0.3757480,0.6371663,0.1068782,0.3119575,0.7562434,0.1903621,0.8429399,0.7972262,0.0616292,0.4420000,0.7369000,0.3882000,0.5283000,0.6595000,0.3045000,0.5496000,0.6039000,0.2890000,0.5725000,0.5407000,0.3222000,0.6146000,0.5030000,0.4326000,0.3373248,0.5549127,-0.1910777},
{0.2566316,0.5819448,-0.0102043,0.1939406,0.5651332,-0.0203359,0.3750704,0.6358738,0.1061806,0.3112389,0.7551329,0.1898270,0.8425269,0.7966138,0.0608186,0.4415000,0.7362000,0.3880000,0.5293000,0.6595000,0.3050000,0.5489000,0.6031000,0.2885000,0.5717000,0.5399000,0.3217000,0.6137000,0.5023000,0.4322000,0.3367093,0.5543868,-0.1915983},
{0.2562510,0.5815195,-0.0106358,0.1937073,0.5649087,-0.0205792,0.3746401,0.6350502,0.1057354,0.3107116,0.7543126,0.1894304,0.8420479,0.7959026,0.0598769,0.4411000,0.7355000,0.3877000,0.5303000,0.6594000,0.3055000,0.5483000,0.6025000,0.2879000,0.5713000,0.5393000,0.3212000,0.6129000,0.5016000,0.4318000,0.3366415,0.5543288,-0.1916557},
{0.2558657,0.5810884,-0.0110734,0.1936414,0.5648453,-0.0206479,0.3743822,0.6345555,0.1054678,0.3103314,0.7537181,0.1891423,0.8418325,0.7955825,0.0594528,0.4407000,0.7348000,0.3875000,0.5313000,0.6594000,0.3060000,0.5477000,0.6016000,0.2875000,0.5706000,0.5386000,0.3208000,0.6123000,0.5009000,0.4313000,0.3365138,0.5542197,-0.1917638},
{0.2556095,0.5808015,-0.0113647,0.1933733,0.5645871,-0.0209279,0.3742067,0.6342185,0.1052854,0.3100705,0.7533086,0.1889436,0.8413131,0.7948099,0.0584292,0.4402000,0.7340000,0.3873000,0.5323000,0.6593000,0.3064000,0.5474000,0.6010000,0.2871000,0.5703000,0.5379000,0.3203000,0.6118000,0.5001000,0.4309000,0.3360419,0.5538162,-0.1921635},
{0.2552849,0.5804376,-0.0117343,0.1930936,0.5643175,-0.0212202,0.3739862,0.6337944,0.1050557,0.3099044,0.7530474,0.1888166,0.8412980,0.7947874,0.0583994,0.4398000,0.7333000,0.3871000,0.5333000,0.6593000,0.3069000,0.5470000,0.6004000,0.2866000,0.5702000,0.5373000,0.3198000,0.6115000,0.4993000,0.4304000,0.3355345,0.5533821,-0.1925935},
{0.2552035,0.5803463,-0.0118271,0.1930936,0.5643175,-0.0212202,0.3739418,0.6337091,0.1050095,0.3097794,0.7528504,0.1887208,0.8410844,0.7944694,0.0579780,0.4394000,0.7326000,0.3869000,0.5343000,0.6592000,0.3074000,0.5465000,0.5995000,0.2863000,0.5697000,0.5365000,0.3194000,0.6112000,0.4985000,0.4299000,0.3355345,0.5533821,-0.1925935},
{0.2549599,0.5800731,-0.0121048,0.1928779,0.5641095,-0.0214459,0.3738180,0.6334706,0.1048803,0.3097533,0.7528094,0.1887009,0.8410844,0.7944694,0.0579780,0.4389000,0.7319000,0.3867000,0.5354000,0.6591000,0.3079000,0.5465000,0.5991000,0.2859000,0.5696000,0.5358000,0.3190000,0.6110000,0.4977000,0.4294000,0.3355345,0.5533821,-0.1925935}
};
