fitErrPi Mean = 0.318282
fitErrTh Mean = 0.00566384
fitErrWr Mean = 0.00461107
fitErrLA Mean = 0.00363331
fitErrEl Mean = 0.0493876
fitErrUA Mean = 0.0345056
efPts = {
{0.5728448,0.7889355,0.1339548,0.5335896,0.7463987,0.1183728,0.5954583,0.9264601,0.1792707,0.4553797,0.1794258,-0.0190400,0.4424556,0.4097604,-0.0650794,0.6947000,0.8839000,0.4528000,0.6644000,0.7183000,0.3454000,0.7097000,0.6482000,0.2693000,0.7142000,0.6025000,0.3810000,0.7887000,0.5248000,0.5258000,0.3182823,0.0000000,0.0000000},
{0.5686510,0.7899738,0.1366192,0.5299446,0.7476023,0.1211748,0.5919200,0.9269070,0.1806493,0.6587610,0.9550175,0.1850016,0.6776150,0.9103759,0.2833790,0.6927000,0.8834000,0.4524000,0.6629000,0.7179000,0.3447000,0.7086000,0.6481000,0.2688000,0.7127000,0.6024000,0.3805000,0.7868000,0.5250000,0.5258000,0.3182823,0.0000000,0.0000000},
{0.5641722,0.7909928,0.1393652,0.5261771,0.7487706,0.1239724,0.5882746,0.9273160,0.1820416,0.6560850,0.9549923,0.1854396,0.6754811,0.9102117,0.2838840,0.6906000,0.8829000,0.4521000,0.6613000,0.7175000,0.3440000,0.7074000,0.6480000,0.2684000,0.7112000,0.6023000,0.3801000,0.7849000,0.5252000,0.5258000,0.3182823,0.0000000,0.0000000},
{0.5594883,0.7919653,0.1421339,0.5217232,0.7500593,0.1271593,0.5845129,0.9276849,0.1834494,0.6531051,0.9549506,0.1859233,0.6731990,0.9100284,0.2844175,0.6884000,0.8823000,0.4518000,0.6596000,0.7172000,0.3433000,0.7063000,0.6478000,0.2680000,0.7095000,0.6021000,0.3797000,0.7830000,0.5253000,0.5258000,0.3182823,0.0000000,0.0000000},
{0.5544711,0.7929079,0.1449898,0.5174814,0.7511999,0.1300817,0.5807113,0.9280046,0.1848432,0.6500259,0.9548926,0.1864184,0.6708384,0.9098303,0.2849623,0.6863000,0.8817000,0.4514000,0.6579000,0.7167000,0.3426000,0.7050000,0.6475000,0.2676000,0.7078000,0.6019000,0.3794000,0.7810000,0.5255000,0.5258000,0.3182823,0.0000000,0.0000000},
{0.5493502,0.7937709,0.1477951,0.5125929,0.7524165,0.1333223,0.5767062,0.9282853,0.1862810,0.6468720,0.9548174,0.1869207,0.6683504,0.9096122,0.2855288,0.6840000,0.8811000,0.4511000,0.6561000,0.7163000,0.3419000,0.7037000,0.6473000,0.2673000,0.7059000,0.6017000,0.3790000,0.7790000,0.5255000,0.5259000,0.3182823,0.0000000,0.0000000},
{0.5441336,0.7945532,0.1505456,0.5070720,0.7536736,0.1368300,0.5726098,0.9285146,0.1877201,0.6435871,0.9547222,0.1874387,0.6657888,0.9093779,0.2861037,0.6817000,0.8804000,0.4508000,0.6542000,0.7159000,0.3412000,0.7023000,0.6471000,0.2669000,0.7040000,0.6014000,0.3787000,0.7769000,0.5256000,0.5258000,0.3182823,0.0000000,0.0000000},
{0.5383395,0.7953143,0.1534814,0.5013931,0.7548464,0.1402817,0.5682235,0.9286970,0.1892266,0.6402724,0.9546088,0.1879560,0.6631425,0.9091252,0.2866889,0.6793000,0.8797000,0.4505000,0.6522000,0.7154000,0.3406000,0.7008000,0.6468000,0.2665000,0.7020000,0.6012000,0.3783000,0.7748000,0.5256000,0.5259000,0.3182823,0.0000000,0.0000000},
{0.5323915,0.7959845,0.1563721,0.4955337,0.7559377,0.1436887,0.5637724,0.9288174,0.1907201,0.6368239,0.9544722,0.1884886,0.6604572,0.9088581,0.2872736,0.6769000,0.8791000,0.4502000,0.6502000,0.7149000,0.3400000,0.6993000,0.6465000,0.2661000,0.6999000,0.6008000,0.3780000,0.7726000,0.5256000,0.5259000,0.3182823,0.0000000,0.0000000},
{0.5264597,0.7965472,0.1591380,0.4889568,0.7570291,0.1473391,0.5591484,0.9288754,0.1922352,0.6333831,0.9543173,0.1890143,0.6576882,0.9085712,0.2878670,0.6743000,0.8785000,0.4498000,0.6481000,0.7143000,0.3394000,0.6977000,0.6461000,0.2657000,0.6978000,0.6005000,0.3777000,0.7704000,0.5256000,0.5259000,0.3182823,0.0000000,0.0000000},
{0.5196242,0.7970721,0.1621886,0.4822444,0.7580074,0.1508883,0.5543720,0.9288655,0.1937620,0.6297905,0.9541356,0.1895570,0.6549086,0.9082717,0.2884531,0.6717000,0.8779000,0.4494000,0.6459000,0.7137000,0.3388000,0.6960000,0.6457000,0.2654000,0.6955000,0.6002000,0.3775000,0.7682000,0.5257000,0.5259000,0.3182823,0.0000000,0.0000000},
{0.5130389,0.7974596,0.1649966,0.4750482,0.7589144,0.1545089,0.5492952,0.9287793,0.1953437,0.6260561,0.9539253,0.1901145,0.6519096,0.9079357,0.2890745,0.6691000,0.8772000,0.4491000,0.6437000,0.7132000,0.3383000,0.6943000,0.6453000,0.2650000,0.6933000,0.5999000,0.3772000,0.7661000,0.5256000,0.5260000,0.3182823,0.0000000,0.0000000},
{0.5062394,0.7977443,0.1677683,0.4674699,0.7597215,0.1581290,0.5439730,0.9286076,0.1969575,0.6221437,0.9536816,0.1906915,0.6490081,0.9075979,0.2896652,0.6664000,0.8766000,0.4488000,0.6413000,0.7127000,0.3379000,0.6926000,0.6448000,0.2647000,0.6910000,0.5995000,0.3770000,0.7639000,0.5256000,0.5260000,0.3182823,0.0000000,0.0000000},
{0.4990715,0.7979240,0.1705569,0.4594479,0.7604210,0.1617598,0.5384972,0.9283464,0.1985719,0.6181404,0.9534074,0.1912743,0.6459800,0.9072321,0.2902705,0.6637000,0.8760000,0.4485000,0.6389000,0.7122000,0.3375000,0.6908000,0.6443000,0.2644000,0.6888000,0.5991000,0.3768000,0.7617000,0.5256000,0.5260000,0.3182823,0.0000000,0.0000000},
{0.4914354,0.7979863,0.1733846,0.4512406,0.7609823,0.1652737,0.5327931,0.9279854,0.2002051,0.6139715,0.9530955,0.1918730,0.6427721,0.9068299,0.2908995,0.6609000,0.8754000,0.4481000,0.6365000,0.7115000,0.3371000,0.6889000,0.6438000,0.2642000,0.6866000,0.5987000,0.3766000,0.7595000,0.5256000,0.5261000,0.3182823,0.0000000,0.0000000},
{0.4835074,0.7979167,0.1761719,0.4425472,0.7614169,0.1687875,0.5268370,0.9275142,0.2018591,0.6095095,0.9527317,0.1925047,0.6393936,0.9063901,0.2915483,0.6580000,0.8747000,0.4478000,0.6340000,0.7108000,0.3368000,0.6871000,0.6433000,0.2639000,0.6845000,0.5981000,0.3764000,0.7573000,0.5256000,0.5262000,0.3182823,0.0000000,0.0000000},
{0.4752545,0.7977059,0.1789201,0.4337674,0.7616983,0.1721315,0.5207760,0.9269384,0.2034897,0.6049678,0.9523299,0.1931380,0.6359723,0.9059278,0.2921913,0.6551000,0.8741000,0.4474000,0.6314000,0.7101000,0.3365000,0.6852000,0.6427000,0.2637000,0.6824000,0.5976000,0.3761000,0.7552000,0.5257000,0.5263000,0.3182823,0.0000000,0.0000000},
{0.4668861,0.7973544,0.1815544,0.4246613,0.7618322,0.1753942,0.5144399,0.9262350,0.2051391,0.6000945,0.9518633,0.1938067,0.6323555,0.9054207,0.2928555,0.6521000,0.8734000,0.4470000,0.6288000,0.7094000,0.3361000,0.6832000,0.6420000,0.2634000,0.6803000,0.5970000,0.3759000,0.7533000,0.5259000,0.5265000,0.3182823,0.0000000,0.0000000},
{0.4582455,0.7968521,0.1841203,0.4153735,0.7618115,0.1785174,0.5080266,0.9254200,0.2067524,0.5951415,0.9513517,0.1944748,0.6286369,0.9048797,0.2935220,0.6491000,0.8726000,0.4467000,0.6262000,0.7086000,0.3359000,0.6813000,0.6413000,0.2632000,0.6781000,0.5964000,0.3757000,0.7509000,0.5259000,0.5266000,0.3182823,0.0000000,0.0000000},
{0.4494533,0.7962017,0.1865768,0.4059317,0.7616355,0.1814908,0.5011956,0.9244404,0.2084100,0.5898991,0.9507692,0.1951694,0.6246347,0.9042754,0.2942208,0.6459000,0.8718000,0.4464000,0.6235000,0.7077000,0.3356000,0.6792000,0.6406000,0.2630000,0.6758000,0.5958000,0.3755000,0.7485000,0.5259000,0.5268000,0.3182823,0.0000000,0.0000000},
{0.4405898,0.7954089,0.1889015,0.3963147,0.7613028,0.1843199,0.4940612,0.9232970,0.2100758,0.5844662,0.9501211,0.1958756,0.6205156,0.9036295,0.2949200,0.6426000,0.8709000,0.4461000,0.6207000,0.7068000,0.3354000,0.6771000,0.6399000,0.2628000,0.6735000,0.5952000,0.3754000,0.7460000,0.5259000,0.5270000,0.3182823,0.0000000,0.0000000},
{0.4314391,0.7944512,0.1911475,0.3864532,0.7608076,0.1870205,0.4873955,0.9221200,0.2115728,0.5787755,0.9493940,0.1966005,0.6161540,0.9029194,0.2956384,0.6393000,0.8699000,0.4458000,0.6178000,0.7059000,0.3351000,0.6750000,0.6391000,0.2626000,0.6712000,0.5946000,0.3753000,0.7435000,0.5259000,0.5271000,0.3182823,0.0000000,0.0000000},
{0.4221410,0.7933378,0.1932744,0.3768467,0.7601810,0.1894637,0.4799173,0.9206767,0.2131853,0.5728598,0.9485857,0.1973380,0.6115553,0.9021416,0.2963716,0.6359000,0.8690000,0.4454000,0.6148000,0.7048000,0.3349000,0.6728000,0.6384000,0.2624000,0.6690000,0.5939000,0.3752000,0.7410000,0.5259000,0.5273000,0.3182823,0.0000000,0.0000000},
{0.4126612,0.7920615,0.1952867,0.3665557,0.7593573,0.1918826,0.4724563,0.9191095,0.2147249,0.5665925,0.9476711,0.1981015,0.6069520,0.9013332,0.2970805,0.6324000,0.8680000,0.4451000,0.6117000,0.7038000,0.3348000,0.6705000,0.6376000,0.2622000,0.6666000,0.5934000,0.3750000,0.7385000,0.5259000,0.5275000,0.3182823,0.0000000,0.0000000},
{0.4030993,0.7906338,0.1971610,0.3564454,0.7583995,0.1940658,0.4647928,0.9173695,0.2162353,0.5602029,0.9466772,0.1988609,0.6020638,0.9004423,0.2978061,0.6288000,0.8670000,0.4448000,0.6084000,0.7027000,0.3346000,0.6682000,0.6369000,0.2620000,0.6642000,0.5928000,0.3749000,0.7360000,0.5259000,0.5277000,0.3182823,0.0000000,0.0000000},
{0.3934829,0.7890593,0.1988926,0.3462608,0.7572901,0.1960770,0.4570192,0.9154715,0.2176949,0.5535611,0.9455782,0.1996302,0.5971122,0.8995058,0.2985126,0.6252000,0.8660000,0.4445000,0.6051000,0.7015000,0.3346000,0.6657000,0.6362000,0.2619000,0.6619000,0.5922000,0.3748000,0.7335000,0.5258000,0.5278000,0.3182823,0.0000000,0.0000000},
{0.3837715,0.7873313,0.2004885,0.3362230,0.7560584,0.1978793,0.4490283,0.9133826,0.2191202,0.5467353,0.9443788,0.2003993,0.5918728,0.8984779,0.2992291,0.6216000,0.8649000,0.4442000,0.6016000,0.7004000,0.3345000,0.6633000,0.6355000,0.2617000,0.6595000,0.5916000,0.3746000,0.7309000,0.5258000,0.5280000,0.3182823,0.0000000,0.0000000},
{0.3739765,0.7854507,0.2019458,0.3260019,0.7546662,0.1995352,0.4409400,0.9111274,0.2204861,0.5397898,0.9430854,0.2011595,0.5866201,0.8974091,0.2999155,0.6179000,0.8637000,0.4438000,0.5975000,0.6986000,0.3343000,0.6609000,0.6349000,0.2616000,0.6571000,0.5910000,0.3745000,0.7284000,0.5259000,0.5282000,0.3182823,0.0000000,0.0000000},
{0.3641598,0.7834295,0.2032553,0.3157830,0.7531380,0.2010132,0.4326909,0.9086826,0.2218003,0.5326225,0.9416737,0.2019204,0.5811858,0.8962632,0.3005920,0.6142000,0.8625000,0.4435000,0.5938000,0.6972000,0.3342000,0.6584000,0.6344000,0.2615000,0.6547000,0.5905000,0.3744000,0.7259000,0.5259000,0.5284000,0.3182823,0.0000000,0.0000000},
{0.3541532,0.7812307,0.2044368,0.3054792,0.7514614,0.2023270,0.4243068,0.9060489,0.2230549,0.5254162,0.9401752,0.2026611,0.5757677,0.8950803,0.3012324,0.6105000,0.8612000,0.4432000,0.5938000,0.6972000,0.3342000,0.6559000,0.6337000,0.2612000,0.6522000,0.5901000,0.3743000,0.7233000,0.5260000,0.5286000,0.3182823,0.0000000,0.0000000},
{0.3440263,0.7788647,0.2054767,0.2950924,0.7496352,0.2034745,0.4158437,0.9032389,0.2242387,0.5178802,0.9385230,0.2034096,0.5702164,0.8938262,0.3018536,0.6068000,0.8600000,0.4428000,0.5900000,0.6959000,0.3341000,0.6536000,0.6332000,0.2609000,0.6497000,0.5896000,0.3741000,0.7207000,0.5261000,0.5288000,0.3182823,0.0000000,0.0000000},
{0.3338792,0.7763534,0.2063631,0.2845748,0.7476485,0.2044574,0.4071617,0.9001983,0.2253671,0.5101894,0.9367468,0.2041459,0.5645298,0.8924977,0.3024530,0.6031000,0.8586000,0.4424000,0.5867000,0.6948000,0.3338000,0.6513000,0.6327000,0.2607000,0.6472000,0.5891000,0.3740000,0.7181000,0.5262000,0.5290000,0.3182823,0.0000000,0.0000000},
{0.3237091,0.7736960,0.2070961,0.2741503,0.7455439,0.2052554,0.3984127,0.8969725,0.2264161,0.5024499,0.9348672,0.2048586,0.5589143,0.8911422,0.3030085,0.5993000,0.8573000,0.4419000,0.5835000,0.6936000,0.3335000,0.6491000,0.6321000,0.2604000,0.6448000,0.5885000,0.3738000,0.7154000,0.5263000,0.5292000,0.3182823,0.0000000,0.0000000},
{0.3134869,0.7708841,0.2076768,0.2635863,0.7432743,0.2058862,0.3897789,0.8936296,0.2273644,0.4946334,0.9328747,0.2055494,0.5532567,0.8897327,0.3035314,0.5955000,0.8559000,0.4415000,0.5803000,0.6925000,0.3332000,0.6470000,0.6316000,0.2601000,0.6423000,0.5880000,0.3736000,0.7128000,0.5264000,0.5293000,0.3182823,0.0000000,0.0000000},
{0.3032830,0.7679363,0.2081006,0.2531835,0.7409052,0.2063328,0.3810809,0.8901007,0.2282318,0.4867300,0.9307631,0.2062182,0.5475340,0.8882622,0.3040228,0.5917000,0.8546000,0.4410000,0.5771000,0.6914000,0.3328000,0.6450000,0.6311000,0.2599000,0.6399000,0.5876000,0.3735000,0.7101000,0.5266000,0.5294000,0.3182823,0.0000000,0.0000000},
{0.2931099,0.7648571,0.2083678,0.2427690,0.7384001,0.2066064,0.3725000,0.8864597,0.2290007,0.4787792,0.9285398,0.2068607,0.5418020,0.8867441,0.3044772,0.5879000,0.8533000,0.4405000,0.5740000,0.6903000,0.3323000,0.6430000,0.6305000,0.2596000,0.6375000,0.5871000,0.3732000,0.7074000,0.5268000,0.5295000,0.3182823,0.0000000,0.0000000},
{0.2829314,0.7616355,0.2084794,0.2324176,0.7357776,0.2067059,0.3638529,0.8826288,0.2296873,0.4708214,0.9262144,0.2074729,0.5360994,0.8851889,0.3048916,0.5840000,0.8519000,0.4400000,0.5709000,0.6892000,0.3318000,0.6410000,0.6299000,0.2593000,0.6351000,0.5867000,0.3729000,0.7048000,0.5270000,0.5297000,0.3182823,0.0000000,0.0000000},
{0.2728456,0.7583034,0.2084352,0.2220832,0.7330268,0.2066329,0.3552083,0.8786345,0.2302840,0.4629538,0.9238162,0.2080478,0.5302999,0.8835611,0.3052744,0.5801000,0.8505000,0.4394000,0.5679000,0.6881000,0.3312000,0.6389000,0.6291000,0.2589000,0.6328000,0.5861000,0.3726000,0.7022000,0.5271000,0.5297000,0.3182823,0.0000000,0.0000000},
{0.2629366,0.7548929,0.2082402,0.2118393,0.7301683,0.2063890,0.3466518,0.8745166,0.2307852,0.4550383,0.9213028,0.2085954,0.5245047,0.8818880,0.3056180,0.5763000,0.8490000,0.4388000,0.5650000,0.6872000,0.3306000,0.6367000,0.6282000,0.2585000,0.6306000,0.5855000,0.3723000,0.6996000,0.5273000,0.5299000,0.3182823,0.0000000,0.0000000},
{0.2530334,0.7513472,0.2078936,0.2017797,0.7272321,0.2059815,0.3382684,0.8703208,0.2311884,0.4471682,0.9187028,0.2091088,0.5187675,0.8801856,0.3059196,0.5724000,0.8476000,0.4382000,0.5622000,0.6862000,0.3299000,0.6345000,0.6273000,0.2581000,0.6286000,0.5852000,0.3715000,0.6970000,0.5277000,0.5300000,0.3182823,0.0000000,0.0000000},
{0.2433211,0.7477347,0.2074040,0.1918450,0.7242051,0.2054136,0.3299304,0.8659864,0.2315014,0.4394701,0.9160613,0.2095808,0.5130407,0.8784405,0.3061822,0.5686000,0.8462000,0.4376000,0.5595000,0.6851000,0.3293000,0.6323000,0.6263000,0.2576000,0.6260000,0.5846000,0.3714000,0.6944000,0.5279000,0.5301000,0.3182823,0.0000000,0.0000000},
{0.2337082,0.7440251,0.2067710,0.1821064,0.7211131,0.2046946,0.3218469,0.8616273,0.2317194,0.4317545,0.9133149,0.2100236,0.5073640,0.8766652,0.3064045,0.5648000,0.8448000,0.4369000,0.5568000,0.6842000,0.3288000,0.6301000,0.6255000,0.2572000,0.6239000,0.5841000,0.3711000,0.6918000,0.5282000,0.5303000,0.3182823,0.0000000,0.0000000},
{0.2244103,0.7403076,0.2060155,0.1724914,0.7179370,0.2038243,0.3138125,0.8571378,0.2318506,0.4242428,0.9105449,0.2104252,0.5016929,0.8748463,0.3065886,0.5611000,0.8434000,0.4361000,0.5542000,0.6832000,0.3281000,0.6280000,0.6246000,0.2567000,0.6218000,0.5837000,0.3706000,0.6893000,0.5285000,0.5304000,0.3182823,0.0000000,0.0000000},
{0.2152113,0.7365016,0.2051264,0.1630066,0.7146812,0.2028061,0.3059137,0.8525677,0.2318943,0.4167631,0.9076913,0.2107958,0.4960757,0.8729997,0.3067333,0.5573000,0.8419000,0.4354000,0.5517000,0.6824000,0.3274000,0.6259000,0.6239000,0.2563000,0.6196000,0.5833000,0.3701000,0.6867000,0.5289000,0.5304000,0.3182823,0.0000000,0.0000000},
{0.2062539,0.7326701,0.2041218,0.1541568,0.7115309,0.2017098,0.2981833,0.8479405,0.2318529,0.4093544,0.9047696,0.2111337,0.4905576,0.8711419,0.3068387,0.5536000,0.8405000,0.4347000,0.5492000,0.6815000,0.3267000,0.6239000,0.6232000,0.2558000,0.6175000,0.5829000,0.3697000,0.6842000,0.5292000,0.5304000,0.3182823,0.0000000,0.0000000},
{0.1975551,0.7288278,0.2030116,0.1453041,0.7082682,0.2004683,0.2907083,0.8433163,0.2317313,0.4022252,0.9018673,0.2114310,0.4851994,0.8692959,0.3069060,0.5499000,0.8391000,0.4340000,0.5467000,0.6807000,0.3259000,0.6217000,0.6224000,0.2553000,0.6153000,0.5826000,0.3691000,0.6817000,0.5296000,0.5304000,0.3182823,0.0000000,0.0000000},
{0.1892497,0.7250442,0.2018244,0.1367801,0.7050185,0.1991322,0.2834405,0.8386745,0.2315335,0.3952613,0.8989452,0.2116946,0.4799081,0.8674323,0.3069383,0.5462000,0.8378000,0.4332000,0.5444000,0.6800000,0.3251000,0.6195000,0.6215000,0.2549000,0.6131000,0.5823000,0.3686000,0.6791000,0.5299000,0.5304000,0.3182823,0.0000000,0.0000000},
{0.1810370,0.7211891,0.2005245,0.1284799,0.7017492,0.1976947,0.2764721,0.8340843,0.2312678,0.3884639,0.8960087,0.2119261,0.4747000,0.8655580,0.3069366,0.5425000,0.8363000,0.4324000,0.5421000,0.6793000,0.3243000,0.6174000,0.6208000,0.2543000,0.6111000,0.5820000,0.3680000,0.6766000,0.5302000,0.5303000,0.3182823,0.0000000,0.0000000},
{0.1731411,0.7173725,0.1991528,0.1205216,0.6985144,0.1961860,0.2696449,0.8294497,0.2309327,0.3816610,0.8929851,0.2121318,0.4696849,0.8637155,0.3069035,0.5389000,0.8350000,0.4315000,0.5399000,0.6786000,0.3235000,0.6151000,0.6199000,0.2538000,0.6090000,0.5817000,0.3674000,0.6742000,0.5305000,0.5302000,0.3182823,0.0000000,0.0000000},
{0.1656221,0.7136344,0.1977318,0.1127869,0.6952732,0.1945933,0.2631307,0.8248961,0.2305412,0.3755907,0.8902144,0.2122931,0.4646539,0.8618298,0.3068388,0.5353000,0.8336000,0.4307000,0.5379000,0.6779000,0.3226000,0.6129000,0.6190000,0.2531000,0.6069000,0.5813000,0.3669000,0.6717000,0.5307000,0.5300000,0.3182823,0.0000000,0.0000000},
{0.1580635,0.7097709,0.1961863,0.1054000,0.6920854,0.1929521,0.2567803,0.8203285,0.2300896,0.3691145,0.8871817,0.2124416,0.4598341,0.8599876,0.3067471,0.5317000,0.8322000,0.4298000,0.5360000,0.6773000,0.3217000,0.6106000,0.6181000,0.2525000,0.6048000,0.5809000,0.3663000,0.6692000,0.5311000,0.5299000,0.3182823,0.0000000,0.0000000},
{0.1510442,0.7060847,0.1946423,0.0982491,0.6889105,0.1912474,0.2506694,0.8158086,0.2295871,0.3629255,0.8842082,0.2125604,0.4550825,0.8581372,0.3066280,0.5282000,0.8309000,0.4289000,0.5341000,0.6767000,0.3208000,0.6086000,0.6173000,0.2518000,0.6028000,0.5804000,0.3660000,0.6668000,0.5314000,0.5297000,0.3182823,0.0000000,0.0000000},
{0.1443611,0.7024836,0.1930710,0.0913629,0.6857672,0.1894943,0.2447144,0.8112814,0.2290308,0.3567800,0.8811816,0.2126557,0.4504211,0.8562884,0.3064831,0.5248000,0.8295000,0.4280000,0.5323000,0.6760000,0.3200000,0.6062000,0.6156000,0.2517000,0.6028000,0.5804000,0.3660000,0.6644000,0.5317000,0.5295000,0.3182823,0.0000000,0.0000000},
{0.1378156,0.6988669,0.1914326,0.0848046,0.6826923,0.1877189,0.2390008,0.8068193,0.2284323,0.3507747,0.8781515,0.2127265,0.4458638,0.8544486,0.3063144,0.5214000,0.8282000,0.4271000,0.5304000,0.6754000,0.3190000,0.6046000,0.6149000,0.2511000,0.6028000,0.5802000,0.3661000,0.6620000,0.5321000,0.5293000,0.3182823,0.0000000,0.0000000},
{0.1315963,0.6953449,0.1897812,0.0784748,0.6796465,0.1859038,0.2334230,0.8023462,0.2277843,0.3449134,0.8751237,0.2127741,0.4414591,0.8526398,0.3061257,0.5181000,0.8269000,0.4261000,0.5285000,0.6747000,0.3180000,0.6046000,0.6149000,0.2511000,0.6028000,0.5800000,0.3662000,0.6598000,0.5325000,0.5290000,0.3182823,0.0000000,0.0000000},
{0.1256184,0.6918777,0.1881033,0.0724837,0.6766903,0.1840904,0.2282316,0.7980744,0.2271221,0.3392129,0.8721111,0.2127995,0.4370695,0.8508068,0.3059122,0.5148000,0.8256000,0.4251000,0.5265000,0.6741000,0.3170000,0.6051000,0.6148000,0.2514000,0.6028000,0.5798000,0.3663000,0.6576000,0.5328000,0.5287000,0.3182823,0.0000000,0.0000000},
{0.1199616,0.6885198,0.1864304,0.0667236,0.6737781,0.1822558,0.2232703,0.7938895,0.2264334,0.3337368,0.8691528,0.2128043,0.4328329,0.8490088,0.3056819,0.5115000,0.8243000,0.4241000,0.5246000,0.6734000,0.3161000,0.6057000,0.6147000,0.2516000,0.6028000,0.5797000,0.3664000,0.6554000,0.5331000,0.5285000,0.3182823,0.0000000,0.0000000},
{0.1145110,0.6852105,0.1847368,0.0612489,0.6709439,0.1804260,0.2185812,0.7898380,0.2257300,0.3285321,0.8662818,0.2127905,0.4287504,0.8472490,0.3054372,0.5083000,0.8231000,0.4231000,0.5226000,0.6726000,0.3152000,0.6063000,0.6146000,0.2518000,0.6028000,0.5795000,0.3665000,0.6533000,0.5334000,0.5282000,0.3182823,0.0000000,0.0000000},
{0.1093417,0.6820024,0.1830535,0.0559773,0.6681515,0.1785816,0.2141024,0.7858768,0.2250084,0.3234855,0.8634417,0.2127600,0.4247405,0.8454941,0.3051748,0.5052000,0.8219000,0.4220000,0.5207000,0.6717000,0.3142000,0.6069000,0.6145000,0.2521000,0.6029000,0.5793000,0.3666000,0.6512000,0.5338000,0.5279000,0.3182823,0.0000000,0.0000000},
{0.1043902,0.6788630,0.1813676,0.0510041,0.6654577,0.1767643,0.2099407,0.7821125,0.2242923,0.3186992,0.8606959,0.2127150,0.4208846,0.8437819,0.3049017,0.5022000,0.8207000,0.4208000,0.5187000,0.6708000,0.3133000,0.6074000,0.6144000,0.2523000,0.6029000,0.5792000,0.3667000,0.6491000,0.5341000,0.5276000,0.3182823,0.0000000,0.0000000},
{0.0997570,0.6758642,0.1797223,0.0463309,0.6628717,0.1749854,0.2058746,0.7783530,0.2235483,0.3140333,0.8579695,0.2126559,0.4172266,0.8421347,0.3046235,0.4992000,0.8196000,0.4196000,0.5168000,0.6700000,0.3123000,0.6080000,0.6143000,0.2525000,0.6029000,0.5790000,0.3668000,0.6471000,0.5344000,0.5273000,0.3182823,0.0000000,0.0000000},
{0.0953353,0.6729446,0.1780882,0.0419300,0.6603859,0.1732445,0.2019628,0.7746567,0.2227891,0.3094377,0.8552354,0.2125827,0.4136488,0.8405020,0.3043333,0.4963000,0.8185000,0.4184000,0.5149000,0.6691000,0.3112000,0.6086000,0.6142000,0.2528000,0.6029000,0.5788000,0.3669000,0.6451000,0.5348000,0.5269000,0.3182823,0.0000000,0.0000000},
{0.0910916,0.6700873,0.1764589,0.0377242,0.6579627,0.1715190,0.1982999,0.7711216,0.2220379,0.3050774,0.8525956,0.2124992,0.4101845,0.8389005,0.3040351,0.4936000,0.8176000,0.4171000,0.5131000,0.6683000,0.3103000,0.6091000,0.6141000,0.2530000,0.6029000,0.5786000,0.3669000,0.6431000,0.5353000,0.5267000,0.3182823,0.0000000,0.0000000},
{0.0870577,0.6673190,0.1748522,0.0336666,0.6555791,0.1697946,0.1947797,0.7676535,0.2212774,0.3008627,0.8500010,0.2124054,0.4068364,0.8373333,0.3037306,0.4909000,0.8166000,0.4158000,0.5113000,0.6674000,0.3093000,0.6097000,0.6140000,0.2532000,0.6030000,0.5785000,0.3670000,0.6412000,0.5356000,0.5264000,0.3182823,0.0000000,0.0000000},
{0.0831707,0.6646013,0.1732484,0.0298210,0.6532768,0.1681040,0.1913890,0.7642443,0.2205076,0.2968086,0.8474647,0.2123027,0.4036410,0.8358194,0.3034248,0.4883000,0.8157000,0.4145000,0.5096000,0.6666000,0.3083000,0.6103000,0.6139000,0.2535000,0.6030000,0.5783000,0.3671000,0.6394000,0.5361000,0.5260000,0.3182823,0.0000000,0.0000000},
{0.0795214,0.6620029,0.1716909,0.0260794,0.6509947,0.1664046,0.1881328,0.7609041,0.2197321,0.2929736,0.8450281,0.2121941,0.4005618,0.8343438,0.3031160,0.4858000,0.8148000,0.4131000,0.5080000,0.6658000,0.3073000,0.6109000,0.6138000,0.2537000,0.6030000,0.5781000,0.3672000,0.6376000,0.5366000,0.5258000,0.3182823,0.0000000,0.0000000},
{0.0760164,0.6594629,0.1701458,0.0225728,0.6488168,0.1647609,0.1850937,0.7577251,0.2189749,0.2892471,0.8426253,0.2120778,0.3976406,0.8329284,0.3028102,0.4834000,0.8140000,0.4118000,0.5064000,0.6649000,0.3063000,0.6114000,0.6137000,0.2539000,0.6030000,0.5779000,0.3673000,0.6359000,0.5371000,0.5255000,0.3182823,0.0000000,0.0000000},
{0.0727405,0.6570478,0.1686562,0.0192849,0.6467390,0.1631732,0.1822170,0.7546588,0.2182269,0.2857804,0.8403582,0.2119598,0.3948641,0.8315691,0.3025077,0.4812000,0.8132000,0.4104000,0.5048000,0.6641000,0.3054000,0.6120000,0.6136000,0.2541000,0.6030000,0.5778000,0.3674000,0.6342000,0.5376000,0.5253000,0.3182823,0.0000000,0.0000000},
{0.0696715,0.6547477,0.1672192,0.0161536,0.6447266,0.1616176,0.1795567,0.7517714,0.2175070,0.2824702,0.8381644,0.2118382,0.3921707,0.8302372,0.3022031,0.4790000,0.8125000,0.4090000,0.5033000,0.6632000,0.3045000,0.6126000,0.6135000,0.2544000,0.6030000,0.5776000,0.3675000,0.6326000,0.5381000,0.5251000,0.3182823,0.0000000,0.0000000},
{0.0667844,0.6525496,0.1658293,0.0132291,0.6428167,0.1601250,0.1770884,0.7490459,0.2168138,0.2793362,0.8360608,0.2117150,0.3896570,0.8289823,0.3019090,0.4769000,0.8118000,0.4076000,0.5019000,0.6625000,0.3036000,0.6132000,0.6134000,0.2546000,0.6031000,0.5774000,0.3676000,0.6310000,0.5386000,0.5249000,0.3182823,0.0000000,0.0000000},
{0.0641085,0.6504813,0.1645067,0.0105622,0.6410482,0.1587291,0.1747653,0.7464381,0.2161381,0.2764981,0.8341332,0.2115965,0.3873131,0.8278017,0.3016260,0.4748000,0.8113000,0.4061000,0.5004000,0.6616000,0.3027000,0.6137000,0.6133000,0.2548000,0.6031000,0.5772000,0.3677000,0.6294000,0.5391000,0.5247000,0.3182823,0.0000000,0.0000000},
{0.0615875,0.6485044,0.1632295,0.0080796,0.6393782,0.1573988,0.1726721,0.7440516,0.2155092,0.2737550,0.8322494,0.2114755,0.3850382,0.8266462,0.3013431,0.4729000,0.8107000,0.4047000,0.4990000,0.6609000,0.3017000,0.6143000,0.6132000,0.2551000,0.6031000,0.5771000,0.3678000,0.6278000,0.5396000,0.5245000,0.3182823,0.0000000,0.0000000},
{0.0593153,0.6466983,0.1620513,0.0057388,0.6377819,0.1561164,0.1706717,0.7417369,0.2148897,0.2712236,0.8304927,0.2113583,0.3829036,0.8255532,0.3010704,0.4710000,0.8102000,0.4033000,0.4977000,0.6602000,0.3008000,0.6149000,0.6131000,0.2553000,0.6031000,0.5769000,0.3679000,0.6262000,0.5400000,0.5242000,0.3182823,0.0000000,0.0000000},
{0.0571295,0.6449383,0.1608929,0.0035219,0.6362501,0.1548757,0.1688157,0.7395586,0.2142981,0.2687922,0.8287886,0.2112406,0.3808927,0.8245157,0.3008069,0.4692000,0.8097000,0.4020000,0.4965000,0.6595000,0.3000000,0.6154000,0.6130000,0.2555000,0.6031000,0.5767000,0.3680000,0.6247000,0.5405000,0.5239000,0.3182823,0.0000000,0.0000000},
{0.0550458,0.6432392,0.1597651,0.0014994,0.6348352,0.1537211,0.1670991,0.7375165,0.2137361,0.2666013,0.8272388,0.2111301,0.3790474,0.8235569,0.3005595,0.4675000,0.8093000,0.4006000,0.4952000,0.6587000,0.2991000,0.6160000,0.6130000,0.2558000,0.6032000,0.5765000,0.3681000,0.6232000,0.5409000,0.5237000,0.3182823,0.0000000,0.0000000},
{0.0531169,0.6416472,0.1586999,-0.0004504,0.6334547,0.1525867,0.1654410,0.7355182,0.2131791,0.2646183,0.8258243,0.2110265,0.3771918,0.8225861,0.3003052,0.4659000,0.8089000,0.3992000,0.4941000,0.6581000,0.2982000,0.6166000,0.6129000,0.2560000,0.6032000,0.5764000,0.3682000,0.6218000,0.5412000,0.5234000,0.3182823,0.0000000,0.0000000},
{0.0513074,0.6401366,0.1576816,-0.0023182,0.6321168,0.1514799,0.1639045,0.7336428,0.2126502,0.2626786,0.8244297,0.2109218,0.3755698,0.8217322,0.3000784,0.4643000,0.8085000,0.3980000,0.4929000,0.6574000,0.2974000,0.6172000,0.6128000,0.2562000,0.6032000,0.5762000,0.3683000,0.6204000,0.5415000,0.5230000,0.3182823,0.0000000,0.0000000},
{0.0496425,0.6387314,0.1567278,-0.0040868,0.6308357,0.1504133,0.1624985,0.7319064,0.2121551,0.2609785,0.8231984,0.2108273,0.3740419,0.8209232,0.2998608,0.4629000,0.8081000,0.3967000,0.4919000,0.6567000,0.2965000,0.6177000,0.6127000,0.2565000,0.6032000,0.5760000,0.3684000,0.6191000,0.5417000,0.5227000,0.3182823,0.0000000,0.0000000},
{0.0480270,0.6373536,0.1557864,-0.0057077,0.6296488,0.1494192,0.1611928,0.7302758,0.2116855,0.2593267,0.8219939,0.2107330,0.3725971,0.8201539,0.2996516,0.4615000,0.8077000,0.3955000,0.4908000,0.6561000,0.2957000,0.6183000,0.6126000,0.2567000,0.6032000,0.5759000,0.3685000,0.6178000,0.5418000,0.5222000,0.3182823,0.0000000,0.0000000},
{0.0465539,0.6360845,0.1549140,-0.0073046,0.6284675,0.1484241,0.1599305,0.7286824,0.2112222,0.2578272,0.8208934,0.2106452,0.3712687,0.8194431,0.2994562,0.4601000,0.8074000,0.3944000,0.4898000,0.6556000,0.2949000,0.6189000,0.6125000,0.2569000,0.6032000,0.5757000,0.3686000,0.6166000,0.5419000,0.5218000,0.3182823,0.0000000,0.0000000},
{0.0451402,0.6348550,0.1540639,-0.0088097,0.6273427,0.1474715,0.1588055,0.7272478,0.2108014,0.2564215,0.8198557,0.2105610,0.3699710,0.8187453,0.2992625,0.4589000,0.8071000,0.3934000,0.4888000,0.6551000,0.2940000,0.6195000,0.6124000,0.2572000,0.6033000,0.5755000,0.3686000,0.6153000,0.5420000,0.5214000,0.3182823,0.0000000,0.0000000},
{0.0437731,0.6336549,0.1532295,-0.0102020,0.6262922,0.1465773,0.1577178,0.7258474,0.2103873,0.2551604,0.8189197,0.2104840,0.3685684,0.8179873,0.2990500,0.4577000,0.8067000,0.3925000,0.4880000,0.6547000,0.2933000,0.6200000,0.6123000,0.2574000,0.6033000,0.5753000,0.3687000,0.6141000,0.5420000,0.5210000,0.3182823,0.0000000,0.0000000},
{0.0425506,0.6325723,0.1524728,-0.0113564,0.6254138,0.1458261,0.1566837,0.7245035,0.2099867,0.2539845,0.8180426,0.2104108,0.3674973,0.8174058,0.2988855,0.4566000,0.8064000,0.3916000,0.4873000,0.6543000,0.2926000,0.6206000,0.6122000,0.2576000,0.6033000,0.5752000,0.3688000,0.6130000,0.5420000,0.5206000,0.3182823,0.0000000,0.0000000},
{0.0415455,0.6316752,0.1518431,-0.0123617,0.6246432,0.1451646,0.1557481,0.7232769,0.2096185,0.2528398,0.8171846,0.2103383,0.3664438,0.8168317,0.2987219,0.4556000,0.8060000,0.3907000,0.4865000,0.6540000,0.2919000,0.6212000,0.6121000,0.2579000,0.6033000,0.5750000,0.3689000,0.6120000,0.5420000,0.5203000,0.3182823,0.0000000,0.0000000},
{0.0405769,0.6308047,0.1512295,-0.0131601,0.6240273,0.1446344,0.1549065,0.7221645,0.2092824,0.2518443,0.8164353,0.2102743,0.3653965,0.8162587,0.2985573,0.4546000,0.8057000,0.3899000,0.4859000,0.6536000,0.2911000,0.6218000,0.6120000,0.2581000,0.6033000,0.5748000,0.3690000,0.6109000,0.5420000,0.5199000,0.3182823,0.0000000,0.0000000},
{0.0396766,0.6299903,0.1506533,-0.0139285,0.6234314,0.1441198,0.1541439,0.7211491,0.2089737,0.2509294,0.8157438,0.2102146,0.3646298,0.8158379,0.2984357,0.4537000,0.8054000,0.3891000,0.4852000,0.6532000,0.2905000,0.6223000,0.6119000,0.2583000,0.6033000,0.5746000,0.3691000,0.6100000,0.5420000,0.5197000,0.3182823,0.0000000,0.0000000},
{0.0389226,0.6293041,0.1501662,-0.0146957,0.6228332,0.1436018,0.1534433,0.7202099,0.2086867,0.2500899,0.8151071,0.2101591,0.3637842,0.8153723,0.2983003,0.4529000,0.8051000,0.3883000,0.4845000,0.6528000,0.2899000,0.6229000,0.6118000,0.2586000,0.6034000,0.5745000,0.3692000,0.6091000,0.5420000,0.5194000,0.3182823,0.0000000,0.0000000},
{0.0381703,0.6286157,0.1496761,-0.0153562,0.6223155,0.1431525,0.1528056,0.7193496,0.2084225,0.2493665,0.8145567,0.2101107,0.3629831,0.8149299,0.2981710,0.4522000,0.8049000,0.3876000,0.4841000,0.6526000,0.2894000,0.6235000,0.6117000,0.2588000,0.6034000,0.5743000,0.3693000,0.6083000,0.5420000,0.5192000,0.3182823,0.0000000,0.0000000},
{0.0375477,0.6280431,0.1492673,-0.0159849,0.6218205,0.1427218,0.1523087,0.7186755,0.2082146,0.2485796,0.8139561,0.2100576,0.3623012,0.8145522,0.2980601,0.4515000,0.8047000,0.3869000,0.4835000,0.6522000,0.2889000,0.6240000,0.6116000,0.2590000,0.6034000,0.5741000,0.3694000,0.6076000,0.5419000,0.5190000,0.3182823,0.0000000,0.0000000},
{0.0369305,0.6274729,0.1488591,-0.0165473,0.6213758,0.1423341,0.1518240,0.7180149,0.2080102,0.2479226,0.8134531,0.2100127,0.3616171,0.8141725,0.2979480,0.4509000,0.8045000,0.3864000,0.4832000,0.6520000,0.2884000,0.6246000,0.6115000,0.2593000,0.6034000,0.5739000,0.3695000,0.6068000,0.5419000,0.5187000,0.3182823,0.0000000,0.0000000},
{0.0364425,0.6270202,0.1485343,-0.0169693,0.6210410,0.1420417,0.1513562,0.7173745,0.2078113,0.2472539,0.8129398,0.2099666,0.3609816,0.8138188,0.2978431,0.4504000,0.8042000,0.3859000,0.4826000,0.6516000,0.2881000,0.6252000,0.6114000,0.2595000,0.6034000,0.5738000,0.3696000,0.6062000,0.5418000,0.5185000,0.3182823,0.0000000,0.0000000},
{0.0360105,0.6266180,0.1482452,-0.0173038,0.6207748,0.1418089,0.1509969,0.7168806,0.2076574,0.2467319,0.8125381,0.2099304,0.3604850,0.8135418,0.2977607,0.4499000,0.8040000,0.3856000,0.4823000,0.6515000,0.2878000,0.6258000,0.6113000,0.2597000,0.6035000,0.5736000,0.3697000,0.6056000,0.5418000,0.5184000,0.3182823,0.0000000,0.0000000},
{0.0356202,0.6262535,0.1479828,-0.0176208,0.6205220,0.1415876,0.1505598,0.7162773,0.2074689,0.2461260,0.8120708,0.2098879,0.3599517,0.8132439,0.2976717,0.4494000,0.8038000,0.3853000,0.4818000,0.6511000,0.2875000,0.6263000,0.6112000,0.2600000,0.6035000,0.5734000,0.3698000,0.6052000,0.5417000,0.5182000,0.3182823,0.0000000,0.0000000},
{0.0352441,0.6259013,0.1477289,-0.0179273,0.6202770,0.1413728,0.1502036,0.7157837,0.2073142,0.2455899,0.8116562,0.2098501,0.3594672,0.8129726,0.2975904,0.4490000,0.8035000,0.3851000,0.4815000,0.6509000,0.2873000,0.6269000,0.6111000,0.2602000,0.6035000,0.5732000,0.3699000,0.6048000,0.5417000,0.5181000,0.3182823,0.0000000,0.0000000},
{0.0349354,0.6256115,0.1475196,-0.0181810,0.6200737,0.1411945,0.1498608,0.7153070,0.2071644,0.2451080,0.8112829,0.2098158,0.3590822,0.8127568,0.2975255,0.4486000,0.8033000,0.3849000,0.4811000,0.6507000,0.2871000,0.6275000,0.6110000,0.2604000,0.6035000,0.5731000,0.3700000,0.6045000,0.5416000,0.5180000,0.3182823,0.0000000,0.0000000},
{0.0346473,0.6253403,0.1473236,-0.0183812,0.6199131,0.1410534,0.1495977,0.7149401,0.2070489,0.2446497,0.8109270,0.2097830,0.3585888,0.8124797,0.2974420,0.4482000,0.8031000,0.3848000,0.4808000,0.6504000,0.2870000,0.6281000,0.6109000,0.2606000,0.6035000,0.5729000,0.3701000,0.6043000,0.5415000,0.5179000,0.3182823,0.0000000,0.0000000},
{0.0344470,0.6251515,0.1471869,-0.0186423,0.6197032,0.1408690,0.1494248,0.7146984,0.2069727,0.2443351,0.8106824,0.2097604,0.3582770,0.8123042,0.2973890,0.4479000,0.8028000,0.3847000,0.4806000,0.6502000,0.2869000,0.6286000,0.6108000,0.2609000,0.6035000,0.5727000,0.3702000,0.6041000,0.5413000,0.5178000,0.3182823,0.0000000,0.0000000},
{0.0342085,0.6249262,0.1470237,-0.0188518,0.6195346,0.1407206,0.1492393,0.7144387,0.2068907,0.2440415,0.8104538,0.2097392,0.3579442,0.8121168,0.2973322,0.4477000,0.8026000,0.3846000,0.4803000,0.6499000,0.2868000,0.6292000,0.6107000,0.2611000,0.6036000,0.5726000,0.3703000,0.6040000,0.5412000,0.5177000,0.3182823,0.0000000,0.0000000},
{0.0340121,0.6247404,0.1468890,-0.0190686,0.6193597,0.1405667,0.1490547,0.7141796,0.2068087,0.2437803,0.8102502,0.2097202,0.3577501,0.8120074,0.2972990,0.4474000,0.8025000,0.3846000,0.4801000,0.6497000,0.2867000,0.6298000,0.6106000,0.2613000,0.6036000,0.5724000,0.3703000,0.6039000,0.5411000,0.5176000,0.3182823,0.0000000,0.0000000},
{0.0338672,0.6246032,0.1467894,-0.0192887,0.6191819,0.1404101,0.1489163,0.7139852,0.2067472,0.2435465,0.8100678,0.2097032,0.3574428,0.8118340,0.2972463,0.4472000,0.8023000,0.3846000,0.4800000,0.6496000,0.2867000,0.6303000,0.6105000,0.2616000,0.6036000,0.5722000,0.3704000,0.6038000,0.5411000,0.5176000,0.3182823,0.0000000,0.0000000},
{0.0337386,0.6244811,0.1467009,-0.0194580,0.6190450,0.1402894,0.1487330,0.7137271,0.2066654,0.2434217,0.8099704,0.2096941,0.3572595,0.8117305,0.2972148,0.4471000,0.8022000,0.3846000,0.4799000,0.6494000,0.2867000,0.6309000,0.6104000,0.2618000,0.6036000,0.5720000,0.3705000,0.6037000,0.5410000,0.5176000,0.3182823,0.0000000,0.0000000},
{0.0336525,0.6243995,0.1466416,-0.0196153,0.6189176,0.1401770,0.1486707,0.7136393,0.2066375,0.2432588,0.8098431,0.2096822,0.3571355,0.8116604,0.2971935,0.4470000,0.8020000,0.3846000,0.4798000,0.6493000,0.2867000,0.6315000,0.6103000,0.2620000,0.6036000,0.5719000,0.3706000,0.6037000,0.5410000,0.5177000,0.3182823,0.0000000,0.0000000},
{0.0335705,0.6243216,0.1465850,-0.0197062,0.6188438,0.1401119,0.1486401,0.7135962,0.2066238,0.2431949,0.8097931,0.2096775,0.3570707,0.8116238,0.2971823,0.4470000,0.8019000,0.3847000,0.4797000,0.6491000,0.2868000,0.6321000,0.6102000,0.2623000,0.6037000,0.5717000,0.3707000,0.6037000,0.5410000,0.5177000,0.3182823,0.0000000,0.0000000},
{0.0336099,0.6243590,0.1466122,-0.0197863,0.6187789,0.1400546,0.1486540,0.7136159,0.2066301,0.2431940,0.8097924,0.2096775,0.3570457,0.8116097,0.2971780,0.4470000,0.8018000,0.3847000,0.4797000,0.6490000,0.2869000,0.6326000,0.6101000,0.2625000,0.6037000,0.5715000,0.3708000,0.6038000,0.5410000,0.5178000,0.3182823,0.0000000,0.0000000},
{0.0337258,0.6244690,0.1466921,-0.0197863,0.6187789,0.1400546,0.1486678,0.7136353,0.2066362,0.2433031,0.8098777,0.2096854,0.3571189,0.8116510,0.2971906,0.4470000,0.8018000,0.3848000,0.4797000,0.6489000,0.2870000,0.6332000,0.6100000,0.2627000,0.6037000,0.5713000,0.3709000,0.6039000,0.5410000,0.5180000,0.3182823,0.0000000,0.0000000},
{0.0338103,0.6245492,0.1467502,-0.0197363,0.6188195,0.1400904,0.1488033,0.7138262,0.2066968,0.2433748,0.8099337,0.2096907,0.3571904,0.8116914,0.2972029,0.4471000,0.8018000,0.3849000,0.4797000,0.6487000,0.2872000,0.6338000,0.6099000,0.2630000,0.6037000,0.5712000,0.3710000,0.6041000,0.5410000,0.5182000,0.3182823,0.0000000,0.0000000},
{0.0339628,0.6246937,0.1468552,-0.0197468,0.6188109,0.1400829,0.1489835,0.7140796,0.2067771,0.2435502,0.8100707,0.2097035,0.3572218,0.8117092,0.2972083,0.4473000,0.8018000,0.3850000,0.4799000,0.6487000,0.2874000,0.6344000,0.6098000,0.2632000,0.6037000,0.5710000,0.3711000,0.6043000,0.5409000,0.5184000,0.3182823,0.0000000,0.0000000},
{0.0341081,0.6248312,0.1469549,-0.0198079,0.6187613,0.1400391,0.1491646,0.7143339,0.2068576,0.2437437,0.8102217,0.2097176,0.3574263,0.8118247,0.2972435,0.4475000,0.8019000,0.3851000,0.4801000,0.6486000,0.2876000,0.6349000,0.6097000,0.2634000,0.6037000,0.5708000,0.3712000,0.6045000,0.5410000,0.5186000,0.3182823,0.0000000,0.0000000}
};
