fitErrPi Mean = 0.318282
fitErrTh Mean = 0.0234737
fitErrWr Mean = 0.021461
fitErrLA Mean = 0.0773994
fitErrEl Mean = 0.0124461
fitErrUA Mean = 0.0605315
efPts = {
{0.6214659,0.3504253,0.2501637,0.6031383,0.2929039,0.2506168,0.8637592,0.4622048,0.4778216,0.7738134,0.9837554,0.3301974,0.7308957,0.6460996,0.5730094,0.6463000,0.7748000,0.4717000,0.6758000,0.6109000,0.3844000,0.7213000,0.6076000,0.2864000,0.7362000,0.5440000,0.4003000,0.8385000,0.4727000,0.5298000,0.3182822,0.0000000,0.0000000},
{0.6210853,0.3512175,0.2503292,0.6027648,0.2937284,0.2508582,0.5395934,0.4791572,0.2760781,0.5434377,0.6276702,0.2520821,0.5953151,0.7042396,0.3524397,0.6464000,0.7743000,0.4716000,0.6758000,0.6105000,0.3841000,0.7213000,0.6075000,0.2864000,0.7362000,0.5435000,0.4001000,0.8384000,0.4719000,0.5296000,0.3182822,0.0000000,0.0000000},
{0.6206046,0.3522232,0.2505361,0.6022593,0.2948484,0.2511817,0.5400007,0.4800565,0.2761002,0.5432031,0.6289541,0.2511022,0.5953951,0.7043294,0.3524828,0.6465000,0.7739000,0.4714000,0.6757000,0.6103000,0.3837000,0.7213000,0.6073000,0.2864000,0.7362000,0.5429000,0.3999000,0.8383000,0.4712000,0.5294000,0.3182822,0.0000000,0.0000000},
{0.6200538,0.3533833,0.2507705,0.6016782,0.2961422,0.2515493,0.5405185,0.4811973,0.2761288,0.5429418,0.6304623,0.2499681,0.5955903,0.7045484,0.3525878,0.6467000,0.7737000,0.4713000,0.6755000,0.6101000,0.3832000,0.7214000,0.6072000,0.2863000,0.7360000,0.5424000,0.3996000,0.8381000,0.4705000,0.5292000,0.3182822,0.0000000,0.0000000},
{0.6194993,0.3545593,0.2510035,0.6010673,0.2975095,0.2519306,0.5410926,0.4824596,0.2761612,0.5426861,0.6320301,0.2488078,0.5959494,0.7049510,0.3527814,0.6470000,0.7737000,0.4711000,0.6753000,0.6102000,0.3828000,0.7214000,0.6071000,0.2863000,0.7359000,0.5419000,0.3993000,0.8378000,0.4698000,0.5290000,0.3182822,0.0000000,0.0000000},
{0.6189299,0.3557752,0.2512397,0.6004942,0.2987991,0.2522836,0.5416677,0.4837207,0.2761944,0.5424699,0.6334366,0.2477827,0.5963876,0.7054414,0.3530180,0.6474000,0.7739000,0.4710000,0.6751000,0.6104000,0.3824000,0.7215000,0.6070000,0.2863000,0.7357000,0.5416000,0.3990000,0.8374000,0.4692000,0.5288000,0.3182822,0.0000000,0.0000000},
{0.6183605,0.3569999,0.2514727,0.5999851,0.2999501,0.2525933,0.5422518,0.4849987,0.2762290,0.5422694,0.6348175,0.2467902,0.5968926,0.7060058,0.3532913,0.6479000,0.7742000,0.4710000,0.6749000,0.6107000,0.3821000,0.7215000,0.6068000,0.2863000,0.7356000,0.5413000,0.3987000,0.8369000,0.4686000,0.5286000,0.3182822,0.0000000,0.0000000},
{0.6179044,0.3579870,0.2516571,0.5995868,0.3008540,0.2528331,0.5428077,0.4862120,0.2762625,0.5421067,0.6360006,0.2459505,0.5974135,0.7065871,0.3535739,0.6486000,0.7745000,0.4711000,0.6748000,0.6111000,0.3819000,0.7215000,0.6067000,0.2862000,0.7354000,0.5411000,0.3984000,0.8363000,0.4681000,0.5284000,0.3182822,0.0000000,0.0000000},
{0.6175016,0.3588636,0.2518182,0.5992443,0.3016338,0.2530375,0.5432567,0.4871901,0.2762902,0.5419937,0.6368599,0.2453468,0.5979531,0.7071881,0.3538674,0.6493000,0.7749000,0.4713000,0.6749000,0.6115000,0.3818000,0.7216000,0.6066000,0.2862000,0.7352000,0.5411000,0.3982000,0.8357000,0.4677000,0.5283000,0.3182822,0.0000000,0.0000000},
{0.6172068,0.3595078,0.2519351,0.5990511,0.3020749,0.2531522,0.5436145,0.4879682,0.2763125,0.5419026,0.6375760,0.2448473,0.5985365,0.7078368,0.3541855,0.6501000,0.7753000,0.4715000,0.6750000,0.6119000,0.3819000,0.7216000,0.6065000,0.2862000,0.7351000,0.5412000,0.3981000,0.8351000,0.4674000,0.5282000,0.3182822,0.0000000,0.0000000},
{0.6170156,0.3599269,0.2520105,0.5990065,0.3021766,0.2531785,0.5439510,0.4886989,0.2763338,0.5418614,0.6379084,0.2446167,0.5990776,0.7084374,0.3544813,0.6509000,0.7757000,0.4718000,0.6752000,0.6123000,0.3820000,0.7217000,0.6064000,0.2862000,0.7350000,0.5414000,0.3980000,0.8346000,0.4671000,0.5282000,0.3182822,0.0000000,0.0000000},
{0.6168607,0.3602672,0.2520713,0.5989892,0.3022163,0.2531888,0.5441622,0.4891569,0.2763473,0.5418342,0.6381298,0.2444635,0.5995286,0.7089371,0.3547284,0.6517000,0.7762000,0.4722000,0.6754000,0.6127000,0.3822000,0.7217000,0.6062000,0.2861000,0.7349000,0.5416000,0.3980000,0.8340000,0.4669000,0.5282000,0.3182822,0.0000000,0.0000000},
{0.6167832,0.3604377,0.2521016,0.5989750,0.3022488,0.2531972,0.5443135,0.4894849,0.2763570,0.5418305,0.6381603,0.2444424,0.6000441,0.7095075,0.3550115,0.6525000,0.7766000,0.4725000,0.6757000,0.6131000,0.3825000,0.7217000,0.6061000,0.2861000,0.7347000,0.5419000,0.3982000,0.8336000,0.4668000,0.5284000,0.3182822,0.0000000,0.0000000},
{0.6167411,0.3605304,0.2521181,0.5989990,0.3021938,0.2531829,0.5443791,0.4896271,0.2763613,0.5418409,0.6380756,0.2445010,0.6004482,0.7099539,0.3552339,0.6533000,0.7770000,0.4727000,0.6760000,0.6135000,0.3828000,0.7218000,0.6060000,0.2861000,0.7347000,0.5422000,0.3984000,0.8333000,0.4668000,0.5285000,0.3182822,0.0000000,0.0000000},
{0.6166964,0.3606287,0.2521355,0.5990066,0.3021765,0.2531785,0.5444012,0.4896750,0.2763627,0.5418562,0.6379506,0.2445875,0.6008161,0.7103599,0.3554367,0.6540000,0.7773000,0.4730000,0.6763000,0.6137000,0.3832000,0.7218000,0.6059000,0.2861000,0.7347000,0.5425000,0.3986000,0.8330000,0.4668000,0.5287000,0.3182822,0.0000000,0.0000000},
{0.6166847,0.3606546,0.2521401,0.5990178,0.3021508,0.2531718,0.5443832,0.4896359,0.2763615,0.5418731,0.6378133,0.2446827,0.6011427,0.7107198,0.3556170,0.6546000,0.7777000,0.4731000,0.6767000,0.6140000,0.3835000,0.7219000,0.6058000,0.2861000,0.7348000,0.5429000,0.3988000,0.8328000,0.4669000,0.5289000,0.3182822,0.0000000,0.0000000},
{0.6167285,0.3605580,0.2521230,0.5990601,0.3020542,0.2531468,0.5443883,0.4896469,0.2763618,0.5419129,0.6374939,0.2449044,0.6014850,0.7110967,0.3558063,0.6552000,0.7781000,0.4732000,0.6770000,0.6142000,0.3839000,0.7219000,0.6056000,0.2860000,0.7349000,0.5432000,0.3990000,0.8327000,0.4670000,0.5291000,0.3182822,0.0000000,0.0000000},
{0.6167285,0.3605580,0.2521230,0.5991088,0.3019431,0.2531180,0.5443241,0.4895079,0.2763577,0.5419568,0.6371468,0.2451462,0.6017674,0.7114073,0.3559627,0.6557000,0.7785000,0.4732000,0.6774000,0.6144000,0.3841000,0.7220000,0.6055000,0.2860000,0.7350000,0.5435000,0.3992000,0.8327000,0.4672000,0.5293000,0.3182822,0.0000000,0.0000000},
{0.6168435,0.3603049,0.2520780,0.5992171,0.3016959,0.2530537,0.5442165,0.4892746,0.2763508,0.5420174,0.6366766,0.2454751,0.6019711,0.7116311,0.3560755,0.6561000,0.7789000,0.4732000,0.6777000,0.6147000,0.3844000,0.7220000,0.6054000,0.2860000,0.7352000,0.5438000,0.3993000,0.8326000,0.4674000,0.5294000,0.3182822,0.0000000,0.0000000},
{0.6170440,0.3598647,0.2519993,0.5993485,0.3013964,0.2529755,0.5441317,0.4890908,0.2763453,0.5420937,0.6360977,0.2458820,0.6021288,0.7118044,0.3561631,0.6566000,0.7793000,0.4732000,0.6781000,0.6150000,0.3848000,0.7220000,0.6053000,0.2860000,0.7354000,0.5442000,0.3993000,0.8327000,0.4676000,0.5295000,0.3182822,0.0000000,0.0000000},
{0.6172449,0.3594244,0.2519201,0.5995104,0.3010278,0.2528789,0.5439844,0.4887713,0.2763359,0.5421788,0.6354693,0.2463264,0.6022706,0.7119600,0.3562417,0.6570000,0.7796000,0.4732000,0.6785000,0.6152000,0.3850000,0.7221000,0.6051000,0.2859000,0.7357000,0.5446000,0.3994000,0.8328000,0.4678000,0.5296000,0.3182822,0.0000000,0.0000000},
{0.6174306,0.3590186,0.2518465,0.5997275,0.3005343,0.2527487,0.5437654,0.4882959,0.2763220,0.5422881,0.6346854,0.2468845,0.6023912,0.7120923,0.3563087,0.6573000,0.7799000,0.4732000,0.6789000,0.6154000,0.3852000,0.7221000,0.6050000,0.2859000,0.7360000,0.5450000,0.3994000,0.8331000,0.4681000,0.5296000,0.3182822,0.0000000,0.0000000},
{0.6176559,0.3585272,0.2517567,0.5999816,0.2999579,0.2525954,0.5436408,0.4880253,0.2763142,0.5424028,0.6338901,0.2474552,0.6024497,0.7121565,0.3563412,0.6577000,0.7801000,0.4732000,0.6794000,0.6156000,0.3855000,0.7222000,0.6049000,0.2859000,0.7364000,0.5454000,0.3995000,0.8333000,0.4684000,0.5297000,0.3182822,0.0000000,0.0000000},
{0.6179462,0.3578964,0.2516403,0.6002515,0.2993472,0.2524317,0.5434398,0.4875884,0.2763016,0.5425261,0.6330631,0.2480535,0.6024917,0.7122026,0.3563646,0.6579000,0.7804000,0.4732000,0.6798000,0.6157000,0.3857000,0.7222000,0.6048000,0.2859000,0.7368000,0.5457000,0.3996000,0.8337000,0.4687000,0.5298000,0.3182822,0.0000000,0.0000000},
{0.6181614,0.3574302,0.2515534,0.6004861,0.2988175,0.2522886,0.5432748,0.4872294,0.2762913,0.5426311,0.6323801,0.2485514,0.6025108,0.7122235,0.3563752,0.6582000,0.7806000,0.4733000,0.6802000,0.6158000,0.3859000,0.7222000,0.6047000,0.2858000,0.7372000,0.5460000,0.3997000,0.8342000,0.4691000,0.5299000,0.3182822,0.0000000,0.0000000},
{0.6183997,0.3569153,0.2514568,0.6008311,0.2980402,0.2520766,0.5431449,0.4869468,0.2762833,0.5427396,0.6316936,0.2490553,0.6025920,0.7123126,0.3564203,0.6584000,0.7808000,0.4733000,0.6806000,0.6160000,0.3861000,0.7223000,0.6045000,0.2858000,0.7376000,0.5464000,0.3999000,0.8347000,0.4695000,0.5300000,0.3182822,0.0000000,0.0000000},
{0.6186062,0.3564704,0.2513726,0.6010885,0.2974621,0.2519175,0.5430712,0.4867861,0.2762787,0.5428416,0.6310655,0.2495194,0.6026293,0.7123534,0.3564411,0.6586000,0.7810000,0.4734000,0.6809000,0.6162000,0.3864000,0.7223000,0.6044000,0.2858000,0.7380000,0.5468000,0.4000000,0.8352000,0.4699000,0.5300000,0.3182822,0.0000000,0.0000000},
{0.6187435,0.3561751,0.2513163,0.6012443,0.2971128,0.2518207,0.5429792,0.4865859,0.2762731,0.5429126,0.6306366,0.2498382,0.6027123,0.7124445,0.3564873,0.6587000,0.7812000,0.4735000,0.6813000,0.6164000,0.3865000,0.7224000,0.6043000,0.2858000,0.7385000,0.5472000,0.4001000,0.8357000,0.4703000,0.5301000,0.3182822,0.0000000,0.0000000},
{0.6188245,0.3560013,0.2512831,0.6013534,0.2968684,0.2517527,0.5429431,0.4865072,0.2762708,0.5429554,0.6303820,0.2500280,0.6027982,0.7125386,0.3565351,0.6589000,0.7814000,0.4736000,0.6816000,0.6165000,0.3866000,0.7224000,0.6042000,0.2857000,0.7388000,0.5475000,0.4002000,0.8362000,0.4708000,0.5302000,0.3182822,0.0000000,0.0000000},
{0.6187725,0.3561130,0.2513044,0.6013289,0.2969231,0.2517679,0.5430347,0.4867068,0.2762765,0.5429662,0.6303180,0.2500758,0.6029029,0.7126533,0.3565934,0.6591000,0.7816000,0.4736000,0.6820000,0.6168000,0.3868000,0.7224000,0.6041000,0.2857000,0.7392000,0.5480000,0.4003000,0.8368000,0.4713000,0.5302000,0.3182822,0.0000000,0.0000000},
{0.6186654,0.3563431,0.2513483,0.6012135,0.2971816,0.2518398,0.5431830,0.4870296,0.2762856,0.5429392,0.6304783,0.2499561,0.6031319,0.7129040,0.3567209,0.6592000,0.7819000,0.4737000,0.6823000,0.6172000,0.3869000,0.7225000,0.6039000,0.2857000,0.7395000,0.5484000,0.4005000,0.8373000,0.4718000,0.5302000,0.3182822,0.0000000,0.0000000},
{0.6184546,0.3567969,0.2514344,0.6009616,0.2977469,0.2519960,0.5434995,0.4877181,0.2763053,0.5428792,0.6308376,0.2496886,0.6033827,0.7131785,0.3568608,0.6594000,0.7822000,0.4738000,0.6826000,0.6176000,0.3870000,0.7225000,0.6038000,0.2857000,0.7399000,0.5489000,0.4005000,0.8377000,0.4723000,0.5302000,0.3182822,0.0000000,0.0000000},
{0.6181915,0.3573651,0.2515413,0.6006399,0.2984708,0.2521943,0.5438523,0.4884846,0.2763275,0.5427663,0.6315277,0.2491776,0.6036963,0.7135213,0.3570360,0.6596000,0.7827000,0.4739000,0.6828000,0.6180000,0.3870000,0.7226000,0.6037000,0.2856000,0.7402000,0.5493000,0.4005000,0.8382000,0.4728000,0.5301000,0.3182822,0.0000000,0.0000000},
{0.6178727,0.3580560,0.2516698,0.6003233,0.2991849,0.2523880,0.5443355,0.4895326,0.2763584,0.5426439,0.6322982,0.2486113,0.6041854,0.7140553,0.3573095,0.6597000,0.7834000,0.4740000,0.6829000,0.6186000,0.3870000,0.7226000,0.6036000,0.2856000,0.7405000,0.5498000,0.4004000,0.8385000,0.4733000,0.5300000,0.3182822,0.0000000,0.0000000},
{0.6175459,0.3587669,0.2518006,0.5999921,0.2999341,0.2525891,0.5448595,0.4906667,0.2763925,0.5425135,0.6331460,0.2479933,0.6046262,0.7145359,0.3575566,0.6600000,0.7841000,0.4741000,0.6830000,0.6194000,0.3870000,0.7226000,0.6034000,0.2856000,0.7406000,0.5502000,0.4003000,0.8387000,0.4738000,0.5298000,0.3182822,0.0000000,0.0000000},
{0.6171646,0.3596002,0.2519518,0.5996304,0.3007549,0.2528070,0.5453647,0.4917579,0.2764260,0.5423756,0.6340760,0.2473214,0.6051537,0.7151100,0.3578529,0.6603000,0.7848000,0.4742000,0.6831000,0.6201000,0.3870000,0.7227000,0.6033000,0.2856000,0.7409000,0.5508000,0.4001000,0.8388000,0.4744000,0.5297000,0.3182822,0.0000000,0.0000000},
{0.6167336,0.3605468,0.2521210,0.5993222,0.3014563,0.2529912,0.5459300,0.4929760,0.2764640,0.5422427,0.6350079,0.2466544,0.6056998,0.7157034,0.3581603,0.6607000,0.7856000,0.4743000,0.6832000,0.6209000,0.3870000,0.7227000,0.6032000,0.2855000,0.7409000,0.5515000,0.3999000,0.8388000,0.4749000,0.5295000,0.3182822,0.0000000,0.0000000},
{0.6163315,0.3614345,0.2522772,0.5990019,0.3021873,0.2531813,0.5465143,0.4942325,0.2765041,0.5421006,0.6360462,0.2459184,0.6062913,0.7163450,0.3584942,0.6611000,0.7865000,0.4744000,0.6833000,0.6218000,0.3870000,0.7228000,0.6031000,0.2855000,0.7411000,0.5522000,0.3997000,0.8388000,0.4754000,0.5294000,0.3182822,0.0000000,0.0000000},
{0.6158624,0.3624756,0.2524574,0.5987343,0.3027995,0.2533389,0.5471019,0.4954929,0.2765452,0.5419693,0.6370494,0.2452142,0.6068982,0.7170021,0.3588375,0.6616000,0.7874000,0.4745000,0.6835000,0.6228000,0.3869000,0.7228000,0.6030000,0.2855000,0.7412000,0.5529000,0.3997000,0.8387000,0.4759000,0.5293000,0.3182822,0.0000000,0.0000000},
{0.6153845,0.3635425,0.2526388,0.5983848,0.3036012,0.2535433,0.5477091,0.4967921,0.2765884,0.5418266,0.6381926,0.2444201,0.6075724,0.7177305,0.3592200,0.6621000,0.7883000,0.4745000,0.6837000,0.6237000,0.3868000,0.7229000,0.6028000,0.2855000,0.7413000,0.5536000,0.3996000,0.8387000,0.4765000,0.5293000,0.3182822,0.0000000,0.0000000},
{0.6147998,0.3648561,0.2528575,0.5978352,0.3048667,0.2538613,0.5483151,0.4980858,0.2766323,0.5416773,0.6394561,0.2435524,0.6081999,0.7184072,0.3595770,0.6626000,0.7892000,0.4746000,0.6838000,0.6247000,0.3867000,0.7229000,0.6027000,0.2854000,0.7413000,0.5543000,0.3997000,0.8386000,0.4771000,0.5294000,0.3182822,0.0000000,0.0000000},
{0.6141646,0.3662941,0.2530913,0.5972756,0.3061614,0.2541808,0.5489954,0.4995346,0.2766826,0.5415283,0.6407970,0.2426427,0.6088466,0.7191030,0.3599459,0.6632000,0.7901000,0.4746000,0.6840000,0.6257000,0.3867000,0.7229000,0.6026000,0.2854000,0.7414000,0.5550000,0.3997000,0.8386000,0.4776000,0.5295000,0.3182822,0.0000000,0.0000000},
{0.6134541,0.3679155,0.2533480,0.5966115,0.3077062,0.2545542,0.5497742,0.5011880,0.2767413,0.5413643,0.6423829,0.2415812,0.6094892,0.7197932,0.3603134,0.6638000,0.7911000,0.4746000,0.6841000,0.6267000,0.3866000,0.7230000,0.6025000,0.2854000,0.7414000,0.5557000,0.3998000,0.8385000,0.4783000,0.5296000,0.3182822,0.0000000,0.0000000},
{0.6126460,0.3697768,0.2536336,0.5958334,0.3095271,0.2549838,0.5506288,0.5029968,0.2768071,0.5411958,0.6441585,0.2404108,0.6102807,0.7206412,0.3607674,0.6644000,0.7921000,0.4746000,0.6842000,0.6277000,0.3864000,0.7230000,0.6024000,0.2854000,0.7414000,0.5564000,0.3998000,0.8384000,0.4789000,0.5297000,0.3182822,0.0000000,0.0000000},
{0.6117324,0.3719033,0.2539486,0.5949769,0.3115454,0.2554469,0.5516180,0.5050830,0.2768853,0.5410136,0.6462984,0.2390248,0.6110070,0.7214176,0.3611853,0.6651000,0.7931000,0.4745000,0.6842000,0.6289000,0.3862000,0.7231000,0.6022000,0.2853000,0.7414000,0.5570000,0.3998000,0.8382000,0.4795000,0.5298000,0.3182822,0.0000000,0.0000000},
{0.6106834,0.3743739,0.2542996,0.5939445,0.3139976,0.2559914,0.5527386,0.5074365,0.2769762,0.5408383,0.6486508,0.2375308,0.6119146,0.7223854,0.3617093,0.6658000,0.7941000,0.4744000,0.6843000,0.6300000,0.3859000,0.7231000,0.6021000,0.2853000,0.7413000,0.5577000,0.3998000,0.8380000,0.4799000,0.5298000,0.3182822,0.0000000,0.0000000},
{0.6095268,0.3771342,0.2546732,0.5928341,0.3166587,0.2565602,0.5539537,0.5099771,0.2770776,0.5406697,0.6513267,0.2358679,0.6127516,0.7232754,0.3621942,0.6665000,0.7951000,0.4742000,0.6843000,0.6312000,0.3855000,0.7231000,0.6020000,0.2853000,0.7413000,0.5582000,0.3997000,0.8379000,0.4804000,0.5298000,0.3182822,0.0000000,0.0000000},
{0.6082191,0.3803018,0.2550787,0.5915204,0.3198391,0.2572106,0.5553145,0.5128085,0.2771948,0.5405151,0.6543884,0.2340106,0.6137452,0.7243290,0.3627720,0.6673000,0.7962000,0.4739000,0.6843000,0.6325000,0.3850000,0.7232000,0.6019000,0.2853000,0.7411000,0.5587000,0.3996000,0.8377000,0.4807000,0.5297000,0.3182822,0.0000000,0.0000000},
{0.6068488,0.3836747,0.2554840,0.5900989,0.3233194,0.2578867,0.5568239,0.5159321,0.2773290,0.5403855,0.6579159,0.2319281,0.6148117,0.7254561,0.3633946,0.6682000,0.7974000,0.4736000,0.6843000,0.6338000,0.3844000,0.7232000,0.6017000,0.2853000,0.7411000,0.5591000,0.3995000,0.8376000,0.4810000,0.5297000,0.3182822,0.0000000,0.0000000},
{0.6053022,0.3875488,0.2559169,0.5885302,0.3272076,0.2585994,0.5584633,0.5193048,0.2774798,0.5403004,0.6617534,0.2297290,0.6158899,0.7265920,0.3640268,0.6690000,0.7987000,0.4732000,0.6842000,0.6353000,0.3838000,0.7233000,0.6016000,0.2852000,0.7412000,0.5594000,0.3993000,0.8374000,0.4812000,0.5296000,0.3182822,0.0000000,0.0000000},
{0.6036242,0.3918340,0.2563566,0.5868542,0.3314169,0.2593217,0.5601742,0.5228026,0.2776426,0.5402708,0.6660705,0.2273331,0.6170093,0.7277672,0.3646859,0.6698000,0.7999000,0.4728000,0.6842000,0.6369000,0.3831000,0.7233000,0.6015000,0.2852000,0.7411000,0.5598000,0.3991000,0.8372000,0.4813000,0.5295000,0.3182822,0.0000000,0.0000000},
{0.6018636,0.3964238,0.2567838,0.5850573,0.3359937,0.2600509,0.5619291,0.5263677,0.2778154,0.5403135,0.6707510,0.2248242,0.6181693,0.7289807,0.3653719,0.6706000,0.8011000,0.4723000,0.6842000,0.6384000,0.3822000,0.7233000,0.6014000,0.2852000,0.7410000,0.5603000,0.3989000,0.8370000,0.4815000,0.5294000,0.3182822,0.0000000,0.0000000},
{0.5999675,0.4014766,0.2572038,0.5831037,0.3410455,0.2607902,0.5639260,0.5303969,0.2780189,0.5404418,0.6757952,0.2222179,0.6193189,0.7301791,0.3660548,0.6714000,0.8023000,0.4718000,0.6843000,0.6401000,0.3813000,0.7234000,0.6013000,0.2852000,0.7411000,0.5606000,0.3987000,0.8368000,0.4816000,0.5293000,0.3182822,0.0000000,0.0000000},
{0.5979135,0.4070821,0.2576105,0.5810079,0.3465538,0.2615206,0.5661320,0.5348142,0.2782521,0.5406747,0.6813181,0.2194737,0.6205516,0.7314594,0.3667903,0.6723000,0.8035000,0.4713000,0.6844000,0.6417000,0.3803000,0.7234000,0.6011000,0.2851000,0.7411000,0.5609000,0.3985000,0.8366000,0.4816000,0.5292000,0.3182822,0.0000000,0.0000000},
{0.5957575,0.4131182,0.2579817,0.5787935,0.3524744,0.2622209,0.5684384,0.5393959,0.2785053,0.5410292,0.6872861,0.2166300,0.6217566,0.7327063,0.3675127,0.6731000,0.8045000,0.4707000,0.6845000,0.6433000,0.3792000,0.7235000,0.6010000,0.2851000,0.7409000,0.5612000,0.3984000,0.8364000,0.4817000,0.5291000,0.3182822,0.0000000,0.0000000},
{0.5935082,0.4195879,0.2583062,0.5764238,0.3589271,0.2628878,0.5709073,0.5442593,0.2787866,0.5415265,0.6937473,0.2136858,0.6230375,0.7340266,0.3682841,0.6739000,0.8056000,0.4700000,0.6846000,0.6448000,0.3780000,0.7235000,0.6009000,0.2851000,0.7408000,0.5615000,0.3983000,0.8361000,0.4817000,0.5291000,0.3182822,0.0000000,0.0000000},
{0.5911755,0.4264906,0.2585722,0.5739503,0.3657935,0.2634913,0.5736142,0.5495438,0.2791070,0.5421742,0.7005831,0.2107149,0.6244531,0.7354797,0.3691408,0.6748000,0.8067000,0.4693000,0.6847000,0.6463000,0.3768000,0.7235000,0.6008000,0.2851000,0.7407000,0.5616000,0.3982000,0.8359000,0.4816000,0.5290000,0.3182822,0.0000000,0.0000000},
{0.5887309,0.4339449,0.2587703,0.5713551,0.3731447,0.2640205,0.5764138,0.5549578,0.2794513,0.5430209,0.7080824,0.2076168,0.6259427,0.7370020,0.3700471,0.6757000,0.8079000,0.4686000,0.6848000,0.6478000,0.3754000,0.7236000,0.6006000,0.2850000,0.7405000,0.5618000,0.3980000,0.8357000,0.4816000,0.5288000,0.3182822,0.0000000,0.0000000},
{0.5862223,0.4418409,0.2588836,0.5686258,0.3810419,0.2644594,0.5795656,0.5609916,0.2798544,0.5440456,0.7158863,0.2045629,0.6275607,0.7386477,0.3710370,0.6766000,0.8091000,0.4678000,0.6849000,0.6495000,0.3739000,0.7236000,0.6006000,0.2850000,0.7402000,0.5619000,0.3978000,0.8354000,0.4814000,0.5287000,0.3182822,0.0000000,0.0000000},
{0.5836462,0.4502242,0.2588996,0.5658196,0.3893446,0.2647813,0.5827762,0.5670728,0.2802813,0.5452903,0.7242000,0.2014908,0.6292399,0.7403469,0.3720704,0.6775000,0.8104000,0.4669000,0.6851000,0.6510000,0.3725000,0.7243000,0.6020000,0.2843000,0.7399000,0.5619000,0.3975000,0.8350000,0.4812000,0.5285000,0.3182822,0.0000000,0.0000000},
{0.5810340,0.4590277,0.2588053,0.5629100,0.3981557,0.2649720,0.5861820,0.5734534,0.2807519,0.5467655,0.7329628,0.1984461,0.6310603,0.7421793,0.3731977,0.6784000,0.8117000,0.4660000,0.6852000,0.6525000,0.3712000,0.7249000,0.6028000,0.2837000,0.7397000,0.5619000,0.3972000,0.8346000,0.4809000,0.5283000,0.3182822,0.0000000,0.0000000},
{0.5783797,0.4683069,0.2585874,0.5599448,0.4073549,0.2650109,0.5897245,0.5800152,0.2812602,0.5484893,0.7421748,0.1954503,0.6329387,0.7440592,0.3743683,0.6793000,0.8130000,0.4652000,0.6855000,0.6539000,0.3698000,0.7257000,0.6034000,0.2832000,0.7394000,0.5619000,0.3969000,0.8341000,0.4806000,0.5281000,0.3182822,0.0000000,0.0000000},
{0.5757094,0.4780090,0.2582343,0.5569486,0.4168852,0.2648840,0.5935095,0.5869436,0.2818241,0.5504399,0.7516477,0.1925804,0.6349466,0.7460570,0.3756280,0.6801000,0.8143000,0.4643000,0.6857000,0.6552000,0.3687000,0.7266000,0.6041000,0.2828000,0.7391000,0.5619000,0.3965000,0.8337000,0.4803000,0.5279000,0.3182822,0.0000000,0.0000000},
{0.5730085,0.4882296,0.2577283,0.5538547,0.4269863,0.2645692,0.5973570,0.5939007,0.2824188,0.5526811,0.7616165,0.1897833,0.6368937,0.7479824,0.3768578,0.6810000,0.8155000,0.4634000,0.6859000,0.6562000,0.3675000,0.7272000,0.6045000,0.2825000,0.7388000,0.5620000,0.3963000,0.8332000,0.4800000,0.5277000,0.3182822,0.0000000,0.0000000},
{0.5703463,0.4987446,0.2570686,0.5506842,0.4376260,0.2640425,0.6014868,0.6012748,0.2830807,0.5551730,0.7718343,0.1871471,0.6390149,0.7500670,0.3782068,0.6818000,0.8167000,0.4626000,0.6862000,0.6569000,0.3666000,0.7276000,0.6047000,0.2823000,0.7385000,0.5620000,0.3959000,0.8326000,0.4796000,0.5274000,0.3182822,0.0000000,0.0000000},
{0.5676876,0.5097300,0.2562328,0.5475099,0.4485891,0.2632953,0.6056735,0.6086534,0.2837761,0.5579206,0.7822833,0.1846873,0.6412179,0.7522175,0.3796178,0.6826000,0.8178000,0.4619000,0.6863000,0.6574000,0.3658000,0.7274000,0.6048000,0.2821000,0.7381000,0.5619000,0.3956000,0.8320000,0.4793000,0.5272000,0.3182822,0.0000000,0.0000000},
{0.5651541,0.5207033,0.2552519,0.5442899,0.4600502,0.2622971,0.6099766,0.6161380,0.2845157,0.5609484,0.7930134,0.1824055,0.6435275,0.7544567,0.3811081,0.6836000,0.8190000,0.4612000,0.6864000,0.6577000,0.3652000,0.7273000,0.6050000,0.2817000,0.7376000,0.5615000,0.3953000,0.8314000,0.4789000,0.5270000,0.3182822,0.0000000,0.0000000},
{0.5626866,0.5319276,0.2541006,0.5411465,0.4715938,0.2610714,0.6144518,0.6238174,0.2853113,0.5643667,0.8043334,0.1802638,0.6460153,0.7568506,0.3827259,0.6845000,0.8202000,0.4606000,0.6861000,0.6582000,0.3646000,0.7270000,0.6049000,0.2813000,0.7372000,0.5612000,0.3949000,0.8307000,0.4785000,0.5267000,0.3182822,0.0000000,0.0000000},
{0.5603487,0.5431206,0.2528057,0.5380267,0.4834277,0.2595882,0.6189719,0.6314678,0.2861415,0.5678627,0.8151969,0.1784635,0.6487099,0.7594228,0.3844927,0.6856000,0.8215000,0.4601000,0.6859000,0.6586000,0.3640000,0.7265000,0.6049000,0.2810000,0.7365000,0.5608000,0.3946000,0.8299000,0.4780000,0.5265000,0.3182822,0.0000000,0.0000000},
{0.5581149,0.5544032,0.2513538,0.5349575,0.4954703,0.2578457,0.6235880,0.6391727,0.2870164,0.5715254,0.8259327,0.1769306,0.6514302,0.7619978,0.3862918,0.6867000,0.8229000,0.4596000,0.6856000,0.6592000,0.3634000,0.7260000,0.6048000,0.2805000,0.7359000,0.5606000,0.3942000,0.8291000,0.4775000,0.5263000,0.3182822,0.0000000,0.0000000},
{0.5559795,0.5658181,0.2497360,0.5320024,0.5074796,0.2558748,0.6283031,0.6469327,0.2879379,0.5754416,0.8367894,0.1756318,0.6543083,0.7646983,0.3882119,0.6879000,0.8243000,0.4592000,0.6852000,0.6602000,0.3628000,0.7255000,0.6046000,0.2801000,0.7353000,0.5602000,0.3937000,0.8282000,0.4771000,0.5261000,0.3182822,0.0000000,0.0000000},
{0.5539682,0.5772377,0.2479681,0.5290911,0.5197542,0.2536199,0.6331017,0.6547173,0.2889039,0.5795394,0.8475558,0.1745974,0.6572540,0.7674369,0.3901947,0.6891000,0.8257000,0.4588000,0.6846000,0.6611000,0.3622000,0.7249000,0.6042000,0.2798000,0.7346000,0.5599000,0.3934000,0.8274000,0.4767000,0.5259000,0.3182822,0.0000000,0.0000000},
{0.5520679,0.5887473,0.2460349,0.5263043,0.5319662,0.2511342,0.6379360,0.6624473,0.2899055,0.5838635,0.8583415,0.1738205,0.6601890,0.7701402,0.3921882,0.6902000,0.8271000,0.4586000,0.6839000,0.6621000,0.3616000,0.7244000,0.6039000,0.2795000,0.7338000,0.5597000,0.3931000,0.8263000,0.4763000,0.5258000,0.3182822,0.0000000,0.0000000},
{0.5502872,0.6003136,0.2439379,0.5237143,0.5437765,0.2484984,0.6428727,0.6702258,0.2909573,0.5884200,0.8691422,0.1733107,0.6631169,0.7728118,0.3941946,0.6913000,0.8284000,0.4584000,0.6831000,0.6629000,0.3609000,0.7239000,0.6037000,0.2790000,0.7329000,0.5593000,0.3928000,0.8253000,0.4760000,0.5256000,0.3182822,0.0000000,0.0000000},
{0.5486508,0.6117816,0.2417045,0.5210321,0.5565447,0.2453887,0.6477558,0.6778070,0.2920260,0.5931845,0.8798822,0.1730803,0.6660581,0.7754702,0.3962279,0.6924000,0.8296000,0.4582000,0.6823000,0.6638000,0.3604000,0.7236000,0.6036000,0.2787000,0.7321000,0.5591000,0.3925000,0.8241000,0.4757000,0.5254000,0.3182822,0.0000000,0.0000000},
{0.5471406,0.6232845,0.2393077,0.5185671,0.5688399,0.2421339,0.6527139,0.6853916,0.2931395,0.5981254,0.8904805,0.1731362,0.6690962,0.7781896,0.3983469,0.6933000,0.8307000,0.4582000,0.6813000,0.6643000,0.3599000,0.7234000,0.6037000,0.2784000,0.7311000,0.5590000,0.3922000,0.8228000,0.4753000,0.5252000,0.3182822,0.0000000,0.0000000},
{0.5458001,0.6344735,0.2368226,0.5162712,0.5808641,0.2386978,0.6576366,0.6928105,0.2942732,0.6032311,0.9009071,0.1734814,0.6721735,0.7809162,0.4005127,0.6942000,0.8318000,0.4582000,0.6803000,0.6648000,0.3594000,0.7231000,0.6039000,0.2780000,0.7300000,0.5590000,0.3918000,0.8214000,0.4751000,0.5250000,0.3182822,0.0000000,0.0000000},
{0.5446175,0.6453891,0.2342487,0.5141026,0.5928273,0.2350236,0.6625629,0.7001249,0.2954353,0.6084637,0.9110827,0.1741139,0.6752224,0.7835903,0.4026778,0.6950000,0.8327000,0.4583000,0.6784000,0.6651000,0.3590000,0.7228000,0.6043000,0.2777000,0.7291000,0.5591000,0.3915000,0.8199000,0.4748000,0.5248000,0.3182822,0.0000000,0.0000000},
{0.5435835,0.6560702,0.2315830,0.5121196,0.6043942,0.2312202,0.6674878,0.7073283,0.2966245,0.6138558,0.9210674,0.1750400,0.6783383,0.7862948,0.4049104,0.6958000,0.8337000,0.4584000,0.6776000,0.6655000,0.3589000,0.7223000,0.6047000,0.2775000,0.7281000,0.5592000,0.3911000,0.8185000,0.4745000,0.5247000,0.3182822,0.0000000,0.0000000},
{0.5426933,0.6665243,0.2288284,0.5102741,0.6158242,0.2272101,0.6723555,0.7143418,0.2978265,0.6193997,0.9308360,0.1762638,0.6813946,0.7889195,0.4071199,0.6964000,0.8346000,0.4585000,0.6766000,0.6660000,0.3588000,0.7216000,0.6050000,0.2773000,0.7270000,0.5592000,0.3908000,0.8171000,0.4742000,0.5246000,0.3182822,0.0000000,0.0000000},
{0.5419526,0.6766153,0.2260277,0.5086197,0.6267566,0.2231300,0.6771498,0.7211472,0.2990362,0.6249922,0.9402078,0.1777621,0.6842748,0.7913675,0.4092200,0.6970000,0.8355000,0.4586000,0.6754000,0.6666000,0.3587000,0.7206000,0.6053000,0.2772000,0.7259000,0.5592000,0.3905000,0.8156000,0.4739000,0.5245000,0.3182822,0.0000000,0.0000000},
{0.5413462,0.6864742,0.2231514,0.5071024,0.6375175,0.2188687,0.6818394,0.7277062,0.3002440,0.6307172,0.9493240,0.1795573,0.6872558,0.7938751,0.4114120,0.6975000,0.8364000,0.4588000,0.6739000,0.6671000,0.3587000,0.7196000,0.6055000,0.2770000,0.7247000,0.5592000,0.3902000,0.8141000,0.4737000,0.5244000,0.3182822,0.0000000,0.0000000},
{0.5408767,0.6959682,0.2202448,0.5057583,0.6478212,0.2145484,0.6864190,0.7340185,0.3014469,0.6364615,0.9580039,0.1816138,0.6900850,0.7962301,0.4135098,0.6980000,0.8373000,0.4590000,0.6723000,0.6678000,0.3586000,0.7186000,0.6059000,0.2768000,0.7236000,0.5592000,0.3899000,0.8125000,0.4735000,0.5244000,0.3182822,0.0000000,0.0000000},
{0.5405379,0.7050464,0.2173339,0.5045588,0.6578465,0.2101059,0.6908771,0.7400754,0.3026399,0.6422201,0.9662511,0.1839239,0.6927346,0.7984136,0.4154898,0.6984000,0.8383000,0.4594000,0.6708000,0.6686000,0.3585000,0.7175000,0.6061000,0.2767000,0.7225000,0.5593000,0.3896000,0.8109000,0.4735000,0.5243000,0.3182822,0.0000000,0.0000000},
{0.5403162,0.7139255,0.2143558,0.5035225,0.6673886,0.2056448,0.6952685,0.7459574,0.3038363,0.6480077,0.9740927,0.1864901,0.6952979,0.8005056,0.4174197,0.6988000,0.8392000,0.4596000,0.6694000,0.6696000,0.3584000,0.7164000,0.6065000,0.2766000,0.7211000,0.5593000,0.3894000,0.8092000,0.4734000,0.5243000,0.3182822,0.0000000,0.0000000},
{0.5402131,0.7221401,0.2114787,0.5026159,0.6767139,0.2010508,0.6993801,0.7513888,0.3049755,0.6536827,0.9813537,0.1892404,0.6979160,0.8026214,0.4194054,0.6992000,0.8401000,0.4600000,0.6681000,0.6705000,0.3583000,0.7152000,0.6068000,0.2764000,0.7198000,0.5595000,0.3892000,0.8075000,0.4734000,0.5243000,0.3182822,0.0000000,0.0000000},
{0.5402115,0.7300092,0.2086065,0.5018706,0.6854250,0.1965351,0.7033278,0.7565347,0.3060867,0.6592463,0.9880648,0.1921596,0.7003308,0.8045542,0.4212503,0.6995000,0.8409000,0.4603000,0.6669000,0.6717000,0.3582000,0.7139000,0.6071000,0.2762000,0.7185000,0.5598000,0.3889000,0.8058000,0.4734000,0.5243000,0.3182822,0.0000000,0.0000000},
{0.5403026,0.7374314,0.2057868,0.5012554,0.6937761,0.1919869,0.7070416,0.7613139,0.3071475,0.6647065,0.9942600,0.1952384,0.7025317,0.8062998,0.4229429,0.6998000,0.8418000,0.4608000,0.6659000,0.6728000,0.3581000,0.7124000,0.6074000,0.2761000,0.7171000,0.5600000,0.3888000,0.8041000,0.4735000,0.5244000,0.3182822,0.0000000,0.0000000},
{0.5404754,0.7444185,0.2030284,0.5007673,0.7017262,0.1874419,0.7106212,0.7658639,0.3081843,0.6699449,0.9998380,0.1983920,0.7047485,0.8080425,0.4246585,0.7000000,0.8426000,0.4612000,0.6648000,0.6739000,0.3580000,0.7110000,0.6077000,0.2760000,0.7159000,0.5604000,0.3886000,0.8024000,0.4736000,0.5245000,0.3182822,0.0000000,0.0000000},
{0.5407173,0.7509286,0.2003616,0.5003918,0.7094502,0.1828080,0.7137881,0.7698428,0.3091131,0.6750435,1.0049200,0.2016512,0.7067192,0.8095787,0.4261929,0.7001000,0.8433000,0.4617000,0.6639000,0.6751000,0.3578000,0.7094000,0.6080000,0.2759000,0.7145000,0.5606000,0.3885000,0.8007000,0.4737000,0.5246000,0.3182822,0.0000000,0.0000000},
{0.5410236,0.7571042,0.1977402,0.5001376,0.7166436,0.1782819,0.7167902,0.7735745,0.3100038,0.6798490,1.0093917,0.2048971,0.7085832,0.8110202,0.4276522,0.7002000,0.8441000,0.4621000,0.6630000,0.6762000,0.3577000,0.7078000,0.6083000,0.2758000,0.7132000,0.5609000,0.3883000,0.7990000,0.4739000,0.5247000,0.3182822,0.0000000,0.0000000},
{0.5413853,0.7629262,0.1951816,0.4999869,0.7236338,0.1736708,0.7194940,0.7769017,0.3108144,0.6843344,1.0132816,0.2080821,0.7102492,0.8122992,0.4289633,0.7003000,0.8449000,0.4625000,0.6622000,0.6772000,0.3576000,0.7061000,0.6085000,0.2757000,0.7119000,0.5612000,0.3882000,0.7973000,0.4741000,0.5249000,0.3182822,0.0000000,0.0000000},
{0.5417998,0.7684684,0.1926621,0.4999406,0.7302794,0.1690733,0.7220330,0.7799971,0.3115829,0.6882463,1.0164450,0.2109851,0.7117556,0.8134478,0.4301541,0.7003000,0.8457000,0.4628000,0.6614000,0.6784000,0.3576000,0.7046000,0.6089000,0.2756000,0.7105000,0.5616000,0.3881000,0.7957000,0.4744000,0.5250000,0.3182822,0.0000000,0.0000000},
{0.5422601,0.7737190,0.1901945,0.4999905,0.7364345,0.1646101,0.7241778,0.7825899,0.3122376,0.6918644,1.0191761,0.2137766,0.7131674,0.8145176,0.4312750,0.7003000,0.8465000,0.4630000,0.6607000,0.6794000,0.3575000,0.7030000,0.6093000,0.2755000,0.7092000,0.5620000,0.3880000,0.7941000,0.4748000,0.5252000,0.3182822,0.0000000,0.0000000},
{0.5427600,0.7786843,0.1877837,0.5001303,0.7423083,0.1601474,0.7260558,0.7848436,0.3128151,0.6948490,1.0212845,0.2161582,0.7143590,0.8154153,0.4322245,0.7003000,0.8472000,0.4632000,0.6599000,0.6804000,0.3575000,0.7012000,0.6098000,0.2750000,0.7078000,0.5623000,0.3879000,0.7924000,0.4752000,0.5254000,0.3182822,0.0000000,0.0000000},
{0.5433064,0.7834767,0.1853805,0.5003739,0.7482504,0.1554075,0.7277140,0.7868207,0.3133282,0.6974715,1.0230266,0.2183113,0.7153151,0.8161323,0.4329889,0.7003000,0.8480000,0.4634000,0.6591000,0.6815000,0.3574000,0.7001000,0.6104000,0.2748000,0.7064000,0.5629000,0.3879000,0.7908000,0.4756000,0.5256000,0.3182822,0.0000000,0.0000000},
{0.5438427,0.7876934,0.1831996,0.5006888,0.7535604,0.1509571,0.7290621,0.7884191,0.3137476,0.6997898,1.0244786,0.2202629,0.7161235,0.8167360,0.4336367,0.7001000,0.8487000,0.4634000,0.6583000,0.6823000,0.3573000,0.6991000,0.6110000,0.2748000,0.7051000,0.5633000,0.3878000,0.7892000,0.4760000,0.5259000,0.3182822,0.0000000,0.0000000},
{0.5443950,0.7916395,0.1810984,0.5010264,0.7579457,0.1471105,0.7302748,0.7898502,0.3141266,0.7015029,1.0254974,0.2217347,0.7166679,0.8171414,0.4340739,0.6997000,0.8493000,0.4634000,0.6575000,0.6832000,0.3572000,0.6981000,0.6116000,0.2746000,0.7039000,0.5638000,0.3878000,0.7877000,0.4765000,0.5261000,0.3182822,0.0000000,0.0000000},
{0.5449692,0.7953948,0.1790409,0.5013324,0.7612511,0.1440975,0.7312996,0.7910544,0.3144481,0.7030261,1.0263637,0.2230649,0.7170931,0.8174573,0.4344159,0.6992000,0.8498000,0.4633000,0.6567000,0.6838000,0.3570000,0.6971000,0.6121000,0.2746000,0.7026000,0.5644000,0.3877000,0.7861000,0.4770000,0.5263000,0.3182822,0.0000000,0.0000000}
};
