fitErrPi Mean = 0.341055
fitErrTh Mean = 0.435765
fitErrWr Mean = 0.414733
fitErrLA Mean = 0.0174601
fitErrEl Mean = 0.0285035
fitErrUA Mean = 0.0673763
efPts = {
{1.6311036,0.8199485,-1.0742130,0.8010802,0.9712866,-0.8263322,1.4163159,0.6203492,0.2432307,1.1961921,0.7604107,0.5038100,1.0260127,0.5507680,0.6579239,0.6771000,0.7462000,0.4913000,0.7004000,0.6533000,0.4333000,0.7182000,0.6092000,0.3525000,0.7897000,0.5689000,0.4347000,0.8828000,0.5253000,0.4830000,0.9364385,1.0142677,-0.6366478},
{0.8312596,0.6012361,-0.0820063,0.6727392,0.6321229,-0.1702000,0.5564774,0.4666517,0.2993939,0.5713788,0.5912299,0.2928527,0.5976789,0.7105123,0.3792033,0.6772000,0.7463000,0.4913000,0.7005000,0.6529000,0.4332000,0.7185000,0.6093000,0.3526000,0.7899000,0.5689000,0.4347000,0.8829000,0.5252000,0.4831000,0.7153742,0.5593633,-0.0889810},
{0.8312567,0.6012415,-0.0820048,0.6725742,0.6324582,-0.1699612,0.5563806,0.4673106,0.2991271,0.5714157,0.5917116,0.2925091,0.5978992,0.7107161,0.3791692,0.6773000,0.7463000,0.4913000,0.7007000,0.6534000,0.4333000,0.7187000,0.6093000,0.3527000,0.7899000,0.5689000,0.4348000,0.8830000,0.5251000,0.4831000,0.7151270,0.5598069,-0.0887648},
{0.8309433,0.6018227,-0.0818405,0.6723080,0.6329992,-0.1695760,0.5562721,0.4680574,0.2988246,0.5714667,0.5923603,0.2920472,0.5982255,0.7110174,0.3791191,0.6774000,0.7464000,0.4913000,0.7009000,0.6535000,0.4333000,0.7190000,0.6093000,0.3527000,0.7900000,0.5689000,0.4348000,0.8831000,0.5251000,0.4831000,0.7148927,0.5602275,-0.0885599},
{0.8304940,0.6026566,-0.0816051,0.6721036,0.6334147,-0.1692804,0.5561042,0.4692338,0.2983483,0.5715335,0.5931804,0.2914644,0.5985023,0.7112726,0.3790767,0.6775000,0.7466000,0.4913000,0.7010000,0.6536000,0.4333000,0.7193000,0.6093000,0.3528000,0.7900000,0.5689000,0.4348000,0.8831000,0.5250000,0.4831000,0.7144152,0.5610850,-0.0881426},
{0.8303764,0.6028748,-0.0815436,0.6716276,0.6343828,-0.1685922,0.5559175,0.4705710,0.2978069,0.5716304,0.5943214,0.2906558,0.5989405,0.7116759,0.3790103,0.6777000,0.7468000,0.4913000,0.7011000,0.6538000,0.4333000,0.7195000,0.6093000,0.3529000,0.7900000,0.5689000,0.4348000,0.8831000,0.5248000,0.4831000,0.7141395,0.5615806,-0.0879018},
{0.8298718,0.6038123,-0.0812796,0.6713870,0.6348724,-0.1682445,0.5557212,0.4720133,0.2972229,0.5717440,0.5955913,0.2897588,0.5994696,0.7121615,0.3789308,0.6778000,0.7471000,0.4912000,0.7012000,0.6540000,0.4332000,0.7198000,0.6093000,0.3530000,0.7899000,0.5689000,0.4348000,0.8829000,0.5247000,0.4831000,0.7135874,0.5625735,-0.0874199},
{0.8292523,0.6049643,-0.0809558,0.6709878,0.6356851,-0.1676679,0.5555209,0.4735256,0.2966106,0.5718841,0.5970760,0.2887143,0.6001168,0.7127537,0.3788347,0.6781000,0.7474000,0.4912000,0.7012000,0.6543000,0.4331000,0.7201000,0.6093000,0.3531000,0.7898000,0.5690000,0.4348000,0.8828000,0.5245000,0.4830000,0.7132393,0.5632002,-0.0871161},
{0.8288319,0.6057468,-0.0807364,0.6705026,0.6366733,-0.1669675,0.5553065,0.4751951,0.2959348,0.5720400,0.5986356,0.2876216,0.6008564,0.7134278,0.3787265,0.6783000,0.7479000,0.4911000,0.7013000,0.6548000,0.4330000,0.7203000,0.6093000,0.3532000,0.7890000,0.5693000,0.4355000,0.8825000,0.5243000,0.4830000,0.7126372,0.5642847,-0.0865913},
{0.8283127,0.6067140,-0.0804656,0.6699345,0.6378313,-0.1661479,0.5550744,0.4770671,0.2951770,0.5722279,0.6004082,0.2863856,0.6016079,0.7141100,0.3786183,0.6786000,0.7484000,0.4910000,0.7014000,0.6553000,0.4329000,0.7206000,0.6093000,0.3532000,0.7894000,0.5692000,0.4347000,0.8822000,0.5241000,0.4829000,0.7120679,0.5653112,-0.0860955},
{0.8274011,0.6084142,-0.0799910,0.6693412,0.6390414,-0.1652929,0.5548282,0.4791343,0.2943403,0.5724351,0.6022502,0.2851077,0.6024561,0.7148768,0.3784982,0.6789000,0.7490000,0.4909000,0.7015000,0.6559000,0.4327000,0.7209000,0.6093000,0.3533000,0.7892000,0.5693000,0.4346000,0.8819000,0.5238000,0.4828000,0.7112573,0.5667746,-0.0853901},
{0.8267165,0.6096928,-0.0796352,0.6683772,0.6410097,-0.1639049,0.5545756,0.4813545,0.2934417,0.5726889,0.6043718,0.2836439,0.6034065,0.7157317,0.3783661,0.6792000,0.7496000,0.4908000,0.7016000,0.6566000,0.4326000,0.7211000,0.6093000,0.3534000,0.7890000,0.5694000,0.4346000,0.8815000,0.5235000,0.4827000,0.7105289,0.5680913,-0.0847571},
{0.8255261,0.6119198,-0.0790176,0.6674132,0.6429802,-0.1625190,0.5542947,0.4839605,0.2923871,0.5729967,0.6067829,0.2819910,0.6044055,0.7166258,0.3782303,0.6795000,0.7502000,0.4907000,0.7018000,0.6574000,0.4324000,0.7214000,0.6093000,0.3535000,0.7883000,0.5699000,0.4352000,0.8811000,0.5232000,0.4826000,0.7094191,0.5701006,-0.0837939},
{0.8242037,0.6143991,-0.0783335,0.6664233,0.6450065,-0.1610976,0.5539923,0.4869592,0.2911737,0.5733904,0.6096561,0.2800359,0.6055121,0.7176106,0.3780831,0.6799000,0.7509000,0.4906000,0.7019000,0.6582000,0.4321000,0.7217000,0.6094000,0.3536000,0.7881000,0.5700000,0.4352000,0.8808000,0.5229000,0.4825000,0.7082335,0.5722514,-0.0827666},
{0.8231620,0.6163563,-0.0777959,0.6652480,0.6474152,-0.1594129,0.5536738,0.4903868,0.2897869,0.5738532,0.6127917,0.2779201,0.6067176,0.7186770,0.3779269,0.6804000,0.7517000,0.4904000,0.7019000,0.6590000,0.4320000,0.7220000,0.6094000,0.3537000,0.7879000,0.5701000,0.4351000,0.8804000,0.5226000,0.4824000,0.7069519,0.5745812,-0.0816582},
{0.8216130,0.6192735,-0.0769988,0.6638983,0.6501861,-0.1574815,0.5533517,0.4942224,0.2882354,0.5744208,0.6163549,0.2755385,0.6082316,0.7200068,0.3777366,0.6808000,0.7525000,0.4903000,0.7021000,0.6600000,0.4317000,0.7222000,0.6094000,0.3537000,0.7881000,0.5698000,0.4345000,0.8801000,0.5222000,0.4823000,0.7054214,0.5773704,-0.0803374},
{0.8200630,0.6222005,-0.0762039,0.6623121,0.6534485,-0.1552164,0.5530425,0.4983907,0.2865495,0.5750842,0.6202078,0.2729900,0.6098430,0.7214108,0.3775410,0.6813000,0.7534000,0.4901000,0.7022000,0.6610000,0.4315000,0.7225000,0.6094000,0.3538000,0.7879000,0.5699000,0.4345000,0.8797000,0.5218000,0.4822000,0.7038663,0.5802119,-0.0789985},
{0.8182755,0.6255861,-0.0752906,0.6606914,0.6567887,-0.1529075,0.5527537,0.5029358,0.2847116,0.5758876,0.6245227,0.2701689,0.6116628,0.7229823,0.3773289,0.6819000,0.7544000,0.4899000,0.7024000,0.6621000,0.4313000,0.7225000,0.6094000,0.3538000,0.7871000,0.5703000,0.4352000,0.8793000,0.5214000,0.4821000,0.7018988,0.5838177,-0.0773091},
{0.8165632,0.6288396,-0.0744192,0.6589136,0.6604606,-0.1503810,0.5524927,0.5079676,0.2826772,0.5768033,0.6290702,0.2672329,0.6137187,0.7247404,0.3771000,0.6824000,0.7555000,0.4898000,0.7026000,0.6633000,0.4310000,0.7227000,0.6101000,0.3536000,0.7869000,0.5704000,0.4352000,0.8789000,0.5210000,0.4821000,0.6999422,0.5874159,-0.0756341},
{0.8144388,0.6328902,-0.0733428,0.6569170,0.6645944,-0.1475514,0.5522790,0.5134303,0.2804691,0.5778614,0.6339395,0.2641313,0.6159313,0.7266122,0.3768662,0.6831000,0.7567000,0.4895000,0.7027000,0.6646000,0.4306000,0.7226000,0.6106000,0.3535000,0.7866000,0.5705000,0.4352000,0.8784000,0.5205000,0.4820000,0.6978451,0.5912860,-0.0738444},
{0.8120053,0.6375495,-0.0721163,0.6551298,0.6683035,-0.1450256,0.5521299,0.5192951,0.2780990,0.5790996,0.6392227,0.2608150,0.6183702,0.7286517,0.3766233,0.6837000,0.7579000,0.4891000,0.7028000,0.6658000,0.4303000,0.7227000,0.6110000,0.3535000,0.7862000,0.5704000,0.4352000,0.8779000,0.5201000,0.4819000,0.6956170,0.5954133,-0.0719495},
{0.8096300,0.6421174,-0.0709259,0.6530006,0.6727338,-0.1420251,0.5520625,0.5254981,0.2755929,0.5804803,0.6446943,0.2574336,0.6209364,0.7307713,0.3763841,0.6843000,0.7592000,0.4886000,0.7031000,0.6670000,0.4299000,0.7227000,0.6115000,0.3533000,0.7859000,0.5704000,0.4352000,0.8774000,0.5196000,0.4818000,0.6933971,0.5995416,-0.0700680},
{0.8072219,0.6467689,-0.0697260,0.6510808,0.6767386,-0.1393279,0.5520935,0.5321626,0.2729010,0.5820939,0.6506423,0.2538190,0.6236700,0.7330001,0.3761473,0.6851000,0.7606000,0.4881000,0.7033000,0.6682000,0.4295000,0.7226000,0.6120000,0.3532000,0.7855000,0.5705000,0.4351000,0.8768000,0.5191000,0.4817000,0.6907797,0.6044294,-0.0678583},
{0.8048115,0.6514460,-0.0685321,0.6487002,0.6817184,-0.1359942,0.5522347,0.5389448,0.2701624,0.5837931,0.6564864,0.2503291,0.6266992,0.7354358,0.3759061,0.6859000,0.7621000,0.4876000,0.7035000,0.6696000,0.4291000,0.7227000,0.6126000,0.3531000,0.7851000,0.5705000,0.4350000,0.8761000,0.5185000,0.4816000,0.6883890,0.6089135,-0.0658482},
{0.8023176,0.6563074,-0.0673043,0.6467409,0.6858286,-0.1332593,0.5524995,0.5460151,0.2673083,0.5857150,0.6626752,0.2466997,0.6298221,0.7379101,0.3756801,0.6869000,0.7638000,0.4872000,0.7039000,0.6712000,0.4286000,0.7225000,0.6133000,0.3529000,0.7847000,0.5706000,0.4349000,0.8754000,0.5180000,0.4815000,0.6858251,0.6137435,-0.0637012},
{0.7995971,0.6616370,-0.0659737,0.6444451,0.6906580,-0.1300652,0.5529203,0.5536489,0.2642275,0.5878692,0.6691771,0.2429600,0.6330755,0.7404493,0.3754686,0.6878000,0.7654000,0.4869000,0.7043000,0.6730000,0.4280000,0.7225000,0.6139000,0.3527000,0.7842000,0.5707000,0.4347000,0.8747000,0.5173000,0.4814000,0.6832053,0.6187015,-0.0615167},
{0.7967716,0.6672018,-0.0646018,0.6423199,0.6951412,-0.1271185,0.5534968,0.5614705,0.2610720,0.5902715,0.6759809,0.2391269,0.6363743,0.7429848,0.3752785,0.6888000,0.7671000,0.4865000,0.7047000,0.6749000,0.4274000,0.7224000,0.6148000,0.3526000,0.7837000,0.5708000,0.4346000,0.8739000,0.5167000,0.4812000,0.6805896,0.6236746,-0.0593453},
{0.7939890,0.6727118,-0.0632608,0.6399740,0.7001044,-0.1238771,0.5542692,0.5697648,0.2577269,0.5929459,0.6830973,0.2352054,0.6397188,0.7455162,0.3751101,0.6896000,0.7687000,0.4861000,0.7051000,0.6766000,0.4268000,0.7223000,0.6155000,0.3524000,0.7833000,0.5710000,0.4344000,0.8732000,0.5161000,0.4810000,0.6777966,0.6290105,-0.0570372},
{0.7910433,0.6785775,-0.0618522,0.6377414,0.7048421,-0.1208034,0.5552423,0.5783377,0.2542707,0.5959141,0.6905249,0.2312081,0.6431765,0.7480927,0.3749611,0.6903000,0.7703000,0.4856000,0.7054000,0.6781000,0.4263000,0.7224000,0.6165000,0.3522000,0.7829000,0.5711000,0.4343000,0.8723000,0.5155000,0.4808000,0.6749707,0.6344362,-0.0547134},
{0.7880591,0.6845550,-0.0604369,0.6353496,0.7099330,-0.1175225,0.5564221,0.5871056,0.2507371,0.5991141,0.6980693,0.2272484,0.6467502,0.7507135,0.3748334,0.6909000,0.7720000,0.4850000,0.7056000,0.6794000,0.4259000,0.7225000,0.6173000,0.3520000,0.7825000,0.5712000,0.4341000,0.8715000,0.5149000,0.4805000,0.6720784,0.6400181,-0.0523468},
{0.7852593,0.6901956,-0.0591200,0.6332311,0.7144555,-0.1146270,0.5578176,0.5960416,0.2471371,0.6025434,0.7057041,0.2233448,0.6505911,0.7534834,0.3747251,0.6915000,0.7737000,0.4843000,0.7059000,0.6806000,0.4258000,0.7227000,0.6184000,0.3517000,0.7819000,0.5714000,0.4340000,0.8706000,0.5144000,0.4804000,0.6691994,0.6456034,-0.0500031},
{0.7823473,0.6960963,-0.0577618,0.6310133,0.7192034,-0.1116064,0.5593950,0.6049014,0.2435691,0.6061953,0.7133988,0.2195165,0.6545616,0.7562973,0.3746438,0.6923000,0.7755000,0.4837000,0.7063000,0.6819000,0.4255000,0.7228000,0.6194000,0.3515000,0.7813000,0.5716000,0.4337000,0.8697000,0.5140000,0.4802000,0.6662507,0.6513540,-0.0476153},
{0.7794490,0.7020040,-0.0564218,0.6289377,0.7236597,-0.1087894,0.5611761,0.6138034,0.2399854,0.6100356,0.7210745,0.2158048,0.6588133,0.7592559,0.3745906,0.6933000,0.7775000,0.4834000,0.7068000,0.6835000,0.4253000,0.7229000,0.6205000,0.3512000,0.7805000,0.5718000,0.4335000,0.8686000,0.5135000,0.4801000,0.6635028,0.6567412,-0.0454017},
{0.7767213,0.7075965,-0.0551716,0.6267801,0.7283048,-0.1058713,0.5631426,0.6226492,0.2364258,0.6140671,0.7287350,0.2122081,0.6632430,0.7622801,0.3745715,0.6944000,0.7795000,0.4832000,0.7074000,0.6853000,0.4249000,0.7229000,0.6216000,0.3510000,0.7799000,0.5723000,0.4334000,0.8675000,0.5131000,0.4799000,0.6606852,0.6622930,-0.0431437},
{0.7739139,0.7133861,-0.0538961,0.6246979,0.7328006,-0.1030650,0.5653757,0.6317615,0.2327603,0.6183545,0.7364922,0.2086771,0.6677126,0.7652726,0.3745887,0.6956000,0.7816000,0.4831000,0.7080000,0.6870000,0.4246000,0.7226000,0.6228000,0.3509000,0.7794000,0.5726000,0.4332000,0.8665000,0.5127000,0.4798000,0.6578333,0.6679420,-0.0408705},
{0.7709433,0.7195497,-0.0525591,0.6226784,0.7371727,-0.1003528,0.5678444,0.6409536,0.2290643,0.6229236,0.7443712,0.2052069,0.6721898,0.7682123,0.3746418,0.6967000,0.7835000,0.4829000,0.7086000,0.6887000,0.4245000,0.7222000,0.6237000,0.3511000,0.7786000,0.5729000,0.4331000,0.8655000,0.5123000,0.4796000,0.6550562,0.6734716,-0.0386689},
{0.7680688,0.7255513,-0.0512780,0.6207254,0.7414122,-0.0977386,0.5705592,0.6502308,0.2253355,0.6277015,0.7522320,0.2018636,0.6767142,0.7711256,0.3747312,0.6977000,0.7853000,0.4826000,0.7091000,0.6900000,0.4244000,0.7216000,0.6244000,0.3513000,0.7782000,0.5735000,0.4331000,0.8646000,0.5120000,0.4795000,0.6521724,0.6792441,-0.0363954},
{0.7652057,0.7315665,-0.0500145,0.6187542,0.7457027,-0.0951088,0.5734957,0.6594886,0.2216161,0.6328159,0.7602665,0.1985716,0.6811225,0.7739098,0.3748519,0.6985000,0.7871000,0.4823000,0.7096000,0.6914000,0.4243000,0.7210000,0.6252000,0.3516000,0.7776000,0.5738000,0.4330000,0.8637000,0.5117000,0.4794000,0.6494489,0.6847247,-0.0342602},
{0.7626988,0.7368646,-0.0489187,0.6168439,0.7498713,-0.0925690,0.5765965,0.6685574,0.2179742,0.6379040,0.7679112,0.1955595,0.6855649,0.7766625,0.3750065,0.6993000,0.7889000,0.4820000,0.7101000,0.6929000,0.4241000,0.7203000,0.6258000,0.3518000,0.7762000,0.5738000,0.4329000,0.8629000,0.5115000,0.4793000,0.6467672,0.6901486,-0.0321694},
{0.7600932,0.7424026,-0.0477904,0.6149587,0.7539958,-0.0900708,0.5798547,0.6774439,0.2144070,0.6432265,0.7755739,0.1926609,0.6898870,0.7792905,0.3751880,0.7002000,0.7908000,0.4818000,0.7107000,0.6944000,0.4236000,0.7195000,0.6266000,0.3521000,0.7755000,0.5742000,0.4329000,0.8620000,0.5113000,0.4792000,0.6441047,0.6955613,-0.0301049},
{0.7574774,0.7479953,-0.0466687,0.6133321,0.7575630,-0.0879220,0.5831943,0.6859823,0.2109810,0.6489948,0.7835293,0.1897830,0.6942036,0.7818668,0.3753993,0.7012000,0.7926000,0.4818000,0.7113000,0.6961000,0.4232000,0.7188000,0.6276000,0.3523000,0.7749000,0.5747000,0.4329000,0.8611000,0.5112000,0.4791000,0.6414496,0.7009867,-0.0280577},
{0.7550257,0.7532674,-0.0456276,0.6114787,0.7616374,-0.0854810,0.5866832,0.6943798,0.2076129,0.6544643,0.7907677,0.1872843,0.6984016,0.7843268,0.3756331,0.7024000,0.7945000,0.4819000,0.7120000,0.6978000,0.4230000,0.7183000,0.6286000,0.3525000,0.7743000,0.5752000,0.4328000,0.8602000,0.5111000,0.4789000,0.6387622,0.7065064,-0.0259974},
{0.7526538,0.7583962,-0.0446299,0.6099362,0.7650361,-0.0834559,0.5902757,0.7025477,0.2043383,0.6599062,0.7976996,0.1850019,0.7027354,0.7868200,0.3759032,0.7036000,0.7963000,0.4819000,0.7126000,0.6993000,0.4228000,0.7180000,0.6296000,0.3526000,0.7738000,0.5759000,0.4328000,0.8593000,0.5111000,0.4788000,0.6361944,0.7118075,-0.0240401},
{0.7501805,0.7637748,-0.0435999,0.6082108,0.7688465,-0.0811971,0.5940014,0.7105730,0.2011222,0.6655435,0.8046188,0.1828351,0.7067542,0.7890905,0.3761793,0.7046000,0.7981000,0.4819000,0.7132000,0.7008000,0.4227000,0.7178000,0.6306000,0.3526000,0.7733000,0.5761000,0.4327000,0.8585000,0.5110000,0.4787000,0.6335899,0.7172119,-0.0220662},
{0.7477336,0.7691272,-0.0425912,0.6065341,0.7725580,-0.0790091,0.5979517,0.7186492,0.1978871,0.6712999,0.8114291,0.1808150,0.7105889,0.7912205,0.3764656,0.7056000,0.7999000,0.4818000,0.7138000,0.7022000,0.4227000,0.7179000,0.6318000,0.3525000,0.7726000,0.5770000,0.4328000,0.8577000,0.5111000,0.4785000,0.6310151,0.7225820,-0.0201263},
{0.7454060,0.7742477,-0.0416416,0.6048919,0.7762016,-0.0768726,0.6020662,0.7266437,0.1946861,0.6771014,0.8180502,0.1789621,0.7143963,0.7933004,0.3767714,0.7065000,0.8016000,0.4816000,0.7143000,0.7035000,0.4226000,0.7171000,0.6329000,0.3523000,0.7722000,0.5774000,0.4327000,0.8570000,0.5111000,0.4784000,0.6284748,0.7279073,-0.0182235},
{0.7431031,0.7793424,-0.0407117,0.6033352,0.7796630,-0.0748534,0.6062203,0.7343321,0.1916090,0.6829517,0.8244964,0.1772677,0.7179171,0.7951931,0.3770732,0.7072000,0.8033000,0.4813000,0.7148000,0.7048000,0.4225000,0.7176000,0.6342000,0.3522000,0.7718000,0.5782000,0.4328000,0.8564000,0.5113000,0.4782000,0.6260300,0.7330582,-0.0164031},
{0.7410485,0.7839122,-0.0398902,0.6017312,0.7832376,-0.0727790,0.6103620,0.7416547,0.1886796,0.6887531,0.8306740,0.1757494,0.7213617,0.7970168,0.3773858,0.7080000,0.8050000,0.4810000,0.7140000,0.7058000,0.4223000,0.7180000,0.6356000,0.3520000,0.7714000,0.5786000,0.4327000,0.8557000,0.5115000,0.4781000,0.6236539,0.7380889,-0.0146440},
{0.7389854,0.7885243,-0.0390733,0.6003384,0.7863481,-0.0709829,0.6144349,0.7485547,0.1859205,0.6943764,0.8364697,0.1744230,0.7249353,0.7988797,0.3777283,0.7088000,0.8067000,0.4807000,0.7148000,0.7072000,0.4221000,0.7184000,0.6369000,0.3517000,0.7710000,0.5795000,0.4326000,0.8550000,0.5118000,0.4780000,0.6214427,0.7427925,-0.0130161},
{0.7369750,0.7930419,-0.0382849,0.5990754,0.7891739,-0.0693583,0.6184382,0.7550720,0.1833154,0.6998411,0.8419296,0.1732640,0.7281758,0.8005436,0.3780545,0.7097000,0.8083000,0.4804000,0.7155000,0.7086000,0.4219000,0.7187000,0.6382000,0.3516000,0.7705000,0.5799000,0.4325000,0.8543000,0.5120000,0.4779000,0.6195419,0.7468530,-0.0116239},
{0.7352869,0.7968529,-0.0376290,0.5978348,0.7919545,-0.0677664,0.6223696,0.7612378,0.1808519,0.7051679,0.8470963,0.1722516,0.7314768,0.8022141,0.3784021,0.7107000,0.8100000,0.4802000,0.7162000,0.7100000,0.4218000,0.7189000,0.6394000,0.3514000,0.7704000,0.5810000,0.4325000,0.8536000,0.5123000,0.4778000,0.6175745,0.7510726,-0.0101900},
{0.7333869,0.8011621,-0.0368974,0.5966175,0.7946877,-0.0662081,0.6262456,0.7671064,0.1785080,0.7102520,0.8518905,0.1713887,0.7346469,0.8037951,0.3787502,0.7118000,0.8118000,0.4801000,0.7169000,0.7114000,0.4216000,0.7191000,0.6406000,0.3513000,0.7700000,0.5816000,0.4324000,0.8530000,0.5126000,0.4778000,0.6156565,0.7552030,-0.0087990},
{0.7316752,0.8050624,-0.0362444,0.5954278,0.7973636,-0.0646887,0.6300539,0.7726839,0.1762812,0.7151829,0.8564174,0.1706446,0.7376846,0.8052891,0.3790969,0.7128000,0.8135000,0.4799000,0.7176000,0.7127000,0.4215000,0.7192000,0.6419000,0.3514000,0.7696000,0.5820000,0.4325000,0.8524000,0.5130000,0.4777000,0.6137620,0.7592992,-0.0074319},
{0.7300368,0.8088121,-0.0356249,0.5945389,0.7993657,-0.0635558,0.6338302,0.7780418,0.1741430,0.7200526,0.8607738,0.1699959,0.7407197,0.8067612,0.3794560,0.7139000,0.8154000,0.4798000,0.7182000,0.7140000,0.4215000,0.7193000,0.6430000,0.3514000,0.7694000,0.5828000,0.4324000,0.8518000,0.5134000,0.4777000,0.6120432,0.7630298,-0.0061975},
{0.7285908,0.8121350,-0.0350827,0.5934756,0.8017642,-0.0622033,0.6374989,0.7830924,0.1721281,0.7246957,0.8648252,0.1694547,0.7437497,0.8082107,0.3798271,0.7149000,0.8173000,0.4797000,0.7188000,0.7153000,0.4214000,0.7194000,0.6441000,0.3514000,0.7701000,0.5845000,0.4321000,0.8514000,0.5137000,0.4777000,0.6103840,0.7666439,-0.0050114},
{0.7271176,0.8155338,-0.0345348,0.5925575,0.8038380,-0.0610378,0.6411061,0.7879185,0.1702035,0.7292465,0.8687022,0.1689951,0.7467927,0.8096461,0.3802123,0.7159000,0.8191000,0.4795000,0.7193000,0.7163000,0.4214000,0.7195000,0.6452000,0.3516000,0.7724000,0.5870000,0.4318000,0.8510000,0.5141000,0.4777000,0.6087686,0.7701750,-0.0038617},
{0.7258051,0.8185730,-0.0340505,0.5916799,0.8058229,-0.0599256,0.6445141,0.7923573,0.1684339,0.7334986,0.8722431,0.1686272,0.7497852,0.8110380,0.3806033,0.7171000,0.8215000,0.4794000,0.7198000,0.7177000,0.4215000,0.7195000,0.6463000,0.3517000,0.7724000,0.5878000,0.4317000,0.8506000,0.5146000,0.4778000,0.6071806,0.7736584,-0.0027365},
{0.7245421,0.8215082,-0.0335878,0.5908004,0.8078147,-0.0588131,0.6478148,0.7965500,0.1667630,0.7376478,0.8756244,0.1683241,0.7525978,0.8123286,0.3809818,0.7181000,0.8232000,0.4793000,0.7203000,0.7188000,0.4214000,0.7195000,0.6473000,0.3517000,0.7722000,0.5886000,0.4318000,0.8503000,0.5150000,0.4778000,0.6057070,0.7769017,-0.0016968},
{0.7234350,0.8240890,-0.0331851,0.5899897,0.8096529,-0.0577893,0.6509586,0.8004506,0.1652091,0.7414655,0.8786724,0.1680928,0.7552130,0.8135133,0.3813432,0.7191000,0.8248000,0.4792000,0.7208000,0.7200000,0.4213000,0.7196000,0.6483000,0.3519000,0.7720000,0.5894000,0.4320000,0.8499000,0.5155000,0.4780000,0.6042614,0.7800935,-0.0006812},
{0.7222571,0.8268439,-0.0327596,0.5892858,0.8112505,-0.0569019,0.6539814,0.8041190,0.1637480,0.7450604,0.8814884,0.1679158,0.7576845,0.8146195,0.3816931,0.7203000,0.8265000,0.4789000,0.7213000,0.7212000,0.4213000,0.7196000,0.6492000,0.3520000,0.7717000,0.5903000,0.4321000,0.8494000,0.5159000,0.4781000,0.6029866,0.7829165,0.0002109},
{0.7212060,0.8293095,-0.0323824,0.5884184,0.8132217,-0.0558100,0.6568372,0.8075139,0.1623964,0.7484992,0.8841341,0.1677828,0.7598352,0.8155714,0.3820042,0.7213000,0.8279000,0.4787000,0.7219000,0.7222000,0.4213000,0.7197000,0.6503000,0.3521000,0.7716000,0.5910000,0.4322000,0.8490000,0.5164000,0.4782000,0.6016773,0.7858245,0.0011238},
{0.7202023,0.8316710,-0.0320245,0.5876990,0.8148585,-0.0549059,0.6595937,0.8107277,0.1611172,0.7516872,0.8865455,0.1676907,0.7617777,0.8164228,0.3822904,0.7220000,0.8291000,0.4785000,0.7223000,0.7233000,0.4213000,0.7198000,0.6511000,0.3521000,0.7714000,0.5918000,0.4323000,0.8486000,0.5169000,0.4783000,0.6005413,0.7883542,0.0019129},
{0.7191975,0.8340417,-0.0316685,0.5869112,0.8166528,-0.0539174,0.6621914,0.8137016,0.1599338,0.7547046,0.8887918,0.1676307,0.7636096,0.8172183,0.3825649,0.7230000,0.8304000,0.4783000,0.7228000,0.7243000,0.4212000,0.7199000,0.6521000,0.3522000,0.7711000,0.5926000,0.4325000,0.8482000,0.5173000,0.4785000,0.5994546,0.7907804,0.0026653},
{0.7183457,0.8360566,-0.0313685,0.5862538,0.8181517,-0.0530937,0.6646453,0.8164635,0.1588351,0.7575056,0.8908462,0.1675983,0.7652380,0.8179196,0.3828125,0.7237000,0.8317000,0.4780000,0.7232000,0.7253000,0.4211000,0.7200000,0.6530000,0.3522000,0.7714000,0.5935000,0.4321000,0.8477000,0.5178000,0.4786000,0.5984180,0.7931000,0.0033806},
{0.7175828,0.8378654,-0.0311012,0.5857646,0.8192680,-0.0524815,0.6669377,0.8190031,0.1578250,0.7601552,0.8927625,0.1675881,0.7669001,0.8186295,0.3830689,0.7246000,0.8330000,0.4777000,0.7235000,0.7262000,0.4210000,0.7201000,0.6539000,0.3523000,0.7712000,0.5944000,0.4322000,0.8473000,0.5183000,0.4787000,0.5974030,0.7953767,0.0040789},
{0.7169054,0.8394749,-0.0308649,0.5852168,0.8205189,-0.0517968,0.6690491,0.8213085,0.1569083,0.7625346,0.8944612,0.1675956,0.7684456,0.8192845,0.3833105,0.7253000,0.8342000,0.4775000,0.7239000,0.7272000,0.4210000,0.7202000,0.6546000,0.3523000,0.7709000,0.5949000,0.4325000,0.8470000,0.5188000,0.4789000,0.5964975,0.7974122,0.0047000},
{0.7162273,0.8410892,-0.0306295,0.5847147,0.8216665,-0.0511699,0.6709836,0.8233930,0.1560796,0.7646996,0.8959888,0.1676160,0.7699382,0.8199122,0.3835468,0.7262000,0.8356000,0.4772000,0.7243000,0.7281000,0.4210000,0.7203000,0.6555000,0.3524000,0.7707000,0.5955000,0.4327000,0.8466000,0.5193000,0.4791000,0.5956507,0.7993197,0.0052792},
{0.7157215,0.8422953,-0.0304546,0.5842570,0.8227133,-0.0505989,0.6727605,0.8252849,0.1553276,0.7666326,0.8973385,0.1676451,0.7714102,0.8205268,0.3837827,0.7270000,0.8368000,0.4770000,0.7246000,0.7291000,0.4209000,0.7204000,0.6563000,0.3525000,0.7702000,0.5963000,0.4330000,0.8462000,0.5198000,0.4793000,0.5949641,0.8008691,0.0057478},
{0.7151668,0.8436201,-0.0302635,0.5839296,0.8234624,-0.0501909,0.6743078,0.8269148,0.1546799,0.7683474,0.8985245,0.1676793,0.7728828,0.8211370,0.3840215,0.7278000,0.8380000,0.4767000,0.7250000,0.7300000,0.4208000,0.7204000,0.6571000,0.3525000,0.7700000,0.5968000,0.4332000,0.8459000,0.5204000,0.4795000,0.5942999,0.8023701,0.0062001},
{0.7146812,0.8447817,-0.0300967,0.5835769,0.8242701,-0.0497516,0.6756761,0.8283428,0.1541124,0.7698247,0.8995379,0.1677152,0.7741652,0.8216647,0.3842317,0.7285000,0.8390000,0.4765000,0.7253000,0.7308000,0.4208000,0.7204000,0.6578000,0.3526000,0.7700000,0.5976000,0.4331000,0.8455000,0.5209000,0.4797000,0.5936813,0.8037702,0.0066204},
{0.7143178,0.8456519,-0.0299723,0.5832815,0.8249467,-0.0493840,0.6768664,0.8295749,0.1536229,0.7710598,0.9003791,0.1677497,0.7752757,0.8221190,0.3844155,0.7294000,0.8401000,0.4763000,0.7256000,0.7317000,0.4208000,0.7204000,0.6585000,0.3527000,0.7699000,0.5983000,0.4333000,0.8452000,0.5213000,0.4799000,0.5932429,0.8047636,0.0069178},
{0.7138634,0.8467413,-0.0298172,0.5830906,0.8253840,-0.0491466,0.6779533,0.8306920,0.1531792,0.7720666,0.9010609,0.1677808,0.7763767,0.8225668,0.3845993,0.7303000,0.8412000,0.4761000,0.7260000,0.7325000,0.4207000,0.7204000,0.6593000,0.3528000,0.7697000,0.5989000,0.4335000,0.8448000,0.5217000,0.4801000,0.5928091,0.8057475,0.0072117},
{0.7135823,0.8474160,-0.0297215,0.5829106,0.8257967,-0.0489227,0.6789391,0.8316986,0.1527794,0.7730006,0.9016901,0.1678121,0.7773628,0.8229657,0.3847652,0.7311000,0.8423000,0.4758000,0.7263000,0.7333000,0.4208000,0.7204000,0.6599000,0.3529000,0.7696000,0.5995000,0.4336000,0.8445000,0.5222000,0.4803000,0.5924417,0.8065817,0.0074603}
};
