fitErrPi Mean = 0.0179367
fitErrTh Mean = 0.0122127
fitErrWr Mean = 0.0134309
fitErrLA Mean = 0.0272772
fitErrEl Mean = 0.0414451
fitErrUA Mean = 0.160741
efPts = {
{0.7248172,0.3609386,0.2759251,0.7272204,0.2942522,0.2663546,0.7140197,0.5449340,0.2658653,0.9491902,0.8141898,0.4042002,0.8025661,0.5273078,0.6007412,0.7313000,0.7477000,0.4855000,0.7557000,0.6513000,0.3857000,0.8179000,0.6232000,0.3665000,0.8537000,0.5711000,0.3986000,0.9509000,0.5440000,0.4718000,0.6693431,0.3067284,0.2657954},
{0.7243346,0.3613987,0.2763809,0.7262720,0.2950235,0.2673679,0.7136502,0.5456190,0.2657799,0.6023161,0.6480565,0.2287382,0.6790416,0.6875890,0.4271083,0.7327000,0.7483000,0.4857000,0.7567000,0.6518000,0.3859000,0.8185000,0.6235000,0.3667000,0.8543000,0.5714000,0.3987000,0.9516000,0.5441000,0.4717000,0.6684201,0.3077719,0.2663149},
{0.7234385,0.3622616,0.2772195,0.7249736,0.2960947,0.2687377,0.7130434,0.5467497,0.2656382,0.6026036,0.6492095,0.2283967,0.6799859,0.6881029,0.4274806,0.7339000,0.7489000,0.4859000,0.7574000,0.6524000,0.3859000,0.8193000,0.6240000,0.3668000,0.8549000,0.5718000,0.3988000,0.9522000,0.5441000,0.4716000,0.6671090,0.3092692,0.2670417},
{0.7220816,0.3635893,0.2784706,0.7231970,0.2975885,0.2705799,0.7122266,0.5482834,0.2654448,0.6030693,0.6510381,0.2278623,0.6808817,0.6885892,0.4278344,0.7350000,0.7495000,0.4861000,0.7581000,0.6535000,0.3861000,0.8198000,0.6243000,0.3669000,0.8555000,0.5721000,0.3989000,0.9528000,0.5441000,0.4715000,0.6655888,0.3110272,0.2678680},
{0.7201781,0.3654940,0.2801875,0.7208002,0.2996547,0.2730070,0.7112381,0.5501577,0.2652063,0.6036421,0.6532253,0.2272347,0.6817490,0.6890589,0.4281775,0.7360000,0.7500000,0.4861000,0.7587000,0.6538000,0.3860000,0.8205000,0.6247000,0.3669000,0.8558000,0.5723000,0.3990000,0.9533000,0.5440000,0.4714000,0.6637738,0.3131572,0.2688313},
{0.7176992,0.3680480,0.2823573,0.7181137,0.3020389,0.2756496,0.7099799,0.5525731,0.2648956,0.6044206,0.6560992,0.2264291,0.6825804,0.6895081,0.4285071,0.7369000,0.7504000,0.4860000,0.7587000,0.6538000,0.3860000,0.8209000,0.6250000,0.3670000,0.8563000,0.5726000,0.3990000,0.9538000,0.5438000,0.4713000,0.6616030,0.3157491,0.2699502},
{0.7148741,0.3710589,0.2847400,0.7149736,0.3049151,0.2786363,0.7084548,0.5555470,0.2645081,0.6053734,0.6594806,0.2255083,0.6836033,0.6900595,0.4289132,0.7377000,0.7512000,0.4860000,0.7593000,0.6546000,0.3854000,0.8212000,0.6253000,0.3670000,0.8567000,0.5727000,0.3989000,0.9541000,0.5435000,0.4711000,0.6591882,0.3186895,0.2711521},
{0.7117135,0.3745525,0.2872930,0.7113571,0.3083445,0.2819425,0.7067918,0.5588492,0.2640712,0.6066522,0.6638150,0.2243702,0.6845219,0.6905533,0.4292787,0.7384000,0.7520000,0.4859000,0.7599000,0.6554000,0.3847000,0.8216000,0.6256000,0.3670000,0.8569000,0.5728000,0.3988000,0.9544000,0.5432000,0.4710000,0.6564875,0.3220498,0.2724425},
{0.7080854,0.3787246,0.2900784,0.7072538,0.3123838,0.2855245,0.7049776,0.5625258,0.2635770,0.6076316,0.6669981,0.2235641,0.6855798,0.6911205,0.4297004,0.7392000,0.7528000,0.4858000,0.7604000,0.6562000,0.3840000,0.8219000,0.6259000,0.3670000,0.8570000,0.5729000,0.3987000,0.9545000,0.5428000,0.4707000,0.6533916,0.3259959,0.2738515},
{0.7039597,0.3836769,0.2930586,0.7027202,0.3170258,0.2892774,0.7030244,0.5665749,0.2630231,0.6092518,0.6720407,0.2223375,0.6866161,0.6916745,0.4301144,0.7398000,0.7538000,0.4857000,0.7610000,0.6570000,0.3834000,0.8220000,0.6262000,0.3670000,0.8571000,0.5730000,0.3985000,0.9545000,0.5424000,0.4705000,0.6499531,0.3304976,0.2753274},
{0.6995160,0.3892576,0.2960470,0.6978180,0.3222523,0.2930989,0.7009231,0.5710420,0.2624007,0.6108493,0.6767779,0.2212407,0.6877220,0.6922641,0.4305571,0.7405000,0.7547000,0.4854000,0.7616000,0.6578000,0.3827000,0.8222000,0.6267000,0.3669000,0.8571000,0.5732000,0.3983000,0.9544000,0.5419000,0.4702000,0.6462041,0.3355503,0.2768284},
{0.6948722,0.3953622,0.2989245,0.6925940,0.3280545,0.2969058,0.6986803,0.5759449,0.2617041,0.6126263,0.6818143,0.2201323,0.6887185,0.6927938,0.4309569,0.7410000,0.7557000,0.4851000,0.7616000,0.6578000,0.3827000,0.8222000,0.6271000,0.3669000,0.8571000,0.5733000,0.3981000,0.9542000,0.5414000,0.4700000,0.6421292,0.3412160,0.2783298},
{0.6900210,0.4020382,0.3016619,0.6870034,0.3345252,0.3006812,0.6962991,0.5813141,0.2609253,0.6145204,0.6869503,0.2190625,0.6898036,0.6933690,0.4313930,0.7416000,0.7567000,0.4847000,0.7610000,0.6582000,0.3819000,0.8222000,0.6273000,0.3668000,0.8570000,0.5734000,0.3979000,0.9539000,0.5409000,0.4697000,0.6377100,0.3475692,0.2798019},
{0.6849939,0.4092812,0.3042064,0.6809036,0.3418899,0.3044526,0.6938747,0.5869677,0.2600877,0.6165795,0.6922983,0.2180123,0.6909267,0.6939626,0.4318454,0.7424000,0.7575000,0.4840000,0.7610000,0.6599000,0.3812000,0.8220000,0.6275000,0.3668000,0.8568000,0.5734000,0.3976000,0.9536000,0.5404000,0.4694000,0.6333858,0.3540011,0.2810811},
{0.6798464,0.4170457,0.3064990,0.6746146,0.3498132,0.3079636,0.6914071,0.5929330,0.2591847,0.6188204,0.6978769,0.2169851,0.6921847,0.6946253,0.4323534,0.7430000,0.7586000,0.4837000,0.7609000,0.6614000,0.3807000,0.8218000,0.6278000,0.3667000,0.8565000,0.5734000,0.3973000,0.9531000,0.5399000,0.4691000,0.6287360,0.3611619,0.2822737},
{0.6746530,0.4252438,0.3084843,0.6680322,0.3584648,0.3112290,0.6890394,0.5988759,0.2582659,0.6212046,0.7035718,0.2160077,0.6937034,0.6954224,0.4329682,0.7434000,0.7600000,0.4835000,0.7605000,0.6633000,0.3802000,0.8215000,0.6282000,0.3666000,0.8560000,0.5733000,0.3970000,0.9525000,0.5393000,0.4688000,0.6242044,0.3683924,0.2832476},
{0.6694194,0.4338864,0.3101424,0.6615005,0.3674139,0.3140533,0.6866410,0.6051369,0.2572775,0.6237730,0.7094635,0.2150713,0.6952906,0.6962519,0.4336127,0.7435000,0.7620000,0.4836000,0.7603000,0.6653000,0.3799000,0.8212000,0.6286000,0.3665000,0.8556000,0.5734000,0.3965000,0.9519000,0.5387000,0.4685000,0.6194800,0.3762050,0.2840575},
{0.6643430,0.4426479,0.3114101,0.6549845,0.3767068,0.3164533,0.6842692,0.6115927,0.2562369,0.6265071,0.7154917,0.2141913,0.6970297,0.6971567,0.4343211,0.7442000,0.7636000,0.4835000,0.7600000,0.6672000,0.3796000,0.8206000,0.6289000,0.3665000,0.8550000,0.5735000,0.3962000,0.9511000,0.5381000,0.4681000,0.6146036,0.3845752,0.2846642},
{0.6593621,0.4516229,0.3123139,0.6486405,0.3861116,0.3183822,0.6819499,0.6181895,0.2551514,0.6294011,0.7216308,0.2133758,0.6990529,0.6982040,0.4351483,0.7450000,0.7652000,0.4835000,0.7596000,0.6690000,0.3793000,0.8203000,0.6295000,0.3664000,0.8544000,0.5737000,0.3957000,0.9502000,0.5374000,0.4676000,0.6095963,0.3935100,0.2850329},
{0.6545546,0.4606587,0.3128506,0.6422939,0.3958815,0.3198992,0.6796242,0.6251223,0.2539869,0.6324659,0.7278919,0.2126275,0.7010340,0.6992238,0.4359612,0.7459000,0.7668000,0.4834000,0.7597000,0.6713000,0.3791000,0.8198000,0.6299000,0.3663000,0.8538000,0.5739000,0.3953000,0.9493000,0.5367000,0.4672000,0.6045882,0.4028100,0.2851294},
{0.6497530,0.4700704,0.3130387,0.6360969,0.4057808,0.3209697,0.6773789,0.6321584,0.2527806,0.6357118,0.7342821,0.2119503,0.7030571,0.7002596,0.4367946,0.7469000,0.7684000,0.4834000,0.7594000,0.6731000,0.3793000,0.8189000,0.6299000,0.3666000,0.8530000,0.5741000,0.3949000,0.9482000,0.5360000,0.4668000,0.5994264,0.4128008,0.2849255},
{0.6451529,0.4794735,0.3128714,0.6300116,0.4158608,0.3216106,0.6752110,0.6393187,0.2515282,0.6390846,0.7406870,0.2113595,0.7050517,0.7012752,0.4376192,0.7479000,0.7702000,0.4835000,0.7594000,0.6755000,0.3790000,0.8190000,0.6313000,0.3661000,0.8520000,0.5742000,0.3946000,0.9471000,0.5353000,0.4664000,0.5942883,0.4231840,0.2843946},
{0.6406805,0.4890049,0.3123586,0.6239906,0.4262008,0.3218263,0.6730932,0.6467176,0.2502081,0.6425806,0.7470978,0.2108565,0.7071928,0.7023593,0.4385079,0.7488000,0.7720000,0.4835000,0.7594000,0.6778000,0.3786000,0.8181000,0.6318000,0.3661000,0.8511000,0.5745000,0.3944000,0.9458000,0.5346000,0.4660000,0.5891798,0.4339766,0.2835156},
{0.6362563,0.4988423,0.3114839,0.6180464,0.4367852,0.3216091,0.6710507,0.6542967,0.2488289,0.6462810,0.7536543,0.2104340,0.7092682,0.7034039,0.4393725,0.7498000,0.7738000,0.4834000,0.7592000,0.6800000,0.3784000,0.8172000,0.6323000,0.3661000,0.8501000,0.5749000,0.3941000,0.9445000,0.5340000,0.4656000,0.5841508,0.4451004,0.2822767},
{0.6319233,0.5089067,0.3102405,0.6122499,0.4474893,0.3209604,0.6689572,0.6626060,0.2472859,0.6503674,0.7606459,0.2100866,0.7113843,0.7044629,0.4402576,0.7507000,0.7756000,0.4834000,0.7591000,0.6822000,0.3781000,0.8173000,0.6339000,0.3658000,0.8492000,0.5753000,0.3939000,0.9433000,0.5334000,0.4652000,0.5792843,0.4563844,0.2806890},
{0.6277562,0.5190290,0.3086463,0.6066251,0.4582625,0.3198898,0.6670617,0.6707036,0.2457515,0.6543313,0.7672005,0.2098588,0.7136152,0.7055727,0.4411944,0.7517000,0.7774000,0.4833000,0.7589000,0.6844000,0.3778000,0.8160000,0.6339000,0.3663000,0.8481000,0.5756000,0.3937000,0.9419000,0.5328000,0.4650000,0.5745459,0.4679180,0.2787340},
{0.6237193,0.5292967,0.3066869,0.6011118,0.4692202,0.3183858,0.6652381,0.6791349,0.2441220,0.6585306,0.7739200,0.2097249,0.7158385,0.7066718,0.4421317,0.7526000,0.7792000,0.4833000,0.7585000,0.6864000,0.3776000,0.8158000,0.6348000,0.3666000,0.8471000,0.5760000,0.3936000,0.9406000,0.5322000,0.4647000,0.5699758,0.4796165,0.2764185},
{0.6198124,0.5397210,0.3043522,0.5957278,0.4803345,0.3164445,0.6635226,0.6877952,0.2424148,0.6629981,0.7808356,0.2096944,0.7179696,0.7077189,0.4430336,0.7535000,0.7810000,0.4832000,0.7586000,0.6893000,0.3768000,0.8147000,0.6354000,0.3666000,0.8461000,0.5763000,0.3935000,0.9393000,0.5316000,0.4645000,0.5655651,0.4915152,0.2737285},
{0.6160919,0.5501564,0.3016717,0.5905742,0.4913936,0.3141061,0.6619419,0.6965933,0.2406460,0.6676019,0.7877295,0.2097745,0.7205951,0.7090004,0.4441496,0.7543000,0.7827000,0.4832000,0.7582000,0.6911000,0.3767000,0.8141000,0.6360000,0.3667000,0.8451000,0.5767000,0.3933000,0.9380000,0.5311000,0.4643000,0.5613819,0.5034355,0.2707018},
{0.6125721,0.5605570,0.2986610,0.5855377,0.5026420,0.3113178,0.6604953,0.7055756,0.2388047,0.6724184,0.7947075,0.2099707,0.7230791,0.7102041,0.4452101,0.7552000,0.7844000,0.4831000,0.7578000,0.6933000,0.3763000,0.8135000,0.6369000,0.3668000,0.8442000,0.5769000,0.3931000,0.9368000,0.5305000,0.4642000,0.5572974,0.5157717,0.2672249},
{0.6092054,0.5710680,0.2952750,0.5806764,0.5139619,0.3080978,0.6591997,0.7146847,0.2369011,0.6773338,0.8015985,0.2102814,0.7256359,0.7114342,0.4463066,0.7561000,0.7860000,0.4830000,0.7572000,0.6939000,0.3764000,0.8129000,0.6375000,0.3670000,0.8432000,0.5771000,0.3930000,0.9355000,0.5300000,0.4640000,0.5534492,0.5281425,0.2633892},
{0.6060911,0.5813753,0.2916177,0.5759468,0.5254702,0.3043995,0.6580812,0.7237463,0.2349712,0.6824804,0.8085804,0.2107186,0.7280600,0.7125922,0.4473508,0.7561000,0.7883000,0.4835000,0.7573000,0.6964000,0.3759000,0.8122000,0.6380000,0.3671000,0.8422000,0.5772000,0.3928000,0.9343000,0.5296000,0.4639000,0.5498539,0.5404925,0.2592125},
{0.6031477,0.5917418,0.2875989,0.5714590,0.5369095,0.3002970,0.6571383,0.7327417,0.2330199,0.6876905,0.8154201,0.2112706,0.7307886,0.7138860,0.4485313,0.7578000,0.7892000,0.4828000,0.7571000,0.6981000,0.3756000,0.8115000,0.6386000,0.3672000,0.8413000,0.5775000,0.3926000,0.9330000,0.5290000,0.4638000,0.5464790,0.5529448,0.2546489},
{0.6004176,0.6020286,0.2832676,0.5671615,0.5484179,0.2957357,0.6563576,0.7417940,0.2310206,0.6930569,0.8222385,0.2119478,0.7337064,0.7152584,0.4498000,0.7587000,0.7908000,0.4827000,0.7567000,0.6994000,0.3752000,0.8109000,0.6391000,0.3673000,0.8403000,0.5777000,0.3924000,0.9317000,0.5285000,0.4636000,0.5433658,0.5653623,0.2497426},
{0.5978710,0.6123628,0.2785629,0.5630289,0.5600922,0.2906554,0.6557418,0.7509103,0.2289709,0.6983526,0.8287534,0.2127186,0.7364992,0.7165610,0.4510202,0.7597000,0.7924000,0.4825000,0.7564000,0.7007000,0.3748000,0.8100000,0.6395000,0.3676000,0.8393000,0.5779000,0.3922000,0.9304000,0.5280000,0.4636000,0.5405053,0.5777929,0.2444704},
{0.5955223,0.6227210,0.2734803,0.5591541,0.5716947,0.2851421,0.6553034,0.7598683,0.2269214,0.7037319,0.8351645,0.2136006,0.7393237,0.7178676,0.4522603,0.7606000,0.7941000,0.4823000,0.7567000,0.7028000,0.3744000,0.8092000,0.6400000,0.3676000,0.8382000,0.5778000,0.3920000,0.9291000,0.5275000,0.4634000,0.5379156,0.5901768,0.2388517},
{0.5934265,0.6328711,0.2681290,0.5555555,0.5831776,0.2792140,0.6550261,0.7690487,0.2247846,0.7091871,0.8414623,0.2145928,0.7421580,0.7191678,0.4535106,0.7616000,0.7957000,0.4819000,0.7566000,0.7044000,0.3742000,0.8085000,0.6405000,0.3678000,0.8374000,0.5781000,0.3920000,0.9278000,0.5271000,0.4634000,0.5356040,0.6024962,0.2328892},
{0.5915563,0.6429528,0.2624328,0.5522233,0.5945840,0.2728410,0.6549239,0.7780737,0.2226478,0.7146180,0.8475365,0.2156744,0.7449820,0.7204524,0.4547624,0.7628000,0.7971000,0.4815000,0.7563000,0.7057000,0.3738000,0.8068000,0.6400000,0.3681000,0.8363000,0.5783000,0.3917000,0.9264000,0.5266000,0.4633000,0.5336056,0.6145564,0.2266797},
{0.5899817,0.6525568,0.2566335,0.5492415,0.6056193,0.2661922,0.6549900,0.7870059,0.2204974,0.7202046,0.8535886,0.2168810,0.7477999,0.7217234,0.4560175,0.7635000,0.7989000,0.4811000,0.7563000,0.7073000,0.3735000,0.8061000,0.6406000,0.3682000,0.8353000,0.5784000,0.3917000,0.9250000,0.5262000,0.4633000,0.5319154,0.6263444,0.2202394},
{0.5886503,0.6619441,0.2505907,0.5466007,0.6162782,0.2592920,0.6552101,0.7955439,0.2184087,0.7257820,0.8594386,0.2181778,0.7507544,0.7230443,0.4573397,0.7642000,0.8005000,0.4807000,0.7564000,0.7090000,0.3731000,0.8054000,0.6412000,0.3682000,0.8342000,0.5785000,0.3915000,0.9236000,0.5259000,0.4633000,0.5305429,0.6377184,0.2136615},
{0.5876187,0.6705902,0.2446746,0.5443481,0.6262940,0.2523512,0.6555668,0.8037435,0.2163718,0.7312475,0.8649906,0.2195353,0.7534453,0.7242370,0.4585497,0.7649000,0.8022000,0.4805000,0.7563000,0.7104000,0.3726000,0.8046000,0.6419000,0.3683000,0.8330000,0.5786000,0.3914000,0.9219000,0.5257000,0.4634000,0.5294869,0.6485180,0.2070674},
{0.5868656,0.6783266,0.2390745,0.5425016,0.6354251,0.2456095,0.6560189,0.8112410,0.2144827,0.7365901,0.8702490,0.2209431,0.7562404,0.7254653,0.4598123,0.7656000,0.8037000,0.4804000,0.7564000,0.7120000,0.3721000,0.8036000,0.6426000,0.3685000,0.8316000,0.5790000,0.3911000,0.9202000,0.5254000,0.4634000,0.5287501,0.6583007,0.2007845},
{0.5863310,0.6853612,0.2337120,0.5409962,0.6437950,0.2390563,0.6565557,0.8183006,0.2126803,0.7416185,0.8750492,0.2223396,0.7592855,0.7267914,0.4611946,0.7663000,0.8052000,0.4803000,0.7564000,0.7136000,0.3717000,0.8026000,0.6434000,0.3685000,0.8302000,0.5793000,0.3909000,0.9183000,0.5252000,0.4634000,0.5282519,0.6676795,0.1944679},
{0.5859897,0.6915138,0.2287942,0.5398380,0.6511132,0.2330108,0.6571582,0.8249228,0.2109686,0.7464132,0.8794941,0.2237346,0.7620518,0.7279850,0.4624563,0.7668000,0.8070000,0.4806000,0.7564000,0.7153000,0.3714000,0.8016000,0.6442000,0.3686000,0.8287000,0.5796000,0.3909000,0.9164000,0.5250000,0.4634000,0.5279848,0.6763132,0.1883830},
{0.5857884,0.6971515,0.2240872,0.5389258,0.6577454,0.2272574,0.6577961,0.8309988,0.2093799,0.7509529,0.8835853,0.2251117,0.7645157,0.7290393,0.4635850,0.7678000,0.8078000,0.4802000,0.7561000,0.7168000,0.3712000,0.8006000,0.6451000,0.3686000,0.8272000,0.5801000,0.3908000,0.9144000,0.5248000,0.4633000,0.5279118,0.6841527,0.1826191},
{0.5857042,0.7023819,0.2195354,0.5382010,0.6639404,0.2216290,0.6584650,0.8366631,0.2078833,0.7551298,0.8872499,0.2264265,0.7666494,0.7299455,0.4645662,0.7684000,0.8091000,0.4801000,0.7559000,0.7182000,0.3710000,0.7996000,0.6460000,0.3685000,0.8258000,0.5809000,0.3905000,0.9124000,0.5246000,0.4633000,0.5279966,0.6913651,0.1771021},
{0.5857218,0.7072734,0.2151051,0.5376434,0.6697351,0.2161241,0.6591488,0.8419079,0.2064837,0.7589608,0.8905279,0.2276722,0.7686331,0.7307824,0.4654814,0.7689000,0.8103000,0.4800000,0.7555000,0.7196000,0.3709000,0.7987000,0.6470000,0.3684000,0.8244000,0.5814000,0.3904000,0.9104000,0.5244000,0.4633000,0.5282188,0.6981594,0.1717045},
{0.5858350,0.7120255,0.2106277,0.5372337,0.6751850,0.2107175,0.6598525,0.8468630,0.2051492,0.7623481,0.8933603,0.2288053,0.7702521,0.7314614,0.4662306,0.7694000,0.8116000,0.4797000,0.7552000,0.7210000,0.3706000,0.7979000,0.6479000,0.3683000,0.8231000,0.5823000,0.3903000,0.9085000,0.5243000,0.4633000,0.5285569,0.7044659,0.1665086},
{0.5860250,0.7163105,0.2064322,0.5369570,0.6803460,0.2053752,0.6605630,0.8515045,0.2038883,0.7654888,0.8959317,0.2298822,0.7717875,0.7321020,0.4669430,0.7698000,0.8128000,0.4795000,0.7549000,0.7224000,0.3704000,0.7970000,0.6489000,0.3682000,0.8218000,0.5830000,0.3902000,0.9066000,0.5242000,0.4633000,0.5289990,0.7103982,0.1614462},
{0.5862917,0.7204157,0.2022600,0.5368056,0.6851302,0.2002131,0.6612744,0.8558547,0.2026968,0.7683326,0.8982145,0.2308791,0.7732831,0.7327228,0.4676387,0.7701000,0.8141000,0.4795000,0.7545000,0.7237000,0.3701000,0.7961000,0.6499000,0.3680000,0.8205000,0.5838000,0.3899000,0.9047000,0.5242000,0.4634000,0.5295224,0.7158843,0.1566033},
{0.5866246,0.7242786,0.1981864,0.5367636,0.6895955,0.1951967,0.6619784,0.8599139,0.2015766,0.7709896,0.9003084,0.2318292,0.7744990,0.7332252,0.4682055,0.7704000,0.8151000,0.4788000,0.7541000,0.7249000,0.3699000,0.7953000,0.6507000,0.3679000,0.8193000,0.5845000,0.3899000,0.9029000,0.5242000,0.4634000,0.5301214,0.7210385,0.1519021},
{0.5870039,0.7278045,0.1943324,0.5368168,0.6936827,0.1904221,0.6626564,0.8636259,0.2005449,0.7734028,0.9021776,0.2327078,0.7756991,0.7337190,0.4687660,0.7703000,0.8165000,0.4787000,0.7536000,0.7261000,0.3696000,0.7945000,0.6516000,0.3678000,0.8181000,0.5853000,0.3898000,0.9012000,0.5244000,0.4636000,0.5307723,0.7257896,0.1474295},
{0.5874421,0.7311937,0.1904951,0.5369559,0.6975716,0.1857022,0.6633079,0.8670335,0.1995916,0.7755936,0.9038477,0.2335183,0.7768540,0.7341924,0.4693065,0.7703000,0.8176000,0.4782000,0.7532000,0.7270000,0.3693000,0.7936000,0.6523000,0.3676000,0.8169000,0.5858000,0.3898000,0.8995000,0.5245000,0.4637000,0.5314770,0.7302580,0.1430927},
{0.5879348,0.7344360,0.1866917,0.5371760,0.7012737,0.1810341,0.6639408,0.8702114,0.1986972,0.7775787,0.9053390,0.2342632,0.7777317,0.7345509,0.4697179,0.7702000,0.8186000,0.4777000,0.7528000,0.7280000,0.3689000,0.7929000,0.6530000,0.3674000,0.8158000,0.5864000,0.3897000,0.8979000,0.5247000,0.4640000,0.5322044,0.7343388,0.1390139},
{0.5884621,0.7374441,0.1830366,0.5374641,0.7047110,0.1765326,0.6645271,0.8730506,0.1978937,0.7793522,0.9066536,0.2349372,0.7785100,0.7348679,0.4700832,0.7702000,0.8193000,0.4770000,0.7524000,0.7288000,0.3685000,0.7921000,0.6535000,0.3673000,0.8148000,0.5871000,0.3896000,0.8964000,0.5249000,0.4642000,0.5329792,0.7382359,0.1350058},
{0.5890305,0.7402986,0.1794455,0.5378173,0.7079570,0.1721194,0.6650847,0.8756659,0.1971498,0.7809135,0.9077970,0.2355372,0.7792071,0.7351511,0.4704108,0.7699000,0.8203000,0.4766000,0.7521000,0.7296000,0.3681000,0.7914000,0.6541000,0.3671000,0.8137000,0.5875000,0.3896000,0.8949000,0.5251000,0.4645000,0.5337788,0.7418774,0.1311540},
{0.5896309,0.7429814,0.1759512,0.5382270,0.7110001,0.1678253,0.6655813,0.8779307,0.1965028,0.7824955,0.9089424,0.2361515,0.7795699,0.7352982,0.4705815,0.7696000,0.8209000,0.4758000,0.7517000,0.7302000,0.3677000,0.7907000,0.6547000,0.3670000,0.8127000,0.5880000,0.3896000,0.8934000,0.5254000,0.4648000,0.5345920,0.7452610,0.1274762},
{0.5902583,0.7454997,0.1725562,0.5386678,0.7137425,0.1638127,0.6660628,0.8800727,0.1958883,0.7835586,0.9097046,0.2365679,0.7799136,0.7354375,0.4707433,0.7689000,0.8218000,0.4754000,0.7514000,0.7310000,0.3672000,0.7900000,0.6551000,0.3668000,0.8116000,0.5885000,0.3896000,0.8920000,0.5257000,0.4651000,0.5354055,0.7483801,0.1239957},
{0.5908546,0.7476751,0.1695254,0.5391222,0.7161817,0.1601190,0.6664649,0.8818235,0.1953842,0.7844022,0.9103052,0.2369004,0.7801312,0.7355255,0.4708457,0.7683000,0.8226000,0.4749000,0.7509000,0.7315000,0.3668000,0.7893000,0.6556000,0.3666000,0.8105000,0.5889000,0.3896000,0.8904000,0.5261000,0.4655000,0.5361766,0.7511278,0.1208531},
{0.5914383,0.7496326,0.1667136,0.5395932,0.7184087,0.1566346,0.6668462,0.8834539,0.1949133,0.7851948,0.9108659,0.2372144,0.7800356,0.7354868,0.4708007,0.7679000,0.8231000,0.4743000,0.7504000,0.7320000,0.3664000,0.7884000,0.6561000,0.3663000,0.8095000,0.5895000,0.3895000,0.8888000,0.5264000,0.4659000,0.5369250,0.7536274,0.1179280},
{0.5920181,0.7514340,0.1640490,0.5400841,0.7204818,0.1532861,0.6671295,0.8846464,0.1945680,0.7856898,0.9112145,0.2374114,0.7800356,0.7354868,0.4708007,0.7672000,0.8238000,0.4738000,0.7496000,0.7326000,0.3660000,0.7878000,0.6567000,0.3660000,0.8084000,0.5901000,0.3894000,0.8872000,0.5267000,0.4662000,0.5376071,0.7557786,0.1153571},
{0.5925821,0.7530673,0.1615640,0.5405675,0.7223274,0.1502126,0.6673765,0.8856743,0.1942697,0.7860616,0.9114754,0.2375598,0.7799270,0.7354429,0.4707496,0.7665000,0.8247000,0.4734000,0.7489000,0.7330000,0.3657000,0.7869000,0.6571000,0.3658000,0.8074000,0.5907000,0.3894000,0.8855000,0.5270000,0.4666000,0.5383005,0.7578545,0.1128265},
{0.5931336,0.7545642,0.1592243,0.5410591,0.7240423,0.1472719,0.6675790,0.8865086,0.1940272,0.7865062,0.9117864,0.2377376,0.7798462,0.7354102,0.4707115,0.7658000,0.8254000,0.4730000,0.7482000,0.7336000,0.3652000,0.7860000,0.6577000,0.3656000,0.8062000,0.5912000,0.3894000,0.8838000,0.5274000,0.4668000,0.5389634,0.7597439,0.1104786},
{0.5936713,0.7559385,0.1570196,0.5415474,0.7256103,0.1445056,0.6677493,0.8872046,0.1938246,0.7866262,0.9118702,0.2377857,0.7794884,0.7352652,0.4705432,0.7651000,0.8260000,0.4724000,0.7473000,0.7341000,0.3650000,0.7852000,0.6583000,0.3654000,0.8050000,0.5917000,0.3893000,0.8822000,0.5277000,0.4672000,0.5395931,0.7614604,0.1083068},
{0.5942002,0.7572159,0.1549179,0.5420212,0.7270214,0.1419476,0.6678968,0.8878035,0.1936500,0.7865693,0.9118305,0.2377629,0.7792865,0.7351833,0.4704482,0.7643000,0.8266000,0.4718000,0.7461000,0.7342000,0.3644000,0.7843000,0.6588000,0.3651000,0.8038000,0.5922000,0.3893000,0.8805000,0.5281000,0.4674000,0.5402126,0.7630799,0.1062220},
{0.5946943,0.7583490,0.1530087,0.5424685,0.7282673,0.1396310,0.6679949,0.8881996,0.1935345,0.7864669,0.9117590,0.2377219,0.7791460,0.7351263,0.4703821,0.7634000,0.8272000,0.4713000,0.7456000,0.7352000,0.3639000,0.7833000,0.6594000,0.3650000,0.8027000,0.5928000,0.3892000,0.8788000,0.5284000,0.4677000,0.5407989,0.7645543,0.1042925},
{0.5951924,0.7594364,0.1511333,0.5429122,0.7294295,0.1374174,0.6680672,0.8884905,0.1934495,0.7861453,0.9115341,0.2375932,0.7784870,0.7348586,0.4700724,0.7625000,0.8278000,0.4707000,0.7458000,0.7362000,0.3639000,0.7824000,0.6598000,0.3647000,0.8016000,0.5935000,0.3890000,0.8772000,0.5287000,0.4679000,0.5413225,0.7658260,0.1026032},
{0.5956449,0.7603803,0.1494692,0.5433301,0.7304641,0.1354009,0.6680931,0.8885945,0.1934192,0.7859900,0.9114252,0.2375312,0.7779530,0.7346411,0.4698217,0.7614000,0.8284000,0.4701000,0.7450000,0.7366000,0.3634000,0.7814000,0.6602000,0.3645000,0.8003000,0.5938000,0.3891000,0.8757000,0.5291000,0.4681000,0.5417934,0.7669356,0.1011093},
{0.5960915,0.7612735,0.1478614,0.5437379,0.7314229,0.1334911,0.6680739,0.8885173,0.1934417,0.7854889,0.9110732,0.2373314,0.7774443,0.7344337,0.4695831,0.7602000,0.8289000,0.4695000,0.7442000,0.7372000,0.3629000,0.7803000,0.6606000,0.3642000,0.7991000,0.5943000,0.3890000,0.8741000,0.5295000,0.4684000,0.5422066,0.7678839,0.0998174},
{0.5965447,0.7621435,0.1462624,0.5441714,0.7323917,0.1315188,0.6680184,0.8882944,0.1935068,0.7852241,0.9108866,0.2372261,0.7768236,0.7341800,0.4692922,0.7589000,0.8294000,0.4689000,0.7433000,0.7377000,0.3624000,0.7793000,0.6610000,0.3639000,0.7979000,0.5947000,0.3889000,0.8727000,0.5299000,0.4686000,0.5425959,0.7687561,0.0986162},
{0.5970277,0.7630324,0.1445929,0.5446471,0.7334001,0.1294169,0.6679395,0.8879760,0.1935997,0.7848294,0.9106079,0.2370695,0.7761095,0.7338875,0.4689579,0.7574000,0.8298000,0.4684000,0.7422000,0.7380000,0.3619000,0.7783000,0.6613000,0.3637000,0.7967000,0.5949000,0.3888000,0.8713000,0.5303000,0.4689000,0.5430274,0.7697006,0.0973015},
{0.5975708,0.7639880,0.1427549,0.5451795,0.7344669,0.1271350,0.6678771,0.8877235,0.1936733,0.7842194,0.9101754,0.2368282,0.7752227,0.7335233,0.4685434,0.7558000,0.8301000,0.4679000,0.7411000,0.7382000,0.3615000,0.7772000,0.6615000,0.3634000,0.7959000,0.5953000,0.3887000,0.8700000,0.5308000,0.4691000,0.5435051,0.7707196,0.0958657},
{0.5981823,0.7650115,0.1407328,0.5457949,0.7356258,0.1245823,0.6678167,0.8874785,0.1937447,0.7837817,0.9098638,0.2366557,0.7744987,0.7332250,0.4682053,0.7541000,0.8304000,0.4674000,0.7399000,0.7383000,0.3610000,0.7761000,0.6616000,0.3632000,0.7948000,0.5957000,0.3885000,0.8687000,0.5312000,0.4694000,0.5441246,0.7720011,0.0940338},
{0.5988843,0.7661231,0.1384683,0.5465251,0.7369085,0.1216586,0.6678058,0.8874343,0.1937576,0.7833481,0.9095542,0.2364852,0.7735216,0.7328215,0.4677497,0.7523000,0.8305000,0.4669000,0.7386000,0.7382000,0.3604000,0.7752000,0.6619000,0.3629000,0.7937000,0.5958000,0.3885000,0.8675000,0.5316000,0.4697000,0.5448644,0.7734757,0.0918880},
{0.5997556,0.7674154,0.1357364,0.5474267,0.7383681,0.1181906,0.6677988,0.8874058,0.1937659,0.7828056,0.9091654,0.2362727,0.7726196,0.7324478,0.4673298,0.7503000,0.8306000,0.4664000,0.7373000,0.7382000,0.3600000,0.7742000,0.6619000,0.3627000,0.7927000,0.5959000,0.3884000,0.8663000,0.5320000,0.4700000,0.5457777,0.7752173,0.0892979},
{0.6008589,0.7689255,0.1323904,0.5483151,0.7396874,0.1149095,0.6678434,0.8875872,0.1937131,0.7824162,0.9088853,0.2361206,0.7716746,0.7320550,0.4668906,0.7483000,0.8306000,0.4659000,0.7359000,0.7381000,0.3595000,0.7731000,0.6620000,0.3624000,0.7919000,0.5961000,0.3883000,0.8652000,0.5324000,0.4703000,0.5469281,0.7772969,0.0861207},
{0.6018253,0.7701424,0.1295548,0.5489456,0.7405592,0.1126543,0.6679332,0.8879506,0.1936071,0.7820732,0.9086380,0.2359869,0.7705277,0.7315766,0.4663584,0.7462000,0.8307000,0.4654000,0.7346000,0.7380000,0.3591000,0.7720000,0.6620000,0.3622000,0.7908000,0.5961000,0.3882000,0.8640000,0.5328000,0.4706000,0.5478911,0.7789465,0.0835294}
};
