fitErrPi Mean = 0.318282
fitErrTh Mean = 0.0624251
fitErrWr Mean = 0.0314539
fitErrLA Mean = 0.0872137
fitErrEl Mean = 0.066955
fitErrUA Mean = 0.0957937
efPts = {
{0.0167665,0.8080745,0.0870102,0.1162527,0.8432493,0.2331489,0.3061134,0.9280851,0.2425959,0.4101627,0.9801600,0.2588662,0.5089763,0.9059398,0.3364516,0.5368000,0.8263000,0.4625000,0.5336000,0.6680000,0.3435000,0.6052000,0.6035000,0.2638000,0.5965000,0.5616000,0.3788000,0.6657000,0.4947000,0.5336000,0.3182824,0.0000000,0.0000000},
{0.1496040,0.8344766,0.1678826,0.1126914,0.8424615,0.2283698,0.3036171,0.9267153,0.2395845,0.4069072,0.9780027,0.2557806,0.5073082,0.9051340,0.3339269,0.5330000,0.8253000,0.4619000,0.5308000,0.6673000,0.3427000,0.6032000,0.6031000,0.2631000,0.5941000,0.5613000,0.3780000,0.6627000,0.4952000,0.5334000,0.3182824,0.0000000,0.0000000},
{0.1446466,0.8338553,0.1702374,0.1093999,0.8417139,0.2237655,0.3011510,0.9253521,0.2365510,0.4037921,0.9759121,0.2527354,0.5056463,0.9043270,0.3313742,0.5292000,0.8244000,0.4614000,0.5281000,0.6666000,0.3419000,0.6010000,0.6027000,0.2624000,0.5917000,0.5611000,0.3773000,0.6597000,0.4957000,0.5330000,0.3182824,0.0000000,0.0000000},
{0.1396738,0.8332232,0.1724672,0.1063939,0.8410143,0.2193984,0.2987768,0.9240301,0.2335748,0.4007615,0.9738534,0.2496851,0.5040599,0.9035527,0.3289020,0.5254000,0.8235000,0.4608000,0.5255000,0.6660000,0.3411000,0.5987000,0.6021000,0.2617000,0.5894000,0.5608000,0.3766000,0.6567000,0.4961000,0.5327000,0.3182824,0.0000000,0.0000000},
{0.1347025,0.8325827,0.1745717,0.1034996,0.8403249,0.2150420,0.2964311,0.9227148,0.2305797,0.3977844,0.9718068,0.2466029,0.5024774,0.9027765,0.3264008,0.5215000,0.8227000,0.4603000,0.5229000,0.6654000,0.3403000,0.5964000,0.6015000,0.2608000,0.5870000,0.5605000,0.3758000,0.6536000,0.4966000,0.5323000,0.3182824,0.0000000,0.0000000},
{0.1296979,0.8319300,0.1765713,0.1007737,0.8396609,0.2107980,0.2941317,0.9214161,0.2275898,0.3950119,0.9698788,0.2436548,0.5009630,0.9020300,0.3239738,0.5176000,0.8218000,0.4597000,0.5205000,0.6649000,0.3394000,0.5941000,0.6009000,0.2600000,0.5846000,0.5602000,0.3750000,0.6505000,0.4970000,0.5320000,0.3182824,0.0000000,0.0000000},
{0.1246249,0.8312604,0.1784819,0.0981324,0.8390035,0.2065498,0.2918795,0.9201352,0.2246088,0.3922934,0.9679674,0.2406900,0.4994776,0.9012942,0.3215609,0.5137000,0.8210000,0.4591000,0.5180000,0.6646000,0.3384000,0.5917000,0.6003000,0.2591000,0.5822000,0.5600000,0.3742000,0.6473000,0.4973000,0.5316000,0.3182824,0.0000000,0.0000000},
{0.1196614,0.8305979,0.1802426,0.0956558,0.8383738,0.2024397,0.2897013,0.9188877,0.2216751,0.3896885,0.9661159,0.2377785,0.4980053,0.9005613,0.3191370,0.5098000,0.8202000,0.4584000,0.5155000,0.6643000,0.3374000,0.5893000,0.5996000,0.2581000,0.5798000,0.5598000,0.3733000,0.6442000,0.4977000,0.5312000,0.3182824,0.0000000,0.0000000},
{0.1147129,0.8299305,0.1818949,0.0933001,0.8377625,0.1984110,0.2875864,0.9176681,0.2187780,0.3871797,0.9643138,0.2349077,0.4966116,0.8998642,0.3168123,0.5060000,0.8194000,0.4578000,0.5131000,0.6641000,0.3363000,0.5869000,0.5989000,0.2572000,0.5773000,0.5596000,0.3724000,0.6409000,0.4981000,0.5308000,0.3182824,0.0000000,0.0000000},
{0.1098093,0.8292624,0.1834334,0.0910934,0.8371783,0.1945264,0.2854822,0.9164464,0.2158467,0.3847935,0.9625821,0.2321146,0.4952915,0.8992009,0.3145828,0.5022000,0.8187000,0.4572000,0.5108000,0.6640000,0.3352000,0.5844000,0.5982000,0.2561000,0.5748000,0.5596000,0.3715000,0.6375000,0.4984000,0.5303000,0.3182824,0.0000000,0.0000000},
{0.1048705,0.8285829,0.1848860,0.0889843,0.8366091,0.1907089,0.2835384,0.9153103,0.2130947,0.3825104,0.9609087,0.2293839,0.4939754,0.8985365,0.3123326,0.4986000,0.8179000,0.4565000,0.5085000,0.6641000,0.3341000,0.5818000,0.5974000,0.2552000,0.5723000,0.5595000,0.3706000,0.6342000,0.4988000,0.5298000,0.3182824,0.0000000,0.0000000},
{0.1000088,0.8279078,0.1862228,0.0870392,0.8360743,0.1870929,0.2816215,0.9141826,0.2103382,0.3802798,0.9592576,0.2266591,0.4927430,0.8979116,0.3102004,0.4950000,0.8172000,0.4558000,0.5063000,0.6644000,0.3330000,0.5792000,0.5965000,0.2540000,0.5698000,0.5595000,0.3696000,0.6307000,0.4993000,0.5293000,0.3182824,0.0000000,0.0000000},
{0.0952695,0.8272436,0.1874383,0.0852264,0.8355667,0.1836358,0.2798411,0.9131287,0.2077392,0.3781883,0.9576947,0.2240517,0.4914857,0.8972713,0.3079995,0.4915000,0.8166000,0.4551000,0.5042000,0.6647000,0.3317000,0.5766000,0.5957000,0.2530000,0.5673000,0.5595000,0.3686000,0.6273000,0.4996000,0.5288000,0.3182824,0.0000000,0.0000000},
{0.0906153,0.8265858,0.1885487,0.0835330,0.8350844,0.1803271,0.2781503,0.9121216,0.2052353,0.3761449,0.9561534,0.2214537,0.4902867,0.8966579,0.3058760,0.4880000,0.8159000,0.4543000,0.5022000,0.6652000,0.3304000,0.5740000,0.5948000,0.2518000,0.5648000,0.5594000,0.3676000,0.6238000,0.5000000,0.5283000,0.3182824,0.0000000,0.0000000},
{0.0861314,0.8259468,0.1895407,0.0819762,0.8346335,0.1772139,0.2765343,0.9111535,0.2028092,0.3741624,0.9546440,0.2188838,0.4891329,0.8960650,0.3038092,0.4847000,0.8153000,0.4534000,0.5001000,0.6657000,0.3291000,0.5713000,0.5938000,0.2508000,0.5623000,0.5594000,0.3666000,0.6204000,0.5003000,0.5278000,0.3182824,0.0000000,0.0000000},
{0.0817689,0.8253201,0.1904330,0.0804869,0.8341952,0.1741685,0.2749351,0.9101898,0.2003754,0.3723113,0.9532219,0.2164389,0.4880305,0.8954961,0.3018128,0.4815000,0.8147000,0.4525000,0.4982000,0.6661000,0.3277000,0.5688000,0.5930000,0.2497000,0.5598000,0.5593000,0.3656000,0.6171000,0.5006000,0.5273000,0.3182824,0.0000000,0.0000000},
{0.0775587,0.8247107,0.1912258,0.0791093,0.8337834,0.1712899,0.2734353,0.9092808,0.1980625,0.3705575,0.9518627,0.2140807,0.4869551,0.8949389,0.2998445,0.4784000,0.8141000,0.4515000,0.4962000,0.6665000,0.3265000,0.5662000,0.5920000,0.2487000,0.5573000,0.5591000,0.3646000,0.6138000,0.5008000,0.5267000,0.3182824,0.0000000,0.0000000},
{0.0735094,0.8241203,0.1919246,0.0778565,0.8334033,0.1686185,0.2720045,0.9084089,0.1958281,0.3689701,0.9506222,0.2119101,0.4858820,0.8943806,0.2978594,0.4755000,0.8136000,0.4504000,0.4942000,0.6669000,0.3252000,0.5639000,0.5912000,0.2478000,0.5549000,0.5588000,0.3635000,0.6106000,0.5011000,0.5262000,0.3182824,0.0000000,0.0000000},
{0.0696295,0.8235506,0.1925354,0.0766961,0.8330462,0.1660958,0.2706473,0.9075774,0.1936826,0.3674737,0.9494436,0.2098315,0.4848658,0.8938496,0.2959597,0.4726000,0.8132000,0.4493000,0.4922000,0.6671000,0.3239000,0.5617000,0.5906000,0.2468000,0.5526000,0.5587000,0.3624000,0.6074000,0.5013000,0.5257000,0.3182824,0.0000000,0.0000000},
{0.0659221,0.8230025,0.1930646,0.0755860,0.8326999,0.1636372,0.2693561,0.9067822,0.1916173,0.3659925,0.9482680,0.2077419,0.4839070,0.8933467,0.2941494,0.4699000,0.8128000,0.4481000,0.4900000,0.6672000,0.3226000,0.5597000,0.5900000,0.2459000,0.5500000,0.5583000,0.3612000,0.6042000,0.5015000,0.5251000,0.3182824,0.0000000,0.0000000},
{0.0624224,0.8224818,0.1935147,0.0745253,0.8323645,0.1612445,0.2680487,0.9059728,0.1895016,0.3646263,0.9471753,0.2057854,0.4829563,0.8928461,0.2923368,0.4672000,0.8124000,0.4468000,0.4878000,0.6672000,0.3213000,0.5577000,0.5894000,0.2450000,0.5480000,0.5582000,0.3601000,0.6011000,0.5017000,0.5247000,0.3182824,0.0000000,0.0000000},
{0.0590738,0.8219805,0.1938999,0.0735647,0.8320568,0.1590393,0.2668696,0.9052392,0.1875717,0.3633098,0.9461147,0.2038727,0.4820040,0.8923426,0.2905030,0.4647000,0.8120000,0.4455000,0.4855000,0.6671000,0.3200000,0.5560000,0.5890000,0.2440000,0.5457000,0.5579000,0.3590000,0.5981000,0.5019000,0.5241000,0.3182824,0.0000000,0.0000000},
{0.0558622,0.8214968,0.1942269,0.0726053,0.8317454,0.1567986,0.2657675,0.9045502,0.1857488,0.3619876,0.9450415,0.2019237,0.4810994,0.8918625,0.2887443,0.4622000,0.8117000,0.4440000,0.4833000,0.6669000,0.3187000,0.5544000,0.5886000,0.2431000,0.5438000,0.5578000,0.3579000,0.5952000,0.5022000,0.5236000,0.3182824,0.0000000,0.0000000},
{0.0527729,0.8210288,0.1945015,0.0716976,0.8314470,0.1546420,0.2646333,0.9038378,0.1838531,0.3607896,0.9440620,0.2001328,0.4801821,0.8913736,0.2869434,0.4598000,0.8114000,0.4425000,0.4810000,0.6667000,0.3174000,0.5528000,0.5882000,0.2423000,0.5438000,0.5578000,0.3579000,0.5923000,0.5024000,0.5231000,0.3182824,0.0000000,0.0000000},
{0.0498317,0.8205808,0.1947259,0.0707753,0.8311399,0.1524123,0.2635124,0.9031302,0.1819595,0.3596435,0.9431186,0.1983966,0.4793207,0.8909128,0.2852360,0.4576000,0.8111000,0.4410000,0.4787000,0.6664000,0.3161000,0.5515000,0.5879000,0.2414000,0.5439000,0.5578000,0.3580000,0.5896000,0.5027000,0.5226000,0.3182824,0.0000000,0.0000000},
{0.0470015,0.8201473,0.1949071,0.0698366,0.8308229,0.1501011,0.2624376,0.9024486,0.1801246,0.3584811,0.9421550,0.1966119,0.4783972,0.8904168,0.2833877,0.4554000,0.8108000,0.4395000,0.4766000,0.6661000,0.3147000,0.5502000,0.5876000,0.2406000,0.5440000,0.5577000,0.3580000,0.5869000,0.5028000,0.5221000,0.3182824,0.0000000,0.0000000},
{0.0443238,0.8197350,0.1950464,0.0689017,0.8305026,0.1477551,0.2613643,0.9017645,0.1782726,0.3573216,0.9411868,0.1948071,0.4775598,0.8899652,0.2816953,0.4533000,0.8106000,0.4379000,0.4745000,0.6658000,0.3133000,0.5491000,0.5873000,0.2399000,0.5441000,0.5577000,0.3581000,0.5843000,0.5030000,0.5217000,0.3182824,0.0000000,0.0000000},
{0.0417549,0.8193374,0.1951502,0.0679157,0.8301596,0.1452305,0.2602912,0.9010772,0.1764013,0.3562301,0.9402688,0.1930849,0.4767622,0.8895335,0.2800686,0.4513000,0.8103000,0.4363000,0.4727000,0.6655000,0.3119000,0.5481000,0.5869000,0.2390000,0.5442000,0.5577000,0.3582000,0.5817000,0.5033000,0.5212000,0.3182824,0.0000000,0.0000000},
{0.0391663,0.8189347,0.1952245,0.0668809,0.8297934,0.1425215,0.2592831,0.9004283,0.1746248,0.3551939,0.9393912,0.1914284,0.4759637,0.8890996,0.2784255,0.4494000,0.8100000,0.4348000,0.4709000,0.6651000,0.3106000,0.5471000,0.5868000,0.2381000,0.5444000,0.5577000,0.3582000,0.5793000,0.5034000,0.5206000,0.3182824,0.0000000,0.0000000},
{0.0366875,0.8185471,0.1952664,0.0658592,0.8294252,0.1397829,0.2582466,0.8997579,0.1727790,0.3542064,0.9385492,0.1898295,0.4751624,0.8886626,0.2767613,0.4476000,0.8097000,0.4333000,0.4692000,0.6648000,0.3093000,0.5461000,0.5862000,0.2374000,0.5445000,0.5577000,0.3583000,0.5770000,0.5036000,0.5201000,0.3182824,0.0000000,0.0000000},
{0.0343302,0.8181767,0.1952791,0.0647881,0.8290315,0.1368384,0.2572046,0.8990805,0.1709032,0.3531631,0.9376533,0.1881182,0.4744103,0.8882507,0.2751849,0.4458000,0.8093000,0.4318000,0.4677000,0.6645000,0.3080000,0.5452000,0.5858000,0.2367000,0.5446000,0.5577000,0.3583000,0.5748000,0.5037000,0.5195000,0.3182824,0.0000000,0.0000000},
{0.0320476,0.8178163,0.1952656,0.0636816,0.8286160,0.1337112,0.2562458,0.8984540,0.1691586,0.3522727,0.9368833,0.1866388,0.4736809,0.8878499,0.2736430,0.4442000,0.8089000,0.4304000,0.4664000,0.6642000,0.3067000,0.5444000,0.5854000,0.2360000,0.5447000,0.5576000,0.3584000,0.5728000,0.5038000,0.5191000,0.3182824,0.0000000,0.0000000},
{0.0299333,0.8174808,0.1952298,0.0625185,0.8281686,0.1303214,0.2553110,0.8978402,0.1674403,0.3513313,0.9360639,0.1850555,0.4729856,0.8874664,0.2721605,0.4426000,0.8085000,0.4291000,0.4652000,0.6639000,0.3055000,0.5436000,0.5849000,0.2352000,0.5448000,0.5576000,0.3585000,0.5709000,0.5039000,0.5186000,0.3182824,0.0000000,0.0000000},
{0.0280997,0.8171886,0.1951802,0.0613753,0.8277170,0.1268762,0.2543450,0.8972027,0.1656459,0.3504730,0.9353116,0.1835939,0.4723931,0.8871385,0.2708873,0.4411000,0.8081000,0.4279000,0.4640000,0.6636000,0.3043000,0.5430000,0.5846000,0.2343000,0.5449000,0.5576000,0.3585000,0.5692000,0.5040000,0.5181000,0.3182824,0.0000000,0.0000000},
{0.0270426,0.8170197,0.1951435,0.0606227,0.8274126,0.1245403,0.2534718,0.8966236,0.1640069,0.3496984,0.9346284,0.1822595,0.4717739,0.8867947,0.2695468,0.4397000,0.8077000,0.4268000,0.4631000,0.6633000,0.3032000,0.5420000,0.5840000,0.2335000,0.5450000,0.5576000,0.3586000,0.5675000,0.5041000,0.5175000,0.3182824,0.0000000,0.0000000},
{0.0263958,0.8169161,0.1951182,0.0600060,0.8271587,0.1225823,0.2525553,0.8960128,0.1622692,0.3489201,0.9339377,0.1809038,0.4712195,0.8864859,0.2683378,0.4384000,0.8073000,0.4257000,0.4623000,0.6630000,0.3021000,0.5414000,0.5836000,0.2331000,0.5451000,0.5576000,0.3587000,0.5661000,0.5040000,0.5173000,0.3182824,0.0000000,0.0000000},
{0.0260355,0.8168583,0.1951031,0.0594562,0.8269286,0.1208013,0.2517799,0.8954935,0.1607844,0.3481959,0.9332910,0.1796283,0.4707176,0.8862056,0.2672361,0.4372000,0.8070000,0.4247000,0.4616000,0.6627000,0.3012000,0.5410000,0.5834000,0.2323000,0.5453000,0.5576000,0.3587000,0.5647000,0.5040000,0.5169000,0.3182824,0.0000000,0.0000000},
{0.0261175,0.8168715,0.1951066,0.0591419,0.8267954,0.1197674,0.2511143,0.8950458,0.1594989,0.3475633,0.9327229,0.1785028,0.4702867,0.8859643,0.2662845,0.4361000,0.8068000,0.4239000,0.4608000,0.6625000,0.3003000,0.5401000,0.5829000,0.2317000,0.5454000,0.5575000,0.3588000,0.5634000,0.5039000,0.5165000,0.3182824,0.0000000,0.0000000},
{0.0263559,0.8169097,0.1951166,0.0589208,0.8267009,0.1190325,0.2504296,0.8945835,0.1581659,0.3470845,0.9322909,0.1776437,0.4698895,0.8857413,0.2654027,0.4352000,0.8066000,0.4230000,0.4602000,0.6622000,0.2996000,0.5400000,0.5828000,0.2313000,0.5455000,0.5575000,0.3589000,0.5624000,0.5038000,0.5161000,0.3182824,0.0000000,0.0000000},
{0.0267525,0.8169732,0.1951325,0.0587867,0.8266434,0.1185841,0.2498839,0.8942137,0.1570953,0.3466097,0.9318607,0.1767854,0.4694965,0.8855203,0.2645259,0.4344000,0.8067000,0.4222000,0.4596000,0.6621000,0.2989000,0.5395000,0.5825000,0.2309000,0.5456000,0.5575000,0.3589000,0.5615000,0.5037000,0.5157000,0.3182824,0.0000000,0.0000000},
{0.0271630,0.8170389,0.1951480,0.0586551,0.8265866,0.1181416,0.2494866,0.8939437,0.1563114,0.3462592,0.9315420,0.1761478,0.4691676,0.8853349,0.2637885,0.4338000,0.8067000,0.4215000,0.4591000,0.6620000,0.2985000,0.5390000,0.5823000,0.2306000,0.5457000,0.5575000,0.3590000,0.5606000,0.5036000,0.5155000,0.3182824,0.0000000,0.0000000},
{0.0276506,0.8171169,0.1951653,0.0585727,0.8265510,0.1178634,0.2492209,0.8937627,0.1557850,0.3458934,0.9312082,0.1754783,0.4689401,0.8852064,0.2632765,0.4333000,0.8068000,0.4208000,0.4586000,0.6618000,0.2979000,0.5390000,0.5824000,0.2303000,0.5458000,0.5575000,0.3590000,0.5600000,0.5036000,0.5152000,0.3182824,0.0000000,0.0000000},
{0.0279743,0.8171686,0.1951761,0.0585097,0.8265236,0.1176500,0.2489538,0.8935806,0.1552541,0.3456324,0.9309694,0.1749984,0.4687287,0.8850869,0.2627995,0.4329000,0.8069000,0.4203000,0.4582000,0.6618000,0.2976000,0.5389000,0.5824000,0.2301000,0.5459000,0.5575000,0.3591000,0.5595000,0.5036000,0.5151000,0.3182824,0.0000000,0.0000000},
{0.0283795,0.8172333,0.1951889,0.0584709,0.8265068,0.1175183,0.2487969,0.8934734,0.1549413,0.3454319,0.9307855,0.1746282,0.4685830,0.8850044,0.2624699,0.4328000,0.8070000,0.4199000,0.4580000,0.6617000,0.2973000,0.5387000,0.5825000,0.2298000,0.5460000,0.5574000,0.3592000,0.5591000,0.5036000,0.5150000,0.3182824,0.0000000,0.0000000},
{0.0287758,0.8172965,0.1952005,0.0584857,0.8265132,0.1175687,0.2487694,0.8934546,0.1548863,0.3452915,0.9306566,0.1743683,0.4684669,0.8849387,0.2622069,0.4327000,0.8072000,0.4197000,0.4578000,0.6618000,0.2971000,0.5387000,0.5826000,0.2298000,0.5462000,0.5574000,0.3592000,0.5588000,0.5037000,0.5149000,0.3182824,0.0000000,0.0000000},
{0.0290939,0.8173472,0.1952092,0.0584857,0.8265132,0.1175687,0.2487228,0.8934227,0.1547933,0.3452732,0.9306398,0.1743344,0.4684669,0.8849387,0.2622069,0.4328000,0.8073000,0.4195000,0.4578000,0.6618000,0.2971000,0.5386000,0.5826000,0.2298000,0.5463000,0.5574000,0.3593000,0.5588000,0.5038000,0.5147000,0.3182824,0.0000000,0.0000000},
{0.0293583,0.8173893,0.1952161,0.0585092,0.8265234,0.1176482,0.2487454,0.8934382,0.1548385,0.3453134,0.9306767,0.1744089,0.4685252,0.8849717,0.2623390,0.4330000,0.8074000,0.4196000,0.4578000,0.6619000,0.2971000,0.5389000,0.5828000,0.2299000,0.5464000,0.5574000,0.3594000,0.5588000,0.5039000,0.5147000,0.3182824,0.0000000,0.0000000},
{0.0296168,0.8174305,0.1952225,0.0585429,0.8265380,0.1177624,0.2488390,0.8935021,0.1550253,0.3454049,0.9307608,0.1745784,0.4685998,0.8850139,0.2625080,0.4333000,0.8075000,0.4197000,0.4580000,0.6620000,0.2973000,0.5389000,0.5828000,0.2300000,0.5465000,0.5574000,0.3594000,0.5590000,0.5040000,0.5148000,0.3182824,0.0000000,0.0000000},
{0.0297894,0.8174579,0.1952265,0.0585895,0.8265582,0.1179202,0.2489841,0.8936012,0.1553144,0.3455492,0.9308932,0.1748450,0.4686644,0.8850505,0.2626542,0.4336000,0.8076000,0.4199000,0.4584000,0.6622000,0.2975000,0.5390000,0.5829000,0.2300000,0.5466000,0.5574000,0.3595000,0.5593000,0.5040000,0.5150000,0.3182824,0.0000000,0.0000000},
{0.0299707,0.8174868,0.1952306,0.0586581,0.8265879,0.1181517,0.2491968,0.8937463,0.1557371,0.3457215,0.9310510,0.1751625,0.4688210,0.8851391,0.2630080,0.4341000,0.8077000,0.4201000,0.4587000,0.6623000,0.2976000,0.5392000,0.5830000,0.2301000,0.5467000,0.5573000,0.3595000,0.5598000,0.5041000,0.5151000,0.3182824,0.0000000,0.0000000},
{0.0301660,0.8175178,0.1952348,0.0587860,0.8266431,0.1185816,0.2494712,0.8939332,0.1562810,0.3458794,0.9311954,0.1754527,0.4690311,0.8852578,0.2634816,0.4347000,0.8078000,0.4204000,0.4591000,0.6624000,0.2978000,0.5395000,0.5831000,0.2303000,0.5468000,0.5573000,0.3596000,0.5603000,0.5043000,0.5151000,0.3182824,0.0000000,0.0000000},
{0.0303002,0.8175391,0.1952376,0.0589063,0.8266948,0.1189844,0.2497546,0.8941260,0.1568408,0.3460960,0.9313932,0.1758495,0.4691864,0.8853455,0.2638306,0.4353000,0.8079000,0.4207000,0.4595000,0.6625000,0.2982000,0.5396000,0.5831000,0.2304000,0.5469000,0.5573000,0.3597000,0.5610000,0.5043000,0.5154000,0.3182824,0.0000000,0.0000000},
{0.0303920,0.8175537,0.1952395,0.0590804,0.8267692,0.1195635,0.2500810,0.8943474,0.1574828,0.3463350,0.9316110,0.1762860,0.4693925,0.8854617,0.2642931,0.4361000,0.8080000,0.4211000,0.4601000,0.6626000,0.2986000,0.5400000,0.5832000,0.2307000,0.5470000,0.5573000,0.3597000,0.5618000,0.5045000,0.5155000,0.3182824,0.0000000,0.0000000},
{0.0305344,0.8175763,0.1952423,0.0592059,0.8268226,0.1199789,0.2503960,0.8945608,0.1581001,0.3465658,0.9318208,0.1767058,0.4696372,0.8855995,0.2648404,0.4369000,0.8081000,0.4215000,0.4606000,0.6626000,0.2990000,0.5404000,0.5833000,0.2309000,0.5472000,0.5573000,0.3598000,0.5628000,0.5045000,0.5159000,0.3182824,0.0000000,0.0000000},
{0.0307892,0.8176168,0.1952470,0.0593643,0.8268898,0.1205004,0.2507627,0.8948087,0.1588158,0.3468757,0.9321019,0.1772670,0.4698502,0.8857193,0.2653152,0.4377000,0.8081000,0.4220000,0.4614000,0.6627000,0.2995000,0.5410000,0.5834000,0.2312000,0.5473000,0.5573000,0.3599000,0.5638000,0.5046000,0.5162000,0.3182824,0.0000000,0.0000000},
{0.0311245,0.8176700,0.1952527,0.0595749,0.8269786,0.1211891,0.2511317,0.8950576,0.1595327,0.3471001,0.9323050,0.1776718,0.4701247,0.8858734,0.2659255,0.4386000,0.8082000,0.4225000,0.4621000,0.6628000,0.3000000,0.5414000,0.5833000,0.2317000,0.5474000,0.5572000,0.3599000,0.5650000,0.5047000,0.5166000,0.3182824,0.0000000,0.0000000},
{0.0316610,0.8177550,0.1952607,0.0598710,0.8271025,0.1221482,0.2515337,0.8953281,0.1603101,0.3474057,0.9325809,0.1782207,0.4704261,0.8860425,0.2665930,0.4396000,0.8082000,0.4231000,0.4630000,0.6628000,0.3006000,0.5423000,0.5836000,0.2319000,0.5475000,0.5572000,0.3600000,0.5663000,0.5048000,0.5169000,0.3182824,0.0000000,0.0000000},
{0.0323049,0.8178570,0.1952684,0.0601622,0.8272234,0.1230822,0.2519914,0.8956353,0.1611907,0.3476664,0.9328157,0.1786869,0.4707150,0.8862042,0.2672304,0.4406000,0.8083000,0.4238000,0.4639000,0.6629000,0.3013000,0.5427000,0.5834000,0.2327000,0.5476000,0.5572000,0.3601000,0.5677000,0.5049000,0.5173000,0.3182824,0.0000000,0.0000000},
{0.0330670,0.8179774,0.1952748,0.0604773,0.8273532,0.1240824,0.2524086,0.8959147,0.1619893,0.3479738,0.9330919,0.1792345,0.4710933,0.8864155,0.2680614,0.4416000,0.8084000,0.4245000,0.4648000,0.6629000,0.3020000,0.5438000,0.5838000,0.2329000,0.5477000,0.5572000,0.3601000,0.5692000,0.5049000,0.5178000,0.3182824,0.0000000,0.0000000},
{0.0339805,0.8181216,0.1952787,0.0607988,0.8274844,0.1250920,0.2529093,0.8962490,0.1629426,0.3483720,0.9334486,0.1799397,0.4714404,0.8866091,0.2688205,0.4427000,0.8084000,0.4252000,0.4659000,0.6630000,0.3028000,0.5445000,0.5838000,0.2336000,0.5478000,0.5572000,0.3602000,0.5708000,0.5050000,0.5181000,0.3182824,0.0000000,0.0000000},
{0.0349781,0.8182787,0.1952783,0.0611384,0.8276218,0.1261470,0.2534401,0.8966025,0.1639471,0.3488211,0.9338495,0.1807303,0.4718236,0.8868223,0.2696547,0.4439000,0.8084000,0.4261000,0.4670000,0.6630000,0.3037000,0.5454000,0.5839000,0.2342000,0.5479000,0.5572000,0.3602000,0.5725000,0.5049000,0.5187000,0.3182824,0.0000000,0.0000000},
{0.0362658,0.8184810,0.1952706,0.0615058,0.8277691,0.1272755,0.2539731,0.8969564,0.1649498,0.3492772,0.9342552,0.1815278,0.4722548,0.8870618,0.2705888,0.4452000,0.8085000,0.4270000,0.4682000,0.6630000,0.3046000,0.5462000,0.5840000,0.2349000,0.5481000,0.5571000,0.3603000,0.5743000,0.5048000,0.5192000,0.3182824,0.0000000,0.0000000},
{0.0377096,0.8187072,0.1952526,0.0618675,0.8279129,0.1283739,0.2545454,0.8973352,0.1660196,0.3498049,0.9347226,0.1824438,0.4727321,0.8873262,0.2716170,0.4465000,0.8085000,0.4280000,0.4694000,0.6631000,0.3055000,0.5471000,0.5840000,0.2356000,0.5482000,0.5571000,0.3604000,0.5761000,0.5048000,0.5197000,0.3182824,0.0000000,0.0000000},
{0.0393913,0.8189698,0.1952192,0.0623048,0.8280851,0.1296864,0.2552497,0.8977998,0.1673270,0.3503579,0.9352103,0.1833964,0.4732438,0.8876090,0.2727126,0.4479000,0.8085000,0.4290000,0.4707000,0.6631000,0.3065000,0.5482000,0.5842000,0.2360000,0.5483000,0.5571000,0.3604000,0.5781000,0.5046000,0.5203000,0.3182824,0.0000000,0.0000000},
{0.0412488,0.8192588,0.1951671,0.0627952,0.8282761,0.1311379,0.2559388,0.8982527,0.1685961,0.3510142,0.9357865,0.1845175,0.4738026,0.8879169,0.2739012,0.4494000,0.8086000,0.4301000,0.4721000,0.6632000,0.3075000,0.5491000,0.5843000,0.2369000,0.5484000,0.5571000,0.3605000,0.5802000,0.5044000,0.5208000,0.3182824,0.0000000,0.0000000},
{0.0434161,0.8195947,0.1950865,0.0632926,0.8284677,0.1325898,0.2566563,0.8987226,0.1699076,0.3516800,0.9363680,0.1856443,0.4743637,0.8882252,0.2750869,0.4509000,0.8086000,0.4311000,0.4735000,0.6632000,0.3086000,0.5502000,0.5844000,0.2377000,0.5485000,0.5571000,0.3606000,0.5822000,0.5042000,0.5214000,0.3182824,0.0000000,0.0000000},
{0.0457726,0.8199583,0.1949749,0.0639112,0.8287030,0.1343678,0.2573724,0.8991898,0.1712067,0.3524386,0.9370272,0.1869158,0.4749729,0.8885590,0.2763654,0.4524000,0.8086000,0.4323000,0.4749000,0.6632000,0.3098000,0.5512000,0.5845000,0.2384000,0.5486000,0.5571000,0.3606000,0.5844000,0.5040000,0.5220000,0.3182824,0.0000000,0.0000000},
{0.0484063,0.8203627,0.1948215,0.0645105,0.8289282,0.1360625,0.2582576,0.8997650,0.1727986,0.3532976,0.9377691,0.1883401,0.4756262,0.8889157,0.2777263,0.4541000,0.8086000,0.4334000,0.4763000,0.6631000,0.3109000,0.5524000,0.5848000,0.2392000,0.5487000,0.5571000,0.3607000,0.5866000,0.5037000,0.5226000,0.3182824,0.0000000,0.0000000},
{0.0512331,0.8207945,0.1946235,0.0651866,0.8291790,0.1379432,0.2591632,0.9003510,0.1744124,0.3542349,0.9385735,0.1898760,0.4762921,0.8892783,0.2791031,0.4558000,0.8087000,0.4345000,0.4777000,0.6630000,0.3120000,0.5534000,0.5848000,0.2402000,0.5488000,0.5570000,0.3608000,0.5889000,0.5034000,0.5232000,0.3182824,0.0000000,0.0000000},
{0.0543305,0.8212651,0.1943680,0.0659043,0.8294416,0.1399053,0.2601237,0.9009696,0.1761074,0.3553166,0.9394954,0.1916257,0.4769997,0.8896623,0.2805547,0.4576000,0.8089000,0.4357000,0.4791000,0.6629000,0.3133000,0.5546000,0.5849000,0.2410000,0.5489000,0.5570000,0.3608000,0.5913000,0.5031000,0.5239000,0.3182824,0.0000000,0.0000000},
{0.0576801,0.8217709,0.1940470,0.0666617,0.8297150,0.1419395,0.2612002,0.9016596,0.1779878,0.3564527,0.9404565,0.1934380,0.4778082,0.8900994,0.2821990,0.4595000,0.8090000,0.4368000,0.4805000,0.6628000,0.3145000,0.5556000,0.5850000,0.2419000,0.5491000,0.5570000,0.3609000,0.5937000,0.5028000,0.5245000,0.3182824,0.0000000,0.0000000},
{0.0612738,0.8223102,0.1936519,0.0675025,0.8300141,0.1441561,0.2623749,0.9024087,0.1800168,0.3576738,0.9414817,0.1953580,0.4786476,0.8905515,0.2838907,0.4616000,0.8092000,0.4379000,0.4821000,0.6626000,0.3157000,0.5570000,0.5853000,0.2428000,0.5492000,0.5570000,0.3609000,0.5962000,0.5025000,0.5251000,0.3182824,0.0000000,0.0000000},
{0.0650547,0.8228737,0.1931806,0.0684124,0.8303331,0.1465090,0.2635716,0.9031677,0.1820599,0.3590237,0.9426056,0.1974480,0.4794879,0.8910024,0.2855687,0.4637000,0.8095000,0.4390000,0.4836000,0.6623000,0.3169000,0.5584000,0.5855000,0.2437000,0.5493000,0.5570000,0.3610000,0.5989000,0.5021000,0.5258000,0.3182824,0.0000000,0.0000000},
{0.0691243,0.8234761,0.1926106,0.0694356,0.8306861,0.1491005,0.2647833,0.9039322,0.1841050,0.3603829,0.9437280,0.1995193,0.4803749,0.8914765,0.2873232,0.4659000,0.8098000,0.4401000,0.4850000,0.6621000,0.3182000,0.5598000,0.5857000,0.2447000,0.5493000,0.5570000,0.3610000,0.6015000,0.5017000,0.5264000,0.3182824,0.0000000,0.0000000},
{0.0734385,0.8241099,0.1919363,0.0704976,0.8310465,0.1517329,0.2660684,0.9047386,0.1862483,0.3618725,0.9449477,0.2017528,0.4813071,0.8919728,0.2891495,0.4682000,0.8102000,0.4412000,0.4866000,0.6619000,0.3195000,0.5612000,0.5859000,0.2457000,0.5509000,0.5568000,0.3620000,0.6042000,0.5013000,0.5270000,0.3182824,0.0000000,0.0000000},
{0.0779589,0.8247689,0.1911533,0.0717099,0.8314511,0.1546714,0.2675338,0.9056529,0.1886614,0.3634633,0.9462387,0.2040971,0.4823013,0.8925000,0.2910774,0.4706000,0.8106000,0.4422000,0.4881000,0.6616000,0.3208000,0.5628000,0.5862000,0.2468000,0.5523000,0.5564000,0.3634000,0.6070000,0.5007000,0.5277000,0.3182824,0.0000000,0.0000000},
{0.0826941,0.8254535,0.1902498,0.0729406,0.8318547,0.1575861,0.2689441,0.9065276,0.1909533,0.3651355,0.9475835,0.2065180,0.4832913,0.8930227,0.2929775,0.4731000,0.8111000,0.4432000,0.4895000,0.6614000,0.3222000,0.5643000,0.5865000,0.2478000,0.5537000,0.5559000,0.3648000,0.6099000,0.5002000,0.5283000,0.3182824,0.0000000,0.0000000},
{0.0875484,0.8261493,0.1892354,0.0743008,0.8322929,0.1607325,0.2704904,0.9074809,0.1934328,0.3668968,0.9489868,0.2090216,0.4843622,0.8935857,0.2950111,0.4757000,0.8117000,0.4442000,0.4908000,0.6611000,0.3235000,0.5660000,0.5868000,0.2488000,0.5556000,0.5556000,0.3661000,0.6128000,0.4996000,0.5288000,0.3182824,0.0000000,0.0000000},
{0.0925742,0.8268634,0.1880913,0.0757072,0.8327380,0.1639078,0.2721099,0.9084733,0.1959936,0.3687890,0.9504801,0.2116604,0.4854530,0.8941567,0.2970598,0.4784000,0.8123000,0.4451000,0.4922000,0.6606000,0.3249000,0.5677000,0.5873000,0.2497000,0.5575000,0.5554000,0.3673000,0.6157000,0.4990000,0.5294000,0.3182824,0.0000000,0.0000000},
{0.0977611,0.8275935,0.1868100,0.0772325,0.8332119,0.1672678,0.2738324,0.9095220,0.1986777,0.3707832,0.9520383,0.2143865,0.4865468,0.8947268,0.2990917,0.4811000,0.8129000,0.4461000,0.4934000,0.6602000,0.3264000,0.5694000,0.5875000,0.2509000,0.5595000,0.5551000,0.3685000,0.6187000,0.4984000,0.5299000,0.3182824,0.0000000,0.0000000},
{0.1029929,0.8283229,0.1854132,0.0788799,0.8337142,0.1708048,0.2756310,0.9106098,0.2014385,0.3729143,0.9536866,0.2172402,0.4876984,0.8953243,0.3012072,0.4839000,0.8135000,0.4470000,0.4946000,0.6595000,0.3278000,0.5710000,0.5878000,0.2520000,0.5617000,0.5550000,0.3696000,0.6218000,0.4981000,0.5304000,0.3182824,0.0000000,0.0000000},
{0.1083481,0.8290620,0.1838732,0.0806225,0.8342354,0.1744486,0.2775335,0.9117528,0.2043132,0.3751634,0.9554079,0.2201876,0.4889066,0.8959484,0.3034012,0.4868000,0.8140000,0.4478000,0.4959000,0.6588000,0.3292000,0.5728000,0.5880000,0.2530000,0.5639000,0.5548000,0.3706000,0.6249000,0.4976000,0.5309000,0.3182824,0.0000000,0.0000000},
{0.1138102,0.8298080,0.1821854,0.0825164,0.8347908,0.1783021,0.2795169,0.9129360,0.2072618,0.3774940,0.9571726,0.2231746,0.4901020,0.8965631,0.3055467,0.4897000,0.8146000,0.4486000,0.4971000,0.6580000,0.3308000,0.5747000,0.5883000,0.2541000,0.5662000,0.5546000,0.3715000,0.6280000,0.4969000,0.5314000,0.3182824,0.0000000,0.0000000},
{0.1192821,0.8305470,0.1803729,0.0844412,0.8353441,0.1821113,0.2815827,0.9141598,0.2102820,0.3799511,0.9590130,0.2262527,0.4913576,0.8972059,0.3077738,0.4927000,0.8152000,0.4494000,0.4984000,0.6572000,0.3322000,0.5765000,0.5885000,0.2551000,0.5684000,0.5544000,0.3725000,0.6312000,0.4964000,0.5318000,0.3182824,0.0000000,0.0000000},
{0.1248380,0.8312887,0.1784039,0.0866105,0.8359551,0.1862831,0.2837659,0.9154437,0.2134191,0.3825179,0.9609142,0.2293930,0.4926358,0.8978572,0.3100139,0.4957000,0.8158000,0.4501000,0.4997000,0.6563000,0.3336000,0.5783000,0.5888000,0.2561000,0.5707000,0.5540000,0.3734000,0.6345000,0.4956000,0.5322000,0.3182824,0.0000000,0.0000000},
{0.1303633,0.8320172,0.1763121,0.0888197,0.8365642,0.1904065,0.2860330,0.9167670,0.2166188,0.3852998,0.9629510,0.2327124,0.4939496,0.8985235,0.3122883,0.4988000,0.8163000,0.4508000,0.5011000,0.6557000,0.3349000,0.5802000,0.5889000,0.2571000,0.5731000,0.5538000,0.3744000,0.6378000,0.4950000,0.5327000,0.3182824,0.0000000,0.0000000},
{0.1359789,0.8327480,0.1740428,0.0912108,0.8372097,0.1947359,0.2884097,0.9181439,0.2199115,0.3881722,0.9650290,0.2360513,0.4952588,0.8991844,0.3145271,0.5019000,0.8169000,0.4514000,0.5028000,0.6552000,0.3361000,0.5822000,0.5890000,0.2581000,0.5756000,0.5535000,0.3753000,0.6412000,0.4943000,0.5331000,0.3182824,0.0000000,0.0000000},
{0.1416128,0.8334707,0.1716130,0.0937037,0.8378681,0.1991096,0.2909398,0.9195981,0.2233494,0.3912717,0.9672436,0.2395564,0.4966233,0.8998701,0.3168320,0.5051000,0.8175000,0.4521000,0.5047000,0.6548000,0.3372000,0.5840000,0.5891000,0.2591000,0.5780000,0.5532000,0.3762000,0.6446000,0.4937000,0.5335000,0.3182824,0.0000000,0.0000000},
{0.1471321,0.8341680,0.1690738,0.0962874,0.8385356,0.2034998,0.2935417,0.9210814,0.2268140,0.3945151,0.9695311,0.2431185,0.4980517,0.9005845,0.3192140,0.5084000,0.8181000,0.4527000,0.5070000,0.6545000,0.3383000,0.5859000,0.5890000,0.2600000,0.5806000,0.5529000,0.3770000,0.6481000,0.4929000,0.5338000,0.3182824,0.0000000,0.0000000},
{0.1525117,0.8348366,0.1664364,0.0990722,0.8392390,0.2080770,0.2963361,0.9226613,0.2304571,0.3979633,0.9719304,0.2467906,0.4995027,0.9013067,0.3216019,0.5117000,0.8188000,0.4532000,0.5095000,0.6544000,0.3395000,0.5878000,0.5888000,0.2609000,0.5831000,0.5525000,0.3779000,0.6516000,0.4922000,0.5342000,0.3182824,0.0000000,0.0000000},
{0.1578605,0.8354896,0.1636412,0.1019649,0.8399529,0.2126698,0.2991962,0.9242643,0.2341045,0.4015677,0.9744035,0.2505051,0.5009647,0.9020309,0.3239766,0.5151000,0.8194000,0.4538000,0.5121000,0.6542000,0.3405000,0.5897000,0.5885000,0.2617000,0.5857000,0.5522000,0.3787000,0.6551000,0.4914000,0.5343000,0.3182824,0.0000000,0.0000000},
{0.1629186,0.8360954,0.1608240,0.1050856,0.8407046,0.2174480,0.3022028,0.9259347,0.2378520,0.4054047,0.9769975,0.2543232,0.5024918,0.9027836,0.3264237,0.5185000,0.8201000,0.4543000,0.5151000,0.6542000,0.3416000,0.5916000,0.5883000,0.2627000,0.5883000,0.5517000,0.3796000,0.6587000,0.4906000,0.5345000,0.3182824,0.0000000,0.0000000},
{0.1677938,0.8366673,0.1579316,0.1083547,0.8414725,0.2222649,0.3053174,0.9276494,0.2416421,0.4094242,0.9796730,0.2581749,0.5039917,0.9035194,0.3287950,0.5219000,0.8209000,0.4548000,0.5181000,0.6543000,0.3428000,0.5935000,0.5881000,0.2635000,0.5910000,0.5513000,0.3804000,0.6623000,0.4897000,0.5348000,0.3182824,0.0000000,0.0000000},
{0.1724492,0.8372011,0.1549882,0.1118580,0.8422740,0.2272212,0.3085374,0.9294056,0.2454641,0.4135240,0.9823585,0.2619496,0.5055172,0.9042641,0.3311743,0.5253000,0.8217000,0.4552000,0.5212000,0.6544000,0.3439000,0.5955000,0.5878000,0.2644000,0.5937000,0.5508000,0.3811000,0.6659000,0.4889000,0.5350000,0.3182824,0.0000000,0.0000000},
{0.1768588,0.8376943,0.1520154,0.1156287,0.8431128,0.2323265,0.3118938,0.9312188,0.2493456,0.4179709,0.9852220,0.2658697,0.5070267,0.9049976,0.3334972,0.5288000,0.8226000,0.4554000,0.5244000,0.6546000,0.3450000,0.5974000,0.5873000,0.2652000,0.5964000,0.5503000,0.3819000,0.6695000,0.4881000,0.5353000,0.3182824,0.0000000,0.0000000},
{0.1809626,0.8381407,0.1490645,0.2133496,0.8467978,0.1909799,0.3154906,0.9331423,0.2533907,0.4228474,0.9883032,0.2699605,0.5085406,0.9057297,0.3357958,0.5322000,0.8234000,0.4554000,0.5277000,0.6547000,0.3460000,0.5994000,0.5870000,0.2660000,0.5991000,0.5498000,0.3827000,0.6732000,0.4873000,0.5354000,0.3182824,0.0000000,0.0000000},
{0.1846882,0.8385339,0.1462083,0.2137510,0.8470331,0.1929277,0.3191342,0.9350705,0.2573693,0.5025738,1.0022700,0.2082231,0.5101649,0.9065115,0.3382279,0.5357000,0.8242000,0.4554000,0.5310000,0.6548000,0.3470000,0.6014000,0.5865000,0.2670000,0.6019000,0.5492000,0.3835000,0.6769000,0.4864000,0.5356000,0.3182824,0.0000000,0.0000000}
};
