fitErrPi Mean = 0.455583
fitErrTh Mean = 0.439982
fitErrWr Mean = 0.452452
fitErrLA Mean = 0.144576
fitErrEl Mean = 0.0299366
fitErrUA Mean = 0.0696298
efPts = {
{0.7350935,0.7995546,-0.0652573,0.6949326,0.7492214,-0.0429900,0.6712597,0.8522430,0.1161885,0.3438675,0.7352533,0.2660296,0.7396920,0.9301310,0.3358854,0.7179000,0.8574000,0.4678000,0.6959000,0.7466000,0.4093000,0.6870000,0.6722000,0.3422000,0.7230000,0.6086000,0.4274000,0.7850000,0.5230000,0.4770000,0.6918167,0.7919770,-0.0892960},
{0.7349149,0.7994435,-0.0654062,0.6949385,0.7492246,-0.0429843,0.6700435,0.8515704,0.1159231,0.7326830,0.8979276,0.2082575,0.7382600,0.9293152,0.3354841,0.7161000,0.8567000,0.4679000,0.6948000,0.7461000,0.4090000,0.6863000,0.6716000,0.3419000,0.7223000,0.6080000,0.4271000,0.7843000,0.5226000,0.4769000,0.6915656,0.7918465,-0.0895113},
{0.7342721,0.7990435,-0.0659426,0.6948565,0.7491798,-0.0430635,0.6684798,0.8507050,0.1155801,0.7319001,0.8977311,0.2076647,0.7367820,0.9284714,0.3350630,0.7144000,0.8560000,0.4681000,0.6937000,0.7454000,0.4088000,0.6855000,0.6710000,0.3415000,0.7215000,0.6074000,0.4268000,0.7836000,0.5221000,0.4767000,0.6910468,0.7915771,-0.0899562},
{0.7335179,0.7985741,-0.0665726,0.6945308,0.7490019,-0.0433777,0.6664044,0.8495552,0.1151217,0.7308609,0.8974666,0.2068971,0.7350644,0.9274885,0.3345650,0.7126000,0.8551000,0.4684000,0.6926000,0.7447000,0.4085000,0.6847000,0.6704000,0.3412000,0.7207000,0.6069000,0.4265000,0.7828000,0.5217000,0.4764000,0.6904032,0.7912428,-0.0905085},
{0.7326022,0.7980040,-0.0673382,0.6939594,0.7486898,-0.0439292,0.6638802,0.8481548,0.1145594,0.7295088,0.8971169,0.2059291,0.7329516,0.9262759,0.3339396,0.7108000,0.8542000,0.4686000,0.6913000,0.7440000,0.4083000,0.6840000,0.6698000,0.3408000,0.7198000,0.6062000,0.4261000,0.7821000,0.5213000,0.4762000,0.6893791,0.7907106,-0.0913884},
{0.7313021,0.7971941,-0.0684268,0.6931633,0.7482548,-0.0446985,0.6607930,0.8464396,0.1138645,0.7277446,0.8966517,0.2047140,0.7306304,0.9249395,0.3332365,0.7090000,0.8533000,0.4688000,0.6901000,0.7432000,0.4081000,0.6832000,0.6691000,0.3404000,0.7190000,0.6056000,0.4258000,0.7814000,0.5209000,0.4760000,0.6879847,0.7899857,-0.0925880},
{0.7297079,0.7962004,-0.0697640,0.6920993,0.7476733,-0.0457278,0.6572237,0.8444527,0.1130514,0.7254817,0.8960418,0.2032272,0.7279657,0.9233999,0.3324087,0.7072000,0.8524000,0.4690000,0.6888000,0.7424000,0.4079000,0.6824000,0.6685000,0.3401000,0.7182000,0.6050000,0.4254000,0.7806000,0.5204000,0.4757000,0.6863675,0.7891445,-0.0939820},
{0.7277777,0.7949964,-0.0713867,0.6904047,0.7467465,-0.0473705,0.6531027,0.8421537,0.1120994,0.7227808,0.8952966,0.2015463,0.7250335,0.9216990,0.3314729,0.7054000,0.8515000,0.4692000,0.6875000,0.7416000,0.4077000,0.6816000,0.6677000,0.3397000,0.7173000,0.6043000,0.4250000,0.7799000,0.5199000,0.4753000,0.6845230,0.7881845,-0.0955753},
{0.7255497,0.7936054,-0.0732646,0.6888571,0.7458995,-0.0488740,0.6484002,0.8395238,0.1109959,0.7194160,0.8943451,0.1995769,0.7217976,0.9198137,0.3304098,0.7036000,0.8506000,0.4691000,0.6861000,0.7408000,0.4075000,0.6807000,0.6671000,0.3394000,0.7165000,0.6035000,0.4247000,0.7792000,0.5194000,0.4750000,0.6823581,0.7870569,-0.0974499},
{0.7231385,0.7920985,-0.0753028,0.6866233,0.7446760,-0.0510497,0.6431878,0.8366005,0.1097512,0.7154704,0.8932011,0.1974201,0.7181586,0.9176837,0.3291768,0.7018000,0.8496000,0.4692000,0.6847000,0.7399000,0.4073000,0.6798000,0.6664000,0.3390000,0.7157000,0.6029000,0.4244000,0.7785000,0.5189000,0.4747000,0.6797617,0.7857035,-0.0997047},
{0.7203316,0.7903423,-0.0776834,0.6842858,0.7433944,-0.0533337,0.6375867,0.8334496,0.1083883,0.7109330,0.8918532,0.1951149,0.7142750,0.9153988,0.3278175,0.6999000,0.8487000,0.4692000,0.6833000,0.7391000,0.4072000,0.6789000,0.6656000,0.3387000,0.7148000,0.6022000,0.4240000,0.7778000,0.5184000,0.4743000,0.6771870,0.7843601,-0.1019477},
{0.7172097,0.7883865,-0.0803410,0.6817159,0.7419839,-0.0558532,0.6315269,0.8300294,0.1068840,0.7056942,0.8902601,0.1926530,0.7101601,0.9129649,0.3263287,0.6979000,0.8476000,0.4690000,0.6818000,0.7381000,0.4071000,0.6779000,0.6647000,0.3384000,0.7140000,0.6014000,0.4237000,0.7771000,0.5179000,0.4739000,0.6741504,0.7827741,-0.1046022},
{0.7140128,0.7863810,-0.0830734,0.6788978,0.7404355,-0.0586263,0.6250675,0.8263705,0.1052461,0.6998653,0.8884478,0.1901291,0.7057211,0.9103245,0.3246672,0.6960000,0.8466000,0.4689000,0.6803000,0.7371000,0.4069000,0.6770000,0.6638000,0.3381000,0.7132000,0.6007000,0.4234000,0.7765000,0.5173000,0.4737000,0.6707627,0.7810027,-0.1075752},
{0.7105174,0.7841849,-0.0860735,0.6757887,0.7387249,-0.0616983,0.6183347,0.8225423,0.1035008,0.6933740,0.8863871,0.1875478,0.7011540,0.9075919,0.3228980,0.6938000,0.8455000,0.4686000,0.6788000,0.7359000,0.4068000,0.6760000,0.6629000,0.3378000,0.7124000,0.5999000,0.4231000,0.7760000,0.5168000,0.4733000,0.6673655,0.7792242,-0.1105690},
{0.7068084,0.7818511,-0.0892714,0.6727668,0.7370602,-0.0646966,0.6113762,0.8185701,0.1016557,0.6863691,0.8841201,0.1849966,0.6963624,0.9047075,0.3209768,0.6915000,0.8444000,0.4683000,0.6771000,0.7349000,0.4066000,0.6751000,0.6619000,0.3375000,0.7116000,0.5991000,0.4228000,0.7755000,0.5163000,0.4731000,0.6639107,0.7774133,-0.1136263},
{0.7030197,0.7794631,-0.0925537,0.6694066,0.7352066,-0.0680453,0.6041413,0.8144231,0.0996924,0.6788579,0.8816457,0.1824963,0.6914356,0.9017233,0.3189321,0.6892000,0.8432000,0.4681000,0.6755000,0.7337000,0.4064000,0.6742000,0.6609000,0.3371000,0.7107000,0.5983000,0.4225000,0.7750000,0.5158000,0.4729000,0.6601093,0.7754181,-0.1170053},
{0.6991622,0.7770278,-0.0959116,0.6658810,0.7332588,-0.0715756,0.5967166,0.8101489,0.0976292,0.6707750,0.8789389,0.1800448,0.6864774,0.8987011,0.3168034,0.6866000,0.8419000,0.4677000,0.6738000,0.7325000,0.4061000,0.6732000,0.6599000,0.3367000,0.7099000,0.5973000,0.4223000,0.7745000,0.5154000,0.4727000,0.6561431,0.7733335,-0.1205476},
{0.6950374,0.7744189,-0.0995205,0.6625228,0.7314007,-0.0749541,0.5891784,0.8057901,0.0954837,0.6623686,0.8760805,0.1777283,0.6815376,0.8956710,0.3146114,0.6841000,0.8406000,0.4674000,0.6721000,0.7312000,0.4059000,0.6724000,0.6589000,0.3362000,0.7091000,0.5966000,0.4219000,0.7740000,0.5149000,0.4725000,0.6521174,0.7712145,-0.1241606},
{0.6909327,0.7718181,-0.1031307,0.6589396,0.7294151,-0.0785764,0.5814899,0.8013241,0.0932418,0.6536637,0.8730792,0.1755542,0.6766305,0.8926421,0.3123632,0.6816000,0.8393000,0.4671000,0.6703000,0.7300000,0.4056000,0.6715000,0.6579000,0.3358000,0.7083000,0.5956000,0.4216000,0.7736000,0.5145000,0.4724000,0.6482845,0.7691941,-0.1276172},
{0.6866746,0.7691150,-0.1068958,0.6551309,0.7273011,-0.0824463,0.5738143,0.7968446,0.0909487,0.6446382,0.8699270,0.1735186,0.6717808,0.8896299,0.3100713,0.6790000,0.8379000,0.4668000,0.6685000,0.7286000,0.4053000,0.6707000,0.6568000,0.3354000,0.7075000,0.5948000,0.4213000,0.7731000,0.5140000,0.4721000,0.6441318,0.7670019,-0.1313807},
{0.6824237,0.7664112,-0.1106749,0.6516594,0.7253712,-0.0859914,0.5661834,0.7923702,0.0886134,0.6355156,0.8667026,0.1716681,0.6669538,0.8866132,0.3077204,0.6762000,0.8364000,0.4664000,0.6666000,0.7273000,0.4050000,0.6698000,0.6557000,0.3349000,0.7067000,0.5938000,0.4210000,0.7726000,0.5135000,0.4719000,0.6399360,0.7647835,-0.1352029},
{0.6783071,0.7637880,-0.1143543,0.6478965,0.7232759,-0.0898535,0.5585983,0.7879013,0.0862361,0.6261812,0.8633666,0.1699737,0.6622528,0.8836570,0.3053628,0.6734000,0.8349000,0.4662000,0.6647000,0.7259000,0.4047000,0.6688000,0.6544000,0.3345000,0.7059000,0.5929000,0.4206000,0.7722000,0.5131000,0.4717000,0.6358489,0.7626193,-0.1389449},
{0.6741621,0.7611416,-0.1180787,0.6438771,0.7210340,-0.0940010,0.5511608,0.7834983,0.0838495,0.6167403,0.8599572,0.1684512,0.6575737,0.8806965,0.3029485,0.6706000,0.8334000,0.4660000,0.6627000,0.7243000,0.4044000,0.6678000,0.6532000,0.3340000,0.7050000,0.5919000,0.4203000,0.7717000,0.5126000,0.4715000,0.6318920,0.7605209,-0.1425859},
{0.6699917,0.7584739,-0.1218461,0.6404353,0.7191110,-0.0975710,0.5437918,0.7791148,0.0814295,0.6072553,0.8564982,0.1671038,0.6530589,0.8778225,0.3005537,0.6677000,0.8319000,0.4657000,0.6607000,0.7227000,0.4041000,0.6665000,0.6519000,0.3336000,0.7039000,0.5909000,0.4200000,0.7712000,0.5122000,0.4713000,0.6275950,0.7582386,-0.1465600},
{0.6659703,0.7558966,-0.1254981,0.6364156,0.7168614,-0.1017621,0.5364623,0.7747335,0.0789662,0.5976532,0.8529639,0.1659166,0.6486427,0.8749943,0.2981477,0.6645000,0.8303000,0.4654000,0.6586000,0.7212000,0.4038000,0.6649000,0.6506000,0.3336000,0.7032000,0.5900000,0.4195000,0.7708000,0.5118000,0.4711000,0.6236158,0.7561217,-0.1502592},
{0.6617799,0.7532059,-0.1293239,0.6329207,0.7149021,-0.1054252,0.5295818,0.7706007,0.0766016,0.5881994,0.8494533,0.1649139,0.6443012,0.8721972,0.2957198,0.6612000,0.8286000,0.4651000,0.6563000,0.7195000,0.4035000,0.6647000,0.6496000,0.3329000,0.7027000,0.5892000,0.4189000,0.7702000,0.5114000,0.4709000,0.6196559,0.7540119,-0.1539587},
{0.6578023,0.7506470,-0.1329747,0.6291031,0.7127584,-0.1094471,0.5226726,0.7664308,0.0741746,0.5788474,0.8459517,0.1640785,0.6400704,0.8694550,0.2932926,0.6579000,0.8268000,0.4649000,0.6540000,0.7178000,0.4032000,0.6637000,0.6484000,0.3323000,0.7018000,0.5883000,0.4185000,0.7697000,0.5111000,0.4707000,0.6158667,0.7519901,-0.1575158},
{0.6540360,0.7482195,-0.1364491,0.6259015,0.7109576,-0.1128367,0.5160293,0.7624020,0.0717902,0.5696194,0.8424691,0.1634025,0.6360410,0.8668279,0.2909231,0.6549000,0.8250000,0.4648000,0.6515000,0.7161000,0.4030000,0.6625000,0.6472000,0.3318000,0.7006000,0.5872000,0.4185000,0.7692000,0.5106000,0.4704000,0.6119284,0.7498856,-0.1612307},
{0.6501754,0.7457268,-0.1400281,0.6225647,0.7090780,-0.1163857,0.5097120,0.7585528,0.0694751,0.5607032,0.8390789,0.1628862,0.6320977,0.8642419,0.2885479,0.6517000,0.8231000,0.4647000,0.6490000,0.7143000,0.4027000,0.6614000,0.6461000,0.3313000,0.6996000,0.5863000,0.4181000,0.7685000,0.5102000,0.4702000,0.6082751,0.7479305,-0.1646934},
{0.6463476,0.7432506,-0.1435949,0.6189912,0.7070618,-0.1202050,0.5037540,0.7549059,0.0672478,0.5519606,0.8357310,0.1625085,0.6284039,0.8618056,0.2862710,0.6483000,0.8209000,0.4648000,0.6459000,0.7119000,0.4024000,0.6601000,0.6450000,0.3308000,0.6986000,0.5854000,0.4177000,0.7679000,0.5098000,0.4700000,0.6047143,0.7460223,-0.1680836},
{0.6429310,0.7410366,-0.1467937,0.6158206,0.7052702,-0.1236098,0.4979241,0.7513213,0.0650260,0.5434856,0.8324633,0.1622626,0.6247216,0.8593630,0.2839495,0.6453000,0.8189000,0.4649000,0.6431000,0.7098000,0.4023000,0.6590000,0.6440000,0.3304000,0.6976000,0.5846000,0.4172000,0.7672000,0.5094000,0.4697000,0.6011712,0.7441209,-0.1714722},
{0.6398720,0.7390513,-0.1496700,0.6125392,0.7034131,-0.1271499,0.4925282,0.7479890,0.0629312,0.5353357,0.8293004,0.1621372,0.6213100,0.8570873,0.2817510,0.6423000,0.8171000,0.4649000,0.6405000,0.7072000,0.4023000,0.6578000,0.6429000,0.3298000,0.6966000,0.5836000,0.4167000,0.7665000,0.5090000,0.4694000,0.5975769,0.7421893,-0.1749252},
{0.6365141,0.7368685,-0.1528408,0.6098030,0.7018624,-0.1301145,0.4874084,0.7448138,0.0609083,0.5275212,0.8262488,0.1621191,0.6181708,0.8549821,0.2796860,0.6393000,0.8152000,0.4648000,0.6405000,0.7072000,0.4023000,0.6567000,0.6418000,0.3293000,0.6957000,0.5828000,0.4161000,0.7658000,0.5086000,0.4690000,0.5946811,0.7406310,-0.1777188},
{0.6335962,0.7349688,-0.1556077,0.6068477,0.7001852,-0.1333295,0.4826686,0.7418623,0.0590041,0.5201369,0.8233482,0.1621943,0.6151435,0.8529413,0.2776554,0.6359000,0.8127000,0.4648000,0.6399000,0.7068000,0.4010000,0.6553000,0.6408000,0.3288000,0.6946000,0.5819000,0.4156000,0.7650000,0.5082000,0.4688000,0.5916143,0.7389788,-0.1806885},
{0.6306222,0.7330297,-0.1584390,0.6039750,0.6985526,-0.1364677,0.4781795,0.7390560,0.0571720,0.5130562,0.8205511,0.1623512,0.6123546,0.8510518,0.2757492,0.6328000,0.8104000,0.4649000,0.6378000,0.7053000,0.4007000,0.6541000,0.6398000,0.3282000,0.6935000,0.5810000,0.4151000,0.7636000,0.5073000,0.4686000,0.5889540,0.7375439,-0.1832740},
{0.6281830,0.7314372,-0.1607695,0.6016246,0.6972152,-0.1390449,0.4739296,0.7363893,0.0554111,0.5064437,0.8179250,0.1625735,0.6097345,0.8492682,0.2739266,0.6299000,0.8084000,0.4650000,0.6359000,0.7038000,0.4003000,0.6528000,0.6387000,0.3277000,0.6924000,0.5803000,0.4146000,0.7632000,0.5074000,0.4682000,0.5861498,0.7360297,-0.1860090},
{0.6250174,0.7293676,-0.1638056,0.5993159,0.6959000,-0.1415850,0.4699333,0.7338725,0.0537312,0.5000518,0.8153735,0.1628588,0.6072602,0.8475759,0.2721759,0.6272000,0.8063000,0.4651000,0.6339000,0.7023000,0.3999000,0.6516000,0.6377000,0.3271000,0.6913000,0.5794000,0.4142000,0.7624000,0.5070000,0.4680000,0.5834531,0.7345720,-0.1886484},
{0.6227052,0.7278538,-0.1660314,0.5967665,0.6944461,-0.1443997,0.4661803,0.7315007,0.0521318,0.4939124,0.8129106,0.1631990,0.6048900,0.8459476,0.2704713,0.6245000,0.8042000,0.4652000,0.6320000,0.7008000,0.3994000,0.6503000,0.6366000,0.3266000,0.6903000,0.5787000,0.4137000,0.7615000,0.5066000,0.4677000,0.5811652,0.7333340,-0.1908949},
{0.6206010,0.7264746,-0.1680631,0.5947173,0.6932760,-0.1466697,0.4627524,0.7293271,0.0506520,0.4880174,0.8105343,0.1635877,0.6026692,0.8444149,0.2688487,0.6219000,0.8022000,0.4652000,0.6301000,0.6993000,0.3991000,0.6489000,0.6356000,0.3261000,0.6892000,0.5778000,0.4132000,0.7599000,0.5061000,0.4679000,0.5789772,0.7321489,-0.1930495},
{0.6182798,0.7249516,-0.1703110,0.5922843,0.6918853,-0.1493736,0.4594572,0.7272311,0.0492120,0.4823811,0.8082515,0.1640174,0.6006707,0.8430300,0.2673668,0.6193000,0.8003000,0.4652000,0.6281000,0.6978000,0.3986000,0.6477000,0.6346000,0.3256000,0.6881000,0.5770000,0.4127000,0.7598000,0.5057000,0.4670000,0.5765447,0.7308302,-0.1954521},
{0.6163016,0.7236521,-0.1722324,0.5906597,0.6909558,-0.1511845,0.4565077,0.7253494,0.0479083,0.4770517,0.8060831,0.1644769,0.5987394,0.8416861,0.2659146,0.6167000,0.7986000,0.4651000,0.6263000,0.6964000,0.3983000,0.6465000,0.6336000,0.3251000,0.6870000,0.5764000,0.4122000,0.7588000,0.5054000,0.4668000,0.5747107,0.7298350,-0.1972686},
{0.6142824,0.7223244,-0.1741990,0.5886868,0.6898260,-0.1533893,0.4537118,0.7235606,0.0466592,0.4721287,0.8040715,0.1649483,0.5969907,0.8404647,0.2645821,0.6141000,0.7969000,0.4650000,0.6244000,0.6951000,0.3978000,0.6453000,0.6328000,0.3246000,0.6859000,0.5755000,0.4118000,0.7580000,0.5050000,0.4665000,0.5725140,0.7286421,-0.1994501},
{0.6124982,0.7211500,-0.1759413,0.5870275,0.6888749,-0.1552488,0.4510643,0.7218621,0.0454643,0.4675115,0.8021771,0.1654324,0.5952250,0.8392267,0.2632192,0.6116000,0.7954000,0.4649000,0.6227000,0.6938000,0.3974000,0.6440000,0.6318000,0.3240000,0.6848000,0.5748000,0.4112000,0.7570000,0.5046000,0.4662000,0.5708600,0.7277431,-0.2010967},
{0.6107085,0.7199709,-0.1776932,0.5851226,0.6877820,-0.1573889,0.4484628,0.7201887,0.0442784,0.4632480,0.8004209,0.1659163,0.5935413,0.8380417,0.2619028,0.6093000,0.7938000,0.4646000,0.6210000,0.6925000,0.3969000,0.6429000,0.6309000,0.3235000,0.6837000,0.5741000,0.4107000,0.7560000,0.5042000,0.4657000,0.5690097,0.7267367,-0.2029430},
{0.6088712,0.7187593,-0.1794963,0.5834006,0.6867932,-0.1593287,0.4460407,0.7186266,0.0431636,0.4591320,0.7987192,0.1664179,0.5919794,0.8369384,0.2606663,0.6070000,0.7923000,0.4644000,0.6194000,0.6913000,0.3963000,0.6419000,0.6301000,0.3229000,0.6827000,0.5734000,0.4102000,0.7552000,0.5038000,0.4654000,0.5672242,0.7257649,-0.2047289},
{0.6071324,0.7176116,-0.1812069,0.5816860,0.6858078,-0.1612651,0.4438253,0.7171943,0.0421347,0.4551809,0.7970796,0.1669319,0.5905113,0.8358976,0.2594905,0.6049000,0.7909000,0.4640000,0.6178000,0.6900000,0.3958000,0.6409000,0.6293000,0.3224000,0.6817000,0.5727000,0.4097000,0.7542000,0.5033000,0.4651000,0.5657012,0.7249353,-0.2062556},
{0.6057892,0.7167243,-0.1825312,0.5803328,0.6850294,-0.1627969,0.4415930,0.7157478,0.0410889,0.4514425,0.7955227,0.1674484,0.5890820,0.8348809,0.2583326,0.6027000,0.7895000,0.4637000,0.6162000,0.6887000,0.3952000,0.6397000,0.6285000,0.3218000,0.6807000,0.5719000,0.4092000,0.7533000,0.5029000,0.4648000,0.5638356,0.7239184,-0.2081298},
{0.6039431,0.7155037,-0.1843553,0.5786636,0.6840686,-0.1646905,0.4396317,0.7144738,0.0401625,0.4479738,0.7940732,0.1679544,0.5876989,0.8338936,0.2571994,0.6006000,0.7881000,0.4632000,0.6146000,0.6876000,0.3947000,0.6388000,0.6276000,0.3212000,0.6797000,0.5712000,0.4087000,0.7525000,0.5024000,0.4644000,0.5627163,0.7233079,-0.2092565},
{0.6028899,0.7148069,-0.1853981,0.5773143,0.6832914,-0.1662246,0.4377626,0.7132573,0.0392728,0.4448784,0.7927755,0.1684283,0.5863547,0.8329308,0.2560858,0.5986000,0.7869000,0.4627000,0.6132000,0.6864000,0.3941000,0.6378000,0.6268000,0.3206000,0.6787000,0.5706000,0.4081000,0.7516000,0.5020000,0.4642000,0.5607726,0.7222470,-0.2112171},
{0.6012552,0.7137245,-0.1870197,0.5756421,0.6823274,-0.1681302,0.4360662,0.7121509,0.0384595,0.4421084,0.7916109,0.1688707,0.5851272,0.8320486,0.2550580,0.5967000,0.7857000,0.4622000,0.6118000,0.6854000,0.3936000,0.6370000,0.6261000,0.3200000,0.6778000,0.5699000,0.4076000,0.7506000,0.5016000,0.4638000,0.5594550,0.7215274,-0.2125490},
{0.6001864,0.7130163,-0.1880819,0.5743283,0.6815694,-0.1696307,0.4343443,0.7110256,0.0376282,0.4396505,0.7905748,0.1692780,0.5838706,0.8311427,0.2539948,0.5948000,0.7846000,0.4617000,0.6103000,0.6842000,0.3929000,0.6361000,0.6254000,0.3195000,0.6768000,0.5692000,0.4071000,0.7498000,0.5011000,0.4636000,0.5581986,0.7208408,-0.2138213},
{0.5988935,0.7121591,-0.1893690,0.5732510,0.6809475,-0.1708633,0.4328479,0.7100460,0.0369010,0.4374285,0.7896358,0.1696584,0.5826699,0.8302741,0.2529681,0.5930000,0.7834000,0.4611000,0.6090000,0.6832000,0.3923000,0.6352000,0.6247000,0.3189000,0.6759000,0.5686000,0.4066000,0.7489000,0.5007000,0.4633000,0.5571238,0.7202531,-0.2149113},
{0.5975486,0.7112667,-0.1907104,0.5722359,0.6803612,-0.1720265,0.4313659,0.7090741,0.0361764,0.4354761,0.7888090,0.1700024,0.5815956,0.8294946,0.2520404,0.5912000,0.7823000,0.4605000,0.6077000,0.6821000,0.3917000,0.6344000,0.6241000,0.3183000,0.6750000,0.5681000,0.4061000,0.7479000,0.5003000,0.4630000,0.5557204,0.7194854,-0.2163369},
{0.5963283,0.7104565,-0.1919297,0.5709992,0.6796464,-0.1734462,0.4299660,0.7081544,0.0354878,0.4336194,0.7880212,0.1703380,0.5805431,0.8287285,0.2511228,0.5895000,0.7813000,0.4599000,0.6064000,0.6812000,0.3912000,0.6336000,0.6234000,0.3177000,0.6741000,0.5674000,0.4056000,0.7471000,0.4999000,0.4627000,0.5547588,0.7189591,-0.2173152},
{0.5955563,0.7099436,-0.1927021,0.5698315,0.6789711,-0.1747890,0.4287450,0.7073511,0.0348839,0.4318930,0.7872872,0.1706578,0.5795982,0.8280388,0.2502917,0.5878000,0.7803000,0.4593000,0.6053000,0.6802000,0.3905000,0.6330000,0.6228000,0.3171000,0.6733000,0.5669000,0.4051000,0.7461000,0.4995000,0.4624000,0.5534929,0.7182659,-0.2186052},
{0.5945080,0.7092469,-0.1937524,0.5688243,0.6783883,-0.1759491,0.4275501,0.7065637,0.0342898,0.4303056,0.7866111,0.1709584,0.5787033,0.8273838,0.2494978,0.5863000,0.7794000,0.4588000,0.6042000,0.6794000,0.3900000,0.6323000,0.6222000,0.3166000,0.6724000,0.5664000,0.4046000,0.7452000,0.4991000,0.4621000,0.5524649,0.7177027,-0.2196543},
{0.5934234,0.7085256,-0.1948407,0.5677144,0.6777458,-0.1772296,0.4263618,0.7057796,0.0336961,0.4289039,0.7860131,0.1712292,0.5778200,0.8267355,0.2487078,0.5849000,0.7784000,0.4582000,0.6031000,0.6787000,0.3893000,0.6316000,0.6217000,0.3160000,0.6716000,0.5659000,0.4041000,0.7443000,0.4987000,0.4619000,0.5516285,0.7172442,-0.2205090},
{0.5923527,0.7078132,-0.1959166,0.5669340,0.6772937,-0.1781312,0.4253734,0.7051264,0.0331999,0.4274502,0.7853919,0.1715154,0.5770188,0.8261460,0.2479855,0.5836000,0.7776000,0.4577000,0.6021000,0.6779000,0.3888000,0.6309000,0.6211000,0.3154000,0.6708000,0.5653000,0.4037000,0.7435000,0.4983000,0.4615000,0.5503275,0.7165309,-0.2218402},
{0.5916768,0.7073632,-0.1965968,0.5658891,0.6766882,-0.1793401,0.4243293,0.7044357,0.0326735,0.4260377,0.7847874,0.1717988,0.5762786,0.8256000,0.2473132,0.5823000,0.7768000,0.4572000,0.6012000,0.6771000,0.3882000,0.6302000,0.6206000,0.3150000,0.6701000,0.5648000,0.4033000,0.7426000,0.4979000,0.4612000,0.5495874,0.7161248,-0.2225986},
{0.5905436,0.7066084,-0.1977384,0.5649098,0.6761204,-0.1804748,0.4233488,0.7037861,0.0321769,0.4246507,0.7841928,0.1720822,0.5755464,0.8250587,0.2466436,0.5810000,0.7760000,0.4567000,0.6003000,0.6765000,0.3877000,0.6296000,0.6202000,0.3145000,0.6694000,0.5644000,0.4027000,0.7418000,0.4975000,0.4610000,0.5486780,0.7156257,-0.2235316},
{0.5897029,0.7060481,-0.1985866,0.5642773,0.6757534,-0.1812087,0.4223754,0.7031405,0.0316819,0.4233244,0.7836233,0.1723581,0.5748387,0.8245343,0.2459917,0.5799000,0.7753000,0.4562000,0.5994000,0.6758000,0.3872000,0.6290000,0.6197000,0.3139000,0.6687000,0.5640000,0.4023000,0.7411000,0.4971000,0.4607000,0.5479144,0.7152065,-0.2243157},
{0.5888914,0.7055071,-0.1994063,0.5631687,0.6751101,-0.1824964,0.4215364,0.7025834,0.0312535,0.4220919,0.7830933,0.1726187,0.5742885,0.8241257,0.2454817,0.5788000,0.7746000,0.4557000,0.5986000,0.6753000,0.3866000,0.6284000,0.6192000,0.3135000,0.6679000,0.5635000,0.4020000,0.7403000,0.4967000,0.4604000,0.5471766,0.7148014,-0.2250742},
{0.5883693,0.7051589,-0.1999341,0.5624614,0.6746994,-0.1833193,0.4205744,0.7019439,0.0307604,0.4209191,0.7825883,0.1728707,0.5736705,0.8236659,0.2449055,0.5777000,0.7740000,0.4553000,0.5979000,0.6748000,0.3862000,0.6279000,0.6188000,0.3130000,0.6674000,0.5631000,0.4015000,0.7396000,0.4964000,0.4602000,0.5461039,0.7142120,-0.2261784},
{0.5874815,0.7045665,-0.2008327,0.5616600,0.6742339,-0.1842526,0.4199088,0.7015009,0.0304179,0.4199327,0.7821630,0.1730856,0.5731434,0.8232729,0.2444111,0.5768000,0.7734000,0.4549000,0.5973000,0.6743000,0.3857000,0.6274000,0.6183000,0.3126000,0.6668000,0.5627000,0.4011000,0.7390000,0.4961000,0.4599000,0.5456562,0.7139659,-0.2266397},
{0.5868255,0.7041286,-0.2014973,0.5612372,0.6739882,-0.1847455,0.4192442,0.7010582,0.0300750,0.4190737,0.7817922,0.1732750,0.5726206,0.8228824,0.2439182,0.5759000,0.7728000,0.4545000,0.5966000,0.6739000,0.3853000,0.6268000,0.6179000,0.3122000,0.6662000,0.5623000,0.4008000,0.7384000,0.4957000,0.4597000,0.5448248,0.7135089,-0.2274971},
{0.5861002,0.7036443,-0.2022330,0.5606530,0.6736488,-0.1854269,0.4187339,0.7007180,0.0298110,0.4182700,0.7814449,0.1734540,0.5721731,0.8225476,0.2434942,0.5751000,0.7722000,0.4542000,0.5960000,0.6734000,0.3849000,0.6263000,0.6175000,0.3119000,0.6657000,0.5620000,0.4004000,0.7378000,0.4954000,0.4595000,0.5442324,0.7131831,-0.2281086},
{0.5860301,0.7035975,-0.2023041,0.5601571,0.6733604,-0.1860060,0.4181539,0.7003312,0.0295102,0.4178420,0.7812598,0.1735502,0.5717789,0.8222523,0.2431189,0.5744000,0.7716000,0.4539000,0.5954000,0.6730000,0.3845000,0.6258000,0.6171000,0.3115000,0.6651000,0.5616000,0.4001000,0.7372000,0.4950000,0.4592000,0.5438313,0.7129625,-0.2285230},
{0.5851812,0.7030303,-0.2031662,0.5596616,0.6730723,-0.1865850,0.4177005,0.7000285,0.0292745,0.4173910,0.7810647,0.1736521,0.5713617,0.8219393,0.2427202,0.5737000,0.7710000,0.4536000,0.5949000,0.6726000,0.3840000,0.6254000,0.6168000,0.3111000,0.6645000,0.5612000,0.3998000,0.7366000,0.4947000,0.4590000,0.5435831,0.7128259,-0.2287795},
{0.5850537,0.7029451,-0.2032957,0.5593387,0.6728845,-0.1869625,0.4172570,0.6997323,0.0290435,0.4171355,0.7809541,0.1737100,0.5709801,0.8216526,0.2423539,0.5730000,0.7705000,0.4533000,0.5944000,0.6721000,0.3837000,0.6249000,0.6164000,0.3108000,0.6641000,0.5608000,0.3995000,0.7361000,0.4944000,0.4588000,0.5431236,0.7125731,-0.2292545},
{0.5846002,0.7026420,-0.2037568,0.5593387,0.6728845,-0.1869625,0.4169071,0.6994984,0.0288609,0.4170411,0.7809132,0.1737315,0.5706053,0.8213705,0.2419926,0.5724000,0.7700000,0.4530000,0.5939000,0.6717000,0.3834000,0.6246000,0.6162000,0.3105000,0.6637000,0.5606000,0.3992000,0.7356000,0.4941000,0.4587000,0.5425939,0.7122816,-0.2298026},
{0.5839343,0.7021968,-0.2044343,0.5584996,0.6723963,-0.1879444,0.4163769,0.6991439,0.0285837,0.4168860,0.7808461,0.1737668,0.5702541,0.8211059,0.2416528,0.5718000,0.7696000,0.4527000,0.5934000,0.6713000,0.3831000,0.6242000,0.6158000,0.3102000,0.6632000,0.5602000,0.3989000,0.7352000,0.4938000,0.4584000,0.5421856,0.7120569,-0.2302253},
{0.5836921,0.7020348,-0.2046809,0.5581031,0.6721655,-0.1884089,0.4160721,0.6989399,0.0284240,0.4168201,0.7808175,0.1737819,0.5699724,0.8208934,0.2413793,0.5713000,0.7694000,0.4524000,0.5930000,0.6710000,0.3828000,0.6239000,0.6155000,0.3100000,0.6629000,0.5600000,0.3987000,0.7347000,0.4935000,0.4583000,0.5419076,0.7119038,-0.2305133},
{0.5834740,0.7018889,-0.2049030,0.5581031,0.6721655,-0.1884089,0.4157643,0.6987339,0.0282625,0.4166917,0.7807619,0.1738112,0.5697459,0.8207223,0.2411587,0.5709000,0.7691000,0.4522000,0.5927000,0.6708000,0.3826000,0.6236000,0.6153000,0.3097000,0.6625000,0.5596000,0.3985000,0.7343000,0.4932000,0.4581000,0.5415858,0.7117266,-0.2308467},
{0.5832798,0.7017590,-0.2051009,0.5575502,0.6718436,-0.1890570,0.4155427,0.6985855,0.0281461,0.4165024,0.7806799,0.1738545,0.5695172,0.8205495,0.2409355,0.5704000,0.7689000,0.4519000,0.5923000,0.6705000,0.3824000,0.6233000,0.6150000,0.3095000,0.6622000,0.5594000,0.3983000,0.7339000,0.4929000,0.4579000,0.5412573,0.7115458,-0.2311872},
{0.5828162,0.7014488,-0.2055734,0.5569300,0.6714825,-0.1897846,0.4152864,0.6984138,0.0280113,0.4164641,0.7806633,0.1738633,0.5692309,0.8203329,0.2406552,0.5700000,0.7686000,0.4517000,0.5920000,0.6702000,0.3822000,0.6231000,0.6147000,0.3093000,0.6619000,0.5591000,0.3981000,0.7336000,0.4927000,0.4578000,0.5410522,0.7114328,-0.2313999},
{0.5828143,0.7014476,-0.2055753,0.5569300,0.6714825,-0.1897846,0.4150844,0.6982785,0.0279050,0.4162126,0.7805543,0.1739211,0.5690463,0.8201931,0.2404740,0.5696000,0.7684000,0.4514000,0.5917000,0.6700000,0.3819000,0.6229000,0.6145000,0.3091000,0.6616000,0.5589000,0.3980000,0.7333000,0.4925000,0.4577000,0.5408068,0.7112976,-0.2316545},
{0.5821569,0.7010076,-0.2062459,0.5564443,0.6711995,-0.1903550,0.4147757,0.6980716,0.0277423,0.4160528,0.7804850,0.1739579,0.5688210,0.8200225,0.2402525,0.5692000,0.7682000,0.4512000,0.5915000,0.6698000,0.3816000,0.6227000,0.6143000,0.3089000,0.6614000,0.5587000,0.3978000,0.7330000,0.4923000,0.4577000,0.5405353,0.7111481,-0.2319362},
{0.5821569,0.7010076,-0.2062459,0.5561715,0.6710405,-0.1906756,0.4145317,0.6979080,0.0276136,0.4158523,0.7803981,0.1740041,0.5686586,0.8198992,0.2400923,0.5689000,0.7680000,0.4509000,0.5912000,0.6695000,0.3815000,0.6225000,0.6140000,0.3088000,0.6612000,0.5585000,0.3976000,0.7328000,0.4922000,0.4576000,0.5400836,0.7108992,-0.2324052},
{0.5819519,0.7008704,-0.2064552,0.5560450,0.6709668,-0.1908243,0.4144088,0.6978256,0.0275487,0.4156539,0.7803121,0.1740500,0.5684957,0.8197757,0.2399314,0.5686000,0.7678000,0.4508000,0.5910000,0.6693000,0.3813000,0.6224000,0.6139000,0.3086000,0.6610000,0.5583000,0.3975000,0.7326000,0.4920000,0.4575000,0.5400836,0.7108992,-0.2324052},
{0.5817094,0.7007080,-0.2067028,0.5555452,0.6706756,-0.1914119,0.4142479,0.6977177,0.0274637,0.4155214,0.7802546,0.1740808,0.5682954,0.8196236,0.2397332,0.5684000,0.7675000,0.4506000,0.5909000,0.6691000,0.3811000,0.6222000,0.6137000,0.3085000,0.6608000,0.5582000,0.3974000,0.7325000,0.4918000,0.4575000,0.5398527,0.7107719,-0.2326451},
{0.5813594,0.7004736,-0.2070604,0.5555452,0.6706756,-0.1914119,0.4140753,0.6976018,0.0273724,0.4153774,0.7801921,0.1741142,0.5681678,0.8195266,0.2396066,0.5682000,0.7673000,0.4505000,0.5908000,0.6690000,0.3810000,0.6221000,0.6135000,0.3083000,0.6607000,0.5580000,0.3973000,0.7323000,0.4916000,0.4574000,0.5393617,0.7105013,-0.2331554},
{0.5811822,0.7003550,-0.2072414,0.5554359,0.6706119,-0.1915405,0.4138752,0.6974675,0.0272665,0.4153251,0.7801694,0.1741264,0.5680499,0.8194370,0.2394896,0.5680000,0.7671000,0.4503000,0.5906000,0.6688000,0.3808000,0.6220000,0.6134000,0.3082000,0.6606000,0.5579000,0.3972000,0.7322000,0.4915000,0.4573000,0.5394773,0.7105651,-0.2330352},
{0.5811822,0.7003550,-0.2072414,0.5554359,0.6706119,-0.1915405,0.4137937,0.6974128,0.0272233,0.4154267,0.7802135,0.1741027,0.5679627,0.8193706,0.2394029,0.5678000,0.7669000,0.4503000,0.5905000,0.6687000,0.3807000,0.6219000,0.6132000,0.3080000,0.6605000,0.5577000,0.3970000,0.7320000,0.4914000,0.4572000,0.5394773,0.7105651,-0.2330352},
{0.5809786,0.7002186,-0.2074495,0.5551575,0.6704495,-0.1918682,0.4137441,0.6973795,0.0271970,0.4154618,0.7802287,0.1740946,0.5678669,0.8192978,0.2393076,0.5676000,0.7668000,0.4502000,0.5905000,0.6686000,0.3805000,0.6218000,0.6131000,0.3079000,0.6604000,0.5576000,0.3969000,0.7319000,0.4913000,0.4570000,0.5393558,0.7104981,-0.2331615},
{0.5809786,0.7002186,-0.2074495,0.5551575,0.6704495,-0.1918682,0.4135644,0.6972588,0.0271017,0.4152671,0.7801442,0.1741399,0.5677474,0.8192068,0.2391884,0.5675000,0.7665000,0.4501000,0.5904000,0.6684000,0.3804000,0.6218000,0.6130000,0.3078000,0.6603000,0.5574000,0.3968000,0.7318000,0.4912000,0.4569000,0.5392002,0.7104123,-0.2333233},
{0.5809786,0.7002186,-0.2074495,0.5551575,0.6704495,-0.1918682,0.4134706,0.6971958,0.0270520,0.4150881,0.7800666,0.1741816,0.5677080,0.8191768,0.2391492,0.5673000,0.7663000,0.4500000,0.5904000,0.6683000,0.3802000,0.6218000,0.6130000,0.3077000,0.6603000,0.5573000,0.3967000,0.7318000,0.4911000,0.4569000,0.5391205,0.7103684,-0.2334062},
{0.5807207,0.7000459,-0.2077132,0.5547346,0.6702030,-0.1923661,0.4133454,0.6971118,0.0269856,0.4147554,0.7799221,0.1742594,0.5675860,0.8190838,0.2390274,0.5672000,0.7662000,0.4499000,0.5903000,0.6682000,0.3801000,0.6219000,0.6129000,0.3076000,0.6602000,0.5573000,0.3966000,0.7317000,0.4910000,0.4568000,0.5389267,0.7102616,-0.2336077},
{0.5807207,0.7000459,-0.2077132,0.5547346,0.6702030,-0.1923661,0.4131958,0.6970113,0.0269061,0.4143967,0.7797663,0.1743437,0.5675285,0.8190401,0.2389700,0.5670000,0.7660000,0.4498000,0.5903000,0.6681000,0.3800000,0.6219000,0.6129000,0.3075000,0.6602000,0.5572000,0.3965000,0.7317000,0.4910000,0.4567000,0.5389267,0.7102616,-0.2336077},
{0.5807207,0.7000459,-0.2077132,0.5547346,0.6702030,-0.1923661,0.4129444,0.6968424,0.0267725,0.4139999,0.7795939,0.1744373,0.5674022,0.8189438,0.2388436,0.5669000,0.7659000,0.4498000,0.5903000,0.6680000,0.3799000,0.6219000,0.6128000,0.3074000,0.6602000,0.5572000,0.3965000,0.7317000,0.4910000,0.4567000,0.5389267,0.7102616,-0.2336077},
{0.5806313,0.6999860,-0.2078047,0.5547137,0.6701908,-0.1923907,0.4129140,0.6968219,0.0267563,0.4137219,0.7794730,0.1745032,0.5673825,0.8189287,0.2388238,0.5669000,0.7658000,0.4497000,0.5904000,0.6680000,0.3799000,0.6220000,0.6128000,0.3074000,0.6603000,0.5572000,0.3965000,0.7318000,0.4910000,0.4567000,0.5389267,0.7102616,-0.2336077},
{0.5806313,0.6999860,-0.2078047,0.5546332,0.6701439,-0.1924855,0.4127313,0.6966991,0.0266591,0.4135215,0.7793859,0.1745509,0.5673170,0.8188788,0.2387583,0.5669000,0.7657000,0.4497000,0.5904000,0.6679000,0.3799000,0.6221000,0.6127000,0.3074000,0.6604000,0.5571000,0.3964000,0.7318000,0.4909000,0.4567000,0.5387891,0.7101857,-0.2337508},
{0.5804328,0.6998530,-0.2080077,0.5543271,0.6699653,-0.1928461,0.4127859,0.6967358,0.0266882,0.4134280,0.7793452,0.1745732,0.5673170,0.8188788,0.2387583,0.5669000,0.7656000,0.4497000,0.5905000,0.6679000,0.3799000,0.6222000,0.6127000,0.3074000,0.6604000,0.5571000,0.3964000,0.7320000,0.4910000,0.4567000,0.5387891,0.7101857,-0.2337508},
{0.5804328,0.6998530,-0.2080077,0.5544852,0.6700575,-0.1926599,0.4126749,0.6966612,0.0266291,0.4133888,0.7793282,0.1745825,0.5673170,0.8188788,0.2387583,0.5670000,0.7655000,0.4498000,0.5906000,0.6679000,0.3799000,0.6223000,0.6126000,0.3074000,0.6605000,0.5571000,0.3965000,0.7321000,0.4910000,0.4567000,0.5384924,0.7100221,-0.2340597},
{0.5802859,0.6997545,-0.2081580,0.5544113,0.6700144,-0.1927470,0.4126749,0.6966612,0.0266291,0.4134322,0.7793471,0.1745722,0.5672628,0.8188375,0.2387039,0.5670000,0.7654000,0.4499000,0.5907000,0.6678000,0.3799000,0.6224000,0.6126000,0.3074000,0.6607000,0.5571000,0.3965000,0.7323000,0.4910000,0.4568000,0.5384924,0.7100221,-0.2340597},
{0.5802859,0.6997545,-0.2081580,0.5544113,0.6700144,-0.1927470,0.4125230,0.6965590,0.0265481,0.4133669,0.7793187,0.1745877,0.5672679,0.8188414,0.2387091,0.5671000,0.7654000,0.4499000,0.5908000,0.6678000,0.3800000,0.6225000,0.6125000,0.3075000,0.6608000,0.5571000,0.3965000,0.7325000,0.4910000,0.4568000,0.5384924,0.7100221,-0.2340597},
{0.5802859,0.6997545,-0.2081580,0.5542456,0.6699178,-0.1929422,0.4125230,0.6965590,0.0265481,0.4133187,0.7792977,0.1745992,0.5673046,0.8188693,0.2387458,0.5671000,0.7653000,0.4500000,0.5909000,0.6678000,0.3800000,0.6226000,0.6125000,0.3075000,0.6610000,0.5571000,0.3966000,0.7326000,0.4911000,0.4569000,0.5384924,0.7100221,-0.2340597},
{0.5801876,0.6996887,-0.2082586,0.5539773,0.6697612,-0.1932586,0.4125056,0.6965473,0.0265389,0.4131705,0.7792332,0.1746346,0.5672737,0.8188458,0.2387148,0.5672000,0.7653000,0.4500000,0.5910000,0.6677000,0.3801000,0.6227000,0.6125000,0.3076000,0.6612000,0.5571000,0.3967000,0.7328000,0.4911000,0.4570000,0.5384924,0.7100221,-0.2340597},
{0.5800086,0.6995687,-0.2084419,0.5539773,0.6697612,-0.1932586,0.4124794,0.6965297,0.0265249,0.4130569,0.7791837,0.1746618,0.5672491,0.8188270,0.2386901,0.5672000,0.7652000,0.4500000,0.5912000,0.6676000,0.3802000,0.6228000,0.6125000,0.3077000,0.6614000,0.5571000,0.3967000,0.7331000,0.4912000,0.4571000,0.5384840,0.7100175,-0.2340683},
{0.5800086,0.6995687,-0.2084419,0.5539773,0.6697612,-0.1932586,0.4124791,0.6965295,0.0265248,0.4129302,0.7791286,0.1746922,0.5672172,0.8188026,0.2386581,0.5672000,0.7652000,0.4500000,0.5914000,0.6676000,0.3803000,0.6230000,0.6125000,0.3078000,0.6616000,0.5572000,0.3968000,0.7334000,0.4913000,0.4572000,0.5384113,0.7099774,-0.2341441},
{0.5800086,0.6995687,-0.2084419,0.5539773,0.6697612,-0.1932586,0.4123520,0.6964440,0.0264570,0.4127989,0.7790715,0.1747237,0.5671661,0.8187637,0.2386069,0.5673000,0.7652000,0.4501000,0.5916000,0.6675000,0.3804000,0.6233000,0.6125000,0.3078000,0.6619000,0.5572000,0.3969000,0.7337000,0.4915000,0.4573000,0.5384113,0.7099774,-0.2341441}
};
