fitErrPi Mean = 0.0229202
fitErrTh Mean = 0.0389047
fitErrWr Mean = 0.0321193
fitErrLA Mean = 0.594676
fitErrEl Mean = 0.377752
fitErrUA Mean = 0.324978
efPts = {
{0.5913012,0.8158428,0.1490920,0.5507859,0.7902814,0.1488956,0.9122428,0.7742981,-0.0148897,0.8639023,0.9022638,0.1149604,0.8481255,0.8920046,0.2371218,0.6974000,0.8313000,0.4565000,0.6943000,0.7381000,0.3503000,0.7328000,0.6646000,0.3552000,0.7499000,0.5981000,0.3819000,0.8133000,0.5368000,0.4690000,0.5301549,0.8108964,0.0858901},
{0.5858082,0.8172850,0.1517307,0.5443788,0.7921224,0.1519466,0.9119559,0.7740027,-0.0150703,0.8628366,0.9011646,0.1144207,0.8470136,0.8911264,0.2359450,0.6945000,0.8315000,0.4556000,0.6915000,0.7380000,0.3494000,0.7303000,0.6646000,0.3546000,0.7473000,0.5981000,0.3815000,0.8102000,0.5370000,0.4691000,0.5259689,0.8128453,0.0892901},
{0.5798221,0.8187904,0.1544846,0.5372299,0.7940934,0.1551763,0.9111525,0.7731752,-0.0155765,0.8617031,0.8999938,0.1138455,0.8460496,0.8903638,0.2349227,0.6916000,0.8317000,0.4548000,0.6887000,0.7379000,0.3485000,0.7282000,0.6649000,0.3539000,0.7473000,0.5981000,0.3815000,0.8070000,0.5373000,0.4691000,0.5211144,0.8150057,0.0930246},
{0.5728873,0.8204530,0.1575252,0.5293857,0.7961618,0.1585218,0.9101552,0.7721472,-0.0162057,0.8602924,0.8985344,0.1131281,0.8448797,0.8894367,0.2336793,0.6887000,0.8320000,0.4540000,0.6858000,0.7378000,0.3475000,0.7248000,0.6643000,0.3536000,0.7435000,0.5979000,0.3809000,0.8038000,0.5374000,0.4691000,0.5155871,0.8173494,0.0970338},
{0.5653758,0.8221612,0.1606481,0.5207234,0.7983387,0.1619905,0.9089219,0.7708746,-0.0169848,0.8587015,0.8968855,0.1123170,0.8438849,0.8886471,0.2326196,0.6858000,0.8322000,0.4532000,0.6830000,0.7377000,0.3466000,0.7229000,0.6648000,0.3528000,0.7398000,0.5977000,0.3803000,0.8005000,0.5377000,0.4690000,0.5092701,0.8198938,0.1013350},
{0.5572499,0.8239071,0.1638390,0.5115451,0.8005303,0.1654246,0.9077048,0.7696173,-0.0177548,0.8570260,0.8951453,0.1114604,0.8427382,0.8877355,0.2313956,0.6829000,0.8323000,0.4525000,0.6802000,0.7376000,0.3457000,0.7204000,0.6649000,0.3521000,0.7361000,0.5975000,0.3797000,0.7972000,0.5379000,0.4689000,0.5023347,0.8225413,0.1057521},
{0.5484547,0.8256849,0.1670867,0.5017257,0.8027527,0.1688413,0.9063936,0.7682613,-0.0185857,0.8550628,0.8931017,0.1104536,0.8415496,0.8867888,0.2301239,0.6798000,0.8325000,0.4518000,0.6773000,0.7375000,0.3448000,0.7204000,0.6649000,0.3521000,0.7324000,0.5973000,0.3791000,0.7938000,0.5381000,0.4689000,0.4945173,0.8253635,0.1103922},
{0.5390344,0.8274679,0.1703425,0.4912089,0.8050016,0.1722247,0.9047677,0.7665776,-0.0196180,0.8529038,0.8908483,0.1093423,0.8401120,0.8856416,0.2285817,0.6768000,0.8325000,0.4510000,0.6745000,0.7374000,0.3438000,0.7197000,0.6646000,0.3518000,0.7287000,0.5971000,0.3784000,0.7904000,0.5383000,0.4687000,0.4859126,0.8282944,0.1151325},
{0.5290215,0.8292340,0.1735656,0.4803184,0.8071960,0.1754459,0.9029727,0.7647159,-0.0207600,0.8506692,0.8885094,0.1081878,0.8388407,0.8846250,0.2272142,0.6736000,0.8325000,0.4502000,0.6716000,0.7372000,0.3429000,0.7189000,0.6644000,0.3516000,0.7249000,0.5970000,0.3778000,0.7870000,0.5385000,0.4685000,0.4765556,0.8312964,0.1199001},
{0.5185648,0.8309447,0.1766859,0.4690229,0.8093362,0.1785014,0.9011806,0.7628541,-0.0219027,0.8481855,0.8859021,0.1068994,0.8374156,0.8834830,0.2256771,0.6703000,0.8324000,0.4495000,0.6688000,0.7371000,0.3420000,0.7182000,0.6642000,0.3514000,0.7212000,0.5968000,0.3772000,0.7836000,0.5387000,0.4683000,0.4665333,0.8343215,0.1246086},
{0.5076011,0.8326002,0.1797033,0.4572423,0.8114293,0.1813958,0.8991940,0.7607867,-0.0231725,0.8456216,0.8832019,0.1055635,0.8357478,0.8821432,0.2238725,0.6669000,0.8322000,0.4488000,0.6660000,0.7370000,0.3411000,0.7175000,0.6639000,0.3512000,0.7175000,0.5966000,0.3766000,0.7801000,0.5389000,0.4680000,0.4556766,0.8373999,0.1292939},
{0.4963474,0.8341603,0.1825446,0.4452086,0.8134284,0.1840603,0.8968646,0.7583578,-0.0246655,0.8427232,0.8801389,0.1040463,0.8342597,0.8809450,0.2222573,0.6632000,0.8322000,0.4484000,0.6631000,0.7369000,0.3401000,0.7167000,0.6637000,0.3509000,0.7138000,0.5964000,0.3760000,0.7766000,0.5390000,0.4677000,0.4443223,0.8404207,0.1337782},
{0.4848385,0.8356174,0.1851957,0.4325948,0.8153806,0.1865523,0.8947631,0.7561621,-0.0260161,0.8400515,0.8773052,0.1026409,0.8325242,0.8795440,0.2203673,0.6596000,0.8316000,0.4476000,0.6603000,0.7368000,0.3392000,0.7160000,0.6635000,0.3507000,0.7138000,0.5964000,0.3760000,0.7730000,0.5392000,0.4674000,0.4320295,0.8434840,0.1382002},
{0.4729126,0.8369866,0.1876842,0.4204189,0.8171322,0.1886786,0.8920742,0.7533466,-0.0277494,0.8368924,0.8739422,0.1009708,0.8308478,0.8781872,0.2185354,0.6557000,0.8313000,0.4470000,0.6575000,0.7367000,0.3383000,0.7153000,0.6632000,0.3505000,0.7109000,0.5964000,0.3753000,0.7692000,0.5394000,0.4671000,0.4200864,0.8462722,0.1421030},
{0.4607149,0.8382455,0.1899691,0.4077279,0.8188249,0.1906152,0.8894870,0.7506310,-0.0294228,0.8338844,0.8707274,0.0993721,0.8289704,0.8766634,0.2164764,0.6515000,0.8309000,0.4466000,0.6546000,0.7366000,0.3373000,0.7145000,0.6630000,0.3503000,0.7075000,0.5960000,0.3744000,0.7653000,0.5395000,0.4668000,0.4076001,0.8490049,0.1458023},
{0.4481587,0.8393979,0.1920574,0.3948715,0.8204063,0.1922967,0.8867057,0.7477045,-0.0312278,0.8305820,0.8671836,0.0976073,0.8270587,0.8751072,0.2143717,0.6472000,0.8304000,0.4460000,0.6518000,0.7365000,0.3364000,0.7138000,0.6628000,0.3500000,0.7052000,0.5965000,0.3735000,0.7614000,0.5398000,0.4665000,0.3947612,0.8516347,0.1492294},
{0.4351782,0.8404421,0.1939455,0.3818177,0.8218793,0.1937252,0.8837544,0.7445911,-0.0331499,0.8273235,0.8636721,0.0958560,0.8252048,0.8735936,0.2123228,0.6429000,0.8295000,0.4453000,0.6490000,0.7364000,0.3355000,0.7131000,0.6625000,0.3498000,0.7015000,0.5962000,0.3727000,0.7574000,0.5400000,0.4662000,0.3813451,0.8542007,0.1524299},
{0.4225575,0.8413188,0.1955263,0.3688017,0.8232189,0.1948782,0.8808888,0.7415599,-0.0350231,0.8239177,0.8599860,0.0940149,0.8232077,0.8719582,0.2101069,0.6384000,0.8287000,0.4448000,0.6461000,0.7362000,0.3346000,0.7123000,0.6623000,0.3496000,0.6983000,0.5963000,0.3719000,0.7534000,0.5402000,0.4659000,0.3676342,0.8566426,0.1553231},
{0.4095490,0.8420835,0.1969004,0.3556203,0.8244476,0.1957768,0.8779753,0.7384699,-0.0369345,0.8204360,0.8562008,0.0921215,0.8211443,0.8702630,0.2078079,0.6339000,0.8278000,0.4443000,0.6433000,0.7361000,0.3336000,0.7116000,0.6620000,0.3494000,0.6955000,0.5967000,0.3709000,0.7494000,0.5405000,0.4656000,0.3535103,0.8589776,0.1579264},
{0.3963990,0.8427171,0.1980329,0.3423922,0.8255541,0.1964128,0.8747037,0.7349903,-0.0390893,0.8170045,0.8524536,0.0902441,0.8191928,0.8686547,0.2056245,0.6294000,0.8270000,0.4437000,0.6405000,0.7360000,0.3327000,0.7108000,0.6618000,0.3491000,0.6921000,0.5967000,0.3700000,0.7452000,0.5407000,0.4653000,0.3393790,0.8611397,0.1601666},
{0.3831368,0.8432172,0.1989196,0.3290737,0.8265426,0.1967892,0.8714160,0.7314830,-0.0412635,0.8133016,0.8483909,0.0882056,0.8170904,0.8669164,0.2032625,0.6256000,0.8257000,0.4425000,0.6405000,0.7360000,0.3327000,0.7101000,0.6616000,0.3489000,0.6889000,0.5967000,0.3692000,0.7410000,0.5409000,0.4649000,0.3251217,0.8631518,0.1620729},
{0.3698492,0.8435811,0.1995557,0.3156778,0.8274117,0.1969047,0.8681636,0.7280029,-0.0434233,0.8097006,0.8444213,0.0862105,0.8150802,0.8652488,0.2009944,0.6210000,0.8250000,0.4419000,0.6364000,0.7352000,0.3320000,0.7094000,0.6613000,0.3487000,0.6855000,0.5967000,0.3683000,0.7367000,0.5412000,0.4645000,0.3109179,0.8649935,0.1636313},
{0.3565351,0.8438100,0.1999436,0.3022804,0.8281568,0.1967595,0.8645724,0.7241481,-0.0458184,0.8060755,0.8404060,0.0841892,0.8130820,0.8635859,0.1987305,0.6163000,0.8244000,0.4413000,0.6322000,0.7341000,0.3311000,0.7086000,0.6611000,0.3484000,0.6821000,0.5967000,0.3674000,0.7324000,0.5415000,0.4642000,0.2969244,0.8666535,0.1648439},
{0.3431126,0.8439049,0.2000847,0.2889816,0.8287749,0.1963598,0.8612448,0.7205649,-0.0480473,0.8023707,0.8362824,0.0821101,0.8109805,0.8618312,0.1963393,0.6114000,0.8238000,0.4407000,0.6279000,0.7331000,0.3302000,0.7079000,0.6609000,0.3482000,0.6785000,0.5967000,0.3665000,0.7279000,0.5417000,0.4638000,0.2831903,0.8681373,0.1657299},
{0.3297794,0.8438652,0.1999784,0.2756899,0.8292722,0.1957072,0.8574184,0.7164308,-0.0506220,0.7987768,0.8322628,0.0800802,0.8089862,0.8601606,0.1940605,0.6065000,0.8233000,0.4401000,0.6238000,0.7326000,0.3293000,0.7072000,0.6606000,0.3480000,0.6749000,0.5967000,0.3656000,0.7234000,0.5419000,0.4634000,0.2696704,0.8694597,0.1663129},
{0.3165522,0.8436944,0.1996313,0.2624133,0.8296489,0.1948031,0.8537310,0.7124330,-0.0531150,0.7951973,0.8282402,0.0780456,0.8068628,0.8583759,0.1916236,0.6015000,0.8227000,0.4394000,0.6182000,0.7300000,0.3289000,0.7064000,0.6604000,0.3478000,0.6712000,0.5968000,0.3646000,0.7188000,0.5423000,0.4630000,0.2563453,0.8706306,0.1666104},
{0.3034467,0.8433962,0.1990502,0.2492605,0.8299037,0.1936584,0.8503644,0.7087711,-0.0554011,0.7915161,0.8240831,0.0759397,0.8048268,0.8566587,0.1892767,0.5964000,0.8219000,0.4388000,0.6182000,0.7300000,0.3289000,0.7057000,0.6602000,0.3475000,0.6674000,0.5967000,0.3637000,0.7145000,0.5421000,0.4626000,0.2433167,0.8716492,0.1666373},
{0.2905747,0.8429780,0.1982490,0.2363495,0.8300385,0.1922926,0.8469382,0.7050324,-0.0577379,0.7879055,0.8199856,0.0738606,0.8026084,0.8547812,0.1867081,0.5913000,0.8210000,0.4379000,0.6118000,0.7283000,0.3277000,0.7050000,0.6599000,0.3473000,0.6635000,0.5965000,0.3627000,0.7098000,0.5423000,0.4622000,0.2304771,0.8725313,0.1664093},
{0.2779310,0.8424457,0.1972384,0.2234604,0.8300583,0.1906877,0.8430120,0.7007335,-0.0604280,0.7843863,0.8159725,0.0718212,0.8005163,0.8530044,0.1842746,0.5861000,0.8202000,0.4369000,0.6054000,0.7266000,0.3265000,0.7042000,0.6597000,0.3471000,0.6597000,0.5965000,0.3616000,0.7049000,0.5426000,0.4617000,0.2179268,0.8732766,0.1659419},
{0.2655249,0.8418051,0.1960293,0.2110100,0.8299672,0.1889058,0.8397495,0.6971492,-0.0626737,0.7806252,0.8116622,0.0696273,0.7984746,0.8512644,0.1818894,0.5807000,0.8195000,0.4359000,0.5991000,0.7249000,0.3253000,0.7035000,0.6595000,0.3469000,0.6557000,0.5963000,0.3605000,0.7001000,0.5429000,0.4611000,0.2057663,0.8738878,0.1652571},
{0.2535355,0.8410735,0.1946538,0.1986674,0.8297685,0.1869115,0.8362491,0.6932913,-0.0650935,0.7770374,0.8075298,0.0675206,0.7963896,0.8494813,0.1794427,0.5754000,0.8187000,0.4348000,0.5927000,0.7232000,0.3240000,0.7027000,0.6592000,0.3466000,0.6518000,0.5962000,0.3593000,0.6953000,0.5434000,0.4600000,0.1938062,0.8743816,0.1643588},
{0.2418550,0.8402527,0.1931150,0.1867383,0.8294720,0.1847646,0.8327202,0.6893891,-0.0675439,0.7733394,0.8032489,0.0653347,0.7943794,0.8477564,0.1770734,0.5702000,0.8180000,0.4335000,0.5863000,0.7214000,0.3228000,0.7020000,0.6590000,0.3464000,0.6479000,0.5959000,0.3579000,0.6905000,0.5437000,0.4591000,0.1822512,0.8747560,0.1632766},
{0.2306094,0.8393599,0.1914450,0.1751050,0.8290822,0.1824592,0.8290050,0.6852668,-0.0701356,0.7696731,0.7989830,0.0631531,0.7923190,0.8459822,0.1746342,0.5650000,0.8172000,0.4322000,0.5863000,0.7214000,0.3228000,0.7013000,0.6588000,0.3462000,0.6439000,0.5957000,0.3566000,0.6856000,0.5438000,0.4582000,0.1710065,0.8750221,0.1620178},
{0.2197411,0.8383996,0.1896517,0.1638570,0.8286085,0.1800268,0.8254235,0.6812791,-0.0726457,0.7659642,0.7946453,0.0609311,0.7902227,0.8441709,0.1721414,0.5599000,0.8164000,0.4308000,0.5827000,0.7214000,0.3211000,0.7005000,0.6585000,0.3460000,0.6399000,0.5955000,0.3552000,0.6807000,0.5440000,0.4572000,0.1601489,0.8751852,0.1606060},
{0.2092374,0.8373785,0.1877475,0.1531857,0.8280690,0.1775296,0.8220179,0.6774746,-0.0750433,0.7625394,0.7906196,0.0588657,0.7884052,0.8425952,0.1699709,0.5549000,0.8157000,0.4295000,0.5779000,0.7202000,0.3199000,0.6998000,0.6583000,0.3457000,0.6359000,0.5952000,0.3537000,0.6759000,0.5441000,0.4561000,0.1496860,0.8752531,0.1590590},
{0.1991856,0.8363135,0.1857639,0.1429428,0.8274664,0.1749546,0.8186654,0.6737174,-0.0774136,0.7589059,0.7863271,0.0566601,0.7865760,0.8410044,0.1677777,0.5499000,0.8149000,0.4281000,0.5744000,0.7201000,0.3178000,0.6991000,0.6581000,0.3455000,0.6319000,0.5948000,0.3522000,0.6710000,0.5441000,0.4550000,0.1397526,0.8752345,0.1574165},
{0.1896324,0.8352199,0.1837287,0.1333218,0.8268226,0.1723726,0.8155019,0.6701609,-0.0796598,0.7557277,0.7825542,0.0547187,0.7846909,0.8393598,0.1655082,0.5450000,0.8141000,0.4267000,0.5719000,0.7186000,0.3138000,0.6983000,0.6578000,0.3453000,0.6279000,0.5943000,0.3506000,0.6662000,0.5441000,0.4537000,0.1302659,0.8751391,0.1556855},
{0.1804697,0.8340943,0.1816356,0.1242747,0.8261466,0.1697961,0.8117072,0.6658806,-0.0823662,0.7525535,0.7787689,0.0527681,0.7829142,0.8378049,0.1633607,0.5402000,0.8132000,0.4253000,0.5673000,0.7176000,0.3122000,0.6976000,0.6576000,0.3451000,0.6239000,0.5940000,0.3490000,0.6613000,0.5441000,0.4524000,0.1214164,0.8749798,0.1539236},
{0.1717782,0.8329552,0.1795189,0.1157068,0.8254413,0.1672193,0.8082651,0.6619844,-0.0848325,0.7492105,0.7747634,0.0507011,0.7812924,0.8363813,0.1613929,0.5355000,0.8124000,0.4238000,0.5673000,0.7176000,0.3122000,0.6969000,0.6574000,0.3448000,0.6199000,0.5935000,0.3473000,0.6566000,0.5440000,0.4509000,0.1128900,0.8747601,0.1520876},
{0.1636198,0.8318209,0.1774123,0.1076572,0.8247193,0.1646734,0.8050976,0.6583876,-0.0871119,0.7461591,0.7710902,0.0488030,0.7793806,0.8346980,0.1590642,0.5307000,0.8117000,0.4224000,0.5628000,0.7167000,0.3101000,0.6961000,0.6571000,0.3446000,0.6159000,0.5929000,0.3454000,0.6521000,0.5437000,0.4495000,0.1047413,0.8744873,0.1502018},
{0.1558215,0.8306759,0.1752871,0.1000407,0.8239815,0.1621497,0.8018664,0.6547070,-0.0894468,0.7431381,0.7674372,0.0469128,0.7774557,0.8329974,0.1567094,0.5260000,0.8108000,0.4208000,0.5584000,0.7157000,0.3080000,0.6954000,0.6569000,0.3444000,0.6120000,0.5924000,0.3436000,0.6473000,0.5438000,0.4479000,0.0970491,0.8741718,0.1483001},
{0.1483854,0.8295273,0.1731560,0.0928763,0.8232374,0.1596706,0.7991880,0.6516473,-0.0913897,0.7404339,0.7641535,0.0452116,0.7755546,0.8313122,0.1543737,0.5211000,0.8101000,0.4192000,0.5539000,0.7147000,0.3058000,0.6946000,0.6566000,0.3442000,0.6082000,0.5918000,0.3418000,0.6429000,0.5437000,0.4463000,0.0897589,0.8738189,0.1463852},
{0.1413838,0.8283934,0.1710531,0.0860767,0.8224849,0.1572205,0.7960612,0.6480654,-0.0936663,0.7374836,0.7605559,0.0433454,0.7735242,0.8295060,0.1518681,0.5164000,0.8092000,0.4175000,0.5494000,0.7138000,0.3037000,0.6939000,0.6564000,0.3439000,0.6046000,0.5914000,0.3399000,0.6386000,0.5436000,0.4448000,0.0828856,0.8734364,0.1444758},
{0.1348196,0.8272827,0.1689940,0.0797142,0.8217388,0.1548394,0.7929659,0.6445086,-0.0959293,0.7346795,0.7571217,0.0415617,0.7720022,0.8281478,0.1499822,0.5118000,0.8082000,0.4157000,0.5449000,0.7128000,0.3016000,0.6932000,0.6562000,0.3437000,0.6010000,0.5909000,0.3382000,0.6344000,0.5435000,0.4432000,0.0764122,0.8730306,0.1425819},
{0.1284482,0.8261593,0.1669120,0.0736680,0.8209908,0.1524950,0.7903554,0.6415005,-0.0978450,0.7319936,0.7538187,0.0398442,0.7700459,0.8263966,0.1475487,0.5118000,0.8082000,0.4157000,0.5405000,0.7119000,0.2995000,0.6924000,0.6559000,0.3435000,0.5980000,0.5911000,0.3360000,0.6303000,0.5434000,0.4417000,0.0704487,0.8726161,0.1407523},
{0.1225015,0.8250691,0.1648922,0.0679386,0.8202460,0.1501976,0.7873593,0.6380386,-0.1000516,0.7293422,0.7505447,0.0381397,0.7680675,0.8246194,0.1450766,0.5115000,0.8080000,0.4156000,0.5360000,0.7109000,0.2974000,0.6917000,0.6557000,0.3433000,0.5944000,0.5901000,0.3346000,0.6262000,0.5432000,0.4402000,0.0647702,0.8721839,0.1389318},
{0.1168396,0.8239927,0.1628982,0.0625414,0.8195112,0.1479638,0.7846615,0.6349124,-0.1020461,0.7265816,0.7471218,0.0363555,0.7664063,0.8231220,0.1429920,0.5112000,0.8077000,0.4155000,0.5315000,0.7099000,0.2953000,0.6910000,0.6555000,0.3430000,0.5912000,0.5897000,0.3328000,0.6223000,0.5432000,0.4387000,0.0593554,0.8717365,0.1371221},
{0.1114619,0.8229343,0.1609383,0.0573723,0.8187765,0.1457592,0.7819833,0.6318008,-0.1040331,0.7242359,0.7442017,0.0348317,0.7647783,0.8216502,0.1409413,0.5109000,0.8075000,0.4154000,0.5271000,0.7090000,0.2932000,0.6902000,0.6552000,0.3428000,0.5884000,0.5896000,0.3309000,0.6185000,0.5432000,0.4372000,0.0541197,0.8712701,0.1353013},
{0.1063371,0.8218922,0.1590089,0.0524430,0.8180466,0.1435956,0.7795798,0.6290011,-0.1058223,0.7219123,0.7412987,0.0333153,0.7629257,0.8199699,0.1385982,0.5106000,0.8072000,0.4153000,0.5271000,0.7090000,0.2932000,0.6895000,0.6550000,0.3426000,0.5852000,0.5889000,0.3293000,0.6148000,0.5433000,0.4358000,0.0492133,0.8708016,0.1335296},
{0.1015844,0.8208956,0.1571641,0.0477733,0.8173282,0.1414890,0.7771857,0.6262058,-0.1076102,0.7198584,0.7387238,0.0319689,0.7612141,0.8184124,0.1364243,0.5103000,0.8069000,0.4152000,0.5235000,0.7076000,0.2917000,0.6888000,0.6548000,0.3424000,0.5823000,0.5885000,0.3277000,0.6112000,0.5433000,0.4345000,0.0445696,0.8703293,0.1317921},
{0.0970534,0.8199177,0.1553541,0.0434194,0.8166339,0.1394736,0.7750185,0.6236696,-0.1092335,0.7177063,0.7360170,0.0305523,0.7595573,0.8169000,0.1343117,0.5100000,0.8067000,0.4151000,0.5202000,0.7067000,0.2901000,0.6880000,0.6545000,0.3421000,0.5796000,0.5880000,0.3262000,0.6078000,0.5433000,0.4331000,0.0401082,0.8698480,0.1300655},
{0.0927482,0.8189625,0.1535867,0.0392659,0.8159489,0.1375033,0.7727717,0.6210344,-0.1109214,0.7155538,0.7333002,0.0291291,0.7579906,0.8154655,0.1323064,0.5097000,0.8064000,0.4150000,0.5172000,0.7058000,0.2886000,0.6873000,0.6543000,0.3419000,0.5770000,0.5876000,0.3246000,0.6045000,0.5433000,0.4319000,0.0358896,0.8693674,0.1283793},
{0.0887503,0.8180522,0.1519025,0.0354467,0.8152990,0.1356495,0.7705020,0.6183662,-0.1126317,0.7134780,0.7306715,0.0277507,0.7561528,0.8137774,0.1299444,0.5094000,0.8061000,0.4149000,0.5147000,0.7049000,0.2871000,0.6865000,0.6541000,0.3417000,0.5745000,0.5872000,0.3232000,0.6014000,0.5433000,0.4307000,0.0318394,0.8688817,0.1267097},
{0.0850236,0.8171828,0.1502943,0.0318908,0.8146762,0.1338862,0.7683943,0.6158830,-0.1142246,0.7118644,0.7286220,0.0266751,0.7548276,0.8125565,0.1282348,0.5090000,0.8059000,0.4148000,0.5119000,0.7040000,0.2851000,0.6858000,0.6538000,0.3415000,0.5722000,0.5867000,0.3218000,0.5984000,0.5433000,0.4295000,0.0279973,0.8683981,0.1250782},
{0.0816057,0.8163674,0.1487860,0.0286423,0.8140918,0.1322430,0.7665426,0.6136971,-0.1156277,0.7095906,0.7257249,0.0251534,0.7532007,0.8110533,0.1261286,0.5087000,0.8056000,0.4147000,0.5095000,0.7033000,0.2832000,0.6851000,0.6536000,0.3412000,0.5700000,0.5863000,0.3203000,0.5955000,0.5432000,0.4283000,0.0244502,0.8679314,0.1235295},
{0.0783975,0.8155858,0.1473406,0.0256034,0.8135316,0.1306772,0.7650108,0.6118857,-0.1167910,0.7081768,0.7239181,0.0242036,0.7518520,0.8098036,0.1243761,0.5084000,0.8054000,0.4146000,0.5076000,0.7024000,0.2823000,0.6843000,0.6534000,0.3410000,0.5679000,0.5857000,0.3191000,0.5928000,0.5432000,0.4272000,0.0211002,0.8674721,0.1220281},
{0.0753504,0.8148286,0.1459403,0.0228168,0.8130060,0.1292165,0.7636182,0.6102364,-0.1178507,0.7063340,0.7215568,0.0229614,0.7503873,0.8084427,0.1224664,0.5081000,0.8051000,0.4145000,0.5061000,0.7017000,0.2807000,0.6836000,0.6531000,0.3408000,0.5659000,0.5852000,0.3177000,0.5902000,0.5431000,0.4261000,0.0180096,0.8670318,0.1206084},
{0.0724908,0.8141045,0.1446014,0.0201823,0.8124984,0.1278132,0.7621503,0.6084954,-0.1189699,0.7050481,0.7199050,0.0220918,0.7490269,0.8071752,0.1206865,0.5078000,0.8048000,0.4144000,0.5037000,0.7008000,0.2791000,0.6829000,0.6529000,0.3405000,0.5640000,0.5847000,0.3164000,0.5877000,0.5430000,0.4249000,0.0151072,0.8666034,0.1192440},
{0.0697017,0.8133853,0.1432718,0.0176797,0.8120064,0.1264594,0.7603604,0.6063689,-0.1203376,0.7034188,0.7178069,0.0209865,0.7478562,0.8060818,0.1191501,0.5075000,0.8046000,0.4143000,0.5037000,0.7008000,0.2791000,0.6821000,0.6527000,0.3403000,0.5623000,0.5844000,0.3151000,0.5852000,0.5428000,0.4238000,0.0124268,0.8661947,0.1179565},
{0.0670366,0.8126859,0.1419788,0.0151893,0.8115071,0.1250919,0.7588777,0.6046045,-0.1214730,0.7020667,0.7160614,0.0200664,0.7466404,0.8049436,0.1175498,0.5072000,0.8043000,0.4142000,0.5038000,0.7006000,0.2791000,0.6814000,0.6524000,0.3401000,0.5606000,0.5841000,0.3138000,0.5829000,0.5427000,0.4226000,0.0098564,0.8657904,0.1166961},
{0.0645053,0.8120103,0.1407300,0.0127415,0.8110068,0.1237276,0.7575279,0.6029959,-0.1225087,0.7006517,0.7142305,0.0191006,0.7455871,0.8039552,0.1161593,0.5069000,0.8041000,0.4141000,0.5040000,0.7003000,0.2792000,0.6807000,0.6522000,0.3399000,0.5590000,0.5838000,0.3126000,0.5807000,0.5425000,0.4215000,0.0075418,0.8654159,0.1155392},
{0.0620708,0.8113500,0.1395095,0.0102803,0.8104938,0.1223350,0.7559231,0.6010804,-0.1237425,0.6991532,0.7122868,0.0180747,0.7443715,0.8028120,0.1145502,0.5066000,0.8038000,0.4140000,0.5041000,0.7001000,0.2792000,0.6799000,0.6519000,0.3396000,0.5575000,0.5836000,0.3113000,0.5786000,0.5422000,0.4204000,0.0053260,0.8650477,0.1144115},
{0.0597924,0.8107224,0.1383494,0.0078056,0.8099679,0.1209135,0.7545580,0.5994485,-0.1247941,0.6981677,0.7110059,0.0173982,0.7434322,0.8019268,0.1133034,0.5063000,0.8035000,0.4139000,0.5043000,0.6998000,0.2793000,0.6792000,0.6517000,0.3394000,0.5561000,0.5833000,0.3102000,0.5766000,0.5419000,0.4194000,0.0031980,0.8646850,0.1133095},
{0.0575549,0.8100968,0.1371932,0.0053006,0.8094249,0.1194522,0.7531743,0.5977920,-0.1258621,0.6968094,0.7092368,0.0164634,0.7424623,0.8010109,0.1120130,0.5060000,0.8033000,0.4138000,0.5044000,0.6996000,0.2793000,0.6784000,0.6515000,0.3392000,0.5548000,0.5830000,0.3090000,0.5748000,0.5416000,0.4183000,0.0011092,0.8643201,0.1122091},
{0.0553334,0.8094663,0.1360282,0.0027291,0.8088561,0.1179282,0.7526217,0.5971298,-0.1262892,0.6957413,0.7078430,0.0157265,0.7417416,0.8003292,0.1110520,0.5057000,0.8030000,0.4137000,0.5046000,0.6994000,0.2794000,0.6777000,0.6512000,0.3390000,0.5536000,0.5827000,0.3079000,0.5731000,0.5413000,0.4172000,-0.0009121,0.8639584,0.1111263},
{0.0532248,0.8088592,0.1349063,0.0004624,0.8083449,0.1165642,0.7506418,0.5947541,-0.1278219,0.6948247,0.7066447,0.0150927,0.7408230,0.7994589,0.1098247,0.5054000,0.8028000,0.4136000,0.5047000,0.6991000,0.2794000,0.6770000,0.6510000,0.3387000,0.5524000,0.5825000,0.3068000,0.5715000,0.5409000,0.4163000,-0.0028718,0.8635994,0.1100593},
{0.0515406,0.8083680,0.1339988,-0.0009483,0.8080220,0.1157054,0.7501425,0.5941543,-0.1282091,0.6936666,0.7051281,0.0142901,0.7401426,0.7988132,0.1089137,0.5051000,0.8025000,0.4135000,0.5049000,0.6989000,0.2795000,0.6762000,0.6508000,0.3385000,0.5513000,0.5821000,0.3058000,0.5700000,0.5406000,0.4153000,-0.0045420,0.8632869,0.1091360},
{0.0502054,0.8079746,0.1332719,-0.0021147,0.8077522,0.1149894,0.7490418,0.5928307,-0.1290636,0.6929855,0.7042347,0.0138172,0.7396640,0.7983584,0.1082719,0.5048000,0.8022000,0.4134000,0.5050000,0.6986000,0.2795000,0.6755000,0.6505000,0.3383000,0.5503000,0.5818000,0.3049000,0.5686000,0.5403000,0.4142000,-0.0059827,0.8630123,0.1083292},
{0.0490554,0.8076329,0.1326406,-0.0031684,0.8075063,0.1143379,0.7481857,0.5918002,-0.1297292,0.6919908,0.7029281,0.0131251,0.7388091,0.7975450,0.1071237,0.5045000,0.8020000,0.4133000,0.5052000,0.6984000,0.2796000,0.6748000,0.6503000,0.3381000,0.5495000,0.5816000,0.3038000,0.5673000,0.5400000,0.4132000,-0.0072126,0.8627742,0.1076326},
{0.0480547,0.8073334,0.1320872,-0.0041824,0.8072677,0.1137068,0.7477086,0.5912256,-0.1301004,0.6912622,0.7019696,0.0126173,0.7382929,0.7970532,0.1064291,0.5042000,0.8017000,0.4132000,0.5053000,0.6982000,0.2796000,0.6740000,0.6501000,0.3378000,0.5486000,0.5813000,0.3029000,0.5661000,0.5397000,0.4123000,-0.0082302,0.8625745,0.1070508},
{0.0471640,0.8070650,0.1315914,-0.0049479,0.8070863,0.1132277,0.7469366,0.5902951,-0.1307016,0.6907259,0.7012634,0.0122430,0.7378355,0.7966170,0.1058130,0.5039000,0.8015000,0.4132000,0.5055000,0.6979000,0.2797000,0.6733000,0.6498000,0.3376000,0.5480000,0.5811000,0.3021000,0.5651000,0.5394000,0.4115000,-0.0090678,0.8624083,0.1065681},
{0.0465304,0.8068731,0.1312369,-0.0054341,0.8069704,0.1129221,0.7462585,0.5894771,-0.1312302,0.6900239,0.7003378,0.0117524,0.7372878,0.7960940,0.1050741,0.5036000,0.8012000,0.4131000,0.5056000,0.6977000,0.2797000,0.6726000,0.6496000,0.3374000,0.5474000,0.5809000,0.3013000,0.5641000,0.5391000,0.4106000,-0.0099185,0.8622379,0.1060742},
{0.0458711,0.8066726,0.1308663,-0.0059976,0.8068356,0.1125667,0.7458958,0.5890393,-0.1315132,0.6896957,0.6999048,0.0115228,0.7368537,0.7956792,0.1044878,0.5033000,0.8009000,0.4130000,0.5058000,0.6974000,0.2798000,0.6718000,0.6494000,0.3372000,0.5470000,0.5807000,0.3005000,0.5634000,0.5388000,0.4099000,-0.0105157,0.8621172,0.1057253},
{0.0452465,0.8064817,0.1305138,-0.0064646,0.8067234,0.1122712,0.7456540,0.5887475,-0.1317018,0.6894059,0.6995222,0.0113198,0.7365281,0.7953678,0.1040476,0.5030000,0.8007000,0.4129000,0.5059000,0.6972000,0.2798000,0.6711000,0.6491000,0.3369000,0.5466000,0.5805000,0.2998000,0.5626000,0.5386000,0.4092000,-0.0111617,0.8619856,0.1053460},
{0.0448347,0.8063554,0.1302805,-0.0068462,0.8066314,0.1120291,0.7453698,0.5884042,-0.1319237,0.6890326,0.6990291,0.0110583,0.7361378,0.7949942,0.1035194,0.5027000,0.8004000,0.4128000,0.5060000,0.6970000,0.2799000,0.6703000,0.6489000,0.3367000,0.5463000,0.5802000,0.2991000,0.5621000,0.5383000,0.4086000,-0.0116559,0.8618843,0.1050543},
{0.0443883,0.8062181,0.1300268,-0.0072444,0.8065350,0.1117758,0.7451389,0.5881253,-0.1321041,0.6887281,0.6986266,0.0108447,0.7361193,0.7949765,0.1034944,0.5024000,0.8002000,0.4127000,0.5062000,0.6967000,0.2799000,0.6696000,0.6487000,0.3365000,0.5460000,0.5800000,0.2985000,0.5616000,0.5379000,0.4080000,-0.0120371,0.8618057,0.1048284},
{0.0440776,0.8061223,0.1298498,-0.0074589,0.8064830,0.1116391,0.7446794,0.5875700,-0.1324631,0.6886233,0.6984879,0.0107712,0.7359220,0.7947875,0.1032272,0.5021000,0.7999000,0.4126000,0.5063000,0.6965000,0.2800000,0.6689000,0.6484000,0.3363000,0.5458000,0.5798000,0.2979000,0.5612000,0.5376000,0.4074000,-0.0123121,0.8617488,0.1046651},
{0.0439243,0.8060749,0.1297623,-0.0076758,0.8064303,0.1115006,0.7446794,0.5875700,-0.1324631,0.6884416,0.6982476,0.0106437,0.7359220,0.7947875,0.1032272,0.5018000,0.7996000,0.4125000,0.5065000,0.6962000,0.2800000,0.6681000,0.6482000,0.3360000,0.5456000,0.5795000,0.2975000,0.5609000,0.5373000,0.4070000,-0.0125009,0.8617096,0.1045526},
{0.0438601,0.8060551,0.1297257,-0.0077858,0.8064036,0.1114303,0.7445026,0.5873563,-0.1326013,0.6883920,0.6981820,0.0106089,0.7357281,0.7946017,0.1029645,0.5015000,0.7994000,0.4124000,0.5066000,0.6960000,0.2801000,0.6674000,0.6480000,0.3358000,0.5456000,0.5793000,0.2971000,0.5607000,0.5370000,0.4064000,-0.0125969,0.8616897,0.1044954},
{0.0439239,0.8060748,0.1297621,-0.0077951,0.8064013,0.1114244,0.7445026,0.5873563,-0.1326013,0.6883920,0.6981820,0.0106089,0.7357281,0.7946017,0.1029645,0.5012000,0.7991000,0.4123000,0.5068000,0.6958000,0.2801000,0.6667000,0.6477000,0.3356000,0.5455000,0.5791000,0.2967000,0.5606000,0.5367000,0.4061000,-0.0126339,0.8616820,0.1044733},
{0.0440090,0.8061011,0.1298107,-0.0077951,0.8064013,0.1114244,0.7445026,0.5873563,-0.1326013,0.6883920,0.6981820,0.0106089,0.7357281,0.7946017,0.1029645,0.5009000,0.7989000,0.4122000,0.5069000,0.6955000,0.2802000,0.6659000,0.6475000,0.3354000,0.5455000,0.5789000,0.2964000,0.5605000,0.5364000,0.4058000,-0.0126682,0.8616749,0.1044529},
{0.0441953,0.8061586,0.1299169,-0.0077387,0.8064150,0.1114604,0.7445026,0.5873563,-0.1326013,0.6883920,0.6981820,0.0106089,0.7358188,0.7946886,0.1030874,0.5006000,0.7986000,0.4121000,0.5071000,0.6953000,0.2802000,0.6652000,0.6473000,0.3351000,0.5455000,0.5787000,0.2963000,0.5605000,0.5360000,0.4056000,-0.0126559,0.8616774,0.1044602},
{0.0444172,0.8062270,0.1300433,-0.0076533,0.8064358,0.1115150,0.7447149,0.5876130,-0.1324353,0.6884043,0.6981983,0.0106175,0.7358188,0.7946886,0.1030874,0.5003000,0.7983000,0.4120000,0.5072000,0.6951000,0.2803000,0.6645000,0.6470000,0.3349000,0.5455000,0.5785000,0.2962000,0.5605000,0.5357000,0.4055000,-0.0125989,0.8616893,0.1044942}
};
