fitErrPi Mean = 0.318282
fitErrTh Mean = 0.0583805
fitErrWr Mean = 0.216726
fitErrLA Mean = 0.434025
fitErrEl Mean = 0.0376036
fitErrUA Mean = 0.218184
efPts = {
{0.6026544,0.7812980,0.0695237,0.2347551,0.7211433,-0.0335009,0.8154946,0.7959129,0.0284647,0.4895500,0.2928436,0.3746266,0.7954330,0.8848374,0.2988228,0.6647000,0.8628000,0.4426000,0.6423000,0.6932000,0.3377000,0.6863000,0.6243000,0.2648000,0.6844000,0.5819000,0.3788000,0.7557000,0.4951000,0.5241000,0.3182823,0.0000000,0.0000000},
{0.6011642,0.7808797,0.0689683,0.5399812,0.7625686,0.1643003,0.8148295,0.7949873,0.0283684,0.7051661,0.9520118,0.2018215,0.7951685,0.8842873,0.2988962,0.6640000,0.8624000,0.4426000,0.6418000,0.6929000,0.3375000,0.6859000,0.6241000,0.2647000,0.6839000,0.5816000,0.3786000,0.7551000,0.4950000,0.5241000,0.3182823,0.0000000,0.0000000},
{0.5993882,0.7803807,0.0683045,0.5367299,0.7622830,0.1645645,0.8140651,0.7939226,0.0282573,0.7024282,0.9523144,0.2020646,0.7949353,0.8838016,0.2989610,0.6634000,0.8621000,0.4426000,0.6412000,0.6926000,0.3373000,0.6854000,0.6238000,0.2645000,0.6834000,0.5814000,0.3785000,0.7546000,0.4948000,0.5242000,0.3182823,0.0000000,0.0000000},
{0.5974839,0.7798451,0.0675905,0.5327750,0.7619342,0.1648651,0.8131867,0.7926977,0.0281292,0.6993450,0.9526381,0.2023423,0.7946150,0.8831335,0.2990499,0.6626000,0.8616000,0.4427000,0.6407000,0.6923000,0.3372000,0.6851000,0.6236000,0.2645000,0.6828000,0.5810000,0.3784000,0.7541000,0.4947000,0.5243000,0.3182823,0.0000000,0.0000000},
{0.5951399,0.7791851,0.0667085,0.5288281,0.7615846,0.1651429,0.8120625,0.7911283,0.0279646,0.6961444,0.9529554,0.2026347,0.7942741,0.8824213,0.2991447,0.6619000,0.8611000,0.4428000,0.6402000,0.6919000,0.3370000,0.6846000,0.6233000,0.2644000,0.6823000,0.5808000,0.3783000,0.7535000,0.4946000,0.5244000,0.3182823,0.0000000,0.0000000},
{0.5926015,0.7784694,0.0657495,0.5246864,0.7612163,0.1654110,0.8109496,0.7895724,0.0278007,0.6927781,0.9532685,0.2029469,0.7938372,0.8815068,0.2992662,0.6611000,0.8606000,0.4428000,0.6397000,0.6915000,0.3369000,0.6841000,0.6232000,0.2644000,0.6818000,0.5805000,0.3782000,0.7529000,0.4945000,0.5245000,0.3182823,0.0000000,0.0000000},
{0.5898149,0.7776825,0.0646920,0.5201507,0.7608111,0.1656778,0.8096815,0.7877971,0.0276131,0.6891338,0.9535838,0.2032903,0.7933302,0.8804431,0.2994074,0.6602000,0.8601000,0.4429000,0.6392000,0.6911000,0.3367000,0.6837000,0.6229000,0.2645000,0.6813000,0.5803000,0.3781000,0.7524000,0.4944000,0.5246000,0.3182823,0.0000000,0.0000000},
{0.5868653,0.7768483,0.0635672,0.5154691,0.7603911,0.1659243,0.8082440,0.7857813,0.0273991,0.6852147,0.9538956,0.2036656,0.7928569,0.8794473,0.2995394,0.6593000,0.8595000,0.4430000,0.6386000,0.6906000,0.3365000,0.6833000,0.6227000,0.2644000,0.6808000,0.5800000,0.3779000,0.7518000,0.4943000,0.5247000,0.3182823,0.0000000,0.0000000},
{0.5837290,0.7759597,0.0623652,0.5102190,0.7599178,0.1661667,0.8067147,0.7836327,0.0271699,0.6812198,0.9541844,0.2040548,0.7923136,0.8783014,0.2996910,0.6583000,0.8588000,0.4430000,0.6380000,0.6902000,0.3363000,0.6831000,0.6224000,0.2646000,0.6802000,0.5798000,0.3778000,0.7513000,0.4944000,0.5248000,0.3182823,0.0000000,0.0000000},
{0.5802185,0.7749634,0.0610122,0.5047761,0.7594246,0.1663809,0.8050723,0.7813208,0.0269221,0.6770246,0.9544563,0.2044705,0.7917387,0.8770854,0.2998516,0.6573000,0.8582000,0.4431000,0.6374000,0.6897000,0.3361000,0.6828000,0.6220000,0.2646000,0.6797000,0.5796000,0.3776000,0.7508000,0.4944000,0.5249000,0.3182823,0.0000000,0.0000000},
{0.5764485,0.7738912,0.0595505,0.4990103,0.7588996,0.1665676,0.8033863,0.7789426,0.0266659,0.6726401,0.9547064,0.2049126,0.7911377,0.8758104,0.3000198,0.6563000,0.8576000,0.4431000,0.6367000,0.6890000,0.3359000,0.6824000,0.6217000,0.2645000,0.6791000,0.5793000,0.3774000,0.7502000,0.4943000,0.5250000,0.3182823,0.0000000,0.0000000},
{0.5725409,0.7727775,0.0580257,0.4926398,0.7583165,0.1667268,0.8015637,0.7763661,0.0263868,0.6680472,0.9549313,0.2053842,0.7905164,0.8744879,0.3001939,0.6552000,0.8569000,0.4432000,0.6360000,0.6885000,0.3357000,0.6820000,0.6214000,0.2644000,0.6787000,0.5790000,0.3773000,0.7496000,0.4941000,0.5251000,0.3182823,0.0000000,0.0000000},
{0.5682456,0.7715505,0.0563383,0.4859555,0.7577011,0.1668419,0.7995524,0.7735162,0.0260762,0.6633401,0.9551224,0.2058762,0.7898349,0.8730323,0.3003851,0.6541000,0.8562000,0.4432000,0.6354000,0.6881000,0.3355000,0.6816000,0.6210000,0.2642000,0.6782000,0.5787000,0.3770000,0.7490000,0.4940000,0.5251000,0.3182823,0.0000000,0.0000000},
{0.5637524,0.7702638,0.0545603,0.4789651,0.7570540,0.1669068,0.7975297,0.7706428,0.0257611,0.6584525,0.9552790,0.2063966,0.7891665,0.8715998,0.3005730,0.6530000,0.8556000,0.4432000,0.6347000,0.6876000,0.3352000,0.6812000,0.6206000,0.2641000,0.6777000,0.5784000,0.3768000,0.7484000,0.4940000,0.5250000,0.3182823,0.0000000,0.0000000},
{0.5591001,0.7689281,0.0527055,0.4716338,0.7563714,0.1669151,0.7955279,0.7677920,0.0254465,0.6533124,0.9553979,0.2069541,0.7884445,0.8700467,0.3007762,0.6518000,0.8549000,0.4433000,0.6339000,0.6870000,0.3350000,0.6808000,0.6203000,0.2639000,0.6771000,0.5781000,0.3766000,0.7478000,0.4939000,0.5250000,0.3182823,0.0000000,0.0000000},
{0.5540862,0.7674847,0.0506906,0.4641934,0.7556746,0.1668623,0.7932451,0.7645322,0.0250845,0.6480131,0.9554716,0.2075400,0.7876475,0.8683253,0.3010009,0.6506000,0.8542000,0.4434000,0.6332000,0.6864000,0.3348000,0.6803000,0.6199000,0.2638000,0.6767000,0.5779000,0.3762000,0.7472000,0.4938000,0.5250000,0.3182823,0.0000000,0.0000000},
{0.5493162,0.7661078,0.0487584,0.4564466,0.7549449,0.1667431,0.7910284,0.7613580,0.0247296,0.6424807,0.9554958,0.2081634,0.7868414,0.8665768,0.3012287,0.6493000,0.8535000,0.4435000,0.6324000,0.6860000,0.3346000,0.6799000,0.6195000,0.2637000,0.6761000,0.5775000,0.3761000,0.7466000,0.4937000,0.5251000,0.3182823,0.0000000,0.0000000},
{0.5443477,0.7646695,0.0467297,0.4485787,0.7541995,0.1665561,0.7887445,0.7580782,0.0243604,0.6368401,0.9554653,0.2088115,0.7859381,0.8646087,0.3014844,0.6480000,0.8527000,0.4437000,0.6317000,0.6855000,0.3344000,0.6794000,0.6190000,0.2635000,0.6757000,0.5772000,0.3760000,0.7470000,0.4939000,0.5253000,0.3182823,0.0000000,0.0000000},
{0.5390698,0.7631373,0.0445566,0.4406005,0.7534392,0.1662998,0.7864721,0.7548054,0.0239895,0.6311117,0.9553773,0.2094824,0.7850747,0.8627184,0.3017293,0.6465000,0.8519000,0.4439000,0.6309000,0.6849000,0.3342000,0.6790000,0.6187000,0.2633000,0.6760000,0.5773000,0.3757000,0.7464000,0.4938000,0.5253000,0.3182823,0.0000000,0.0000000},
{0.5338237,0.7616098,0.0423780,0.4325583,0.7526685,0.1659743,0.7840088,0.7512472,0.0235834,0.6252421,0.9552279,0.2101833,0.7841371,0.8606558,0.3019958,0.6450000,0.8510000,0.4441000,0.6302000,0.6844000,0.3340000,0.6785000,0.6182000,0.2632000,0.6749000,0.5766000,0.3755000,0.7458000,0.4937000,0.5253000,0.3182823,0.0000000,0.0000000},
{0.5283305,0.7600053,0.0400769,0.4242833,0.7518708,0.1655699,0.7816642,0.7478500,0.0231929,0.6192448,0.9550135,0.2109133,0.7831682,0.8585133,0.3022718,0.6434000,0.8501000,0.4443000,0.6294000,0.6838000,0.3339000,0.6780000,0.6178000,0.2630000,0.6745000,0.5764000,0.3753000,0.7451000,0.4936000,0.5253000,0.3182823,0.0000000,0.0000000},
{0.5227915,0.7583824,0.0377357,0.4159687,0.7510648,0.1650934,0.7792157,0.7442913,0.0227810,0.6130382,0.9547260,0.2116835,0.7821325,0.8562103,0.3025677,0.6417000,0.8491000,0.4446000,0.6285000,0.6833000,0.3337000,0.6775000,0.6174000,0.2630000,0.6726000,0.5753000,0.3755000,0.7444000,0.4934000,0.5253000,0.3182823,0.0000000,0.0000000},
{0.5168978,0.7566498,0.0352214,0.4074124,0.7502305,0.1645301,0.7765788,0.7404462,0.0223326,0.6066600,0.9543610,0.2124906,0.7810582,0.8538076,0.3028753,0.6400000,0.8481000,0.4449000,0.6277000,0.6826000,0.3335000,0.6769000,0.6169000,0.2629000,0.6721000,0.5750000,0.3754000,0.7438000,0.4933000,0.5254000,0.3182823,0.0000000,0.0000000},
{0.5110091,0.7549128,0.0326851,0.3987019,0.7493762,0.1638811,0.7739950,0.7366659,0.0218884,0.6002283,0.9539219,0.2133205,0.7799379,0.8512870,0.3031969,0.6383000,0.8470000,0.4453000,0.6267000,0.6820000,0.3334000,0.6764000,0.6165000,0.2628000,0.6725000,0.5753000,0.3751000,0.7431000,0.4934000,0.5255000,0.3182823,0.0000000,0.0000000},
{0.5050637,0.7531530,0.0300998,0.3898635,0.7485043,0.1631451,0.7714150,0.7328785,0.0214401,0.5936743,0.9534008,0.2141828,0.7788245,0.8487661,0.3035175,0.6366000,0.8460000,0.4457000,0.6258000,0.6814000,0.3334000,0.6759000,0.6160000,0.2627000,0.6721000,0.5750000,0.3750000,0.7424000,0.4933000,0.5256000,0.3182823,0.0000000,0.0000000},
{0.4989298,0.7513308,0.0274061,0.3808842,0.7476133,0.1623174,0.7688710,0.7291315,0.0209933,0.5870390,0.9527978,0.2150727,0.7777242,0.8462593,0.3038352,0.6349000,0.8448000,0.4460000,0.6247000,0.6807000,0.3334000,0.6752000,0.6156000,0.2627000,0.6720000,0.5751000,0.3748000,0.7417000,0.4933000,0.5256000,0.3182823,0.0000000,0.0000000},
{0.4927082,0.7494759,0.0246463,0.3719377,0.7467202,0.1614125,0.7662644,0.7252794,0.0205306,0.5803509,0.9521129,0.2159871,0.7765612,0.8435927,0.3041720,0.6332000,0.8437000,0.4465000,0.6235000,0.6800000,0.3335000,0.6747000,0.6152000,0.2626000,0.6711000,0.5747000,0.3748000,0.7410000,0.4932000,0.5257000,0.3182823,0.0000000,0.0000000},
{0.4866035,0.7476490,0.0219110,0.3628302,0.7458057,0.1604089,0.7634378,0.7210871,0.0200232,0.5737612,0.9513623,0.2169050,0.7754868,0.8411134,0.3044840,0.6315000,0.8425000,0.4469000,0.6220000,0.6793000,0.3337000,0.6740000,0.6147000,0.2626000,0.6702000,0.5742000,0.3748000,0.7403000,0.4932000,0.5258000,0.3182823,0.0000000,0.0000000},
{0.4802194,0.7457314,0.0190213,0.3538729,0.7449009,0.1593402,0.7607922,0.7171491,0.0195429,0.5670573,0.9505213,0.2178563,0.7742822,0.8383154,0.3048348,0.6299000,0.8414000,0.4474000,0.6204000,0.6784000,0.3338000,0.6732000,0.6144000,0.2625000,0.6694000,0.5737000,0.3748000,0.7396000,0.4933000,0.5259000,0.3182823,0.0000000,0.0000000},
{0.4739805,0.7438501,0.0161678,0.3448541,0.7439844,0.1581816,0.7580644,0.7130743,0.0190422,0.5604123,0.9496106,0.2188165,0.7731248,0.8356085,0.3051730,0.6282000,0.8402000,0.4480000,0.6180000,0.6770000,0.3339000,0.6726000,0.6140000,0.2625000,0.6687000,0.5733000,0.3748000,0.7389000,0.4932000,0.5262000,0.3182823,0.0000000,0.0000000},
{0.4679291,0.7420184,0.0133720,0.3360847,0.7430881,0.1569748,0.7554100,0.7090948,0.0185495,0.5537589,0.9486214,0.2197954,0.7720138,0.8329928,0.3054986,0.6265000,0.8391000,0.4486000,0.6180000,0.6770000,0.3339000,0.6719000,0.6136000,0.2624000,0.6690000,0.5738000,0.3745000,0.7381000,0.4933000,0.5261000,0.3182823,0.0000000,0.0000000},
{0.4617603,0.7401441,0.0104931,0.3271826,0.7421727,0.1556678,0.7527312,0.7050644,0.0180468,0.5471241,0.9475576,0.2207889,0.7708536,0.8302428,0.3058397,0.6248000,0.8380000,0.4493000,0.6183000,0.6769000,0.3345000,0.6710000,0.6132000,0.2623000,0.6690000,0.5738000,0.3745000,0.7374000,0.4933000,0.5262000,0.3182823,0.0000000,0.0000000},
{0.4556175,0.7382704,0.0075968,0.3184691,0.7412715,0.1543070,0.7499775,0.7009060,0.0175243,0.5405187,0.9464214,0.2217954,0.7695977,0.8272446,0.3062101,0.6231000,0.8369000,0.4500000,0.6171000,0.6762000,0.3349000,0.6701000,0.6129000,0.2623000,0.6687000,0.5736000,0.3744000,0.7366000,0.4933000,0.5264000,0.3182823,0.0000000,0.0000000},
{0.4496353,0.7364387,0.0047476,0.3099132,0.7403813,0.1528911,0.7473668,0.6969492,0.0170235,0.5339621,0.9452171,0.2228117,0.7685230,0.8246610,0.3065281,0.6214000,0.8357000,0.4507000,0.6159000,0.6755000,0.3353000,0.6693000,0.6126000,0.2622000,0.6684000,0.5734000,0.3744000,0.7359000,0.4933000,0.5265000,0.3182823,0.0000000,0.0000000},
{0.4436878,0.7346106,0.0018864,0.3016777,0.7395194,0.1514520,0.7450241,0.6933865,0.0165695,0.5274694,0.9439489,0.2238351,0.7673153,0.8217371,0.3068866,0.6196000,0.8346000,0.4514000,0.6145000,0.6749000,0.3358000,0.6683000,0.6123000,0.2623000,0.6681000,0.5731000,0.3744000,0.7351000,0.4934000,0.5267000,0.3182823,0.0000000,0.0000000},
{0.4379404,0.7328372,-0.0009060,0.2937068,0.7386804,0.1499864,0.7424650,0.6894817,0.0160687,0.5211171,0.9426347,0.2248528,0.7661649,0.8189319,0.3072293,0.6178000,0.8334000,0.4521000,0.6133000,0.6741000,0.3362000,0.6674000,0.6119000,0.2622000,0.6678000,0.5729000,0.3744000,0.7344000,0.4935000,0.5269000,0.3182823,0.0000000,0.0000000},
{0.4322525,0.7310756,-0.0036964,0.2861160,0.7378770,0.1485225,0.7399062,0.6855634,0.0155626,0.5149045,0.9412788,0.2258641,0.7650317,0.8161488,0.3075679,0.6160000,0.8322000,0.4529000,0.6120000,0.6733000,0.3366000,0.6664000,0.6116000,0.2622000,0.6675000,0.5727000,0.3744000,0.7336000,0.4936000,0.5271000,0.3182823,0.0000000,0.0000000},
{0.4270397,0.7294552,-0.0062778,0.2786680,0.7370843,0.1470197,0.7376113,0.6820375,0.0151042,0.5086537,0.9398433,0.2268976,0.7638048,0.8131134,0.3079358,0.6141000,0.8309000,0.4538000,0.6107000,0.6725000,0.3370000,0.6655000,0.6112000,0.2622000,0.6672000,0.5724000,0.3743000,0.7329000,0.4937000,0.5273000,0.3182823,0.0000000,0.0000000},
{0.4216562,0.7277757,-0.0089681,0.2714055,0.7363072,0.1454893,0.7350499,0.6780885,0.0145875,0.5023652,0.9383266,0.2279536,0.7626295,0.8101835,0.3082896,0.6122000,0.8297000,0.4546000,0.6096000,0.6717000,0.3372000,0.6646000,0.6108000,0.2622000,0.6669000,0.5722000,0.3743000,0.7322000,0.4938000,0.5276000,0.3182823,0.0000000,0.0000000},
{0.4165406,0.7261740,-0.0115480,0.2643444,0.7355473,0.1439379,0.7325256,0.6741830,0.0140731,0.4961054,0.9367437,0.2290213,0.7615476,0.8074670,0.3086163,0.6104000,0.8285000,0.4553000,0.6084000,0.6710000,0.3374000,0.6637000,0.6103000,0.2622000,0.6666000,0.5720000,0.3743000,0.7314000,0.4939000,0.5278000,0.3182823,0.0000000,0.0000000},
{0.4116027,0.7246225,-0.0140603,0.2574214,0.7347983,0.1423542,0.7300755,0.6703789,0.0135686,0.4898808,0.9350967,0.2300994,0.7604939,0.8048028,0.3089355,0.6085000,0.8274000,0.4560000,0.6073000,0.6705000,0.3375000,0.6628000,0.6098000,0.2621000,0.6663000,0.5717000,0.3743000,0.7307000,0.4940000,0.5279000,0.3182823,0.0000000,0.0000000},
{0.4066265,0.7230535,-0.0166143,0.2506553,0.7340621,0.1407446,0.7279991,0.6671446,0.0131372,0.4836862,0.9333845,0.2311888,0.7593597,0.8019144,0.3092804,0.6067000,0.8262000,0.4566000,0.6063000,0.6699000,0.3375000,0.6619000,0.6093000,0.2621000,0.6660000,0.5715000,0.3742000,0.7299000,0.4941000,0.5282000,0.3182823,0.0000000,0.0000000},
{0.4020847,0.7216167,-0.0189651,0.2440550,0.7333401,0.1391135,0.7257793,0.6636763,0.0126719,0.4777608,0.9316778,0.2322463,0.7583577,0.7993449,0.3095860,0.6048000,0.8251000,0.4572000,0.6051000,0.6693000,0.3376000,0.6609000,0.6087000,0.2620000,0.6657000,0.5713000,0.3742000,0.7291000,0.4942000,0.5284000,0.3182823,0.0000000,0.0000000},
{0.3974691,0.7201516,-0.0213739,0.2376734,0.7326380,0.1374770,0.7235002,0.6601037,0.0121899,0.4718457,0.9299058,0.2333174,0.7573240,0.7966758,0.3099023,0.6030000,0.8238000,0.4578000,0.6041000,0.6687000,0.3377000,0.6598000,0.6081000,0.2619000,0.6654000,0.5711000,0.3742000,0.7284000,0.4943000,0.5286000,0.3182823,0.0000000,0.0000000},
{0.3930460,0.7187429,-0.0237012,0.2315474,0.7319603,0.1358491,0.7214687,0.6569094,0.0117564,0.4660853,0.9281140,0.2343753,0.7563310,0.7940944,0.3102072,0.6012000,0.8227000,0.4583000,0.6030000,0.6682000,0.3378000,0.6589000,0.6075000,0.2617000,0.6651000,0.5708000,0.3742000,0.7276000,0.4944000,0.5288000,0.3182823,0.0000000,0.0000000},
{0.3887715,0.7173772,-0.0259682,0.2257325,0.7313135,0.1342502,0.7194588,0.6537396,0.0113240,0.4604931,0.9263112,0.2354166,0.7553467,0.7915183,0.3105104,0.5993000,0.8215000,0.4588000,0.6020000,0.6677000,0.3379000,0.6579000,0.6069000,0.2616000,0.6648000,0.5706000,0.3741000,0.7269000,0.4945000,0.5290000,0.3182823,0.0000000,0.0000000},
{0.3846630,0.7160604,-0.0281640,0.2201033,0.7306839,0.1326506,0.7174415,0.6505489,0.0108864,0.4548619,0.9244320,0.2364795,0.7543431,0.7888737,0.3108206,0.5975000,0.8203000,0.4593000,0.6010000,0.6670000,0.3379000,0.6568000,0.6064000,0.2615000,0.6646000,0.5704000,0.3741000,0.7262000,0.4947000,0.5292000,0.3182823,0.0000000,0.0000000},
{0.3806474,0.7147693,-0.0303265,0.2147671,0.7300840,0.1310854,0.7152654,0.6470963,0.0104104,0.4494174,0.9225533,0.2375210,0.7533319,0.7861901,0.3111342,0.5957000,0.8191000,0.4597000,0.5998000,0.6665000,0.3380000,0.6556000,0.6057000,0.2614000,0.6643000,0.5701000,0.3741000,0.7255000,0.4948000,0.5294000,0.3182823,0.0000000,0.0000000},
{0.3767726,0.7135197,-0.0324286,0.2095620,0.7294956,0.1295109,0.7132462,0.6438827,0.0099649,0.4441336,0.9206711,0.2385451,0.7523224,0.7834921,0.3114484,0.5939000,0.8180000,0.4601000,0.5987000,0.6659000,0.3381000,0.6542000,0.6051000,0.2612000,0.6640000,0.5699000,0.3741000,0.7248000,0.4948000,0.5295000,0.3182823,0.0000000,0.0000000},
{0.3731318,0.7123420,-0.0344179,0.2045468,0.7289256,0.1279474,0.7112948,0.6407677,0.0095308,0.4389554,0.9187695,0.2395615,0.7514731,0.7812074,0.3117135,0.5921000,0.8168000,0.4605000,0.5973000,0.6652000,0.3382000,0.6528000,0.6044000,0.2611000,0.6637000,0.5697000,0.3741000,0.7241000,0.4949000,0.5296000,0.3182823,0.0000000,0.0000000},
{0.3697589,0.7112480,-0.0362732,0.1996764,0.7283691,0.1263835,0.7094684,0.6378441,0.0091215,0.4340861,0.9169290,0.2405291,0.7506337,0.7789354,0.3119764,0.5904000,0.8157000,0.4608000,0.5960000,0.6644000,0.3382000,0.6515000,0.6037000,0.2609000,0.6634000,0.5694000,0.3740000,0.7234000,0.4950000,0.5297000,0.3182823,0.0000000,0.0000000},
{0.3661722,0.7100814,-0.0382593,0.1950012,0.7278321,0.1248381,0.7077507,0.6350870,0.0087337,0.4294495,0.9151286,0.2414612,0.7496951,0.7763785,0.3122712,0.5887000,0.8147000,0.4610000,0.5946000,0.6639000,0.3382000,0.6502000,0.6030000,0.2608000,0.6631000,0.5692000,0.3740000,0.7226000,0.4951000,0.5298000,0.3182823,0.0000000,0.0000000},
{0.3631868,0.7091078,-0.0399230,0.1906209,0.7273262,0.1233494,0.7060251,0.6323101,0.0083413,0.4249774,0.9133473,0.2423703,0.7489122,0.7742322,0.3125179,0.5869000,0.8137000,0.4612000,0.5935000,0.6632000,0.3382000,0.6489000,0.6023000,0.2606000,0.6628000,0.5690000,0.3740000,0.7219000,0.4952000,0.5298000,0.3182823,0.0000000,0.0000000},
{0.3599120,0.7080370,-0.0417593,0.1864858,0.7268461,0.1219061,0.7043579,0.6296202,0.0079596,0.4207217,0.9116108,0.2432448,0.7481677,0.7721797,0.3127532,0.5853000,0.8127000,0.4614000,0.5924000,0.6626000,0.3382000,0.6479000,0.6015000,0.2604000,0.6625000,0.5688000,0.3740000,0.7211000,0.4953000,0.5299000,0.3182823,0.0000000,0.0000000},
{0.3570249,0.7070905,-0.0433880,0.1825267,0.7263841,0.1204881,0.7029457,0.6273364,0.0076343,0.4167436,0.9099504,0.2440705,0.7473846,0.7700084,0.3130014,0.5836000,0.8116000,0.4616000,0.5913000,0.6620000,0.3381000,0.6469000,0.6007000,0.2602000,0.6622000,0.5685000,0.3739000,0.7205000,0.4954000,0.5300000,0.3182823,0.0000000,0.0000000},
{0.3540995,0.7061291,-0.0450479,0.1788901,0.7259576,0.1191533,0.7011878,0.6244865,0.0072267,0.4128091,0.9082726,0.2448952,0.7467030,0.7681084,0.3132179,0.5820000,0.8107000,0.4617000,0.5904000,0.6615000,0.3380000,0.6459000,0.5999000,0.2600000,0.6619000,0.5683000,0.3739000,0.7198000,0.4955000,0.5300000,0.3182823,0.0000000,0.0000000},
{0.3514250,0.7052481,-0.0465741,0.1754203,0.7255487,0.1178495,0.6997215,0.6221035,0.0068844,0.4090231,0.9066241,0.2456965,0.7460575,0.7662997,0.3134236,0.5805000,0.8097000,0.4617000,0.5895000,0.6610000,0.3378000,0.6450000,0.5992000,0.2597000,0.6616000,0.5681000,0.3739000,0.7191000,0.4955000,0.5300000,0.3182823,0.0000000,0.0000000},
{0.3489394,0.7044275,-0.0479998,0.1722098,0.7251686,0.1166157,0.6981549,0.6195513,0.0065165,0.4053151,0.9049768,0.2464886,0.7453759,0.7643801,0.3136413,0.5789000,0.8088000,0.4617000,0.5886000,0.6605000,0.3377000,0.6441000,0.5984000,0.2594000,0.6613000,0.5678000,0.3739000,0.7185000,0.4955000,0.5301000,0.3182823,0.0000000,0.0000000},
{0.3464716,0.7036110,-0.0494225,0.1691497,0.7248046,0.1154143,0.6971003,0.6178297,0.0062675,0.4017775,0.9033746,0.2472512,0.7446537,0.7623351,0.3138726,0.5773000,0.8078000,0.4617000,0.5877000,0.6599000,0.3376000,0.6431000,0.5977000,0.2593000,0.6610000,0.5676000,0.3739000,0.7179000,0.4955000,0.5301000,0.3182823,0.0000000,0.0000000},
{0.3440795,0.7028178,-0.0508084,0.1661080,0.7244411,0.1141945,0.6956408,0.6154425,0.0059210,0.3984298,0.9018304,0.2479791,0.7440094,0.7605010,0.3140794,0.5757000,0.8069000,0.4616000,0.5867000,0.6593000,0.3375000,0.6422000,0.5970000,0.2590000,0.6607000,0.5674000,0.3738000,0.7173000,0.4955000,0.5302000,0.3182823,0.0000000,0.0000000},
{0.3418618,0.7020809,-0.0520995,0.1634142,0.7241177,0.1130919,0.6941077,0.6129292,0.0055549,0.3952192,0.9003237,0.2486831,0.7434491,0.7588984,0.3142598,0.5742000,0.8061000,0.4615000,0.5856000,0.6586000,0.3373000,0.6414000,0.5963000,0.2589000,0.6604000,0.5671000,0.3738000,0.7167000,0.4955000,0.5303000,0.3182823,0.0000000,0.0000000},
{0.3397086,0.7013641,-0.0533587,0.1608406,0.7238074,0.1120182,0.6929959,0.6111025,0.0052879,0.3922020,0.8988844,0.2493498,0.7428796,0.7572622,0.3144435,0.5727000,0.8052000,0.4613000,0.5846000,0.6578000,0.3372000,0.6406000,0.5957000,0.2587000,0.6601000,0.5669000,0.3738000,0.7162000,0.4955000,0.5303000,0.3182823,0.0000000,0.0000000},
{0.3376902,0.7006909,-0.0545443,0.1584848,0.7235222,0.1110174,0.6919420,0.6093681,0.0050337,0.3892026,0.8974309,0.2500178,0.7422956,0.7555766,0.3146324,0.5711000,0.8044000,0.4612000,0.5836000,0.6572000,0.3371000,0.6399000,0.5950000,0.2586000,0.6598000,0.5667000,0.3738000,0.7157000,0.4955000,0.5303000,0.3182823,0.0000000,0.0000000},
{0.3356518,0.7000097,-0.0557468,0.1561631,0.7232399,0.1100136,0.6905449,0.6070644,0.0046951,0.3863789,0.8960415,0.2506514,0.7417759,0.7540699,0.3148008,0.5697000,0.8036000,0.4611000,0.5825000,0.6564000,0.3370000,0.6391000,0.5944000,0.2584000,0.6595000,0.5665000,0.3737000,0.7151000,0.4955000,0.5304000,0.3182823,0.0000000,0.0000000},
{0.3338922,0.6994207,-0.0567890,0.1540394,0.7229807,0.1090796,0.6894684,0.6052856,0.0044327,0.3836733,0.8946910,0.2512627,0.7411978,0.7523864,0.3149886,0.5682000,0.8029000,0.4610000,0.5815000,0.6558000,0.3368000,0.6384000,0.5938000,0.2582000,0.6592000,0.5662000,0.3737000,0.7146000,0.4954000,0.5303000,0.3182823,0.0000000,0.0000000},
{0.3319750,0.6987778,-0.0579290,0.1521454,0.7227487,0.1082335,0.6882301,0.6032359,0.0041296,0.3811163,0.8933971,0.2518445,0.7407327,0.7510262,0.3151400,0.5668000,0.8021000,0.4608000,0.5807000,0.6552000,0.3367000,0.6377000,0.5933000,0.2580000,0.6589000,0.5660000,0.3737000,0.7142000,0.4954000,0.5303000,0.3182823,0.0000000,0.0000000},
{0.3301753,0.6981732,-0.0590036,0.1503030,0.7225222,0.1073982,0.6874407,0.6019271,0.0039355,0.3787886,0.8922042,0.2523775,0.7402447,0.7495936,0.3152992,0.5654000,0.8013000,0.4607000,0.5798000,0.6546000,0.3366000,0.6372000,0.5926000,0.2578000,0.6586000,0.5658000,0.3737000,0.7137000,0.4954000,0.5303000,0.3182823,0.0000000,0.0000000},
{0.3284908,0.6976065,-0.0600130,0.1487114,0.7223259,0.1066666,0.6862815,0.6000020,0.0036494,0.3765141,0.8910246,0.2529014,0.7397586,0.7481606,0.3154581,0.5640000,0.8005000,0.4605000,0.5789000,0.6540000,0.3364000,0.6365000,0.5921000,0.2576000,0.6583000,0.5655000,0.3736000,0.7132000,0.4953000,0.5303000,0.3182823,0.0000000,0.0000000},
{0.3269194,0.6970769,-0.0609581,0.1472076,0.7221398,0.1059665,0.6853151,0.5983944,0.0034097,0.3744539,0.8899441,0.2533787,0.7393415,0.7469267,0.3155947,0.5627000,0.7997000,0.4604000,0.5782000,0.6534000,0.3363000,0.6360000,0.5915000,0.2574000,0.6580000,0.5653000,0.3736000,0.7127000,0.4953000,0.5303000,0.3182823,0.0000000,0.0000000},
{0.3253645,0.6965521,-0.0618965,0.1458006,0.7219652,0.1053035,0.6842944,0.5966937,0.0031556,0.3725327,0.8889261,0.2538261,0.7388908,0.7455881,0.3157426,0.5613000,0.7990000,0.4602000,0.5776000,0.6529000,0.3360000,0.6355000,0.5909000,0.2572000,0.6577000,0.5651000,0.3736000,0.7123000,0.4952000,0.5303000,0.3182823,0.0000000,0.0000000},
{0.3238558,0.6960421,-0.0628101,0.1444566,0.7217979,0.1046627,0.6835889,0.5955164,0.0029793,0.3707164,0.8879543,0.2542512,0.7385050,0.7444384,0.3158694,0.5601000,0.7983000,0.4600000,0.5769000,0.6523000,0.3358000,0.6350000,0.5904000,0.2570000,0.6574000,0.5648000,0.3736000,0.7119000,0.4952000,0.5302000,0.3182823,0.0000000,0.0000000},
{0.3224958,0.6955818,-0.0636362,0.1430696,0.7216247,0.1039938,0.6830568,0.5946277,0.0028461,0.3690887,0.8870757,0.2546339,0.7380797,0.7431666,0.3160095,0.5588000,0.7976000,0.4597000,0.5763000,0.6517000,0.3356000,0.6345000,0.5899000,0.2569000,0.6571000,0.5646000,0.3736000,0.7114000,0.4951000,0.5302000,0.3182823,0.0000000,0.0000000},
{0.3209716,0.6950651,-0.0645651,0.1417329,0.7214573,0.1033414,0.6819542,0.5927835,0.0025689,0.3675241,0.8862241,0.2550033,0.7377392,0.7421450,0.3161218,0.5576000,0.7969000,0.4594000,0.5757000,0.6512000,0.3354000,0.6341000,0.5895000,0.2567000,0.6568000,0.5644000,0.3735000,0.7110000,0.4950000,0.5301000,0.3182823,0.0000000,0.0000000},
{0.3196416,0.6946136,-0.0653783,0.1403714,0.7212863,0.1026690,0.6814083,0.5918693,0.0024312,0.3660793,0.8854317,0.2553458,0.7373764,0.7410533,0.3162416,0.5564000,0.7963000,0.4590000,0.5751000,0.6506000,0.3351000,0.6338000,0.5891000,0.2565000,0.6565000,0.5642000,0.3735000,0.7106000,0.4949000,0.5301000,0.3182823,0.0000000,0.0000000},
{0.3181089,0.6940926,-0.0663184,0.1389475,0.7211069,0.1019569,0.6804005,0.5901793,0.0021762,0.3646663,0.8846509,0.2556821,0.7370166,0.7399672,0.3163607,0.5554000,0.7956000,0.4587000,0.5745000,0.6500000,0.3348000,0.6334000,0.5886000,0.2563000,0.6562000,0.5639000,0.3735000,0.7103000,0.4948000,0.5300000,0.3182823,0.0000000,0.0000000},
{0.3166804,0.6936063,-0.0671975,0.1374805,0.7209214,0.1012136,0.6797402,0.5890703,0.0020085,0.3633800,0.8839352,0.2559893,0.7367326,0.7391076,0.3164548,0.5543000,0.7950000,0.4583000,0.5740000,0.6494000,0.3346000,0.6332000,0.5882000,0.2561000,0.6559000,0.5637000,0.3735000,0.7099000,0.4946000,0.5300000,0.3182823,0.0000000,0.0000000},
{0.3151569,0.6930869,-0.0681383,0.1359565,0.7207280,0.1004306,0.6793565,0.5884255,0.0019109,0.3620561,0.8831937,0.2563067,0.7363215,0.7378592,0.3165913,0.5533000,0.7944000,0.4579000,0.5735000,0.6489000,0.3343000,0.6328000,0.5878000,0.2560000,0.6556000,0.5635000,0.3734000,0.7096000,0.4945000,0.5300000,0.3182823,0.0000000,0.0000000},
{0.3137587,0.6926094,-0.0690046,0.1344192,0.7205322,0.0996293,0.6784111,0.5868347,0.0016696,0.3607933,0.8824815,0.2566104,0.7360398,0.7370012,0.3166849,0.5524000,0.7938000,0.4575000,0.5730000,0.6483000,0.3340000,0.6326000,0.5873000,0.2558000,0.6553000,0.5632000,0.3734000,0.7093000,0.4944000,0.5299000,0.3182823,0.0000000,0.0000000},
{0.3122767,0.6921026,-0.0699259,0.1327585,0.7203197,0.0987502,0.6780804,0.5862776,0.0015850,0.3595210,0.8817594,0.2569175,0.7358048,0.7362839,0.3167632,0.5515000,0.7932000,0.4572000,0.5727000,0.6478000,0.3337000,0.6323000,0.5868000,0.2556000,0.6550000,0.5630000,0.3734000,0.7090000,0.4943000,0.5299000,0.3182823,0.0000000,0.0000000},
{0.3107433,0.6915774,-0.0708825,0.1310163,0.7200958,0.0978124,0.6771946,0.5847841,0.0013578,0.3582848,0.8810532,0.2572169,0.7354978,0.7353447,0.3168655,0.5506000,0.7926000,0.4569000,0.5723000,0.6474000,0.3335000,0.6321000,0.5864000,0.2555000,0.6547000,0.5628000,0.3734000,0.7087000,0.4942000,0.5299000,0.3182823,0.0000000,0.0000000},
{0.3092417,0.6910622,-0.0718226,0.1292442,0.7198670,0.0968414,0.6768483,0.5841995,0.0012687,0.3571389,0.8803945,0.2574953,0.7351112,0.7341580,0.3169945,0.5498000,0.7921000,0.4565000,0.5720000,0.6470000,0.3333000,0.6319000,0.5861000,0.2554000,0.6544000,0.5625000,0.3733000,0.7084000,0.4940000,0.5298000,0.3182823,0.0000000,0.0000000},
{0.3080015,0.6906361,-0.0726016,0.1273920,0.7196265,0.0958072,0.6761205,0.5829700,0.0010811,0.3561363,0.8798150,0.2577397,0.7348620,0.7333909,0.3170778,0.5491000,0.7915000,0.4562000,0.5717000,0.6465000,0.3330000,0.6316000,0.5857000,0.2553000,0.6541000,0.5623000,0.3733000,0.7082000,0.4939000,0.5298000,0.3182823,0.0000000,0.0000000},
{0.3064577,0.6901049,-0.0735745,0.1255308,0.7193835,0.0947471,0.6757548,0.5823515,0.0009866,0.3552124,0.8792783,0.2579655,0.7346226,0.7326525,0.3171579,0.5484000,0.7909000,0.4559000,0.5715000,0.6461000,0.3327000,0.6315000,0.5854000,0.2551000,0.6538000,0.5621000,0.3733000,0.7079000,0.4938000,0.5297000,0.3182823,0.0000000,0.0000000},
{0.3054663,0.6897634,-0.0742011,0.1248209,0.7192904,0.0943371,0.6750925,0.5812307,0.0008151,0.3544826,0.8788526,0.2581442,0.7344173,0.7320178,0.3172267,0.5477000,0.7904000,0.4556000,0.5712000,0.6457000,0.3324000,0.6312000,0.5850000,0.2550000,0.6535000,0.5619000,0.3733000,0.7077000,0.4937000,0.5297000,0.3182823,0.0000000,0.0000000},
{0.3049810,0.6895960,-0.0745084,0.1246301,0.7192653,0.0942264,0.6749519,0.5809925,0.0007787,0.3539690,0.8785520,0.2582702,0.7342896,0.7316227,0.3172695,0.5471000,0.7899000,0.4552000,0.5710000,0.6453000,0.3321000,0.6311000,0.5847000,0.2549000,0.6532000,0.5616000,0.3733000,0.7075000,0.4936000,0.5296000,0.3182823,0.0000000,0.0000000},
{0.3047795,0.6895265,-0.0746361,0.1244373,0.7192400,0.0941142,0.6747580,0.5806641,0.0007283,0.3537695,0.8784351,0.2583192,0.7341140,0.7310783,0.3173285,0.5465000,0.7895000,0.4548000,0.5708000,0.6449000,0.3319000,0.6310000,0.5844000,0.2547000,0.6529000,0.5614000,0.3732000,0.7073000,0.4934000,0.5296000,0.3182823,0.0000000,0.0000000},
{0.3046073,0.6894671,-0.0747453,0.1242950,0.7192213,0.0940313,0.6747580,0.5806641,0.0007283,0.3540356,0.8785911,0.2582538,0.7340983,0.7310295,0.3173337,0.5460000,0.7893000,0.4544000,0.5706000,0.6445000,0.3316000,0.6310000,0.5842000,0.2545000,0.6526000,0.5612000,0.3732000,0.7071000,0.4933000,0.5295000,0.3182823,0.0000000,0.0000000}
};
