fitErrPi Mean = 0.0532796
fitErrTh Mean = 0.0817107
fitErrWr Mean = 0.0144123
fitErrLA Mean = 0.287547
fitErrEl Mean = 0.0481141
fitErrUA Mean = 0.0317574
efPts = {
{0.7822465,0.2303788,0.3459241,0.7985815,0.2181371,0.2333525,0.9721228,0.6278112,0.2322983,0.6817846,0.4798427,0.3678907,0.6985102,0.5603448,0.4478583,0.7449000,0.6313000,0.5765000,0.7560000,0.6411000,0.4226000,0.8445000,0.5285000,0.4159000,0.8437000,0.5207000,0.3651000,1.0330000,0.4287000,0.4793000,0.8134360,0.1890812,0.2712863},
{0.7825946,0.2299107,0.3458602,0.7988414,0.2178384,0.2332914,0.9721362,0.6278003,0.2322997,0.6819217,0.4795448,0.3680302,0.6986724,0.5598939,0.4480303,0.7452000,0.6306000,0.5766000,0.7565000,0.6404000,0.4228000,0.8447000,0.5280000,0.4159000,0.8442000,0.5201000,0.3651000,1.0330000,0.4281000,0.4790000,0.8137195,0.1887462,0.2711294},
{0.7827941,0.2296428,0.3458232,0.7990239,0.2176287,0.2332482,0.9724486,0.6275457,0.2323317,0.6820552,0.4792555,0.3681657,0.6987960,0.5595518,0.4481608,0.7456000,0.6300000,0.5768000,0.7569000,0.6398000,0.4230000,0.8448000,0.5275000,0.4158000,0.8446000,0.5196000,0.3651000,1.0330000,0.4275000,0.4787000,0.8139558,0.1884672,0.2709981},
{0.7829260,0.2294658,0.3457987,0.7991063,0.2175342,0.2332287,0.9724486,0.6275457,0.2323317,0.6821216,0.4791116,0.3682331,0.6989116,0.5592330,0.4482826,0.7458000,0.6295000,0.5769000,0.7574000,0.6391000,0.4233000,0.8449000,0.5272000,0.4158000,0.8450000,0.5191000,0.3650000,1.0330000,0.4269000,0.4785000,0.8140203,0.1883911,0.2709622},
{0.7829264,0.2294653,0.3457986,0.7991063,0.2175342,0.2332287,0.9724271,0.6275632,0.2323295,0.6821374,0.4790775,0.3682491,0.6990025,0.5589830,0.4483781,0.7460000,0.6290000,0.5770000,0.7578000,0.6384000,0.4235000,0.8450000,0.5267000,0.4158000,0.8455000,0.5185000,0.3650000,1.0330000,0.4264000,0.4783000,0.8139263,0.1885020,0.2710145},
{0.7827577,0.2296917,0.3458300,0.7989921,0.2176652,0.2332558,0.9721427,0.6277950,0.2323004,0.6820886,0.4791832,0.3681995,0.6990537,0.5588424,0.4484318,0.7462000,0.6286000,0.5771000,0.7583000,0.6378000,0.4237000,0.8451000,0.5265000,0.4158000,0.8459000,0.5180000,0.3649000,1.0340000,0.4259000,0.4782000,0.8137524,0.1887073,0.2711111},
{0.7825543,0.2299648,0.3458676,0.7988548,0.2178229,0.2332882,0.9720494,0.6278710,0.2322908,0.6819625,0.4794563,0.3680716,0.6990343,0.5588958,0.4484114,0.7464000,0.6283000,0.5773000,0.7587000,0.6371000,0.4239000,0.8451000,0.5262000,0.4159000,0.8464000,0.5175000,0.3649000,1.0340000,0.4255000,0.4781000,0.8134774,0.1890323,0.2712635},
{0.7822162,0.2304195,0.3459296,0.7985211,0.2182066,0.2333667,0.9715228,0.6283006,0.2322367,0.6817784,0.4798563,0.3678844,0.6989947,0.5590045,0.4483699,0.7466000,0.6280000,0.5774000,0.7592000,0.6364000,0.4242000,0.8452000,0.5260000,0.4159000,0.8468000,0.5169000,0.3649000,1.0340000,0.4250000,0.4780000,0.8131216,0.1894533,0.2714596},
{0.7817657,0.2310266,0.3460113,0.7981701,0.2186108,0.2334488,0.9709814,0.6287425,0.2321810,0.6815163,0.4804278,0.3676171,0.6989097,0.5592382,0.4482806,0.7468000,0.6279000,0.5775000,0.7596000,0.6357000,0.4244000,0.8452000,0.5258000,0.4160000,0.8472000,0.5164000,0.3648000,1.0340000,0.4246000,0.4779000,0.8126471,0.1900157,0.2717196},
{0.7811681,0.2318337,0.3461181,0.7976512,0.2192094,0.2335693,0.9703963,0.6292206,0.2321206,0.6812579,0.4809937,0.3673528,0.6987739,0.5596129,0.4481375,0.7469000,0.6279000,0.5777000,0.7601000,0.6351000,0.4246000,0.8452000,0.5256000,0.4162000,0.8477000,0.5159000,0.3648000,1.0340000,0.4242000,0.4779000,0.8119571,0.1908355,0.2720946},
{0.7804886,0.2327541,0.3462372,0.7970153,0.2199450,0.2337154,0.9699067,0.6296208,0.2320700,0.6808995,0.4817831,0.3669845,0.6986227,0.5600317,0.4479777,0.7470000,0.6280000,0.5778000,0.7606000,0.6344000,0.4248000,0.8452000,0.5255000,0.4164000,0.8481000,0.5153000,0.3648000,1.0330000,0.4238000,0.4779000,0.8112070,0.1917296,0.2724980},
{0.7796376,0.2339110,0.3463831,0.7962807,0.2207972,0.2338822,0.9684189,0.6308388,0.2319156,0.6805489,0.4825601,0.3666225,0.6983193,0.5608784,0.4476550,0.7471000,0.6282000,0.5780000,0.7610000,0.6337000,0.4251000,0.8452000,0.5254000,0.4165000,0.8485000,0.5148000,0.3647000,1.0330000,0.4235000,0.4779000,0.8103035,0.1928100,0.2729781},
{0.7786576,0.2352486,0.3465463,0.7953888,0.2218358,0.2340818,0.9677858,0.6313580,0.2318496,0.6800866,0.4835922,0.3661426,0.6980801,0.5615516,0.4473988,0.7473000,0.6284000,0.5781000,0.7615000,0.6331000,0.4253000,0.8452000,0.5255000,0.4166000,0.8490000,0.5143000,0.3647000,1.0330000,0.4231000,0.4779000,0.8092420,0.1940844,0.2735342},
{0.7774310,0.2369313,0.3467436,0.7941681,0.2232636,0.2343499,0.9666489,0.6322912,0.2317308,0.6795185,0.4848719,0.3655488,0.6976899,0.5626606,0.4469775,0.7474000,0.6288000,0.5782000,0.7619000,0.6324000,0.4255000,0.8450000,0.5255000,0.4168000,0.8494000,0.5137000,0.3647000,1.0330000,0.4227000,0.4778000,0.8079821,0.1956039,0.2741831},
{0.7760459,0.2388425,0.3469570,0.7930016,0.2246352,0.2346006,0.9648935,0.6337352,0.2315461,0.6788505,0.4863938,0.3648444,0.6972485,0.5639314,0.4464956,0.7476000,0.6293000,0.5783000,0.7624000,0.6317000,0.4257000,0.8448000,0.5256000,0.4170000,0.8498000,0.5132000,0.3646000,1.0330000,0.4223000,0.4778000,0.8065346,0.1973589,0.2749141},
{0.7744961,0.2409952,0.3471839,0.7916561,0.2262258,0.2348831,0.9631360,0.6351845,0.2313600,0.6780289,0.4882913,0.3639691,0.6967433,0.5654088,0.4459368,0.7477000,0.6299000,0.5783000,0.7628000,0.6311000,0.4260000,0.8446000,0.5258000,0.4171000,0.8503000,0.5127000,0.3646000,1.0320000,0.4219000,0.4777000,0.8049274,0.1993189,0.2757078},
{0.7727690,0.2434116,0.3474220,0.7901707,0.2279920,0.2351869,0.9613106,0.6366935,0.2311654,0.6770664,0.4905515,0.3629304,0.6961348,0.5672210,0.4452534,0.7479000,0.6306000,0.5783000,0.7633000,0.6304000,0.4262000,0.8444000,0.5260000,0.4172000,0.8507000,0.5121000,0.3646000,1.0320000,0.4214000,0.4776000,0.8031730,0.2014715,0.2765531},
{0.7708781,0.2460784,0.3476649,0.7885534,0.2299274,0.2355081,0.9592588,0.6383943,0.2309449,0.6760445,0.4929970,0.3618114,0.6954642,0.5692623,0.4444862,0.7480000,0.6314000,0.5782000,0.7637000,0.6297000,0.4264000,0.8442000,0.5263000,0.4173000,0.8511000,0.5116000,0.3645000,1.0320000,0.4210000,0.4775000,0.8012765,0.2038138,0.2774426},
{0.7688255,0.2489982,0.3479076,0.7867136,0.2321445,0.2358615,0.9572978,0.6400244,0.2307326,0.6749899,0.4955721,0.3606383,0.6948047,0.5713168,0.4437167,0.7479000,0.6323000,0.5781000,0.7642000,0.6291000,0.4266000,0.8439000,0.5266000,0.4174000,0.8516000,0.5111000,0.3645000,1.0310000,0.4205000,0.4774000,0.7991516,0.2064566,0.2784100},
{0.7666072,0.2521830,0.3481451,0.7846391,0.2346639,0.2362447,0.9548991,0.6420245,0.2304707,0.6738124,0.4985123,0.3593056,0.6940560,0.5737101,0.4428238,0.7481000,0.6335000,0.5782000,0.7646000,0.6284000,0.4269000,0.8435000,0.5270000,0.4176000,0.8520000,0.5105000,0.3644000,1.0300000,0.4201000,0.4773000,0.7968896,0.2092909,0.2794065},
{0.7642606,0.2555853,0.3483685,0.7824736,0.2373155,0.2366279,0.9522502,0.6442408,0.2301787,0.6725862,0.5016509,0.3578905,0.6932885,0.5762343,0.4418860,0.7482000,0.6347000,0.5783000,0.7651000,0.6277000,0.4271000,0.8431000,0.5274000,0.4177000,0.8525000,0.5100000,0.3644000,1.0300000,0.4196000,0.4772000,0.7945043,0.2123025,0.2804212},
{0.7618560,0.2591070,0.3485676,0.7802570,0.2400522,0.2370024,0.9495596,0.6465005,0.2298791,0.6713350,0.5049387,0.3564164,0.6925323,0.5787971,0.4409379,0.7483000,0.6361000,0.5784000,0.7655000,0.6271000,0.4273000,0.8428000,0.5279000,0.4179000,0.8529000,0.5095000,0.3644000,1.0290000,0.4191000,0.4771000,0.7919368,0.2155696,0.2814728},
{0.7593229,0.2628560,0.3487446,0.7779372,0.2429405,0.2373755,0.9471765,0.6485091,0.2296112,0.6700589,0.5083861,0.3548796,0.6917232,0.5816293,0.4398948,0.7484000,0.6375000,0.5786000,0.7660000,0.6264000,0.4275000,0.8424000,0.5284000,0.4181000,0.8533000,0.5089000,0.3643000,1.0280000,0.4186000,0.4770000,0.7892670,0.2189942,0.2825229},
{0.7567647,0.2666826,0.3488891,0.7755334,0.2459591,0.2377420,0.9444793,0.6507903,0.2293052,0.6688270,0.5118107,0.3533618,0.6909143,0.5845616,0.4388200,0.7486000,0.6391000,0.5788000,0.7664000,0.6257000,0.4278000,0.8418000,0.5289000,0.4184000,0.8538000,0.5084000,0.3643000,1.0270000,0.4181000,0.4769000,0.7865627,0.2224907,0.2835427},
{0.7541649,0.2706134,0.3490008,0.7730414,0.2491158,0.2381008,0.9416086,0.6532277,0.2289761,0.6675552,0.5154526,0.3517572,0.6901089,0.5875911,0.4377148,0.7489000,0.6407000,0.5790000,0.7669000,0.6251000,0.4280000,0.8413000,0.5296000,0.4187000,0.8542000,0.5079000,0.3643000,1.0260000,0.4176000,0.4769000,0.7837897,0.2261042,0.2845435},
{0.7515536,0.2746043,0.3490771,0.7705469,0.2523029,0.2384386,0.9389532,0.6554909,0.2286686,0.6663013,0.5191568,0.3501349,0.6893396,0.5905974,0.4366234,0.7492000,0.6424000,0.5792000,0.7673000,0.6244000,0.4282000,0.8406000,0.5302000,0.4190000,0.8546000,0.5074000,0.3642000,1.0250000,0.4170000,0.4768000,0.7810046,0.2297616,0.2855041},
{0.7488463,0.2787873,0.3491180,0.7679092,0.2557024,0.2387728,0.9361092,0.6579241,0.2283359,0.6650693,0.5229148,0.3484989,0.6885453,0.5938293,0.4354559,0.7495000,0.6441000,0.5794000,0.7678000,0.6237000,0.4284000,0.8400000,0.5310000,0.4193000,0.8551000,0.5068000,0.3642000,1.0240000,0.4165000,0.4768000,0.7781625,0.2335221,0.2864395},
{0.7461140,0.2830560,0.3491197,0.7652214,0.2591970,0.2390894,0.9330882,0.6605193,0.2279788,0.6637884,0.5269565,0.3467504,0.6877977,0.5970025,0.4343152,0.7498000,0.6458000,0.5795000,0.7682000,0.6230000,0.4287000,0.8392000,0.5319000,0.4195000,0.8555000,0.5063000,0.3642000,1.0230000,0.4160000,0.4768000,0.7753760,0.2372361,0.2873135},
{0.7431853,0.2876843,0.3490771,0.7624126,0.2628816,0.2393949,0.9298611,0.6633034,0.2275930,0.6624714,0.5312679,0.3448974,0.6870372,0.6003778,0.4331081,0.7501000,0.6475000,0.5797000,0.7687000,0.6224000,0.4289000,0.8385000,0.5330000,0.4197000,0.8559000,0.5058000,0.3641000,1.0210000,0.4155000,0.4769000,0.7725686,0.2410045,0.2881519},
{0.7402427,0.2923899,0.3489878,0.7594779,0.2667665,0.2396867,0.9263570,0.6663406,0.2271691,0.6610908,0.5359746,0.3428887,0.6862688,0.6039584,0.4318343,0.7504000,0.6492000,0.5797000,0.7692000,0.6217000,0.4291000,0.8377000,0.5339000,0.4200000,0.8564000,0.5052000,0.3641000,1.0200000,0.4150000,0.4770000,0.7695575,0.2450754,0.2890050},
{0.7371570,0.2973843,0.3488437,0.7563773,0.2709093,0.2399650,0.9227757,0.6694600,0.2267304,0.6596617,0.5410702,0.3407302,0.6854817,0.6078297,0.4304647,0.7506000,0.6510000,0.5797000,0.7696000,0.6210000,0.4293000,0.8371000,0.5349000,0.4203000,0.8568000,0.5047000,0.3640000,1.0190000,0.4146000,0.4772000,0.7663612,0.2494288,0.2898596},
{0.7338274,0.3028430,0.3486297,0.7530065,0.2754574,0.2402331,0.9191803,0.6726071,0.2262844,0.6582044,0.5465306,0.3384354,0.6847022,0.6119002,0.4290332,0.7507000,0.6528000,0.5796000,0.7701000,0.6204000,0.4296000,0.8365000,0.5359000,0.4206000,0.8573000,0.5042000,0.3640000,1.0180000,0.4142000,0.4774000,0.7630494,0.2539735,0.2906909},
{0.7304024,0.3085341,0.3483456,0.7495422,0.2801787,0.2404719,0.9153221,0.6760016,0.2257996,0.6566996,0.5524893,0.3359524,0.6838916,0.6164292,0.4274505,0.7507000,0.6551000,0.5793000,0.7705000,0.6197000,0.4298000,0.8359000,0.5366000,0.4210000,0.8577000,0.5036000,0.3640000,1.0170000,0.4139000,0.4776000,0.7594560,0.2589432,0.2915317},
{0.7268225,0.3145659,0.3479786,0.7458826,0.2852176,0.2406841,0.9113875,0.6794818,0.2252986,0.6552374,0.5586401,0.3334119,0.6830953,0.6212382,0.4257812,0.7506000,0.6573000,0.5790000,0.7710000,0.6190000,0.4300000,0.8355000,0.5376000,0.4212000,0.8581000,0.5031000,0.3639000,1.0160000,0.4136000,0.4779000,0.7557058,0.2641715,0.2923430},
{0.7230853,0.3209547,0.3475182,0.7419940,0.2906285,0.2408652,0.9070872,0.6833072,0.2247433,0.6537428,0.5653629,0.3306608,0.6822997,0.6264909,0.4239711,0.7504000,0.6591000,0.5785000,0.7714000,0.6184000,0.4302000,0.8351000,0.5384000,0.4216000,0.8586000,0.5026000,0.3639000,1.0150000,0.4134000,0.4781000,0.7517991,0.2696623,0.2931176},
{0.7191953,0.3277060,0.3469538,0.7378761,0.2964214,0.2410078,0.9024540,0.6874540,0.2241359,0.6522935,0.5723882,0.3278137,0.6815501,0.6319751,0.4220954,0.7502000,0.6609000,0.5778000,0.7719000,0.6177000,0.4304000,0.8346000,0.5389000,0.4219000,0.8590000,0.5020000,0.3639000,1.0150000,0.4132000,0.4785000,0.7477308,0.2754274,0.2938494},
{0.7151432,0.3348502,0.3462720,0.7335281,0.3026074,0.2411044,0.8979443,0.6915156,0.2235356,0.6508445,0.5800311,0.3247478,0.6808267,0.6379425,0.4200708,0.7499000,0.6629000,0.5772000,0.7723000,0.6170000,0.4307000,0.8342000,0.5396000,0.4221000,0.8594000,0.5015000,0.3638000,1.0140000,0.4130000,0.4788000,0.7435480,0.2814038,0.2945239},
{0.7110774,0.3421350,0.3454898,0.7290312,0.3090791,0.2411466,0.8932518,0.6957687,0.2229015,0.6494470,0.5881513,0.3215257,0.6801757,0.6441342,0.4179875,0.7496000,0.6651000,0.5764000,0.7728000,0.6164000,0.4309000,0.8339000,0.5404000,0.4223000,0.8599000,0.5010000,0.3638000,1.0140000,0.4128000,0.4792000,0.7391506,0.2877392,0.2951494},
{0.7068796,0.3497814,0.3445772,0.7243964,0.3158265,0.2411297,0.8882284,0.7003521,0.2222117,0.6481236,0.5967450,0.3181541,0.6796020,0.6505996,0.4158310,0.7492000,0.6674000,0.5756000,0.7732000,0.6157000,0.4311000,0.8336000,0.5410000,0.4225000,0.8603000,0.5004000,0.3638000,1.0130000,0.4127000,0.4796000,0.7346854,0.2942266,0.2956986},
{0.7025794,0.3577489,0.3435291,0.7196666,0.3227926,0.2410499,0.8833385,0.7048443,0.2215293,0.6469144,0.6056700,0.3146934,0.6791176,0.6573353,0.4136042,0.7489000,0.6699000,0.5745000,0.7737000,0.6150000,0.4313000,0.8331000,0.5415000,0.4228000,0.8607000,0.4999000,0.3637000,1.0120000,0.4125000,0.4800000,0.7299784,0.3011231,0.2961855},
{0.6982453,0.3659206,0.3423538,0.7145349,0.3304408,0.2408927,0.8780775,0.7097110,0.2207830,0.6458536,0.6147445,0.3112164,0.6787406,0.6642044,0.4113540,0.7485000,0.6725000,0.5734000,0.7741000,0.6144000,0.4316000,0.8328000,0.5422000,0.4230000,0.8612000,0.4994000,0.3637000,1.0110000,0.4124000,0.4804000,0.7251396,0.3082738,0.2965893},
{0.6938070,0.3744397,0.3410233,0.7092437,0.3384242,0.2406547,0.8729500,0.7144884,0.2200435,0.6449352,0.6240892,0.3076789,0.6784722,0.6713307,0.4090412,0.7481000,0.6753000,0.5721000,0.7746000,0.6137000,0.4318000,0.8324000,0.5429000,0.4232000,0.8612000,0.4994000,0.3637000,1.0100000,0.4122000,0.4807000,0.7201285,0.3157430,0.2969056},
{0.6893868,0.3830805,0.3395666,0.7038459,0.3466692,0.2403333,0.8677848,0.7193350,0.2192864,0.6441665,0.6337625,0.3040621,0.6783249,0.6786306,0.4066946,0.7478000,0.6781000,0.5708000,0.7750000,0.6130000,0.4320000,0.8321000,0.5438000,0.4233000,0.8604000,0.4999000,0.3632000,1.0090000,0.4120000,0.4810000,0.7149654,0.3235060,0.2971248},
{0.6848679,0.3920808,0.3379373,0.6982525,0.3553195,0.2399171,0.8623472,0.7244748,0.2184759,0.6435671,0.6436811,0.3004001,0.6783059,0.6860842,0.4043217,0.7477000,0.6811000,0.5696000,0.7750000,0.6130000,0.4320000,0.8315000,0.5446000,0.4234000,0.8606000,0.5009000,0.3631000,1.0080000,0.4118000,0.4812000,0.7096622,0.3315497,0.2972388},
{0.6803394,0.4012754,0.3361572,0.6926429,0.3641027,0.2394155,0.8570133,0.7295540,0.2176674,0.6431471,0.6538634,0.2966892,0.6784226,0.6937230,0.4019139,0.7478000,0.6841000,0.5684000,0.7703000,0.6119000,0.4329000,0.8309000,0.5457000,0.4234000,0.8599000,0.5016000,0.3627000,1.0060000,0.4116000,0.4814000,0.7042474,0.3398350,0.2972403},
{0.6760360,0.4101814,0.3343238,0.6869790,0.3730796,0.2388242,0.8515809,0.7347657,0.2168301,0.6429200,0.6641993,0.2929715,0.6786809,0.7014897,0.3994904,0.7480000,0.6873000,0.5675000,0.7713000,0.6146000,0.4322000,0.8301000,0.5468000,0.4234000,0.8591000,0.5022000,0.3627000,1.0050000,0.4115000,0.4815000,0.6989215,0.3480548,0.2971296},
{0.6715203,0.4197110,0.3322452,0.6812103,0.3823346,0.2381346,0.8465154,0.7396610,0.2160367,0.6428916,0.6746297,0.2892695,0.6790827,0.7093203,0.3970719,0.7483000,0.6905000,0.5667000,0.7717000,0.6170000,0.4317000,0.8293000,0.5480000,0.4234000,0.8581000,0.5030000,0.3623000,1.0030000,0.4113000,0.4816000,0.6934191,0.3566199,0.2968996},
{0.6673249,0.4287403,0.3301661,0.6754719,0.3916525,0.2373617,0.8415849,0.7444590,0.2152525,0.6430599,0.6849625,0.2856507,0.6796163,0.7170352,0.3947134,0.7487000,0.6939000,0.5660000,0.7715000,0.6193000,0.4314000,0.8283000,0.5492000,0.4234000,0.8570000,0.5039000,0.3623000,1.0010000,0.4110000,0.4817000,0.6879632,0.3651851,0.2965561},
{0.6630813,0.4380539,0.3279113,0.6698585,0.4008745,0.2365218,0.8366401,0.7493042,0.2144542,0.6434185,0.6952198,0.2821057,0.6803048,0.7249474,0.3923195,0.7491000,0.6973000,0.5651000,0.7714000,0.6219000,0.4312000,0.8272000,0.5508000,0.4234000,0.8558000,0.5050000,0.3621000,0.9988000,0.4108000,0.4817000,0.6823914,0.3740065,0.2960873},
{0.6588636,0.4474993,0.3255117,0.6638048,0.4109389,0.2355233,0.8318832,0.7539969,0.2136748,0.6439652,0.7054566,0.2786146,0.6811183,0.7327069,0.3899963,0.7497000,0.7006000,0.5642000,0.7712000,0.6246000,0.4310000,0.8262000,0.5525000,0.4233000,0.8544000,0.5062000,0.3623000,0.9965000,0.4105000,0.4818000,0.6767768,0.3829716,0.2954946},
{0.6546565,0.4571179,0.3229525,0.6579720,0.4207527,0.2344702,0.8267654,0.7590806,0.2128238,0.6446943,0.7156287,0.2751914,0.6820649,0.7404380,0.3877055,0.7505000,0.7040000,0.5632000,0.7713000,0.6275000,0.4308000,0.8251000,0.5543000,0.4234000,0.8532000,0.5078000,0.3621000,0.9941000,0.4103000,0.4819000,0.6710541,0.3921873,0.2947664},
{0.6504884,0.4668520,0.3202447,0.6520588,0.4308190,0.2333111,0.8219949,0.7638526,0.2120187,0.6456216,0.7259401,0.2717678,0.6831533,0.7482102,0.3854267,0.7516000,0.7074000,0.5621000,0.7714000,0.6305000,0.4306000,0.8239000,0.5561000,0.4234000,0.8517000,0.5093000,0.3621000,0.9917000,0.4100000,0.4820000,0.6653770,0.4014075,0.2939201},
{0.6463767,0.4766661,0.3173956,0.6460067,0.4412442,0.2320292,0.8170716,0.7688112,0.2111757,0.6467418,0.7362821,0.2683812,0.6843764,0.7559660,0.3831768,0.7523000,0.7108000,0.5613000,0.7716000,0.6336000,0.4303000,0.8228000,0.5581000,0.4234000,0.8504000,0.5109000,0.3622000,0.9894000,0.4098000,0.4821000,0.6595118,0.4110150,0.2929158},
{0.6422544,0.4867298,0.3143505,0.6400946,0.4515486,0.2306830,0.8123460,0.7736032,0.2103549,0.6480517,0.7466186,0.2650434,0.6857420,0.7637500,0.3809431,0.7531000,0.7142000,0.5603000,0.7719000,0.6369000,0.4300000,0.8218000,0.5599000,0.4234000,0.8492000,0.5125000,0.3622000,0.9870000,0.4097000,0.4824000,0.6536172,0.4207550,0.2917726},
{0.6382583,0.4967146,0.3112058,0.6340925,0.4621324,0.2292207,0.8073905,0.7786633,0.2094817,0.6495394,0.7568724,0.2617788,0.6872510,0.7715559,0.3787278,0.7537000,0.7177000,0.5595000,0.7723000,0.6401000,0.4297000,0.8206000,0.5615000,0.4235000,0.8481000,0.5141000,0.3622000,0.9847000,0.4095000,0.4826000,0.6476457,0.4307087,0.2904767},
{0.6343723,0.5066559,0.3079529,0.6281779,0.4726838,0.2276846,0.8028823,0.7832977,0.2086762,0.6512423,0.7672826,0.2585121,0.6889263,0.7794773,0.3765050,0.7543000,0.7212000,0.5587000,0.7726000,0.6433000,0.4294000,0.8195000,0.5632000,0.4235000,0.8471000,0.5157000,0.3622000,0.9823000,0.4094000,0.4828000,0.6417391,0.4406411,0.2890571},
{0.6305372,0.5167083,0.3045397,0.6222843,0.4833191,0.2260592,0.7985166,0.7878144,0.2078858,0.6529856,0.7768814,0.2555428,0.6906668,0.7870591,0.3744017,0.7549000,0.7246000,0.5579000,0.7729000,0.6464000,0.4291000,0.8186000,0.5651000,0.4235000,0.8459000,0.5173000,0.3622000,0.9800000,0.4093000,0.4831000,0.6358180,0.4506853,0.2874948},
{0.6268175,0.5267053,0.3010214,0.6163094,0.4942263,0.2243137,0.7940953,0.7924176,0.2070750,0.6548327,0.7861748,0.2527074,0.6925072,0.7945023,0.3723601,0.7557000,0.7280000,0.5571000,0.7733000,0.6494000,0.4288000,0.8176000,0.5669000,0.4237000,0.8447000,0.5188000,0.3623000,0.9777000,0.4093000,0.4833000,0.6298591,0.4608834,0.2857798},
{0.6231752,0.5367505,0.2973609,0.6106423,0.5046899,0.2225659,0.7895987,0.7971297,0.2062395,0.6567811,0.7952148,0.2499868,0.6943550,0.8014893,0.3704648,0.7566000,0.7314000,0.5563000,0.7736000,0.6522000,0.4285000,0.8167000,0.5687000,0.4237000,0.8435000,0.5204000,0.3624000,0.9753000,0.4093000,0.4836000,0.6239109,0.4711548,0.2839227},
{0.6196136,0.5468400,0.2935568,0.6048176,0.5155660,0.2206745,0.7853846,0.8015738,0.2054465,0.6588688,0.8042055,0.2473181,0.6962734,0.8083128,0.3686340,0.7576000,0.7348000,0.5555000,0.7739000,0.6551000,0.4283000,0.8157000,0.5704000,0.4239000,0.8421000,0.5218000,0.3626000,0.9731000,0.4094000,0.4840000,0.6179812,0.4814869,0.2819241},
{0.6161565,0.5569103,0.2896315,0.5989129,0.5267195,0.2186573,0.7808915,0.8063424,0.2045901,0.6610910,0.8131314,0.2447056,0.6982461,0.8149410,0.3668748,0.7586000,0.7381000,0.5547000,0.7741000,0.6575000,0.4281000,0.8146000,0.5719000,0.4241000,0.8407000,0.5230000,0.3628000,0.9707000,0.4095000,0.4844000,0.6120844,0.4918554,0.2797875},
{0.6127054,0.5672636,0.2854604,0.5932148,0.5376072,0.2166136,0.7764441,0.8110937,0.2037312,0.6634294,0.8219300,0.2421669,0.7002985,0.8214772,0.3651590,0.7595000,0.7415000,0.5540000,0.7742000,0.6600000,0.4280000,0.8136000,0.5737000,0.4243000,0.8393000,0.5243000,0.3631000,0.9685000,0.4097000,0.4848000,0.6061098,0.5024587,0.2774673},
{0.6094320,0.5773917,0.2812452,0.5874873,0.5486769,0.2144611,0.7721671,0.8156925,0.2028947,0.6659125,0.8307144,0.2396691,0.7024328,0.8279360,0.3634821,0.7604000,0.7448000,0.5532000,0.7742000,0.6624000,0.4279000,0.8126000,0.5754000,0.4245000,0.8379000,0.5255000,0.3634000,0.9662000,0.4100000,0.4853000,0.6001558,0.5131258,0.2749952},
{0.6063066,0.5873740,0.2769578,0.5817660,0.5598633,0.2122105,0.7680915,0.8201020,0.2020878,0.6684876,0.8393075,0.2372617,0.7046301,0.8342698,0.3618562,0.7612000,0.7481000,0.5523000,0.7740000,0.6646000,0.4279000,0.8114000,0.5769000,0.4247000,0.8363000,0.5267000,0.3637000,0.9639000,0.4103000,0.4857000,0.5942313,0.5238432,0.2723719},
{0.6032523,0.5974609,0.2724891,0.5761258,0.5710200,0.2098913,0.7639123,0.8246517,0.2012503,0.6711898,0.8478401,0.2349073,0.7069046,0.8405276,0.3602680,0.7621000,0.7513000,0.5514000,0.7740000,0.6668000,0.4277000,0.8105000,0.5785000,0.4249000,0.8349000,0.5278000,0.3640000,0.9617000,0.4106000,0.4862000,0.5882739,0.5347269,0.2695641},
{0.6003244,0.6074789,0.2679121,0.5705243,0.5822301,0.2074865,0.7600128,0.8289228,0.2004597,0.6739558,0.8561275,0.2326554,0.7092822,0.8467805,0.3586995,0.7629000,0.7544000,0.5507000,0.7739000,0.6690000,0.4276000,0.8096000,0.5801000,0.4250000,0.8335000,0.5290000,0.3642000,0.9594000,0.4109000,0.4867000,0.5823642,0.5456337,0.2666039},
{0.5975462,0.6173451,0.2632660,0.5650002,0.5934159,0.2050130,0.7559733,0.8333740,0.1996310,0.6767479,0.8640924,0.2305243,0.7116822,0.8528248,0.3572013,0.7637000,0.7573000,0.5501000,0.7739000,0.6713000,0.4274000,0.8084000,0.5817000,0.4252000,0.8321000,0.5302000,0.3645000,0.9571000,0.4113000,0.4873000,0.5765332,0.5565070,0.2635054},
{0.5948896,0.6271577,0.2585052,0.5595625,0.6045570,0.2024766,0.7520580,0.8377145,0.1988185,0.6796827,0.8720802,0.2284203,0.7141624,0.8588162,0.3557341,0.7644000,0.7602000,0.5496000,0.7738000,0.6736000,0.4272000,0.8075000,0.5835000,0.4253000,0.8307000,0.5315000,0.3648000,0.9548000,0.4117000,0.4878000,0.5706790,0.5675404,0.2602089},
{0.5923397,0.6369803,0.2535956,0.5542341,0.6156036,0.1998902,0.7482318,0.8419815,0.1980154,0.6826688,0.8798479,0.2264070,0.7167398,0.8647940,0.3542883,0.7651000,0.7631000,0.5490000,0.7737000,0.6758000,0.4270000,0.8065000,0.5852000,0.4254000,0.8293000,0.5329000,0.3650000,0.9525000,0.4121000,0.4884000,0.5649478,0.5784609,0.2567927},
{0.5900162,0.6463359,0.2487812,0.5490125,0.6265571,0.1972554,0.7445020,0.8461653,0.1972239,0.6857078,0.8874192,0.2244764,0.7193179,0.8705432,0.3529154,0.7658000,0.7659000,0.5485000,0.7736000,0.6780000,0.4267000,0.8055000,0.5868000,0.4255000,0.8281000,0.5342000,0.3652000,0.9501000,0.4127000,0.4889000,0.5593185,0.5893079,0.2532457},
{0.5878070,0.6556556,0.2438467,0.5439376,0.6373291,0.1945962,0.7409621,0.8501587,0.1964646,0.6887730,0.8947473,0.2226384,0.7218952,0.8760795,0.3516100,0.7665000,0.7687000,0.5480000,0.7734000,0.6802000,0.4265000,0.8045000,0.5886000,0.4256000,0.8269000,0.5357000,0.3654000,0.9477000,0.4132000,0.4895000,0.5538810,0.5999052,0.2496291},
{0.5857485,0.6647866,0.2388729,0.5389785,0.6479795,0.1919007,0.7373598,0.8542453,0.1956837,0.6919057,0.9019462,0.2208628,0.7244959,0.8814695,0.3503552,0.7671000,0.7716000,0.5476000,0.7722000,0.6821000,0.4265000,0.7995000,0.5883000,0.4266000,0.8258000,0.5372000,0.3655000,0.9453000,0.4138000,0.4901000,0.5485695,0.6103774,0.2459047},
{0.5838670,0.6735893,0.2339424,0.5341803,0.6584060,0.1891978,0.7339966,0.8580815,0.1949472,0.6949542,0.9086937,0.2192264,0.7270824,0.8866484,0.3491650,0.7677000,0.7745000,0.5472000,0.7724000,0.6844000,0.4261000,0.7988000,0.5901000,0.4266000,0.8246000,0.5387000,0.3657000,0.9429000,0.4145000,0.4906000,0.5433607,0.6207703,0.2420567},
{0.5821567,0.6820557,0.2290697,0.5294959,0.6687050,0.1864655,0.7309024,0.8616289,0.1942631,0.6979382,0.9150713,0.2177050,0.7296800,0.8916804,0.3480235,0.7683000,0.7775000,0.5469000,0.7727000,0.6867000,0.4258000,0.7981000,0.5920000,0.4267000,0.8235000,0.5403000,0.3658000,0.9404000,0.4152000,0.4912000,0.5383836,0.6308224,0.2381870},
{0.5806465,0.6899883,0.2243830,0.5250095,0.6786839,0.1837586,0.7279490,0.8650314,0.1936043,0.7007947,0.9209813,0.2163177,0.7321285,0.8962782,0.3469937,0.7690000,0.7804000,0.5466000,0.7727000,0.6889000,0.4256000,0.7972000,0.5939000,0.4268000,0.8224000,0.5420000,0.3660000,0.9379000,0.4160000,0.4918000,0.5336208,0.6405606,0.2342948},
{0.5792392,0.6978630,0.2196096,0.5208186,0.6881122,0.1811469,0.7253067,0.8680891,0.1930099,0.7035626,0.9265378,0.2150338,0.7345226,0.9006457,0.3460276,0.7697000,0.7833000,0.5464000,0.7726000,0.6911000,0.4254000,0.7961000,0.5958000,0.4269000,0.8211000,0.5436000,0.3662000,0.9355000,0.4168000,0.4923000,0.5290797,0.6499618,0.2303989},
{0.5779772,0.7054305,0.2149037,0.5167952,0.6972639,0.1785613,0.7226950,0.8711243,0.1924179,0.7063130,0.9319037,0.2138131,0.7368048,0.9046977,0.3451420,0.7704000,0.7860000,0.5461000,0.7724000,0.6934000,0.4254000,0.7951000,0.5978000,0.4271000,0.8198000,0.5453000,0.3665000,0.9330000,0.4176000,0.4929000,0.5246930,0.6591595,0.2264511},
{0.5768848,0.7124806,0.2104100,0.5131893,0.7055532,0.1761760,0.7202003,0.8740355,0.1918481,0.7089122,0.9368398,0.2127072,0.7389761,0.9084566,0.3443299,0.7711000,0.7888000,0.5458000,0.7722000,0.6956000,0.4253000,0.7940000,0.5998000,0.4273000,0.8184000,0.5469000,0.3668000,0.9306000,0.4184000,0.4934000,0.5206578,0.6677287,0.2226473},
{0.5758992,0.7193658,0.2059146,0.5094922,0.7141411,0.1736609,0.7177504,0.8769060,0.1912844,0.7114677,0.9415721,0.2116627,0.7411010,0.9120491,0.3435627,0.7717000,0.7914000,0.5455000,0.7719000,0.6977000,0.4253000,0.7929000,0.6017000,0.4276000,0.8170000,0.5485000,0.3672000,0.9281000,0.4194000,0.4939000,0.5166384,0.6763761,0.2186807},
{0.5750363,0.7259431,0.2015167,0.5059839,0.7223772,0.1712065,0.7154387,0.8796252,0.1907487,0.7139587,0.9460751,0.2106835,0.7431740,0.9154748,0.3428393,0.7723000,0.7941000,0.5451000,0.7716000,0.6999000,0.4252000,0.7918000,0.6037000,0.4278000,0.8155000,0.5502000,0.3675000,0.9257000,0.4202000,0.4945000,0.5129256,0.6844712,0.2148461},
{0.5742919,0.7321864,0.1972441,0.5027698,0.7299998,0.1688977,0.7131931,0.8822764,0.1902248,0.7163917,0.9503735,0.2097624,0.7452518,0.9188337,0.3421380,0.7729000,0.7967000,0.5446000,0.7713000,0.7020000,0.4251000,0.7907000,0.6055000,0.4279000,0.8141000,0.5517000,0.3678000,0.9234000,0.4212000,0.4951000,0.5093737,0.6923205,0.2110110},
{0.5736490,0.7381800,0.1930481,0.4997422,0.7372505,0.1666680,0.7111514,0.8846955,0.1897453,0.7187656,0.9544763,0.2088960,0.7473085,0.9220872,0.3414664,0.7733000,0.7992000,0.5442000,0.7709000,0.7040000,0.4249000,0.7896000,0.6074000,0.4281000,0.8126000,0.5531000,0.3682000,0.9212000,0.4222000,0.4957000,0.5060210,0.6998319,0.2072285},
{0.5731144,0.7437875,0.1890344,0.4968395,0.7442687,0.1644782,0.7091475,0.8870779,0.1892719,0.7210116,0.9582786,0.2081045,0.7493623,0.9252684,0.3408174,0.7735000,0.8017000,0.5439000,0.7707000,0.7060000,0.4247000,0.7886000,0.6091000,0.4282000,0.8113000,0.5546000,0.3685000,0.9190000,0.4232000,0.4963000,0.5029045,0.7069112,0.2035580},
{0.5726663,0.7491548,0.1851090,0.4941824,0.7507526,0.1624273,0.7072406,0.8893524,0.1888188,0.7232924,0.9620636,0.2073276,0.7513440,0.9282757,0.3402109,0.7737000,0.8042000,0.5434000,0.7704000,0.7080000,0.4245000,0.7876000,0.6109000,0.4283000,0.8100000,0.5560000,0.3687000,0.9168000,0.4242000,0.4970000,0.5000257,0.7135413,0.2000235},
{0.5723122,0.7540868,0.1814261,0.4917355,0.7567755,0.1604980,0.7054845,0.8914534,0.1883991,0.7254173,0.9655232,0.2066275,0.7532824,0.9311603,0.3396357,0.7738000,0.8065000,0.5429000,0.7700000,0.7099000,0.4243000,0.7867000,0.6126000,0.4284000,0.8088000,0.5573000,0.3690000,0.9148000,0.4251000,0.4976000,0.4973726,0.7197355,0.1966326},
{0.5720385,0.7586082,0.1779830,0.4894550,0.7624356,0.1586635,0.7039954,0.8932399,0.1880415,0.7275134,0.9688751,0.2059584,0.7551721,0.9339199,0.3390918,0.7740000,0.8087000,0.5423000,0.7697000,0.7116000,0.4241000,0.7858000,0.6143000,0.4286000,0.8075000,0.5587000,0.3694000,0.9128000,0.4262000,0.4983000,0.4949697,0.7254214,0.1934411},
{0.5718285,0.7628402,0.1746995,0.4874002,0.7675754,0.1569794,0.7025288,0.8950039,0.1876878,0.7295535,0.9720812,0.2053272,0.7569232,0.9364322,0.3386020,0.7745000,0.8108000,0.5415000,0.7694000,0.7134000,0.4239000,0.7849000,0.6158000,0.4287000,0.8064000,0.5600000,0.3697000,0.9110000,0.4271000,0.4989000,0.4927756,0.7306814,0.1904185},
{0.5716760,0.7667524,0.1716094,0.4855179,0.7723182,0.1554098,0.7012019,0.8966035,0.1873664,0.7314830,0.9750637,0.2047478,0.7586126,0.9388161,0.3381421,0.7741000,0.8129000,0.5411000,0.7690000,0.7151000,0.4237000,0.7841000,0.6174000,0.4288000,0.8054000,0.5613000,0.3699000,0.9092000,0.4282000,0.4996000,0.4907920,0.7354979,0.1875889},
{0.5715730,0.7703357,0.1687310,0.4837904,0.7767006,0.1539461,0.7000653,0.8979765,0.1870901,0.7333630,0.9779246,0.2041992,0.7601930,0.9410114,0.3377229,0.7740000,0.8149000,0.5405000,0.7687000,0.7167000,0.4234000,0.7832000,0.6189000,0.4288000,0.8045000,0.5626000,0.3702000,0.9075000,0.4293000,0.5003000,0.4889701,0.7399768,0.1849025},
{0.5715085,0.7737737,0.1659240,0.4822166,0.7807186,0.1525928,0.6989306,0.8993501,0.1868132,0.7351396,0.9805884,0.2036948,0.7617590,0.9431547,0.3373178,0.7738000,0.8167000,0.5399000,0.7683000,0.7182000,0.4232000,0.7825000,0.6203000,0.4289000,0.8034000,0.5638000,0.3705000,0.9055000,0.4303000,0.5008000,0.4873067,0.7441156,0.1823709},
{0.5714800,0.7769579,0.1632832,0.4807543,0.7844746,0.1513177,0.6978417,0.9006706,0.1865467,0.7368795,0.9831603,0.2032140,0.7632203,0.9451263,0.3369488,0.7735000,0.8184000,0.5392000,0.7680000,0.7197000,0.4229000,0.7817000,0.6219000,0.4290000,0.8027000,0.5650000,0.3707000,0.9039000,0.4314000,0.5015000,0.4857783,0.7479638,0.1799730},
{0.5714813,0.7798456,0.1608526,0.4794997,0.7877144,0.1502101,0.6968589,0.9018646,0.1863053,0.7385259,0.9855615,0.2027705,0.7645772,0.9469331,0.3366137,0.7731000,0.8200000,0.5385000,0.7676000,0.7211000,0.4226000,0.7809000,0.6233000,0.4290000,0.8018000,0.5661000,0.3710000,0.9021000,0.4324000,0.5021000,0.4843694,0.7515520,0.1776974},
{0.5715059,0.7824838,0.1586012,0.4782771,0.7908878,0.1491181,0.6958993,0.9030325,0.1860690,0.7400338,0.9877332,0.2023740,0.7657997,0.9485416,0.3363180,0.7728000,0.8215000,0.5378000,0.7672000,0.7224000,0.4224000,0.7802000,0.6245000,0.4290000,0.8010000,0.5672000,0.3712000,0.9007000,0.4334000,0.5028000,0.4831361,0.7547279,0.1756502}
};
