fitErrPi Mean = 0.318282
fitErrTh Mean = 0.0778782
fitErrWr Mean = 0.0940125
fitErrLA Mean = 0.183296
fitErrEl Mean = 0.223158
fitErrUA Mean = 0.274165
efPts = {
{0.1741263,0.8583472,0.1598169,0.1047373,0.8583352,0.1605293,0.3564537,0.9414356,0.1367052,0.5059098,0.9881569,0.1148442,0.6232722,0.9793243,0.2060027,0.4989000,0.8315000,0.4385000,0.4998000,0.6727000,0.3221000,0.5763000,0.6067000,0.2478000,0.5899000,0.5757000,0.3695000,0.6169000,0.5107000,0.5270000,0.3182822,0.0000000,0.0000000},
{0.1713520,0.8570119,0.1561138,0.1016662,0.8571499,0.1567317,0.3543778,0.9395669,0.1338778,0.5037577,0.9861322,0.1119868,0.6220716,0.9790014,0.2040093,0.4955000,0.8306000,0.4378000,0.4971000,0.6721000,0.3214000,0.5743000,0.6064000,0.2471000,0.5894000,0.5756000,0.3694000,0.6143000,0.5111000,0.5268000,0.3182822,0.0000000,0.0000000},
{0.1687722,0.8557594,0.1525997,0.0988302,0.8560451,0.1531383,0.3523136,0.9376991,0.1310376,0.5017331,0.9842192,0.1092760,0.6206498,0.9786199,0.2016387,0.4921000,0.8297000,0.4371000,0.4945000,0.6717000,0.3205000,0.5723000,0.6061000,0.2464000,0.5889000,0.5756000,0.3694000,0.6117000,0.5117000,0.5265000,0.3182822,0.0000000,0.0000000},
{0.1663639,0.8545807,0.1492563,0.0961582,0.8549951,0.1496746,0.3503710,0.9359323,0.1283381,0.4995688,0.9821649,0.1063533,0.6194675,0.9783033,0.1996593,0.4888000,0.8288000,0.4363000,0.4919000,0.6712000,0.3197000,0.5704000,0.6057000,0.2458000,0.5884000,0.5755000,0.3693000,0.6091000,0.5122000,0.5262000,0.3182822,0.0000000,0.0000000},
{0.1640488,0.8534388,0.1459835,0.0936091,0.8539848,0.1462978,0.3484908,0.9342139,0.1257002,0.4975827,0.9802712,0.1036484,0.6181875,0.9779612,0.1975080,0.4855000,0.8280000,0.4355000,0.4893000,0.6708000,0.3188000,0.5685000,0.6053000,0.2450000,0.5880000,0.5754000,0.3693000,0.6065000,0.5128000,0.5259000,0.3182822,0.0000000,0.0000000},
{0.1618269,0.8523343,0.1427866,0.0912785,0.8530537,0.1431467,0.3467125,0.9325809,0.1231824,0.4956997,0.9784683,0.1010634,0.6169058,0.9776194,0.1953450,0.4822000,0.8271000,0.4347000,0.4869000,0.6705000,0.3179000,0.5666000,0.6047000,0.2442000,0.5875000,0.5754000,0.3692000,0.6039000,0.5133000,0.5255000,0.3182822,0.0000000,0.0000000},
{0.1597091,0.8512738,0.1396876,0.0889913,0.8521328,0.1399935,0.3450312,0.9310300,0.1207811,0.4939663,0.9768019,0.0986659,0.6157159,0.9773027,0.1933290,0.4789000,0.8262000,0.4338000,0.4846000,0.6701000,0.3169000,0.5647000,0.6042000,0.2433000,0.5870000,0.5753000,0.3692000,0.6014000,0.5139000,0.5252000,0.3182822,0.0000000,0.0000000},
{0.1577253,0.8502731,0.1367373,0.0867955,0.8512418,0.1369077,0.3433083,0.9294336,0.1182991,0.4922582,0.9751535,0.0962863,0.6145444,0.9769914,0.1913365,0.4757000,0.8254000,0.4329000,0.4823000,0.6698000,0.3159000,0.5628000,0.6036000,0.2425000,0.5865000,0.5753000,0.3691000,0.5988000,0.5142000,0.5248000,0.3182822,0.0000000,0.0000000},
{0.1557653,0.8492775,0.1337761,0.0847524,0.8504066,0.1339837,0.3416800,0.9279181,0.1159333,0.4906174,0.9735642,0.0939845,0.6133607,0.9766776,0.1893158,0.4725000,0.8246000,0.4320000,0.4800000,0.6694000,0.3149000,0.5609000,0.6030000,0.2416000,0.5861000,0.5752000,0.3691000,0.5963000,0.5147000,0.5244000,0.3182822,0.0000000,0.0000000},
{0.1539226,0.8483349,0.1309490,0.0827539,0.8495836,0.1310724,0.3401984,0.9265334,0.1137635,0.4890364,0.9720271,0.0917514,0.6121934,0.9763687,0.1873154,0.4694000,0.8237000,0.4310000,0.4777000,0.6690000,0.3139000,0.5588000,0.6023000,0.2408000,0.5856000,0.5752000,0.3690000,0.5938000,0.5149000,0.5240000,0.3182822,0.0000000,0.0000000},
{0.1521197,0.8474064,0.1281413,0.0807511,0.8487527,0.1281025,0.3387009,0.9251281,0.1115533,0.4875128,0.9705406,0.0895852,0.6111347,0.9760891,0.1854946,0.4666000,0.8228000,0.4300000,0.4755000,0.6686000,0.3128000,0.5567000,0.6015000,0.2400000,0.5851000,0.5751000,0.3690000,0.5914000,0.5153000,0.5236000,0.3182822,0.0000000,0.0000000},
{0.1504280,0.8465293,0.1254682,0.0789357,0.8479941,0.1253638,0.3372351,0.9237469,0.1093732,0.4860397,0.9690984,0.0874773,0.6101076,0.9758183,0.1837222,0.4638000,0.8220000,0.4291000,0.4734000,0.6682000,0.3118000,0.5547000,0.6007000,0.2393000,0.5846000,0.5751000,0.3690000,0.5889000,0.5156000,0.5232000,0.3182822,0.0000000,0.0000000},
{0.1487092,0.8456322,0.1227128,0.0770642,0.8472063,0.1224921,0.3358663,0.9224521,0.1073222,0.4845872,0.9676715,0.0853859,0.6090452,0.9755387,0.1818827,0.4611000,0.8213000,0.4281000,0.4713000,0.6677000,0.3108000,0.5535000,0.6006000,0.2379000,0.5842000,0.5750000,0.3689000,0.5866000,0.5159000,0.5227000,0.3182822,0.0000000,0.0000000},
{0.1470721,0.8447720,0.1200506,0.0752920,0.8464548,0.1197258,0.3345016,0.9211562,0.1052626,0.4831831,0.9662875,0.0833517,0.6081645,0.9753073,0.1803528,0.4585000,0.8206000,0.4271000,0.4693000,0.6674000,0.3098000,0.5535000,0.6006000,0.2379000,0.5837000,0.5750000,0.3689000,0.5843000,0.5162000,0.5223000,0.3182822,0.0000000,0.0000000},
{0.1454858,0.8439329,0.1174342,0.0735623,0.8457161,0.1169806,0.3332083,0.9199234,0.1032969,0.4817897,0.9649094,0.0813206,0.6071602,0.9750439,0.1786030,0.4560000,0.8200000,0.4260000,0.4674000,0.6669000,0.3087000,0.5535000,0.6006000,0.2380000,0.5832000,0.5749000,0.3688000,0.5820000,0.5165000,0.5218000,0.3182822,0.0000000,0.0000000},
{0.1439396,0.8431096,0.1148484,0.0718914,0.8449972,0.1142841,0.3318508,0.9186245,0.1012190,0.4804710,0.9636010,0.0793869,0.6062965,0.9748177,0.1770935,0.4536000,0.8193000,0.4250000,0.4657000,0.6666000,0.3076000,0.5535000,0.6005000,0.2381000,0.5827000,0.5749000,0.3688000,0.5799000,0.5168000,0.5213000,0.3182822,0.0000000,0.0000000},
{0.1424211,0.8422958,0.1122735,0.0701491,0.8442420,0.1114240,0.3306057,0.9174286,0.0992997,0.4793295,0.9624651,0.0777041,0.6054240,0.9745895,0.1755642,0.4512000,0.8187000,0.4240000,0.4639000,0.6662000,0.3065000,0.5535000,0.6005000,0.2382000,0.5823000,0.5748000,0.3687000,0.5778000,0.5171000,0.5209000,0.3182822,0.0000000,0.0000000},
{0.1409128,0.8414819,0.1096800,0.0685122,0.8435269,0.1086900,0.3293616,0.9162294,0.0973689,0.4780374,0.9611754,0.0757889,0.6045192,0.9743533,0.1739736,0.4491000,0.8181000,0.4230000,0.4622000,0.6659000,0.3055000,0.5535000,0.6004000,0.2383000,0.5818000,0.5748000,0.3687000,0.5757000,0.5173000,0.5204000,0.3182822,0.0000000,0.0000000},
{0.1394152,0.8406684,0.1070683,0.0667458,0.8427490,0.1056864,0.3282135,0.9151188,0.0955755,0.4769115,0.9600482,0.0741109,0.6037040,0.9741409,0.1725366,0.4470000,0.8176000,0.4220000,0.4607000,0.6655000,0.3045000,0.5535000,0.6004000,0.2384000,0.5813000,0.5747000,0.3686000,0.5737000,0.5174000,0.5200000,0.3182822,0.0000000,0.0000000},
{0.1379892,0.8398883,0.1045463,0.0650926,0.8420147,0.1028226,0.3271080,0.9140458,0.0938380,0.4758017,0.9589342,0.0724488,0.6030275,0.9739648,0.1713409,0.4451000,0.8171000,0.4211000,0.4592000,0.6653000,0.3035000,0.5535000,0.6003000,0.2385000,0.5808000,0.5747000,0.3686000,0.5719000,0.5176000,0.5196000,0.3182822,0.0000000,0.0000000},
{0.1364173,0.8390222,0.1017249,0.0634051,0.8412587,0.0998440,0.3259979,0.9129647,0.0920823,0.4748019,0.9579279,0.0709442,0.6024187,0.9738065,0.1702627,0.4433000,0.8167000,0.4202000,0.4579000,0.6651000,0.3026000,0.5535000,0.6002000,0.2386000,0.5804000,0.5746000,0.3685000,0.5701000,0.5178000,0.5192000,0.3182822,0.0000000,0.0000000},
{0.1349439,0.8382042,0.0990395,0.0616867,0.8404818,0.0967506,0.3248491,0.9118420,0.0902540,0.4739561,0.9570746,0.0696660,0.6017609,0.9736356,0.1690953,0.4417000,0.8163000,0.4194000,0.4567000,0.6650000,0.3018000,0.5535000,0.6002000,0.2387000,0.5799000,0.5746000,0.3685000,0.5685000,0.5180000,0.5189000,0.3182822,0.0000000,0.0000000},
{0.1336394,0.8374749,0.0966278,0.0603438,0.8398695,0.0942884,0.3238895,0.9109012,0.0887178,0.4730403,0.9561486,0.0682765,0.6011515,0.9734776,0.1680115,0.4402000,0.8160000,0.4186000,0.4556000,0.6649000,0.3010000,0.5535000,0.6001000,0.2388000,0.5794000,0.5745000,0.3684000,0.5669000,0.5182000,0.5185000,0.3182822,0.0000000,0.0000000},
{0.1324951,0.8368308,0.0944845,0.0594030,0.8394376,0.0925390,0.3227588,0.9097891,0.0868969,0.4721680,0.9552646,0.0669475,0.6006437,0.9733460,0.1671065,0.4388000,0.8157000,0.4179000,0.4547000,0.6649000,0.3003000,0.5535000,0.6001000,0.2389000,0.5790000,0.5745000,0.3684000,0.5654000,0.5183000,0.5182000,0.3182822,0.0000000,0.0000000},
{0.1315677,0.8363059,0.0927281,0.0589369,0.8392227,0.0916644,0.3218439,0.9088863,0.0854148,0.4713561,0.9544401,0.0657059,0.6000467,0.9731915,0.1660409,0.4375000,0.8155000,0.4171000,0.4538000,0.6648000,0.2995000,0.5535000,0.6000000,0.2390000,0.5785000,0.5744000,0.3684000,0.5639000,0.5185000,0.5179000,0.3182822,0.0000000,0.0000000},
{0.1308302,0.8358866,0.0913184,0.0586906,0.8391089,0.0912003,0.3210228,0.9080739,0.0840781,0.4707420,0.9538152,0.0647636,0.5994596,0.9730396,0.1649906,0.4363000,0.8153000,0.4164000,0.4530000,0.6648000,0.2988000,0.5535000,0.6000000,0.2391000,0.5780000,0.5744000,0.3683000,0.5626000,0.5186000,0.5176000,0.3182822,0.0000000,0.0000000},
{0.1302916,0.8355792,0.0902816,0.0585004,0.8390209,0.0908408,0.3203679,0.9074244,0.0830074,0.4702055,0.9532685,0.0639381,0.5990973,0.9729460,0.1643414,0.4352000,0.8152000,0.4157000,0.4523000,0.6647000,0.2981000,0.5535000,0.5999000,0.2392000,0.5775000,0.5743000,0.3683000,0.5613000,0.5187000,0.5174000,0.3182822,0.0000000,0.0000000},
{0.1299187,0.8353658,0.0895600,0.0583157,0.8389354,0.0904909,0.3199200,0.9069793,0.0822727,0.4696745,0.9527267,0.0631191,0.5985902,0.9728151,0.1634316,0.4343000,0.8153000,0.4150000,0.4516000,0.6647000,0.2976000,0.5535000,0.5999000,0.2392000,0.5771000,0.5742000,0.3682000,0.5602000,0.5187000,0.5171000,0.3182822,0.0000000,0.0000000},
{0.1295675,0.8351645,0.0888777,0.0581657,0.8388658,0.0902061,0.3195264,0.9065878,0.0816256,0.4692887,0.9523325,0.0625228,0.5981164,0.9726929,0.1625801,0.4336000,0.8155000,0.4143000,0.4509000,0.6646000,0.2970000,0.5535000,0.5998000,0.2393000,0.5766000,0.5742000,0.3682000,0.5592000,0.5187000,0.5169000,0.3182822,0.0000000,0.0000000},
{0.1293092,0.8350161,0.0883741,0.0580240,0.8388001,0.0899365,0.3191450,0.9062078,0.0809971,0.4689666,0.9520031,0.0620240,0.5979392,0.9726473,0.1622614,0.4330000,0.8157000,0.4137000,0.4503000,0.6647000,0.2966000,0.5535000,0.5998000,0.2394000,0.5761000,0.5741000,0.3681000,0.5583000,0.5187000,0.5167000,0.3182822,0.0000000,0.0000000},
{0.1291230,0.8349090,0.0880101,0.0580038,0.8387907,0.0898980,0.3188628,0.9059264,0.0805312,0.4686626,0.9516920,0.0615527,0.5976033,0.9725608,0.1616565,0.4325000,0.8160000,0.4132000,0.4498000,0.6648000,0.2962000,0.5535000,0.5997000,0.2395000,0.5756000,0.5741000,0.3681000,0.5575000,0.5187000,0.5164000,0.3182822,0.0000000,0.0000000},
{0.1289363,0.8348015,0.0876442,0.0579413,0.8387617,0.0897789,0.3187058,0.9057697,0.0802716,0.4684878,0.9515130,0.0612814,0.5974197,0.9725135,0.1613255,0.4323000,0.8163000,0.4127000,0.4494000,0.6649000,0.2959000,0.5535000,0.5997000,0.2396000,0.5752000,0.5740000,0.3680000,0.5568000,0.5188000,0.5162000,0.3182822,0.0000000,0.0000000},
{0.1288717,0.8347643,0.0875176,0.0579497,0.8387655,0.0897948,0.3185038,0.9055680,0.0799372,0.4684878,0.9515130,0.0612814,0.5972981,0.9724822,0.1611062,0.4321000,0.8166000,0.4124000,0.4492000,0.6651000,0.2955000,0.5535000,0.5996000,0.2397000,0.5747000,0.5740000,0.3680000,0.5563000,0.5188000,0.5160000,0.3182822,0.0000000,0.0000000},
{0.1288717,0.8347643,0.0875176,0.0579566,0.8387688,0.0898081,0.3186741,0.9057380,0.0802191,0.4684422,0.9514663,0.0612106,0.5972981,0.9724822,0.1611062,0.4321000,0.8169000,0.4122000,0.4491000,0.6653000,0.2953000,0.5535000,0.5996000,0.2398000,0.5742000,0.5739000,0.3679000,0.5558000,0.5189000,0.5159000,0.3182822,0.0000000,0.0000000},
{0.1288717,0.8347643,0.0875176,0.0580485,0.8388114,0.0899831,0.3186741,0.9057380,0.0802191,0.4685145,0.9515404,0.0613229,0.5972838,0.9724785,0.1610804,0.4322000,0.8172000,0.4120000,0.4490000,0.6656000,0.2952000,0.5535000,0.5995000,0.2399000,0.5737000,0.5739000,0.3679000,0.5555000,0.5190000,0.5157000,0.3182822,0.0000000,0.0000000},
{0.1289700,0.8348209,0.0877104,0.0581458,0.8388566,0.0901683,0.3188231,0.9058868,0.0804656,0.4687735,0.9518055,0.0617248,0.5972107,0.9724597,0.1609486,0.4323000,0.8175000,0.4119000,0.4490000,0.6659000,0.2951000,0.5535000,0.5995000,0.2400000,0.5733000,0.5738000,0.3678000,0.5552000,0.5190000,0.5156000,0.3182822,0.0000000,0.0000000},
{0.1291961,0.8349510,0.0881530,0.0582988,0.8389275,0.0904587,0.3190512,0.9061143,0.0808423,0.4689763,0.9520130,0.0620390,0.5973191,0.9724876,0.1611440,0.4325000,0.8178000,0.4118000,0.4490000,0.6661000,0.2951000,0.5535000,0.5994000,0.2401000,0.5728000,0.5738000,0.3678000,0.5551000,0.5192000,0.5155000,0.3182822,0.0000000,0.0000000},
{0.1294325,0.8350869,0.0886146,0.0584452,0.8389953,0.0907362,0.3193194,0.9063816,0.0812846,0.4691435,0.9521841,0.0622981,0.5973530,0.9724963,0.1612053,0.4328000,0.8182000,0.4118000,0.4491000,0.6663000,0.2951000,0.5535000,0.5994000,0.2402000,0.5723000,0.5737000,0.3677000,0.5551000,0.5193000,0.5154000,0.3182822,0.0000000,0.0000000},
{0.1296266,0.8351984,0.0889926,0.0586392,0.8390851,0.0911031,0.3195834,0.9066445,0.0817194,0.4694133,0.9524599,0.0627155,0.5974704,0.9725265,0.1614169,0.4332000,0.8186000,0.4119000,0.4493000,0.6666000,0.2952000,0.5535000,0.5993000,0.2403000,0.5718000,0.5737000,0.3677000,0.5552000,0.5194000,0.5154000,0.3182822,0.0000000,0.0000000},
{0.1299020,0.8353563,0.0895276,0.0588607,0.8391875,0.0915210,0.3198895,0.9069491,0.0822227,0.4696355,0.9526868,0.0630589,0.5977258,0.9725923,0.1618771,0.4337000,0.8189000,0.4120000,0.4495000,0.6669000,0.2953000,0.5535000,0.5993000,0.2404000,0.5714000,0.5736000,0.3677000,0.5554000,0.5195000,0.5154000,0.3182822,0.0000000,0.0000000},
{0.1301802,0.8355155,0.0900664,0.0590526,0.8392761,0.0918820,0.3203304,0.9073871,0.0829459,0.4699301,0.9529875,0.0635135,0.5979308,0.9726451,0.1622462,0.4343000,0.8193000,0.4122000,0.4498000,0.6671000,0.2955000,0.5535000,0.5992000,0.2405000,0.5709000,0.5736000,0.3676000,0.5557000,0.5197000,0.5154000,0.3182822,0.0000000,0.0000000},
{0.1304669,0.8356794,0.0906198,0.0592849,0.8393832,0.0923178,0.3205655,0.9076205,0.0833309,0.4703095,0.9533745,0.0640983,0.5982056,0.9727159,0.1627405,0.4350000,0.8196000,0.4124000,0.4502000,0.6675000,0.2958000,0.5535000,0.5992000,0.2406000,0.5704000,0.5735000,0.3676000,0.5560000,0.5199000,0.5155000,0.3182822,0.0000000,0.0000000},
{0.1307339,0.8358317,0.0911336,0.0595374,0.8394994,0.0927901,0.3208932,0.9079455,0.0838666,0.4706759,0.9537479,0.0646620,0.5984210,0.9727715,0.1631277,0.4357000,0.8199000,0.4127000,0.4505000,0.6677000,0.2961000,0.5535000,0.5991000,0.2407000,0.5699000,0.5735000,0.3675000,0.5565000,0.5200000,0.5156000,0.3182822,0.0000000,0.0000000},
{0.1309834,0.8359739,0.0916123,0.0596754,0.8395629,0.0930477,0.3212314,0.9082806,0.0844184,0.4708796,0.9539552,0.0649748,0.5985444,0.9728033,0.1633494,0.4365000,0.8201000,0.4130000,0.4512000,0.6680000,0.2963000,0.5535000,0.5991000,0.2408000,0.5695000,0.5734000,0.3675000,0.5570000,0.5202000,0.5158000,0.3182822,0.0000000,0.0000000},
{0.1312740,0.8361391,0.0921681,0.0598979,0.8396651,0.0934618,0.3215161,0.9085623,0.0848820,0.4712012,0.9542825,0.0654684,0.5989518,0.9729085,0.1640806,0.4372000,0.8203000,0.4134000,0.4517000,0.6682000,0.2967000,0.5535000,0.5990000,0.2409000,0.5690000,0.5734000,0.3674000,0.5576000,0.5204000,0.5160000,0.3182822,0.0000000,0.0000000},
{0.1315148,0.8362759,0.0926274,0.0599564,0.8396919,0.0935706,0.3218296,0.9088723,0.0853917,0.4714750,0.9545609,0.0658880,0.5992040,0.9729736,0.1645327,0.4380000,0.8205000,0.4139000,0.4524000,0.6685000,0.2971000,0.5535000,0.5989000,0.2410000,0.5685000,0.5733000,0.3674000,0.5584000,0.5206000,0.5162000,0.3182822,0.0000000,0.0000000},
{0.1317647,0.8364177,0.0931028,0.0599704,0.8396984,0.0935966,0.3222577,0.9092950,0.0860862,0.4718678,0.9549599,0.0664889,0.5996168,0.9730803,0.1652721,0.4389000,0.8206000,0.4144000,0.4531000,0.6687000,0.2976000,0.5535000,0.5989000,0.2410000,0.5680000,0.5733000,0.3673000,0.5592000,0.5208000,0.5165000,0.3182822,0.0000000,0.0000000},
{0.1321012,0.8366082,0.0937406,0.0601575,0.8397841,0.0939436,0.3224640,0.9094985,0.0864201,0.4721126,0.9552084,0.0668630,0.5998986,0.9731531,0.1657761,0.4398000,0.8207000,0.4149000,0.4538000,0.6688000,0.2982000,0.5535000,0.5988000,0.2411000,0.5676000,0.5732000,0.3673000,0.5601000,0.5210000,0.5168000,0.3182822,0.0000000,0.0000000},
{0.1323991,0.8367766,0.0943035,0.0603431,0.8398692,0.0942872,0.3229343,0.9099620,0.0871802,0.4725354,0.9556372,0.0675079,0.6002754,0.9732506,0.1664494,0.4407000,0.8208000,0.4155000,0.4546000,0.6690000,0.2987000,0.5535000,0.5988000,0.2412000,0.5671000,0.5731000,0.3672000,0.5611000,0.5211000,0.5171000,0.3182822,0.0000000,0.0000000},
{0.1327440,0.8369713,0.0949530,0.0606347,0.8400025,0.0948253,0.3233687,0.9103896,0.0878806,0.4727539,0.9558586,0.0678408,0.6007237,0.9733667,0.1672492,0.4416000,0.8209000,0.4160000,0.4553000,0.6691000,0.2994000,0.5535000,0.5987000,0.2413000,0.5666000,0.5731000,0.3672000,0.5622000,0.5213000,0.5175000,0.3182822,0.0000000,0.0000000},
{0.1332049,0.8372308,0.0958171,0.0609782,0.8401593,0.0954566,0.3237632,0.9107772,0.0885149,0.4731220,0.9562313,0.0684007,0.6011343,0.9734731,0.1679809,0.4426000,0.8210000,0.4167000,0.4562000,0.6692000,0.3000000,0.5535000,0.5987000,0.2414000,0.5661000,0.5730000,0.3671000,0.5633000,0.5214000,0.5179000,0.3182822,0.0000000,0.0000000},
{0.1337138,0.8375166,0.0967662,0.0613600,0.8403333,0.0961553,0.3240969,0.9111049,0.0890506,0.4734186,0.9565314,0.0688512,0.6014638,0.9735586,0.1685672,0.4435000,0.8211000,0.4174000,0.4571000,0.6693000,0.3008000,0.5535000,0.5986000,0.2415000,0.5657000,0.5730000,0.3671000,0.5646000,0.5215000,0.5183000,0.3182822,0.0000000,0.0000000},
{0.1342406,0.8378116,0.0977434,0.0618023,0.8405343,0.0969607,0.3246262,0.9116238,0.0898980,0.4737663,0.9568829,0.0693785,0.6020129,0.9737011,0.1695428,0.4445000,0.8212000,0.4181000,0.4579000,0.6694000,0.3015000,0.5535000,0.5986000,0.2416000,0.5652000,0.5729000,0.3671000,0.5659000,0.5215000,0.5187000,0.3182822,0.0000000,0.0000000},
{0.1347260,0.8380828,0.0986391,0.0623174,0.8407678,0.0978932,0.3251155,0.9121028,0.0906791,0.4741944,0.9573151,0.0700265,0.6023758,0.9737953,0.1701866,0.4455000,0.8214000,0.4189000,0.4590000,0.6695000,0.3023000,0.5535000,0.5985000,0.2417000,0.5647000,0.5729000,0.3670000,0.5673000,0.5215000,0.5192000,0.3182822,0.0000000,0.0000000},
{0.1353073,0.8384066,0.0997056,0.0628473,0.8410073,0.0988467,0.3256004,0.9125767,0.0914510,0.4746763,0.9578013,0.0707547,0.6029411,0.9739423,0.1711881,0.4466000,0.8215000,0.4197000,0.4600000,0.6696000,0.3031000,0.5535000,0.5985000,0.2418000,0.5643000,0.5728000,0.3670000,0.5688000,0.5215000,0.5197000,0.3182822,0.0000000,0.0000000},
{0.1359315,0.8387532,0.1008439,0.0633915,0.8412526,0.0998198,0.3261569,0.9131197,0.0923344,0.4751063,0.9582345,0.0714030,0.6033288,0.9740432,0.1718737,0.4477000,0.8216000,0.4205000,0.4609000,0.6697000,0.3040000,0.5535000,0.5984000,0.2419000,0.5638000,0.5728000,0.3669000,0.5703000,0.5215000,0.5202000,0.3182822,0.0000000,0.0000000},
{0.1365058,0.8390712,0.1018849,0.0639414,0.8414997,0.1007968,0.3267831,0.9137298,0.0933253,0.4756714,0.9588031,0.0722530,0.6039173,0.9741964,0.1729130,0.4488000,0.8216000,0.4215000,0.4620000,0.6697000,0.3050000,0.5535000,0.5984000,0.2420000,0.5633000,0.5727000,0.3669000,0.5719000,0.5214000,0.5207000,0.3182822,0.0000000,0.0000000},
{0.1371572,0.8394307,0.1030584,0.0645310,0.8417639,0.1018376,0.3274266,0.9143554,0.0943398,0.4763063,0.9594411,0.0732055,0.6045724,0.9743672,0.1740673,0.4500000,0.8217000,0.4224000,0.4632000,0.6698000,0.3059000,0.5535000,0.5983000,0.2421000,0.5628000,0.5727000,0.3668000,0.5736000,0.5213000,0.5212000,0.3182822,0.0000000,0.0000000},
{0.1378359,0.8398042,0.1042730,0.0651929,0.8420594,0.1029977,0.3280544,0.9149646,0.0953262,0.4769661,0.9601029,0.0741924,0.6052127,0.9745344,0.1751932,0.4513000,0.8217000,0.4233000,0.4644000,0.6698000,0.3068000,0.5535000,0.5983000,0.2422000,0.5624000,0.5726000,0.3668000,0.5753000,0.5211000,0.5218000,0.3182822,0.0000000,0.0000000},
{0.1384957,0.8401660,0.1054460,0.0658987,0.8423735,0.1042254,0.3288575,0.9157422,0.0965829,0.4777204,0.9608584,0.0753173,0.6057993,0.9746876,0.1762226,0.4526000,0.8217000,0.4242000,0.4656000,0.6698000,0.3079000,0.5535000,0.5982000,0.2423000,0.5619000,0.5726000,0.3667000,0.5770000,0.5209000,0.5222000,0.3182822,0.0000000,0.0000000},
{0.1392578,0.8405825,0.1067915,0.0666043,0.8426863,0.1054431,0.3295736,0.9164340,0.0976988,0.4785737,0.9617111,0.0765851,0.6065276,0.9748782,0.1774978,0.4540000,0.8217000,0.4252000,0.4668000,0.6698000,0.3088000,0.5535000,0.5982000,0.2424000,0.5614000,0.5725000,0.3667000,0.5789000,0.5206000,0.5228000,0.3182822,0.0000000,0.0000000},
{0.1400108,0.8409926,0.1081115,0.0674106,0.8430425,0.1068235,0.3304060,0.9172364,0.0989906,0.4793878,0.9625231,0.0777902,0.6072351,0.9750635,0.1787337,0.4554000,0.8217000,0.4262000,0.4680000,0.6697000,0.3098000,0.5535000,0.5981000,0.2425000,0.5609000,0.5725000,0.3666000,0.5808000,0.5202000,0.5233000,0.3182822,0.0000000,0.0000000},
{0.1408379,0.8414414,0.1095503,0.0682172,0.8433974,0.1081923,0.3312458,0.9180440,0.1002880,0.4804028,0.9635333,0.0792867,0.6079372,0.9752476,0.1799574,0.4569000,0.8217000,0.4272000,0.4691000,0.6695000,0.3108000,0.5535000,0.5981000,0.2426000,0.5605000,0.5724000,0.3666000,0.5828000,0.5198000,0.5239000,0.3182822,0.0000000,0.0000000},
{0.1417434,0.8419308,0.1111126,0.0691467,0.8438047,0.1097552,0.3321772,0.9189372,0.1017199,0.4813471,0.9644707,0.0806728,0.6086734,0.9754410,0.1812374,0.4585000,0.8217000,0.4281000,0.4704000,0.6694000,0.3118000,0.5535000,0.5980000,0.2427000,0.5600000,0.5724000,0.3665000,0.5848000,0.5194000,0.5242000,0.3182822,0.0000000,0.0000000},
{0.1426951,0.8424430,0.1127408,0.0701049,0.8442227,0.1113508,0.3332091,0.9199241,0.1032981,0.4825042,0.9656166,0.0823635,0.6094475,0.9756445,0.1825801,0.4601000,0.8218000,0.4291000,0.4716000,0.6692000,0.3129000,0.5535000,0.5980000,0.2428000,0.5595000,0.5723000,0.3665000,0.5868000,0.5190000,0.5247000,0.3182822,0.0000000,0.0000000},
{0.1437066,0.8429851,0.1144556,0.0712014,0.8446988,0.1131574,0.3342831,0.9209481,0.1049313,0.4834853,0.9665857,0.0837905,0.6102059,0.9758442,0.1838922,0.4618000,0.8219000,0.4300000,0.4728000,0.6690000,0.3138000,0.5535000,0.5979000,0.2428000,0.5590000,0.5723000,0.3665000,0.5889000,0.5185000,0.5252000,0.3182822,0.0000000,0.0000000},
{0.1447803,0.8435579,0.1162588,0.0723327,0.8451876,0.1150005,0.3353803,0.9219911,0.1065904,0.4847620,0.9678434,0.0856383,0.6109344,0.9760362,0.1851494,0.4636000,0.8220000,0.4309000,0.4742000,0.6689000,0.3148000,0.5535000,0.5979000,0.2429000,0.5586000,0.5722000,0.3664000,0.5910000,0.5181000,0.5256000,0.3182822,0.0000000,0.0000000},
{0.1459913,0.8442009,0.1182719,0.0735925,0.8457290,0.1170288,0.3366031,0.9231497,0.1084280,0.4859653,0.9690255,0.0873706,0.6118300,0.9762727,0.1866912,0.4654000,0.8222000,0.4318000,0.4755000,0.6688000,0.3158000,0.5535000,0.5979000,0.2429000,0.5581000,0.5722000,0.3664000,0.5932000,0.5176000,0.5260000,0.3182822,0.0000000,0.0000000},
{0.1473349,0.8449104,0.1204804,0.0749626,0.8463146,0.1192066,0.3378570,0.9243336,0.1103002,0.4872606,0.9702941,0.0892253,0.6126932,0.9765009,0.1881729,0.4674000,0.8224000,0.4327000,0.4769000,0.6687000,0.3168000,0.5549000,0.5982000,0.2437000,0.5576000,0.5721000,0.3663000,0.5955000,0.5170000,0.5264000,0.3182822,0.0000000,0.0000000},
{0.1487769,0.8456676,0.1228222,0.0763433,0.8469013,0.1213724,0.3392007,0.9255977,0.1122927,0.4886199,0.9716214,0.0911607,0.6136728,0.9767603,0.1898494,0.4694000,0.8228000,0.4336000,0.4783000,0.6686000,0.3178000,0.5566000,0.5990000,0.2443000,0.5571000,0.5720000,0.3663000,0.5979000,0.5166000,0.5268000,0.3182822,0.0000000,0.0000000},
{0.1502047,0.8464131,0.1251125,0.0779020,0.8475597,0.1237838,0.3405233,0.9268376,0.1142407,0.4900268,0.9729907,0.0931521,0.6146468,0.9770186,0.1915111,0.4716000,0.8231000,0.4344000,0.4798000,0.6685000,0.3187000,0.5583000,0.5995000,0.2452000,0.5567000,0.5720000,0.3662000,0.6003000,0.5160000,0.5272000,0.3182822,0.0000000,0.0000000},
{0.1517483,0.8472143,0.1275576,0.0795260,0.8482413,0.1262592,0.3420200,0.9282351,0.1164289,0.4915705,0.9744881,0.0953235,0.6156809,0.9772933,0.1932695,0.4738000,0.8236000,0.4353000,0.4813000,0.6684000,0.3196000,0.5600000,0.6001000,0.2459000,0.5562000,0.5719000,0.3662000,0.6027000,0.5155000,0.5277000,0.3182822,0.0000000,0.0000000},
{0.1533876,0.8480600,0.1301201,0.0813031,0.8489823,0.1289263,0.3435164,0.9296268,0.1186001,0.4930873,0.9759545,0.0974436,0.6166482,0.9775508,0.1949092,0.4763000,0.8242000,0.4361000,0.4829000,0.6684000,0.3207000,0.5613000,0.6003000,0.2468000,0.5557000,0.5719000,0.3661000,0.6052000,0.5150000,0.5281000,0.3182822,0.0000000,0.0000000},
{0.1551153,0.8489457,0.1327837,0.0831570,0.8497501,0.1316638,0.3450030,0.9310040,0.1207408,0.4947581,0.9775639,0.0997632,0.6176817,0.9778262,0.1966555,0.4788000,0.8249000,0.4369000,0.4847000,0.6685000,0.3217000,0.5630000,0.6008000,0.2477000,0.5552000,0.5718000,0.3661000,0.6077000,0.5143000,0.5285000,0.3182822,0.0000000,0.0000000},
{0.1569639,0.8498872,0.1355926,0.0851304,0.8505616,0.1345287,0.3465437,0.9324255,0.1229423,0.4964648,0.9792018,0.1021162,0.6188040,0.9781259,0.1985452,0.4814000,0.8257000,0.4377000,0.4865000,0.6688000,0.3228000,0.5646000,0.6009000,0.2487000,0.5552000,0.5718000,0.3661000,0.6102000,0.5138000,0.5288000,0.3182822,0.0000000,0.0000000},
{0.1588886,0.8508608,0.1384731,0.0872281,0.8514179,0.1375203,0.3482995,0.9340385,0.1254304,0.4982001,0.9808608,0.1044916,0.6200095,0.9784484,0.2005676,0.4840000,0.8265000,0.4385000,0.4884000,0.6690000,0.3238000,0.5665000,0.6017000,0.2490000,0.5566000,0.5718000,0.3664000,0.6127000,0.5133000,0.5291000,0.3182822,0.0000000,0.0000000},
{0.1609539,0.8518981,0.1415154,0.0894387,0.8523135,0.1406151,0.3499677,0.9355644,0.1277743,0.5000051,0.9825798,0.1069446,0.6211075,0.9787426,0.2024030,0.4868000,0.8275000,0.4392000,0.4904000,0.6694000,0.3248000,0.5681000,0.6018000,0.2501000,0.5582000,0.5717000,0.3673000,0.6152000,0.5127000,0.5294000,0.3182822,0.0000000,0.0000000},
{0.1630920,0.8529642,0.1446135,0.0917484,0.8532420,0.1437869,0.3518017,0.9372344,0.1303288,0.5018419,0.9843222,0.1094222,0.6222075,0.9790380,0.2042354,0.4896000,0.8284000,0.4398000,0.4923000,0.6697000,0.3258000,0.5700000,0.6022000,0.2507000,0.5601000,0.5716000,0.3682000,0.6178000,0.5121000,0.5297000,0.3182822,0.0000000,0.0000000},
{0.1654084,0.8541105,0.1479125,0.0942131,0.8542250,0.1471044,0.3536379,0.9388985,0.1328631,0.5037934,0.9861659,0.1120344,0.6234889,0.9793826,0.2063617,0.4925000,0.8295000,0.4403000,0.4943000,0.6700000,0.3267000,0.5717000,0.6025000,0.2515000,0.5620000,0.5716000,0.3692000,0.6205000,0.5114000,0.5300000,0.3182822,0.0000000,0.0000000},
{0.1677773,0.8552736,0.1512260,0.0968340,0.8552615,0.1505579,0.3554141,0.9405009,0.1352928,0.5059187,0.9881652,0.1148559,0.6246582,0.9796977,0.2082948,0.4955000,0.8305000,0.4408000,0.4963000,0.6702000,0.3276000,0.5736000,0.6028000,0.2522000,0.5640000,0.5715000,0.3701000,0.6231000,0.5108000,0.5303000,0.3182822,0.0000000,0.0000000},
{0.1702394,0.8564730,0.1546067,0.0994280,0.8562788,0.1539027,0.3574165,0.9422991,0.1380068,0.5080322,0.9901445,0.1176378,0.6259286,0.9800407,0.2103867,0.4987000,0.8316000,0.4413000,0.4983000,0.6704000,0.3285000,0.5752000,0.6030000,0.2529000,0.5661000,0.5715000,0.3709000,0.6258000,0.5101000,0.5306000,0.3182822,0.0000000,0.0000000},
{0.1728143,0.8577172,0.1580753,0.1022245,0.8573662,0.1574293,0.3593512,0.9440279,0.1406037,0.5102642,0.9922253,0.1205503,0.6272780,0.9804058,0.2125998,0.5019000,0.8326000,0.4418000,0.5002000,0.6706000,0.3294000,0.5769000,0.6031000,0.2536000,0.5682000,0.5715000,0.3717000,0.6285000,0.5095000,0.5308000,0.3182822,0.0000000,0.0000000},
{0.1754513,0.8589808,0.1615582,0.1051061,0.8584768,0.1609788,0.3613488,0.9458043,0.1432595,0.5125043,0.9943041,0.1234475,0.6285995,0.9807640,0.2147580,0.5052000,0.8337000,0.4424000,0.5022000,0.6708000,0.3302000,0.5786000,0.6033000,0.2544000,0.5704000,0.5715000,0.3724000,0.6312000,0.5092000,0.5310000,0.3182822,0.0000000,0.0000000},
{0.1781391,0.8602581,0.1650374,0.1081208,0.8596282,0.1646030,0.3634336,0.9476492,0.1460039,0.5148141,0.9964376,0.1264078,0.6299344,0.9811267,0.2169292,0.5085000,0.8348000,0.4429000,0.5042000,0.6710000,0.3310000,0.5803000,0.6034000,0.2550000,0.5727000,0.5716000,0.3729000,0.6339000,0.5086000,0.5312000,0.3182822,0.0000000,0.0000000},
{0.1809775,0.8615955,0.1686358,0.1113671,0.8608563,0.1684054,0.3654539,0.9494281,0.1486372,0.5172237,0.9986526,0.1294675,0.6313159,0.9815027,0.2191665,0.5119000,0.8359000,0.4433000,0.5063000,0.6714000,0.3318000,0.5820000,0.6035000,0.2557000,0.5749000,0.5716000,0.3736000,0.6366000,0.5080000,0.5314000,0.3182822,0.0000000,0.0000000},
{0.1839096,0.8629649,0.1722726,0.1148733,0.8621693,0.1723974,0.3675642,0.9512770,0.1513602,0.5195714,1.0008004,0.1324207,0.6327656,0.9818981,0.2215042,0.5154000,0.8370000,0.4438000,0.5087000,0.6718000,0.3327000,0.5836000,0.6035000,0.2565000,0.5771000,0.5716000,0.3744000,0.6394000,0.5073000,0.5316000,0.3182822,0.0000000,0.0000000},
{0.1868917,0.8643452,0.1758890,0.1186257,0.8635592,0.1765400,0.3696275,0.9530759,0.1539961,0.5220325,1.0030411,0.1354874,0.6341603,0.9822793,0.2237431,0.5189000,0.8380000,0.4442000,0.5111000,0.6722000,0.3335000,0.5853000,0.6036000,0.2572000,0.5794000,0.5716000,0.3750000,0.6422000,0.5066000,0.5317000,0.3182822,0.0000000,0.0000000},
{0.1899691,0.8657565,0.1795353,0.1225626,0.8650008,0.1807437,0.3716786,0.9548555,0.1565905,0.5245516,1.0053233,0.1385959,0.6355559,0.9826615,0.2259739,0.5225000,0.8390000,0.4446000,0.5136000,0.6726000,0.3343000,0.5870000,0.6036000,0.2580000,0.5816000,0.5715000,0.3757000,0.6450000,0.5060000,0.5320000,0.3182822,0.0000000,0.0000000},
{0.1929726,0.8671215,0.1830113,0.1267714,0.8665231,0.1850779,0.3737444,0.9566391,0.1591776,0.5271548,1.0076699,0.1417762,0.6371365,0.9830953,0.2284888,0.5262000,0.8398000,0.4452000,0.5162000,0.6730000,0.3352000,0.5888000,0.6035000,0.2588000,0.5838000,0.5714000,0.3764000,0.6479000,0.5054000,0.5321000,0.3182822,0.0000000,0.0000000},
{0.1962761,0.8686087,0.1867411,0.1313859,0.8681700,0.1896408,0.3758052,0.9584098,0.1617330,0.5297047,1.0099569,0.1448603,0.6386952,0.9835241,0.2309568,0.5299000,0.8406000,0.4458000,0.5190000,0.6733000,0.3360000,0.5906000,0.6034000,0.2596000,0.5856000,0.5711000,0.3770000,0.6508000,0.5047000,0.5323000,0.3182822,0.0000000,0.0000000}
};
