fitErrPi Mean = 0.318282
fitErrTh Mean = 0.00713116
fitErrWr Mean = 0.00622956
fitErrLA Mean = 0.0116371
fitErrEl Mean = 0.00911233
fitErrUA Mean = 0.0657507
efPts = {
{0.5708169,0.7861813,0.1400270,0.5287090,0.7685536,0.1318068,0.6286753,0.9338077,0.1732544,0.7232326,1.0044464,0.2013512,0.6709751,0.9471391,0.3214001,0.6429000,0.8617000,0.4543000,0.6122000,0.6994000,0.3411000,0.6546000,0.6319000,0.2632000,0.6492000,0.5819000,0.3752000,0.7137000,0.4879000,0.5175000,0.3182822,-0.0000000,0.0000000},
{0.5675773,0.7863450,0.1416950,0.5251317,0.7685665,0.1340088,0.6258582,0.9336504,0.1737096,0.7208363,1.0044451,0.2012078,0.6700492,0.9463109,0.3215175,0.6414000,0.8613000,0.4541000,0.6112000,0.6989000,0.3408000,0.6538000,0.6314000,0.2630000,0.6484000,0.5814000,0.3750000,0.7130000,0.4877000,0.5174000,0.3182822,-0.0000000,0.0000000},
{0.5640297,0.7864760,0.1434671,0.5211806,0.7685271,0.1363529,0.6227519,0.9334556,0.1742097,0.7181489,1.0044294,0.2010514,0.6689361,0.9453099,0.3216599,0.6399000,0.8610000,0.4539000,0.6102000,0.6984000,0.3406000,0.6531000,0.6309000,0.2628000,0.6476000,0.5809000,0.3747000,0.7122000,0.4874000,0.5174000,0.3182822,-0.0000000,0.0000000},
{0.5603166,0.7865621,0.1452645,0.5169130,0.7684253,0.1387880,0.6192347,0.9332081,0.1747738,0.7152651,1.0043961,0.2008889,0.6677958,0.9442782,0.3218072,0.6385000,0.8606000,0.4538000,0.6091000,0.6980000,0.3404000,0.6523000,0.6304000,0.2625000,0.6468000,0.5805000,0.3745000,0.7116000,0.4871000,0.5173000,0.3182822,-0.0000000,0.0000000},
{0.5562410,0.7866000,0.1471735,0.5123543,0.7682534,0.1412854,0.6154126,0.9329071,0.1753842,0.7119613,1.0043368,0.2007094,0.6664752,0.9430758,0.3219796,0.6370000,0.8601000,0.4537000,0.6081000,0.6975000,0.3402000,0.6514000,0.6300000,0.2623000,0.6459000,0.5800000,0.3743000,0.7109000,0.4868000,0.5172000,0.3182822,-0.0000000,0.0000000},
{0.5517916,0.7865777,0.1491858,0.5074313,0.7679993,0.1438705,0.6113167,0.9325477,0.1760352,0.7083517,1.0042463,0.2005215,0.6651280,0.9418405,0.3221575,0.6354000,0.8596000,0.4536000,0.6070000,0.6969000,0.3400000,0.6506000,0.6295000,0.2622000,0.6451000,0.5794000,0.3741000,0.7101000,0.4866000,0.5171000,0.3182822,-0.0000000,0.0000000},
{0.5471285,0.7864872,0.1512191,0.5022519,0.7676605,0.1464729,0.6068393,0.9321117,0.1767434,0.7043785,1.0041157,0.2003246,0.6636651,0.9404893,0.3223530,0.6339000,0.8591000,0.4535000,0.6059000,0.6963000,0.3398000,0.6498000,0.6290000,0.2620000,0.6443000,0.5789000,0.3739000,0.7096000,0.4865000,0.5171000,0.3182822,-0.0000000,0.0000000},
{0.5420464,0.7863151,0.1533522,0.4966984,0.7672211,0.1491387,0.6020389,0.9315944,0.1774986,0.7000700,1.0039374,0.2001227,0.6621536,0.9390821,0.3225575,0.6324000,0.8586000,0.4534000,0.6048000,0.6957000,0.3396000,0.6489000,0.6285000,0.2619000,0.6434000,0.5784000,0.3737000,0.7090000,0.4864000,0.5171000,0.3182822,-0.0000000,0.0000000},
{0.5368147,0.7860625,0.1554631,0.4908458,0.7666785,0.1518178,0.5970899,0.9310076,0.1782729,0.6955655,1.0037101,0.1999247,0.6604552,0.9374878,0.3227904,0.6308000,0.8580000,0.4532000,0.6037000,0.6951000,0.3394000,0.6480000,0.6280000,0.2617000,0.6426000,0.5780000,0.3735000,0.7082000,0.4861000,0.5170000,0.3182822,-0.0000000,0.0000000},
{0.5312286,0.7857132,0.1576274,0.4847710,0.7660346,0.1544663,0.5917366,0.9303123,0.1791054,0.6906620,1.0034152,0.1997243,0.6587143,0.9358388,0.3230326,0.6292000,0.8574000,0.4530000,0.6027000,0.6944000,0.3393000,0.6471000,0.6274000,0.2615000,0.6418000,0.5774000,0.3734000,0.7075000,0.4859000,0.5169000,0.3182822,-0.0000000,0.0000000},
{0.5254778,0.7852728,0.1597643,0.4784130,0.7652780,0.1571029,0.5861888,0.9295257,0.1799627,0.6854700,1.0030491,0.1995294,0.6569072,0.9341111,0.3232876,0.6276000,0.8567000,0.4528000,0.6015000,0.6937000,0.3390000,0.6463000,0.6268000,0.2614000,0.6410000,0.5769000,0.3732000,0.7068000,0.4856000,0.5169000,0.3182822,-0.0000000,0.0000000},
{0.5194610,0.7847292,0.1619066,0.4712451,0.7643300,0.1599196,0.5803712,0.9286293,0.1808559,0.6800938,1.0026114,0.1993461,0.6549703,0.9322411,0.3235653,0.6259000,0.8561000,0.4526000,0.6004000,0.6930000,0.3388000,0.6454000,0.6262000,0.2612000,0.6402000,0.5763000,0.3730000,0.7060000,0.4854000,0.5168000,0.3182822,-0.0000000,0.0000000},
{0.5132531,0.7840841,0.1640222,0.4652357,0.7634620,0.1621611,0.5742652,0.9276101,0.1817869,0.6743328,1.0020763,0.1991709,0.6529608,0.9302811,0.3238580,0.6241000,0.8554000,0.4525000,0.5993000,0.6922000,0.3386000,0.6445000,0.6256000,0.2610000,0.6393000,0.5758000,0.3728000,0.7052000,0.4851000,0.5168000,0.3182822,-0.0000000,0.0000000},
{0.5067926,0.7833268,0.1661270,0.4582964,0.7623812,0.1646209,0.5679815,0.9264781,0.1827383,0.6682880,1.0014410,0.1990105,0.6508188,0.9281691,0.3241753,0.6222000,0.8546000,0.4523000,0.5982000,0.6915000,0.3383000,0.6437000,0.6250000,0.2609000,0.6384000,0.5752000,0.3727000,0.7046000,0.4849000,0.5168000,0.3182822,-0.0000000,0.0000000},
{0.5001410,0.7824601,0.1681958,0.4511376,0.7611824,0.1670213,0.5614039,0.9252033,0.1837268,0.6619527,1.0006940,0.1988684,0.6485660,0.9259221,0.3245151,0.6204000,0.8539000,0.4522000,0.5971000,0.6907000,0.3380000,0.6429000,0.6243000,0.2609000,0.6376000,0.5747000,0.3726000,0.7037000,0.4845000,0.5167000,0.3182822,-0.0000000,0.0000000},
{0.4932275,0.7814701,0.1702458,0.4439200,0.7598919,0.1693072,0.5546812,0.9238058,0.1847293,0.6553287,0.9998238,0.1987482,0.6462565,0.9235912,0.3248697,0.6184000,0.8530000,0.4521000,0.5960000,0.6898000,0.3378000,0.6423000,0.6236000,0.2610000,0.6369000,0.5741000,0.3724000,0.7031000,0.4844000,0.5167000,0.3182822,-0.0000000,0.0000000},
{0.4862456,0.7803824,0.1722168,0.4365464,0.7584926,0.1715099,0.5477711,0.9222701,0.1857517,0.6485005,0.9988310,0.1986548,0.6437833,0.9210636,0.3252569,0.6165000,0.8522000,0.4519000,0.5948000,0.6890000,0.3375000,0.6415000,0.6229000,0.2608000,0.6361000,0.5735000,0.3722000,0.7024000,0.4842000,0.5167000,0.3182822,-0.0000000,0.0000000},
{0.4790079,0.7791656,0.1741595,0.4289329,0.7569656,0.1736497,0.5406842,0.9205911,0.1867917,0.6413487,0.9976864,0.1985904,0.6413581,0.9185531,0.3256439,0.6145000,0.8513000,0.4517000,0.5936000,0.6881000,0.3373000,0.6407000,0.6222000,0.2606000,0.6352000,0.5730000,0.3721000,0.7017000,0.4840000,0.5167000,0.3182822,-0.0000000,0.0000000},
{0.4716906,0.7778468,0.1760236,0.4212433,0.7553421,0.1756779,0.5334237,0.9187619,0.1878483,0.6340005,0.9963980,0.1985601,0.6388319,0.9159038,0.3260551,0.6124000,0.8503000,0.4515000,0.5923000,0.6872000,0.3370000,0.6399000,0.6215000,0.2605000,0.6344000,0.5725000,0.3720000,0.7010000,0.4838000,0.5167000,0.3182822,-0.0000000,0.0000000},
{0.4642304,0.7764141,0.1778248,0.4135380,0.7536366,0.1775811,0.5260573,0.9167934,0.1889111,0.6264920,0.9949632,0.1985669,0.6362563,0.9131664,0.3264828,0.6103000,0.8494000,0.4513000,0.5910000,0.6862000,0.3367000,0.6390000,0.6209000,0.2603000,0.6337000,0.5719000,0.3718000,0.7005000,0.4835000,0.5167000,0.3182822,-0.0000000,0.0000000},
{0.4567527,0.7748918,0.1795331,0.4057769,0.7518417,0.1793720,0.5186212,0.9146911,0.1899745,0.6188867,0.9933871,0.1986129,0.6335784,0.9102807,0.3269367,0.6080000,0.8483000,0.4509000,0.5897000,0.6852000,0.3363000,0.6381000,0.6202000,0.2601000,0.6329000,0.5712000,0.3716000,0.6996000,0.4834000,0.5167000,0.3182822,-0.0000000,0.0000000},
{0.4490745,0.7732419,0.1811893,0.3979320,0.7499514,0.1810577,0.5110020,0.9124169,0.1910543,0.6110168,0.9916248,0.1987024,0.6309533,0.9074118,0.3273910,0.6058000,0.8473000,0.4508000,0.5883000,0.6842000,0.3359000,0.6372000,0.6195000,0.2599000,0.6320000,0.5707000,0.3714000,0.6989000,0.4833000,0.5167000,0.3182822,-0.0000000,0.0000000},
{0.4413795,0.7715029,0.1827527,0.3899938,0.7479631,0.1826398,0.5032814,0.9099882,0.1921382,0.6030768,0.9897101,0.1988364,0.6282210,0.9043831,0.3278738,0.6034000,0.8462000,0.4505000,0.5869000,0.6831000,0.3354000,0.6364000,0.6189000,0.2597000,0.6312000,0.5701000,0.3713000,0.6983000,0.4831000,0.5166000,0.3182822,-0.0000000,0.0000000},
{0.4335618,0.7696509,0.1842450,0.3819377,0.7458697,0.1841214,0.4954102,0.9073828,0.1932328,0.5949300,0.9876011,0.1990198,0.6255036,0.9013268,0.3283642,0.6011000,0.8451000,0.4503000,0.5855000,0.6821000,0.3350000,0.6355000,0.6182000,0.2595000,0.6304000,0.5696000,0.3710000,0.6974000,0.4829000,0.5167000,0.3182822,-0.0000000,0.0000000},
{0.4255655,0.7676699,0.1856737,0.3737934,0.7436777,0.1854954,0.4875673,0.9046562,0.1943127,0.5867449,0.9853333,0.1992516,0.6227573,0.8981924,0.3288705,0.5988000,0.8440000,0.4501000,0.5841000,0.6810000,0.3346000,0.6346000,0.6175000,0.2593000,0.6296000,0.5690000,0.3708000,0.6974000,0.4829000,0.5167000,0.3182822,-0.0000000,0.0000000},
{0.4174452,0.7655707,0.1870259,0.3655230,0.7413757,0.1867660,0.4794320,0.9016894,0.1954215,0.5784431,0.9828784,0.1995361,0.6199534,0.8949439,0.3293986,0.5965000,0.8428000,0.4499000,0.5827000,0.6799000,0.3342000,0.6336000,0.6169000,0.2591000,0.6289000,0.5685000,0.3706000,0.6967000,0.4829000,0.5168000,0.3182822,-0.0000000,0.0000000},
{0.4090212,0.7633017,0.1883258,0.3570441,0.7389375,0.1879406,0.4713347,0.8985952,0.1965136,0.5700053,0.9802212,0.1998770,0.6171008,0.8915878,0.3299479,0.5942000,0.8416000,0.4498000,0.5811000,0.6789000,0.3339000,0.6327000,0.6163000,0.2589000,0.6281000,0.5681000,0.3704000,0.6959000,0.4829000,0.5168000,0.3182822,-0.0000000,0.0000000},
{0.4005854,0.7609380,0.1895244,0.3485545,0.7364183,0.1889889,0.4630272,0.8952727,0.1976219,0.5614531,0.9773585,0.2002765,0.6141478,0.8880579,0.3305295,0.5920000,0.8404000,0.4496000,0.5795000,0.6779000,0.3337000,0.6318000,0.6156000,0.2587000,0.6273000,0.5676000,0.3703000,0.6952000,0.4830000,0.5169000,0.3182822,-0.0000000,0.0000000},
{0.3919274,0.7584185,0.1906491,0.3398457,0.7337540,0.1899332,0.4546692,0.8917770,0.1987245,0.5529401,0.9743364,0.2007292,0.6112454,0.8845319,0.3311143,0.5899000,0.8392000,0.4496000,0.5778000,0.6767000,0.3336000,0.6307000,0.6151000,0.2585000,0.6264000,0.5671000,0.3702000,0.6945000,0.4830000,0.5170000,0.3182822,-0.0000000,0.0000000},
{0.3831676,0.7557742,0.1916797,0.3308288,0.7309111,0.1907727,0.4463217,0.8881306,0.1998130,0.5443587,0.9711122,0.2012423,0.6082834,0.8808741,0.3317250,0.5877000,0.8380000,0.4495000,0.5758000,0.6756000,0.3334000,0.6297000,0.6145000,0.2583000,0.6256000,0.5667000,0.3700000,0.6937000,0.4830000,0.5171000,0.3182822,-0.0000000,0.0000000},
{0.3741583,0.7529558,0.1926283,0.3218312,0.7279893,0.1914713,0.4379370,0.8843093,0.2008933,0.5358720,0.9677445,0.2018068,0.6054714,0.8773446,0.3323180,0.5856000,0.8368000,0.4495000,0.5733000,0.6739000,0.3332000,0.6287000,0.6140000,0.2582000,0.6248000,0.5663000,0.3699000,0.6930000,0.4830000,0.5171000,0.3182822,-0.0000000,0.0000000},
{0.3650638,0.7500099,0.1934723,0.3127352,0.7249499,0.1920371,0.4296526,0.8803751,0.2019478,0.5273862,0.9641950,0.2024294,0.6025241,0.8735839,0.3329539,0.5835000,0.8356000,0.4495000,0.5710000,0.6729000,0.3331000,0.6276000,0.6135000,0.2580000,0.6240000,0.5660000,0.3697000,0.6922000,0.4830000,0.5172000,0.3182822,-0.0000000,0.0000000},
{0.3559686,0.7469631,0.1942028,0.3035275,0.7217856,0.1924663,0.4212720,0.8762318,0.2030011,0.5189417,0.9604776,0.2031080,0.5997072,0.8699293,0.3335756,0.5813000,0.8344000,0.4496000,0.5710000,0.6729000,0.3331000,0.6266000,0.6129000,0.2578000,0.6232000,0.5655000,0.3696000,0.6915000,0.4830000,0.5173000,0.3182822,-0.0000000,0.0000000},
{0.3467774,0.7437821,0.1948260,0.2941468,0.7184712,0.1927551,0.4130416,0.8719993,0.2040222,0.5106352,0.9566360,0.2038345,0.5968656,0.8661812,0.3342172,0.5791000,0.8331000,0.4495000,0.5712000,0.6720000,0.3329000,0.6256000,0.6124000,0.2576000,0.6224000,0.5651000,0.3695000,0.6907000,0.4830000,0.5174000,0.3182822,-0.0000000,0.0000000},
{0.3376226,0.7405116,0.1953317,0.2849098,0.7151177,0.1928923,0.4049068,0.8676534,0.2050181,0.5024912,0.9526867,0.2046051,0.5940948,0.8624650,0.3348571,0.5769000,0.8318000,0.4495000,0.5698000,0.6710000,0.3328000,0.6246000,0.6119000,0.2574000,0.6216000,0.5648000,0.3693000,0.6900000,0.4830000,0.5174000,0.3182822,-0.0000000,0.0000000},
{0.3284066,0.7371160,0.1957244,0.2756781,0.7116766,0.1928827,0.3968009,0.8631582,0.2059970,0.4944804,0.9486204,0.2054210,0.5913707,0.8587507,0.3355004,0.5747000,0.8305000,0.4494000,0.5683000,0.6701000,0.3326000,0.6237000,0.6114000,0.2571000,0.6208000,0.5645000,0.3691000,0.6893000,0.4830000,0.5175000,0.3182822,-0.0000000,0.0000000},
{0.3194620,0.7337207,0.1959931,0.2665771,0.7081956,0.1927281,0.3889230,0.8586278,0.2069351,0.4866718,0.9444783,0.2062732,0.5886756,0.8550146,0.3361511,0.5724000,0.8292000,0.4494000,0.5667000,0.6690000,0.3325000,0.6227000,0.6110000,0.2569000,0.6200000,0.5641000,0.3690000,0.6885000,0.4831000,0.5176000,0.3182822,-0.0000000,0.0000000},
{0.3105803,0.7302510,0.1961493,0.2577509,0.7047345,0.1924387,0.3811280,0.8539839,0.2078502,0.4790414,0.9402555,0.2071619,0.5860594,0.8513275,0.3367969,0.5702000,0.8278000,0.4493000,0.5652000,0.6680000,0.3324000,0.6219000,0.6106000,0.2568000,0.6192000,0.5638000,0.3689000,0.6878000,0.4831000,0.5177000,0.3182822,-0.0000000,0.0000000},
{0.3019021,0.7267653,0.1961942,0.2491479,0.7012791,0.1920223,0.3735765,0.8493278,0.2087238,0.4716072,0.9359692,0.2080826,0.5833931,0.8475068,0.3374697,0.5679000,0.8263000,0.4492000,0.5636000,0.6669000,0.3322000,0.6211000,0.6101000,0.2565000,0.6185000,0.5635000,0.3687000,0.6870000,0.4831000,0.5178000,0.3182822,-0.0000000,0.0000000},
{0.2934615,0.7232831,0.1961341,0.2407002,0.6978058,0.1914820,0.3662436,0.8446537,0.2095596,0.4643097,0.9315914,0.2090407,0.5808622,0.8438190,0.3381226,0.5657000,0.8248000,0.4491000,0.5621000,0.6658000,0.3321000,0.6203000,0.6097000,0.2563000,0.6176000,0.5632000,0.3686000,0.6870000,0.4831000,0.5178000,0.3182822,-0.0000000,0.0000000},
{0.2852854,0.7198219,0.1959767,0.2326784,0.6944325,0.1908459,0.3591422,0.8399793,0.2103570,0.4572642,0.9271992,0.2100186,0.5782856,0.8400012,0.3388020,0.5635000,0.8232000,0.4491000,0.5604000,0.6648000,0.3319000,0.6194000,0.6092000,0.2560000,0.6168000,0.5628000,0.3684000,0.6861000,0.4832000,0.5178000,0.3182822,-0.0000000,0.0000000},
{0.2775343,0.7164590,0.1957355,0.2248772,0.6910801,0.1901096,0.3521491,0.8352292,0.2111301,0.4504025,0.9227598,0.2110225,0.5758721,0.8363654,0.3394524,0.5613000,0.8216000,0.4490000,0.5590000,0.6637000,0.3316000,0.6185000,0.6088000,0.2558000,0.6160000,0.5625000,0.3682000,0.6851000,0.4833000,0.5177000,0.3182822,-0.0000000,0.0000000},
{0.2694671,0.7128728,0.1953873,0.2172455,0.6877302,0.1892741,0.3453717,0.8304817,0.2118676,0.4436988,0.9182631,0.2120542,0.5734529,0.8326604,0.3401184,0.5592000,0.8200000,0.4488000,0.5575000,0.6627000,0.3314000,0.6176000,0.6084000,0.2555000,0.6152000,0.5622000,0.3680000,0.6842000,0.4835000,0.5177000,0.3182822,-0.0000000,0.0000000},
{0.2618075,0.7093844,0.1949628,0.2098588,0.6844199,0.1883539,0.3388105,0.8257459,0.2125702,0.4372552,0.9137869,0.2130949,0.5711636,0.8290969,0.3407621,0.5571000,0.8184000,0.4488000,0.5561000,0.6617000,0.3310000,0.6167000,0.6079000,0.2552000,0.6144000,0.5618000,0.3678000,0.6833000,0.4836000,0.5177000,0.3182822,-0.0000000,0.0000000},
{0.2543270,0.7058971,0.1944574,0.2027107,0.6811508,0.1873559,0.3324369,0.8210089,0.2132415,0.4309856,0.9092813,0.2141555,0.5690031,0.8256804,0.3413820,0.5551000,0.8168000,0.4487000,0.5548000,0.6608000,0.3307000,0.6159000,0.6073000,0.2549000,0.6136000,0.5614000,0.3676000,0.6825000,0.4837000,0.5177000,0.3182822,-0.0000000,0.0000000},
{0.2469881,0.7023963,0.1938720,0.1956467,0.6778547,0.1862624,0.3262027,0.8162406,0.2138871,0.4249105,0.9047690,0.2152299,0.5668526,0.8222263,0.3420115,0.5530000,0.8154000,0.4486000,0.5534000,0.6598000,0.3305000,0.6150000,0.6067000,0.2546000,0.6128000,0.5611000,0.3674000,0.6816000,0.4838000,0.5177000,0.3182822,-0.0000000,0.0000000},
{0.2397549,0.6988664,0.1932053,0.1886252,0.6745118,0.1850662,0.3201723,0.8114961,0.2145008,0.4190245,0.9002543,0.2163164,0.5648195,0.8189102,0.3426184,0.5510000,0.8139000,0.4485000,0.5523000,0.6590000,0.3302000,0.6140000,0.6061000,0.2543000,0.6121000,0.5606000,0.3671000,0.6808000,0.4840000,0.5177000,0.3182822,-0.0000000,0.0000000},
{0.2326092,0.6952991,0.1924565,0.1817967,0.6711946,0.1837946,0.3143196,0.8067623,0.2150858,0.4133479,0.8957619,0.2174084,0.5628138,0.8155886,0.3432289,0.5491000,0.8124000,0.4484000,0.5511000,0.6580000,0.3300000,0.6131000,0.6055000,0.2540000,0.6113000,0.5602000,0.3670000,0.6800000,0.4841000,0.5177000,0.3182822,-0.0000000,0.0000000},
{0.2256640,0.6917528,0.1916395,0.1751234,0.6678873,0.1824446,0.3086683,0.8020658,0.2156404,0.4078070,0.8912408,0.2185177,0.5609067,0.8123826,0.3438204,0.5471000,0.8110000,0.4482000,0.5499000,0.6573000,0.3298000,0.6121000,0.6049000,0.2536000,0.6105000,0.5598000,0.3667000,0.6792000,0.4843000,0.5177000,0.3182822,-0.0000000,0.0000000},
{0.2190536,0.6883023,0.1907772,0.1685486,0.6645629,0.1810064,0.3032967,0.7974826,0.2161578,0.4025105,0.8867884,0.2196197,0.5590685,0.8092465,0.3444013,0.5452000,0.8095000,0.4480000,0.5488000,0.6564000,0.3293000,0.6112000,0.6044000,0.2533000,0.6097000,0.5594000,0.3664000,0.6785000,0.4844000,0.5177000,0.3182822,-0.0000000,0.0000000},
{0.2124224,0.6847642,0.1898257,0.1620479,0.6612088,0.1794744,0.2980978,0.7929315,0.2166492,0.3975222,0.8824739,0.2206963,0.5573347,0.8062460,0.3449591,0.5432000,0.8080000,0.4478000,0.5477000,0.6555000,0.3290000,0.6103000,0.6038000,0.2530000,0.6089000,0.5590000,0.3663000,0.6778000,0.4846000,0.5178000,0.3182822,-0.0000000,0.0000000},
{0.2061498,0.6813439,0.1888427,0.1560822,0.6580692,0.1779677,0.2932954,0.7886225,0.2170945,0.3928188,0.8782937,0.2217472,0.5555777,0.8031614,0.3455346,0.5412000,0.8066000,0.4475000,0.5466000,0.6547000,0.3287000,0.6095000,0.6031000,0.2526000,0.6080000,0.5585000,0.3661000,0.6771000,0.4849000,0.5178000,0.3182822,-0.0000000,0.0000000},
{0.2000421,0.6779416,0.1878045,0.1503200,0.6549781,0.1764164,0.2887477,0.7844453,0.2175082,0.3884097,0.8742724,0.2227650,0.5539289,0.8002253,0.3460843,0.5391000,0.8051000,0.4472000,0.5456000,0.6537000,0.3282000,0.6087000,0.6026000,0.2524000,0.6072000,0.5580000,0.3659000,0.6765000,0.4851000,0.5179000,0.3182822,-0.0000000,0.0000000},
{0.1941245,0.6745745,0.1867190,0.1447806,0.6519496,0.1748319,0.2843763,0.7803377,0.2178984,0.3841453,0.8702851,0.2237807,0.5523537,0.7973815,0.3466186,0.5371000,0.8037000,0.4470000,0.5445000,0.6528000,0.3278000,0.6080000,0.6021000,0.2521000,0.6064000,0.5576000,0.3656000,0.6758000,0.4853000,0.5179000,0.3182822,-0.0000000,0.0000000},
{0.1884008,0.6712483,0.1855908,0.1393984,0.6489511,0.1732006,0.2802132,0.7763380,0.2182628,0.3799903,0.8663039,0.2248010,0.5508215,0.7945773,0.3471471,0.5351000,0.8023000,0.4467000,0.5435000,0.6518000,0.3274000,0.6073000,0.6016000,0.2519000,0.6056000,0.5571000,0.3654000,0.6752000,0.4855000,0.5180000,0.3182822,-0.0000000,0.0000000},
{0.1831010,0.6681047,0.1844742,0.1343376,0.6460786,0.1715798,0.2761998,0.7723978,0.2186071,0.3760221,0.8624097,0.2258048,0.5493335,0.7918171,0.3476689,0.5332000,0.8009000,0.4464000,0.5425000,0.6510000,0.3270000,0.6066000,0.6010000,0.2516000,0.6048000,0.5567000,0.3652000,0.6747000,0.4857000,0.5181000,0.3182822,-0.0000000,0.0000000},
{0.1779906,0.6650124,0.1833288,0.1295321,0.6433010,0.1699589,0.2723442,0.7685315,0.2189313,0.3721983,0.8585690,0.2268002,0.5479685,0.7892520,0.3481554,0.5312000,0.7996000,0.4461000,0.5414000,0.6500000,0.3266000,0.6059000,0.6004000,0.2514000,0.6040000,0.5562000,0.3650000,0.6741000,0.4858000,0.5182000,0.3182822,-0.0000000,0.0000000},
{0.1731426,0.6620208,0.1821767,0.1249532,0.6406067,0.1683363,0.2687706,0.7648739,0.2192258,0.3685662,0.8548375,0.2277722,0.5466123,0.7866708,0.3486463,0.5293000,0.7982000,0.4457000,0.5404000,0.6491000,0.3263000,0.6052000,0.5998000,0.2511000,0.6032000,0.5556000,0.3648000,0.6736000,0.4860000,0.5182000,0.3182822,-0.0000000,0.0000000},
{0.1685175,0.6591114,0.1810152,0.1206529,0.6380318,0.1667393,0.2654007,0.7613570,0.2194979,0.3651445,0.8512454,0.2287125,0.5453363,0.7842116,0.3491153,0.5275000,0.7969000,0.4453000,0.5395000,0.6481000,0.3259000,0.6045000,0.5991000,0.2508000,0.6025000,0.5551000,0.3646000,0.6731000,0.4861000,0.5182000,0.3182822,-0.0000000,0.0000000},
{0.1640514,0.6562480,0.1798327,0.1166240,0.6355780,0.1651755,0.2622038,0.7579575,0.2197509,0.3619332,0.8478037,0.2296174,0.5441264,0.7818517,0.3495666,0.5256000,0.7957000,0.4450000,0.5385000,0.6473000,0.3255000,0.6038000,0.5984000,0.2505000,0.6016000,0.5542000,0.3646000,0.6725000,0.4862000,0.5183000,0.3182822,-0.0000000,0.0000000},
{0.1599750,0.6535856,0.1786984,0.1127225,0.6331617,0.1635954,0.2592009,0.7547061,0.2199837,0.3588833,0.8444697,0.2304976,0.5429979,0.7796248,0.3499935,0.5238000,0.7944000,0.4445000,0.5376000,0.6463000,0.3251000,0.6029000,0.5975000,0.2503000,0.6014000,0.5544000,0.3639000,0.6720000,0.4863000,0.5183000,0.3182822,-0.0000000,0.0000000},
{0.1560844,0.6509991,0.1775645,0.1089912,0.6308120,0.1620206,0.2563634,0.7515800,0.2201993,0.3560199,0.8412797,0.2313431,0.5419290,0.7774920,0.3504034,0.5221000,0.7933000,0.4441000,0.5368000,0.6455000,0.3247000,0.6018000,0.5963000,0.2502000,0.6005000,0.5536000,0.3637000,0.6714000,0.4864000,0.5183000,0.3182822,-0.0000000,0.0000000},
{0.1523639,0.6484818,0.1764308,0.1054651,0.6285547,0.1604721,0.2535550,0.7484325,0.2204084,0.3532927,0.8381858,0.2321662,0.5408920,0.7754001,0.3508063,0.5204000,0.7922000,0.4436000,0.5359000,0.6447000,0.3242000,0.6007000,0.5952000,0.2502000,0.5998000,0.5531000,0.3634000,0.6708000,0.4865000,0.5183000,0.3182822,-0.0000000,0.0000000},
{0.1487722,0.6460089,0.1752881,0.1020435,0.6263283,0.1589104,0.2509519,0.7454660,0.2205981,0.3506235,0.8351031,0.2329891,0.5399450,0.7734700,0.3511789,0.5188000,0.7911000,0.4432000,0.5352000,0.6439000,0.3238000,0.5992000,0.5933000,0.2505000,0.5991000,0.5526000,0.3632000,0.6702000,0.4866000,0.5183000,0.3182822,-0.0000000,0.0000000},
{0.1454079,0.6436526,0.1741727,0.0988404,0.6242100,0.1573929,0.2485231,0.7426539,0.2207716,0.3480975,0.8321347,0.2337842,0.5390175,0.7715605,0.3515482,0.5172000,0.7901000,0.4427000,0.5343000,0.6431000,0.3234000,0.5992000,0.5933000,0.2505000,0.5985000,0.5522000,0.3628000,0.6696000,0.4867000,0.5184000,0.3182822,-0.0000000,0.0000000},
{0.1423250,0.6414576,0.1731103,0.0956694,0.6220789,0.1558346,0.2462446,0.7399757,0.2209310,0.3457469,0.8293263,0.2345388,0.5381271,0.7697092,0.3519070,0.5157000,0.7891000,0.4422000,0.5336000,0.6424000,0.3229000,0.5993000,0.5933000,0.2505000,0.5980000,0.5519000,0.3626000,0.6689000,0.4868000,0.5183000,0.3182822,-0.0000000,0.0000000},
{0.1393677,0.6393183,0.1720531,0.0927696,0.6200988,0.1543583,0.2441625,0.7374932,0.2210738,0.3435915,0.8267108,0.2352436,0.5373145,0.7680036,0.3522382,0.5142000,0.7880000,0.4417000,0.5328000,0.6416000,0.3225000,0.5993000,0.5933000,0.2505000,0.5971000,0.5512000,0.3625000,0.6683000,0.4868000,0.5184000,0.3182822,-0.0000000,0.0000000},
{0.1366759,0.6373409,0.1710568,0.0900038,0.6181806,0.1529020,0.2421981,0.7351194,0.2212059,0.3416490,0.8243196,0.2358896,0.5365382,0.7663596,0.3525581,0.5127000,0.7870000,0.4413000,0.5321000,0.6409000,0.3220000,0.5993000,0.5933000,0.2506000,0.5965000,0.5508000,0.3622000,0.6676000,0.4868000,0.5184000,0.3182822,-0.0000000,0.0000000},
{0.1341534,0.6354605,0.1700924,0.0872976,0.6162745,0.1514289,0.2404555,0.7329869,0.2213209,0.3398645,0.8220939,0.2364924,0.5358036,0.7647904,0.3528638,0.5114000,0.7860000,0.4409000,0.5314000,0.6400000,0.3216000,0.5993000,0.5933000,0.2506000,0.5961000,0.5507000,0.3619000,0.6669000,0.4868000,0.5184000,0.3182822,-0.0000000,0.0000000},
{0.1317242,0.6336235,0.1691342,0.0847054,0.6144199,0.1499708,0.2388134,0.7309540,0.2214274,0.3381622,0.8199439,0.2370759,0.5350875,0.7632478,0.3531649,0.5101000,0.7850000,0.4405000,0.5308000,0.6394000,0.3212000,0.5994000,0.5932000,0.2506000,0.5952000,0.5502000,0.3618000,0.6663000,0.4868000,0.5185000,0.3182822,-0.0000000,0.0000000},
{0.1295485,0.6319555,0.1682503,0.0822062,0.6126037,0.1485190,0.2373095,0.7290716,0.2215232,0.3366274,0.8179827,0.2376092,0.5345099,0.7619940,0.3534100,0.5089000,0.7841000,0.4401000,0.5302000,0.6386000,0.3208000,0.5994000,0.5932000,0.2507000,0.5942000,0.5488000,0.3621000,0.6656000,0.4868000,0.5185000,0.3182822,-0.0000000,0.0000000},
{0.1274911,0.6303574,0.1673911,0.0800753,0.6110321,0.1472433,0.2359282,0.7273249,0.2216098,0.3352403,0.8161912,0.2380974,0.5339437,0.7607565,0.3536522,0.5077000,0.7833000,0.4398000,0.5296000,0.6380000,0.3204000,0.5994000,0.5932000,0.2507000,0.5941000,0.5494000,0.3615000,0.6650000,0.4868000,0.5185000,0.3182822,-0.0000000,0.0000000},
{0.1261861,0.6293330,0.1668340,0.0791554,0.6103468,0.1466814,0.2346656,0.7257132,0.2216877,0.3339966,0.8145691,0.2385400,0.5334488,0.7596681,0.3538655,0.5066000,0.7826000,0.4395000,0.5291000,0.6375000,0.3201000,0.5995000,0.5932000,0.2507000,0.5935000,0.5490000,0.3613000,0.6644000,0.4867000,0.5185000,0.3182822,-0.0000000,0.0000000},
{0.1251056,0.6284782,0.1663652,0.0783185,0.6097197,0.1461642,0.2336690,0.7244305,0.2217483,0.3329197,0.8131524,0.2389272,0.5329987,0.7586722,0.3540609,0.5056000,0.7819000,0.4392000,0.5286000,0.6370000,0.3198000,0.5995000,0.5932000,0.2508000,0.5935000,0.5490000,0.3613000,0.6638000,0.4866000,0.5186000,0.3182822,-0.0000000,0.0000000},
{0.1242875,0.6278269,0.1660058,0.0777959,0.6093263,0.1458383,0.2328495,0.7233687,0.2217976,0.3320842,0.8120452,0.2392302,0.5326413,0.7578776,0.3542170,0.5047000,0.7812000,0.4388000,0.5281000,0.6366000,0.3195000,0.5995000,0.5932000,0.2508000,0.5937000,0.5491000,0.3614000,0.6632000,0.4865000,0.5186000,0.3182822,-0.0000000,0.0000000},
{0.1235910,0.6272697,0.1656967,0.0774979,0.6091013,0.1456513,0.2321466,0.7224528,0.2218394,0.3315582,0.8113446,0.2394221,0.5323764,0.7572862,0.3543332,0.5038000,0.7807000,0.4385000,0.5278000,0.6361000,0.3192000,0.5996000,0.5932000,0.2508000,0.5939000,0.5492000,0.3615000,0.6627000,0.4864000,0.5186000,0.3182822,-0.0000000,0.0000000},
{0.1231022,0.6268771,0.1654779,0.0772844,0.6089399,0.1455170,0.2315970,0.7217333,0.2218718,0.3312120,0.8108820,0.2395488,0.5322401,0.7569813,0.3543931,0.5030000,0.7803000,0.4382000,0.5273000,0.6358000,0.3189000,0.5996000,0.5931000,0.2508000,0.5941000,0.5493000,0.3616000,0.6622000,0.4862000,0.5186000,0.3182822,-0.0000000,0.0000000},
{0.1227481,0.6265919,0.1653186,0.0770798,0.6087849,0.1453879,0.2312319,0.7212538,0.2218932,0.3310505,0.8106658,0.2396081,0.5321563,0.7567935,0.3544301,0.5024000,0.7801000,0.4378000,0.5270000,0.6354000,0.3187000,0.5996000,0.5931000,0.2509000,0.5943000,0.5494000,0.3617000,0.6617000,0.4861000,0.5186000,0.3182822,-0.0000000,0.0000000},
{0.1225205,0.6264081,0.1652157,0.0768852,0.6086373,0.1452647,0.2310582,0.7210251,0.2219034,0.3309374,0.8105143,0.2396496,0.5321139,0.7566983,0.3544488,0.5018000,0.7800000,0.4374000,0.5265000,0.6351000,0.3184000,0.5996000,0.5931000,0.2509000,0.5945000,0.5495000,0.3618000,0.6613000,0.4859000,0.5186000,0.3182822,-0.0000000,0.0000000},
{0.1222906,0.6262223,0.1651115,0.0768354,0.6085995,0.1452331,0.2310802,0.7210542,0.2219021,0.3310171,0.8106210,0.2396204,0.5321139,0.7566983,0.3544488,0.5014000,0.7799000,0.4371000,0.5261000,0.6349000,0.3182000,0.5997000,0.5931000,0.2509000,0.5947000,0.5496000,0.3619000,0.6608000,0.4858000,0.5185000,0.3182822,-0.0000000,0.0000000}
};
