fitErrPi Mean = 0.0536397
fitErrTh Mean = 0.0121415
fitErrWr Mean = 0.0197038
fitErrLA Mean = 0.0610722
fitErrEl Mean = 0.01448
fitErrUA Mean = 0.0167848
efPts = {
{0.6023952,0.7894609,0.1363736,0.6295455,0.1543885,0.3041658,0.7123874,0.4033685,0.3485168,0.5915423,0.4972226,0.3653987,0.6421871,0.6219561,0.4548913,0.7269000,0.6267000,0.5200000,0.7367000,0.6767000,0.3881000,0.8292000,0.5536000,0.3730000,0.8861000,0.5101000,0.3891000,0.9938000,0.5116000,0.4578000,0.7136491,0.7007180,-0.0503178},
{0.6442931,0.2071682,0.3188625,0.6295706,0.1544121,0.3041154,0.7121434,0.4037079,0.3484354,0.5912344,0.4973067,0.3652503,0.6421115,0.6219722,0.4548432,0.7269000,0.6266000,0.5200000,0.7367000,0.6763000,0.3879000,0.8289000,0.5536000,0.3730000,0.8856000,0.5096000,0.3889000,0.9932000,0.5106000,0.4576000,0.5464771,0.1333052,0.3539964},
{0.6443656,0.2071857,0.3187697,0.6296776,0.1545135,0.3039007,0.7117841,0.4042087,0.3483152,0.5909160,0.4973964,0.3650957,0.6420716,0.6219808,0.4548177,0.7268000,0.6267000,0.5199000,0.7367000,0.6759000,0.3878000,0.8285000,0.5536000,0.3729000,0.8850000,0.5091000,0.3887000,0.9927000,0.5095000,0.4575000,0.5461797,0.1339837,0.3540527},
{0.6443843,0.2071902,0.3187458,0.6297112,0.1545456,0.3038329,0.7114291,0.4047049,0.3481960,0.5905541,0.4975016,0.3649185,0.6420303,0.6219899,0.4547914,0.7268000,0.6268000,0.5199000,0.7367000,0.6755000,0.3876000,0.8282000,0.5536000,0.3728000,0.8844000,0.5086000,0.3886000,0.9921000,0.5085000,0.4574000,0.5458026,0.1348489,0.3541222},
{0.6442860,0.2071665,0.3188716,0.6297715,0.1546035,0.3037115,0.7109509,0.4053752,0.3480348,0.5901711,0.4976168,0.3647292,0.6419785,0.6220014,0.4547581,0.7268000,0.6271000,0.5200000,0.7368000,0.6751000,0.3875000,0.8279000,0.5536000,0.3728000,0.8838000,0.5083000,0.3886000,0.9914000,0.5075000,0.4573000,0.5454301,0.1357089,0.3541888},
{0.6441287,0.2071296,0.3190726,0.6297753,0.1546072,0.3037037,0.7103454,0.4062271,0.3478297,0.5897257,0.4977559,0.3645069,0.6419569,0.6220062,0.4547443,0.7269000,0.6273000,0.5200000,0.7368000,0.6746000,0.3873000,0.8275000,0.5535000,0.3727000,0.8831000,0.5080000,0.3887000,0.9908000,0.5066000,0.4573000,0.5450112,0.1366822,0.3542611},
{0.6437854,0.2070529,0.3195097,0.6296887,0.1545240,0.3038783,0.7096817,0.4071650,0.3476036,0.5891514,0.4979433,0.3642167,0.6419197,0.6220147,0.4547204,0.7269000,0.6277000,0.5201000,0.7368000,0.6742000,0.3872000,0.8272000,0.5535000,0.3726000,0.8825000,0.5077000,0.3887000,0.9902000,0.5056000,0.4574000,0.5443838,0.1381527,0.3543646},
{0.6431958,0.2069342,0.3202552,0.6294625,0.1543109,0.3043320,0.7088556,0.4083386,0.3473203,0.5883876,0.4982071,0.3638244,0.6418037,0.6220416,0.4546455,0.7269000,0.6281000,0.5202000,0.7368000,0.6738000,0.3870000,0.8268000,0.5535000,0.3726000,0.8819000,0.5074000,0.3888000,0.9895000,0.5048000,0.4574000,0.5436008,0.1400094,0.3544853},
{0.6423269,0.2067889,0.3213421,0.6290948,0.1539762,0.3050636,0.7078336,0.4098000,0.3469667,0.5872893,0.4986163,0.3632470,0.6416618,0.6220757,0.4545533,0.7269000,0.6285000,0.5202000,0.7368000,0.6734000,0.3869000,0.8265000,0.5535000,0.3725000,0.8813000,0.5072000,0.3890000,0.9889000,0.5041000,0.4575000,0.5425699,0.1424906,0.3546296},
{0.6411678,0.2066494,0.3227703,0.6284877,0.1534549,0.3062558,0.7066637,0.4114861,0.3465578,0.5859099,0.4991821,0.3624992,0.6414110,0.6221392,0.4543888,0.7268000,0.6289000,0.5202000,0.7368000,0.6730000,0.3867000,0.8262000,0.5534000,0.3724000,0.8807000,0.5071000,0.3892000,0.9884000,0.5034000,0.4577000,0.5413268,0.1455400,0.3547812},
{0.6397028,0.2065612,0.3245403,0.6277479,0.1528712,0.3076829,0.7052813,0.4134967,0.3460688,0.5842305,0.4999527,0.3615527,0.6410858,0.6222280,0.4541723,0.7267000,0.6294000,0.5200000,0.7368000,0.6726000,0.3866000,0.8258000,0.5534000,0.3724000,0.8802000,0.5069000,0.3895000,0.9880000,0.5028000,0.4578000,0.5399153,0.1490804,0.3549228},
{0.6379718,0.2065823,0.3265818,0.6267402,0.1521642,0.3095826,0.7035895,0.4159845,0.3454618,0.5821106,0.5010627,0.3602975,0.6405595,0.6223875,0.4538143,0.7264000,0.6300000,0.5198000,0.7369000,0.6721000,0.3865000,0.8255000,0.5534000,0.3723000,0.8797000,0.5069000,0.3897000,0.9876000,0.5022000,0.4580000,0.5383857,0.1530136,0.3550383},
{0.6359109,0.2067823,0.3289425,0.6253265,0.1513367,0.3121653,0.7018405,0.4185888,0.3448239,0.5795380,0.5026341,0.3586755,0.6398745,0.6226256,0.4533332,0.7261000,0.6306000,0.5194000,0.7369000,0.6717000,0.3863000,0.8251000,0.5534000,0.3722000,0.8792000,0.5067000,0.3899000,0.9871000,0.5017000,0.4582000,0.5367000,0.1574688,0.3551181},
{0.6328898,0.2074143,0.3322681,0.6234793,0.1505296,0.3154028,0.6999780,0.4213990,0.3441331,0.5767758,0.5046278,0.3567991,0.6390666,0.6229534,0.4527428,0.7258000,0.6314000,0.5191000,0.7369000,0.6713000,0.3862000,0.8248000,0.5533000,0.3722000,0.8788000,0.5066000,0.3901000,0.9866000,0.5011000,0.4584000,0.5349765,0.1621604,0.3551461},
{0.6290946,0.2087708,0.3362217,0.6210935,0.1499178,0.3193685,0.6979154,0.4245565,0.3433536,0.5738377,0.5071482,0.3546275,0.6380795,0.6234283,0.4519849,0.7258000,0.6323000,0.5186000,0.7369000,0.6709000,0.3860000,0.8245000,0.5533000,0.3721000,0.8782000,0.5065000,0.3903000,0.9861000,0.5006000,0.4586000,0.5332734,0.1669381,0.3551182},
{0.6244387,0.2112801,0.3407351,0.6177163,0.1498184,0.3245979,0.6957205,0.4279706,0.3425070,0.5709466,0.5101010,0.3522826,0.6369482,0.6240834,0.4510617,0.7255000,0.6333000,0.5181000,0.7369000,0.6705000,0.3859000,0.8241000,0.5533000,0.3720000,0.8776000,0.5063000,0.3905000,0.9854000,0.4999000,0.4587000,0.5315471,0.1719316,0.3550308},
{0.6196386,0.2148354,0.3450021,0.6126312,0.1512058,0.3317023,0.6932466,0.4318872,0.3415310,0.5680442,0.5136352,0.3496778,0.6356756,0.6249802,0.4499446,0.7253000,0.6344000,0.5177000,0.7369000,0.6701000,0.3857000,0.8238000,0.5533000,0.3720000,0.8770000,0.5063000,0.3906000,0.9848000,0.4992000,0.4588000,0.5296885,0.1774860,0.3548666},
{0.6140916,0.2201726,0.3494434,0.6058052,0.1556607,0.3399401,0.6906195,0.4361286,0.3404686,0.5651160,0.5179233,0.3467319,0.6343485,0.6261248,0.4486768,0.7251000,0.6356000,0.5171000,0.7370000,0.6697000,0.3856000,0.8238000,0.5533000,0.3720000,0.8763000,0.5063000,0.3907000,0.9841000,0.4986000,0.4589000,0.5278088,0.1833021,0.3546224},
{0.6087149,0.2266229,0.3532394,0.5988638,0.1629242,0.3469480,0.6878500,0.4406954,0.3393184,0.5622980,0.5229433,0.3435039,0.6329443,0.6276154,0.4471980,0.7250000,0.6369000,0.5166000,0.7370000,0.6692000,0.3854000,0.8229000,0.5523000,0.3723000,0.8756000,0.5064000,0.3907000,0.9835000,0.4979000,0.4590000,0.5258596,0.1895583,0.3542810},
{0.6036612,0.2338649,0.3563373,0.5928191,0.1713152,0.3520158,0.6848720,0.4457196,0.3380456,0.5597486,0.5285184,0.3401289,0.6314587,0.6295842,0.4454408,0.7248000,0.6384000,0.5159000,0.7370000,0.6688000,0.3853000,0.8225000,0.5533000,0.3718000,0.8750000,0.5066000,0.3908000,0.9828000,0.4973000,0.4591000,0.5239116,0.1960546,0.3538439},
{0.5989176,0.2417448,0.3588137,0.5875726,0.1800796,0.3556724,0.6818605,0.4509259,0.3367187,0.5574531,0.5347571,0.3365537,0.6299809,0.6320724,0.4434325,0.7244000,0.6399000,0.5153000,0.7370000,0.6684000,0.3851000,0.8221000,0.5541000,0.3716000,0.8742000,0.5067000,0.3909000,0.9822000,0.4968000,0.4592000,0.5219049,0.2030205,0.3532860},
{0.5945591,0.2499558,0.3607020,0.5829050,0.1890036,0.3583613,0.6787020,0.4565285,0.3352820,0.5555609,0.5412393,0.3330173,0.6286119,0.6350474,0.4412428,0.7240000,0.6417000,0.5145000,0.7370000,0.6680000,0.3850000,0.8215000,0.5545000,0.3716000,0.8735000,0.5067000,0.3909000,0.9815000,0.4963000,0.4592000,0.5199282,0.2101766,0.3526209},
{0.5904295,0.2586449,0.3621288,0.5786701,0.1980088,0.3603456,0.6755163,0.4623349,0.3337837,0.5540044,0.5480860,0.3294419,0.6273824,0.6385691,0.4388584,0.7236000,0.6437000,0.5137000,0.7370000,0.6676000,0.3848000,0.8209000,0.5551000,0.3716000,0.8728000,0.5068000,0.3910000,0.9809000,0.4958000,0.4593000,0.5179385,0.2177002,0.3518256},
{0.5865670,0.2676273,0.3631224,0.5747958,0.2070057,0.3617812,0.6723354,0.4682974,0.3322355,0.5527948,0.5551456,0.3258984,0.6263716,0.6425016,0.4363884,0.7233000,0.6458000,0.5130000,0.7370000,0.6672000,0.3847000,0.8202000,0.5554000,0.3719000,0.8721000,0.5069000,0.3910000,0.9802000,0.4954000,0.4592000,0.5159828,0.2254378,0.3509092},
{0.5828945,0.2769926,0.3637382,0.5709808,0.2165803,0.3628365,0.6689496,0.4748362,0.3305266,0.5519062,0.5624009,0.3223848,0.6256159,0.6466499,0.4339479,0.7230000,0.6478000,0.5123000,0.7371000,0.6667000,0.3846000,0.8196000,0.5557000,0.3720000,0.8713000,0.5070000,0.3911000,0.9795000,0.4949000,0.4592000,0.5140304,0.2335361,0.3498477},
{0.5794403,0.2865973,0.3640002,0.5674029,0.2262165,0.3634972,0.6656154,0.4814821,0.3287783,0.5513173,0.5698388,0.3188994,0.6250937,0.6509601,0.4315519,0.7228000,0.6500000,0.5117000,0.7371000,0.6663000,0.3844000,0.8189000,0.5563000,0.3721000,0.8705000,0.5071000,0.3912000,0.9788000,0.4944000,0.4592000,0.5120608,0.2421254,0.3486120},
{0.5760950,0.2967031,0.3639335,0.5639078,0.2362590,0.3638273,0.6621334,0.4886573,0.3268782,0.5510106,0.5774637,0.3154337,0.6247868,0.6552965,0.4292574,0.7227000,0.6522000,0.5112000,0.7371000,0.6659000,0.3843000,0.8183000,0.5568000,0.3722000,0.8697000,0.5073000,0.3913000,0.9781000,0.4939000,0.4592000,0.5101391,0.2509619,0.3472272},
{0.5729308,0.3070645,0.3635504,0.5605333,0.2465642,0.3638409,0.6586372,0.4961222,0.3248878,0.5509740,0.5853336,0.3119580,0.6246618,0.6597001,0.4270265,0.7226000,0.6544000,0.5106000,0.7371000,0.6655000,0.3841000,0.8176000,0.5572000,0.3725000,0.8689000,0.5075000,0.3915000,0.9773000,0.4935000,0.4592000,0.5082208,0.2602916,0.3456451},
{0.5699151,0.3177485,0.3628630,0.5572814,0.2570836,0.3635594,0.6551419,0.5038685,0.3228083,0.5512031,0.5934363,0.3084759,0.6246975,0.6641253,0.4248704,0.7219000,0.6564000,0.5105000,0.7371000,0.6651000,0.3840000,0.8170000,0.5578000,0.3727000,0.8681000,0.5078000,0.3917000,0.9764000,0.4931000,0.4592000,0.5063727,0.2698302,0.3439046},
{0.5671019,0.3285134,0.3619034,0.5541872,0.2676527,0.3630108,0.6516549,0.5119047,0.3206361,0.5517016,0.6018615,0.3049494,0.6248835,0.6687223,0.4227098,0.7215000,0.6586000,0.5099000,0.7371000,0.6647000,0.3838000,0.8162000,0.5584000,0.3729000,0.8671000,0.5079000,0.3919000,0.9756000,0.4927000,0.4593000,0.5046097,0.2795134,0.3420150},
{0.5644678,0.3393846,0.3606894,0.5512141,0.2783495,0.3622126,0.6482641,0.5200436,0.3184210,0.5524564,0.6104218,0.3014562,0.6252296,0.6736326,0.4204801,0.7213000,0.6611000,0.5092000,0.7372000,0.6643000,0.3837000,0.8155000,0.5592000,0.3731000,0.8661000,0.5080000,0.3920000,0.9746000,0.4922000,0.4593000,0.5028737,0.2897013,0.3398978},
{0.5620026,0.3503513,0.3592373,0.5483552,0.2891640,0.3611804,0.6450181,0.5281653,0.3161960,0.5534654,0.6191637,0.2979750,0.6257495,0.6788862,0.4181742,0.7211000,0.6637000,0.5085000,0.7372000,0.6638000,0.3835000,0.8146000,0.5599000,0.3733000,0.8650000,0.5083000,0.3922000,0.9734000,0.4917000,0.4593000,0.5012281,0.3000722,0.3376107},
{0.5596551,0.3616169,0.3575267,0.5456057,0.3000840,0.3599275,0.6418350,0.5364783,0.3139036,0.5547272,0.6280944,0.2945022,0.6264159,0.6841975,0.4159177,0.7212000,0.6664000,0.5080000,0.7372000,0.6634000,0.3834000,0.8139000,0.5606000,0.3734000,0.8638000,0.5085000,0.3923000,0.9722000,0.4911000,0.4593000,0.4996422,0.3108626,0.3350939},
{0.5574538,0.3730327,0.3555831,0.5428829,0.3114347,0.3584179,0.6386775,0.5451047,0.3115092,0.5562167,0.6370766,0.2910891,0.6272353,0.6896629,0.4136669,0.7215000,0.6692000,0.5075000,0.7372000,0.6630000,0.3832000,0.8131000,0.5614000,0.3735000,0.8626000,0.5090000,0.3923000,0.9709000,0.4905000,0.4592000,0.4981383,0.3219892,0.3323561},
{0.5553599,0.3847986,0.3533727,0.5402204,0.3230901,0.3566632,0.6355621,0.5540344,0.3090144,0.5579713,0.6463418,0.2876474,0.6281732,0.6950983,0.4114937,0.7218000,0.6721000,0.5071000,0.7372000,0.6626000,0.3831000,0.8123000,0.5624000,0.3736000,0.8613000,0.5096000,0.3925000,0.9695000,0.4900000,0.4592000,0.4967146,0.3335415,0.3293642},
{0.5533892,0.3968464,0.3509040,0.5376055,0.3351184,0.3546486,0.6325723,0.5630472,0.3064797,0.5599703,0.6557587,0.2842273,0.6292437,0.7006292,0.4093440,0.7223000,0.6749000,0.5067000,0.7372000,0.6622000,0.3830000,0.8114000,0.5635000,0.3738000,0.8600000,0.5101000,0.3926000,0.9681000,0.4895000,0.4592000,0.4953822,0.3455299,0.3261017},
{0.5515463,0.4091656,0.3481760,0.5350590,0.3474387,0.3523830,0.6295629,0.5726225,0.3037690,0.5622637,0.6655311,0.2807574,0.6303994,0.7060528,0.4072923,0.7226000,0.6779000,0.5063000,0.7372000,0.6618000,0.3828000,0.8105000,0.5645000,0.3740000,0.8587000,0.5107000,0.3928000,0.9667000,0.4890000,0.4592000,0.4941677,0.3578094,0.3225970},
{0.5498574,0.4215781,0.3452283,0.5325982,0.3599725,0.3498789,0.6267068,0.5822519,0.3010249,0.5648267,0.6755105,0.2772939,0.6317076,0.7117008,0.4052114,0.7229000,0.6808000,0.5057000,0.7373000,0.6613000,0.3827000,0.8097000,0.5656000,0.3742000,0.8573000,0.5113000,0.3929000,0.9653000,0.4886000,0.4592000,0.4930760,0.3704199,0.3188290},
{0.5483078,0.4341874,0.3420372,0.5302184,0.3727493,0.3471288,0.6238403,0.5925423,0.2980725,0.5676749,0.6857306,0.2738276,0.6331134,0.7173355,0.4031889,0.7231000,0.6839000,0.5051000,0.7373000,0.6609000,0.3825000,0.8088000,0.5669000,0.3742000,0.8559000,0.5119000,0.3930000,0.9638000,0.4882000,0.4592000,0.4921289,0.3831919,0.3148406},
{0.5469246,0.4467525,0.3386667,0.5279445,0.3856368,0.3441610,0.6212321,0.6025560,0.2951801,0.5707541,0.6959888,0.2704281,0.6346845,0.7232242,0.4011294,0.7232000,0.6871000,0.5045000,0.7373000,0.6605000,0.3824000,0.8080000,0.5681000,0.3744000,0.8544000,0.5126000,0.3931000,0.9623000,0.4878000,0.4592000,0.4913319,0.3961003,0.3106357},
{0.5456912,0.4593903,0.3350898,0.5257805,0.3986038,0.3409848,0.6187525,0.6127734,0.2922095,0.5741677,0.7066044,0.2669924,0.6364319,0.7293748,0.3990348,0.7236000,0.6903000,0.5039000,0.7373000,0.6601000,0.3822000,0.8070000,0.5692000,0.3744000,0.8530000,0.5133000,0.3931000,0.9606000,0.4875000,0.4591000,0.4906849,0.4092448,0.3061753},
{0.5445924,0.4722871,0.3312503,0.5237134,0.4117276,0.3375814,0.6164278,0.6231120,0.2891839,0.5778666,0.7173856,0.2635870,0.6383565,0.7357606,0.3969189,0.7241000,0.6935000,0.5033000,0.7373000,0.6597000,0.3821000,0.8061000,0.5706000,0.3744000,0.8516000,0.5141000,0.3930000,0.9589000,0.4871000,0.4590000,0.4901969,0.4225961,0.3014610},
{0.5436539,0.4851662,0.3272280,0.5217375,0.4250594,0.3339339,0.6142291,0.6337406,0.2860531,0.5818002,0.7281767,0.2602622,0.6403948,0.7421616,0.3948558,0.7246000,0.6968000,0.5029000,0.7373000,0.6593000,0.3819000,0.8051000,0.5721000,0.3744000,0.8501000,0.5151000,0.3929000,0.9571000,0.4867000,0.4590000,0.4898757,0.4361680,0.2964791},
{0.5428676,0.4981355,0.3229894,0.5198609,0.4385668,0.3300460,0.6122183,0.6443921,0.2828949,0.5860156,0.7390980,0.2569819,0.6425050,0.7484631,0.3928798,0.7252000,0.7002000,0.5024000,0.7373000,0.6589000,0.3818000,0.8040000,0.5735000,0.3745000,0.8484000,0.5161000,0.3930000,0.9552000,0.4864000,0.4589000,0.4897305,0.4499500,0.2912236},
{0.5422372,0.5111813,0.3185360,0.5180680,0.4524046,0.3258644,0.6103649,0.6552533,0.2796534,0.5905059,0.7501131,0.2537599,0.6447482,0.7548556,0.3909299,0.7259000,0.7036000,0.5018000,0.7374000,0.6584000,0.3816000,0.8030000,0.5751000,0.3746000,0.8465000,0.5170000,0.3931000,0.9534000,0.4861000,0.4588000,0.4897710,0.4639401,0.2856848},
{0.5417675,0.5242432,0.3138856,0.5163973,0.4663134,0.3214598,0.6087005,0.6661758,0.2763724,0.5952904,0.7612480,0.2505916,0.6471010,0.7612690,0.3890279,0.7264000,0.7071000,0.5013000,0.7374000,0.6580000,0.3815000,0.8020000,0.5768000,0.3746000,0.8439000,0.5180000,0.3932000,0.9515000,0.4859000,0.4587000,0.4900045,0.4779895,0.2799133},
{0.5414638,0.5371447,0.3091026,0.5148696,0.4801168,0.3168886,0.6072334,0.6771111,0.2730663,0.6003395,0.7724147,0.2475050,0.6495953,0.7677858,0.3871502,0.7270000,0.7106000,0.5007000,0.7374000,0.6576000,0.3813000,0.8011000,0.5785000,0.3746000,0.8419000,0.5186000,0.3933000,0.9495000,0.4858000,0.4586000,0.4904318,0.4919738,0.2739569},
{0.5413225,0.5498757,0.3041954,0.5134659,0.4939932,0.3120907,0.6059806,0.6879041,0.2697823,0.6056237,0.7835370,0.2445229,0.6522536,0.7744508,0.3852869,0.7277000,0.7142000,0.5002000,0.7374000,0.6572000,0.3812000,0.7996000,0.5798000,0.3746000,0.8399000,0.5192000,0.3934000,0.9474000,0.4858000,0.4585000,0.4910591,0.5059849,0.2677729},
{0.5413400,0.5623804,0.2991901,0.5122201,0.5075946,0.3071883,0.6049189,0.6987244,0.2664692,0.6111163,0.7945554,0.2416620,0.6550488,0.7811825,0.3834635,0.7284000,0.7180000,0.4997000,0.7374000,0.6568000,0.3811000,0.7992000,0.5826000,0.3743000,0.8399000,0.5192000,0.3934000,0.9452000,0.4857000,0.4584000,0.4918829,0.5198813,0.2614207},
{0.5415122,0.5746596,0.2940917,0.5111128,0.5211051,0.3021192,0.6040803,0.7091490,0.2632576,0.6167201,0.8052844,0.2389686,0.6580138,0.7880469,0.3816651,0.7293000,0.7219000,0.4992000,0.7374000,0.6564000,0.3809000,0.7987000,0.5851000,0.3744000,0.8398000,0.5246000,0.3919000,0.9429000,0.4857000,0.4583000,0.4928990,0.5335982,0.2549303},
{0.5418415,0.5869000,0.2888227,0.5101476,0.5344802,0.2968997,0.6034257,0.7195242,0.2600420,0.6223956,0.8156722,0.2364513,0.6611099,0.7949416,0.3799216,0.7303000,0.7260000,0.4989000,0.7375000,0.6559000,0.3808000,0.7964000,0.5861000,0.3747000,0.8379000,0.5260000,0.3918000,0.9404000,0.4857000,0.4581000,0.4941170,0.5472470,0.2482474},
{0.5423237,0.5989092,0.2834647,0.5093219,0.5477730,0.2915077,0.6029534,0.7298430,0.2568248,0.6282160,0.8258657,0.2340719,0.6642784,0.8017348,0.3782663,0.7314000,0.7299000,0.4985000,0.7375000,0.6555000,0.3806000,0.7951000,0.5881000,0.3747000,0.8361000,0.5275000,0.3916000,0.9379000,0.4857000,0.4580000,0.4955201,0.5606338,0.2414666},
{0.5429625,0.6107814,0.2779760,0.5086329,0.5610999,0.2858889,0.6026618,0.7400954,0.2536093,0.6341959,0.8358900,0.2318246,0.6675450,0.8084833,0.3766852,0.7326000,0.7338000,0.4981000,0.7375000,0.6555000,0.3806000,0.7938000,0.5903000,0.3747000,0.8341000,0.5292000,0.3915000,0.9352000,0.4858000,0.4579000,0.4971275,0.5739335,0.2344982},
{0.5437512,0.6223933,0.2724134,0.5080946,0.5742847,0.2801100,0.6025488,0.7502568,0.2504035,0.6403010,0.8456865,0.2297228,0.6708044,0.8149782,0.3752249,0.7338000,0.7378000,0.4977000,0.7371000,0.6589000,0.3806000,0.7926000,0.5928000,0.3746000,0.8321000,0.5309000,0.3916000,0.9325000,0.4861000,0.4578000,0.4989247,0.5870027,0.2274144},
{0.5446943,0.6338095,0.2667460,0.5077101,0.5873344,0.2741632,0.6026094,0.7602097,0.2472452,0.6466097,0.8553725,0.2277433,0.6741499,0.8214133,0.3738397,0.7355000,0.7410000,0.4967000,0.7369000,0.6629000,0.3800000,0.7916000,0.5952000,0.3746000,0.8300000,0.5329000,0.3915000,0.9298000,0.4864000,0.4577000,0.5008979,0.5997568,0.2202631},
{0.5457910,0.6450008,0.2609864,0.5074864,0.6000288,0.2681474,0.6028393,0.7700993,0.2440888,0.6529224,0.8646431,0.2259480,0.6775281,0.8276873,0.3725511,0.7367000,0.7449000,0.4963000,0.7369000,0.6656000,0.3805000,0.7906000,0.5979000,0.3745000,0.8278000,0.5348000,0.3915000,0.9270000,0.4869000,0.4577000,0.5030402,0.6121755,0.2130601},
{0.5470315,0.6558696,0.2551851,0.5074222,0.6128132,0.2618422,0.6032268,0.7797136,0.2410028,0.6593636,0.8736874,0.2242987,0.6809741,0.8338676,0.3713446,0.7378000,0.7489000,0.4960000,0.7368000,0.6698000,0.3804000,0.7893000,0.6003000,0.3746000,0.8257000,0.5368000,0.3916000,0.9242000,0.4875000,0.4577000,0.5053491,0.6242657,0.2058054},
{0.5484092,0.6663795,0.2493643,0.5075242,0.6250407,0.2555607,0.6037545,0.7889683,0.2380157,0.6658242,0.8823540,0.2228227,0.6847055,0.8403211,0.3701555,0.7385000,0.7533000,0.4961000,0.7365000,0.6754000,0.3791000,0.7879000,0.6030000,0.3747000,0.8234000,0.5389000,0.3916000,0.9213000,0.4881000,0.4577000,0.5077709,0.6357968,0.1986477},
{0.5499175,0.6765057,0.2435419,0.5077869,0.6367904,0.2492723,0.6044295,0.7981409,0.2350388,0.6723486,0.8907076,0.2215074,0.6882755,0.8462727,0.3691273,0.7401000,0.7568000,0.4953000,0.7365000,0.6754000,0.3791000,0.7863000,0.6054000,0.3749000,0.8213000,0.5412000,0.3915000,0.9184000,0.4888000,0.4577000,0.5103014,0.6468173,0.1915725},
{0.5515564,0.6862684,0.2377096,0.5082136,0.6482316,0.2428868,0.6052176,0.8069021,0.2321801,0.6788994,0.8987022,0.2203596,0.6918884,0.8520810,0.3681923,0.7415000,0.7607000,0.4949000,0.7365000,0.6795000,0.3792000,0.7849000,0.6080000,0.3750000,0.8192000,0.5435000,0.3915000,0.9155000,0.4895000,0.4577000,0.5129377,0.6573687,0.1845668},
{0.5532992,0.6955390,0.2319505,0.5088005,0.6592256,0.2364798,0.6061244,0.8154563,0.2293743,0.6854763,0.9063400,0.2193783,0.6955448,0.8577453,0.3673512,0.7422000,0.7648000,0.4950000,0.7365000,0.6836000,0.3792000,0.7834000,0.6105000,0.3750000,0.8171000,0.5457000,0.3915000,0.9125000,0.4904000,0.4578000,0.5156643,0.6674351,0.1776535},
{0.5551309,0.7042919,0.2262925,0.5095419,0.6697099,0.2300910,0.6071287,0.8236987,0.2266568,0.6920308,0.9135690,0.2185686,0.6993992,0.8634881,0.3665768,0.7436000,0.7687000,0.4947000,0.7366000,0.6877000,0.3792000,0.7812000,0.6126000,0.3740000,0.8151000,0.5483000,0.3915000,0.9096000,0.4914000,0.4579000,0.5184591,0.6769850,0.1708691},
{0.5570569,0.7125953,0.2207019,0.5104283,0.6796218,0.2237664,0.6082117,0.8315844,0.2240439,0.6985487,0.9203813,0.2179291,0.7031719,0.8688855,0.3659287,0.7449000,0.7726000,0.4942000,0.7366000,0.6918000,0.3793000,0.7801000,0.6156000,0.3744000,0.8130000,0.5505000,0.3916000,0.9066000,0.4924000,0.4580000,0.5212597,0.6858746,0.1643377},
{0.5590403,0.7203362,0.2152677,0.5114632,0.6890424,0.2174603,0.6093680,0.8391692,0.2215184,0.7050275,0.9267808,0.2174571,0.7070944,0.8742642,0.3653693,0.7463000,0.7765000,0.4937000,0.7366000,0.6918000,0.3793000,0.7796000,0.6188000,0.3747000,0.8111000,0.5532000,0.3916000,0.9037000,0.4936000,0.4582000,0.5240890,0.6942435,0.1579797},
{0.5610769,0.7275558,0.2099782,0.5126228,0.6978108,0.2112897,0.6105889,0.8464683,0.2190765,0.7113856,0.9326981,0.2171536,0.7111467,0.8795720,0.3649139,0.7476000,0.7804000,0.4930000,0.7369000,0.6961000,0.3787000,0.7788000,0.6219000,0.3749000,0.8091000,0.5556000,0.3917000,0.9009000,0.4949000,0.4585000,0.5268497,0.7018794,0.1519840},
{0.5631519,0.7342519,0.2048519,0.5138827,0.7058555,0.2053277,0.6118730,0.8535289,0.2167034,0.7175912,0.9381227,0.2170117,0.7152366,0.8846705,0.3645812,0.7489000,0.7843000,0.4923000,0.7370000,0.6999000,0.3786000,0.7778000,0.6247000,0.3749000,0.8072000,0.5580000,0.3917000,0.8981000,0.4963000,0.4588000,0.5295725,0.7089463,0.1462529},
{0.5652426,0.7404067,0.1999227,0.5152102,0.7131086,0.1996585,0.6132192,0.8603877,0.2143875,0.7237228,0.9431361,0.2170239,0.7192940,0.8894686,0.3643790,0.7502000,0.7881000,0.4915000,0.7369000,0.7034000,0.3782000,0.7770000,0.6278000,0.3749000,0.8054000,0.5606000,0.3918000,0.8954000,0.4977000,0.4591000,0.5321899,0.7153420,0.1408999},
{0.5672938,0.7459296,0.1952923,0.5166004,0.7196753,0.1942368,0.6146055,0.8669741,0.2121536,0.7297166,0.9476963,0.2171857,0.7233666,0.8940182,0.3643070,0.7514000,0.7919000,0.4906000,0.7368000,0.7068000,0.3777000,0.7764000,0.6307000,0.3748000,0.8036000,0.5630000,0.3920000,0.8927000,0.4993000,0.4595000,0.5346887,0.7211121,0.1359213},
{0.5693297,0.7509556,0.1908779,0.5180321,0.7255646,0.1890910,0.6159777,0.8730952,0.2100686,0.7354972,0.9517660,0.2174861,0.7273521,0.8982043,0.3643673,0.7526000,0.7956000,0.4896000,0.7368000,0.7105000,0.3772000,0.7756000,0.6336000,0.3747000,0.8018000,0.5654000,0.3920000,0.8901000,0.5009000,0.4599000,0.5370605,0.7263057,0.1313070},
{0.5712913,0.7554057,0.1867812,0.5194556,0.7307025,0.1843341,0.6173424,0.8788477,0.2081011,0.7410140,0.9553393,0.2179096,0.7313323,0.9021117,0.3645619,0.7537000,0.7993000,0.4887000,0.7361000,0.7123000,0.3769000,0.7748000,0.6364000,0.3746000,0.8001000,0.5677000,0.3922000,0.8876000,0.5026000,0.4604000,0.5393042,0.7309805,0.1270355},
{0.5731816,0.7593578,0.1829674,0.5208656,0.7351985,0.1799194,0.6186933,0.8842564,0.2062439,0.7460626,0.9583334,0.2184185,0.7351279,0.9055716,0.3648783,0.7547000,0.8030000,0.4877000,0.7361000,0.7159000,0.3762000,0.7739000,0.6392000,0.3745000,0.7984000,0.5704000,0.3923000,0.8852000,0.5043000,0.4609000,0.5413865,0.7351225,0.1231484},
{0.5749592,0.7627934,0.1794929,0.5222527,0.7391264,0.1758244,0.6199641,0.8891164,0.2045690,0.7506845,0.9608338,0.2189902,0.7389345,0.9087654,0.3653313,0.7558000,0.8065000,0.4867000,0.7354000,0.7181000,0.3758000,0.7731000,0.6419000,0.3743000,0.7968000,0.5727000,0.3926000,0.8828000,0.5062000,0.4615000,0.5433145,0.7387971,0.1196125},
{0.5766485,0.7658213,0.1762855,0.5235888,0.7425030,0.1720838,0.6211812,0.8935850,0.2030239,0.7548751,0.9628938,0.2195997,0.7424967,0.9114878,0.3658862,0.7568000,0.8100000,0.4858000,0.7354000,0.7211000,0.3751000,0.7724000,0.6446000,0.3742000,0.7952000,0.5751000,0.3927000,0.8806000,0.5081000,0.4621000,0.5451071,0.7420811,0.1163769},
{0.5782185,0.7684391,0.1733828,0.5248384,0.7453385,0.1687470,0.6222699,0.8974427,0.2016859,0.7585023,0.9645112,0.2202002,0.7460270,0.9139126,0.3665703,0.7577000,0.8134000,0.4848000,0.7353000,0.7240000,0.3751000,0.7717000,0.6473000,0.3741000,0.7938000,0.5776000,0.3929000,0.8783000,0.5100000,0.4627000,0.5467108,0.7449144,0.1135234},
{0.5796717,0.7707012,0.1707603,0.5260004,0.7477218,0.1657710,0.6234446,0.9014698,0.2002851,0.7615505,0.9657469,0.2207591,0.7492094,0.9158465,0.3673109,0.7586000,0.8167000,0.4839000,0.7353000,0.7240000,0.3751000,0.7711000,0.6498000,0.3740000,0.7924000,0.5798000,0.3931000,0.8762000,0.5119000,0.4633000,0.5481765,0.7474205,0.1109482},
{0.5809805,0.7726115,0.1684490,0.5271111,0.7497902,0.1630313,0.6244654,0.9048639,0.1991012,0.7640452,0.9666712,0.2212548,0.7519527,0.9173055,0.3680516,0.7594000,0.8199000,0.4829000,0.7351000,0.7260000,0.3747000,0.7705000,0.6524000,0.3738000,0.7911000,0.5822000,0.3934000,0.8742000,0.5138000,0.4639000,0.5494887,0.7495984,0.1086685},
{0.5821991,0.7742856,0.1663386,0.5280691,0.7514209,0.1607452,0.6253649,0.9077788,0.1980820,0.7660399,0.9673522,0.2216768,0.7543003,0.9183880,0.3687670,0.7601000,0.8229000,0.4820000,0.7350000,0.7280000,0.3742000,0.7700000,0.6548000,0.3736000,0.7900000,0.5847000,0.3936000,0.8723000,0.5158000,0.4645000,0.5506383,0.7514565,0.1066909},
{0.5832615,0.7756654,0.1645305,0.5289851,0.7528554,0.1586218,0.6262194,0.9104859,0.1971334,0.7676112,0.9678512,0.2220256,0.7562239,0.9191519,0.3694138,0.7608000,0.8259000,0.4812000,0.7349000,0.7299000,0.3738000,0.7695000,0.6572000,0.3736000,0.7888000,0.5869000,0.3939000,0.8704000,0.5178000,0.4652000,0.5516955,0.7531251,0.1048880},
{0.5842009,0.7768250,0.1629559,0.5297704,0.7539934,0.1568472,0.6269637,0.9127974,0.1963219,0.7689716,0.9682560,0.2223396,0.7575465,0.9196083,0.3698923,0.7614000,0.8287000,0.4803000,0.7347000,0.7319000,0.3733000,0.7689000,0.6595000,0.3734000,0.7877000,0.5892000,0.3939000,0.8686000,0.5197000,0.4658000,0.5525949,0.7545148,0.1033660},
{0.5850842,0.7778649,0.1614953,0.5304926,0.7549681,0.1552513,0.6276109,0.9147735,0.1956269,0.7698615,0.9685070,0.2225511,0.7584747,0.9198933,0.3702454,0.7618000,0.8316000,0.4795000,0.7346000,0.7339000,0.3729000,0.7684000,0.6618000,0.3733000,0.7867000,0.5914000,0.3943000,0.8670000,0.5216000,0.4665000,0.5533779,0.7557028,0.1020494},
{0.5858723,0.7787520,0.1602085,0.5311161,0.7557565,0.1539002,0.6281566,0.9164163,0.1950484,0.7705898,0.9687041,0.2227278,0.7591762,0.9200885,0.3705222,0.7621000,0.8342000,0.4787000,0.7345000,0.7359000,0.3725000,0.7679000,0.6639000,0.3733000,0.7857000,0.5937000,0.3945000,0.8654000,0.5236000,0.4671000,0.5540321,0.7566799,0.1009556},
{0.5865755,0.7795121,0.1590728,0.5316645,0.7564107,0.1527314,0.6286380,0.9178482,0.1945435,0.7709516,0.9687991,0.2228168,0.7595251,0.9201790,0.3706631,0.7624000,0.8367000,0.4779000,0.7343000,0.7379000,0.3720000,0.7674000,0.6659000,0.3733000,0.7849000,0.5959000,0.3948000,0.8640000,0.5255000,0.4677000,0.5545712,0.7574746,0.1000583},
{0.5871914,0.7801534,0.1580878,0.5321999,0.7570148,0.1516076,0.6290102,0.9189444,0.1941566,0.7711876,0.9688602,0.2228754,0.7597244,0.9202287,0.3707447,0.7625000,0.8392000,0.4771000,0.7342000,0.7399000,0.3716000,0.7668000,0.6678000,0.3733000,0.7836000,0.5977000,0.3952000,0.8626000,0.5273000,0.4683000,0.5550067,0.7581098,0.0993361},
{0.5877498,0.7807155,0.1572025,0.5326418,0.7574883,0.1506927,0.6293011,0.9197945,0.1938563,0.7711273,0.9688447,0.2228604,0.7597945,0.9202458,0.3707735,0.7625000,0.8414000,0.4764000,0.7341000,0.7419000,0.3711000,0.7663000,0.6697000,0.3733000,0.7827000,0.5997000,0.3954000,0.8614000,0.5292000,0.4689000,0.5553280,0.7585744,0.0988048},
{0.5882864,0.7812386,0.1563585,0.5330715,0.7579275,0.1498136,0.6295240,0.9204423,0.1936273,0.7708594,0.9687751,0.2227941,0.7597227,0.9202283,0.3707440,0.7624000,0.8435000,0.4757000,0.7339000,0.7439000,0.3707000,0.7657000,0.6715000,0.3732000,0.7822000,0.6017000,0.3956000,0.8602000,0.5309000,0.4695000,0.5555740,0.7589280,0.0983989},
{0.5887492,0.7816764,0.1556360,0.5334384,0.7582862,0.1490712,0.6296541,0.9208189,0.1934942,0.7704185,0.9686584,0.2226859,0.7595632,0.9201886,0.3706787,0.7622000,0.8456000,0.4750000,0.7338000,0.7459000,0.3702000,0.7653000,0.6731000,0.3731000,0.7809000,0.6029000,0.3961000,0.8592000,0.5326000,0.4700000,0.5557214,0.7591390,0.0981560},
{0.5891804,0.7820734,0.1549672,0.5337929,0.7586189,0.1483608,0.6297524,0.9211029,0.1933937,0.7698604,0.9685067,0.2225508,0.7592355,0.9201042,0.3705460,0.7618000,0.8474000,0.4743000,0.7337000,0.7478000,0.3698000,0.7647000,0.6746000,0.3729000,0.7804000,0.6046000,0.3962000,0.8583000,0.5343000,0.4705000,0.5558187,0.7592778,0.0979959},
{0.5895702,0.7824232,0.1543661,0.5341689,0.7589569,0.1476149,0.6297949,0.9212253,0.1933504,0.7691452,0.9683059,0.2223805,0.7588622,0.9200033,0.3703972,0.7613000,0.8492000,0.4736000,0.7335000,0.7498000,0.3694000,0.7641000,0.6761000,0.3729000,0.7798000,0.6061000,0.3965000,0.8574000,0.5359000,0.4710000,0.5557082,0.7591200,0.0981779},
{0.5899614,0.7827655,0.1537663,0.5345082,0.7592491,0.1469481,0.6298239,0.9213089,0.1933208,0.7683816,0.9680836,0.2222020,0.7584141,0.9198756,0.3702219,0.7607000,0.8509000,0.4729000,0.7334000,0.7518000,0.3689000,0.7637000,0.6774000,0.3728000,0.7791000,0.6076000,0.3967000,0.8567000,0.5375000,0.4715000,0.5557902,0.7592371,0.0980429},
{0.5903024,0.7830570,0.1532464,0.5349038,0.7595746,0.1461783,0.6297963,0.9212295,0.1933489,0.7675022,0.9678176,0.2220009,0.7579343,0.9197310,0.3700380,0.7601000,0.8524000,0.4723000,0.7333000,0.7538000,0.3685000,0.7632000,0.6786000,0.3727000,0.7787000,0.6090000,0.3969000,0.8560000,0.5391000,0.4721000,0.5558125,0.7592689,0.0980062},
{0.5906361,0.7833360,0.1527400,0.5352322,0.7598326,0.1455453,0.6297373,0.9210594,0.1934091,0.7665820,0.9675281,0.2217955,0.7574715,0.9195840,0.3698643,0.7593000,0.8539000,0.4716000,0.7331000,0.7558000,0.3680000,0.7630000,0.6800000,0.3727000,0.7782000,0.6103000,0.3970000,0.8553000,0.5405000,0.4725000,0.5557945,0.7592433,0.0980358},
{0.5910198,0.7836492,0.1521607,0.5356534,0.7601475,0.1447416,0.6296325,0.9207565,0.1935162,0.7655946,0.9672047,0.2215806,0.7569333,0.9194039,0.3696668,0.7586000,0.8553000,0.4710000,0.7330000,0.7578000,0.3676000,0.7622000,0.6810000,0.3724000,0.7781000,0.6117000,0.3971000,0.8548000,0.5419000,0.4730000,0.5558232,0.7592842,0.0979886},
{0.5913241,0.7838919,0.1517037,0.5360935,0.7604578,0.1439112,0.6295333,0.9204694,0.1936178,0.7645726,0.9668564,0.2213642,0.7563774,0.9192078,0.3694678,0.7577000,0.8565000,0.4703000,0.7329000,0.7598000,0.3671000,0.7621000,0.6819000,0.3722000,0.7772000,0.6126000,0.3973000,0.8542000,0.5433000,0.4734000,0.5557926,0.7592407,0.0980388},
{0.5916469,0.7841437,0.1512211,0.5365301,0.7607469,0.1430967,0.6294001,0.9200827,0.1937545,0.7635932,0.9665097,0.2211624,0.7558347,0.9190067,0.3692783,0.7568000,0.8577000,0.4696000,0.7327000,0.7618000,0.3667000,0.7616000,0.6829000,0.3721000,0.7768000,0.6138000,0.3975000,0.8538000,0.5446000,0.4739000,0.5557822,0.7592258,0.0980560},
{0.5920423,0.7844445,0.1506329,0.5370647,0.7610759,0.1421121,0.6292402,0.9196170,0.1939190,0.7624872,0.9661033,0.2209411,0.7552617,0.9187842,0.3690832,0.7559000,0.8589000,0.4690000,0.7326000,0.7638000,0.3662000,0.7612000,0.6837000,0.3723000,0.7769000,0.6151000,0.3974000,0.8534000,0.5460000,0.4743000,0.5557822,0.7592258,0.0980560},
{0.5924378,0.7847370,0.1500479,0.5376858,0.7614246,0.1409847,0.6290745,0.9191328,0.1940901,0.7613899,0.9656847,0.2207284,0.7546328,0.9185282,0.3688748,0.7549000,0.8599000,0.4683000,0.7325000,0.7658000,0.3658000,0.7606000,0.6844000,0.3723000,0.7767000,0.6161000,0.3975000,0.8529000,0.5472000,0.4748000,0.5557374,0.7591618,0.0981297},
{0.5928730,0.7850491,0.1494082,0.5384094,0.7617860,0.1396939,0.6289057,0.9186375,0.1942649,0.7602542,0.9652355,0.2205152,0.7540052,0.9182608,0.3686727,0.7538000,0.8608000,0.4676000,0.7325000,0.7658000,0.3658000,0.7604000,0.6851000,0.3720000,0.7763000,0.6171000,0.3977000,0.8526000,0.5484000,0.4753000,0.5557104,0.7591232,0.0981742},
{0.5933288,0.7853652,0.1487424,0.5392779,0.7621580,0.1381755,0.6287595,0.9182070,0.1944169,0.7591944,0.9648019,0.2203226,0.7533609,0.9179740,0.3684713,0.7526000,0.8616000,0.4670000,0.7318000,0.7663000,0.3656000,0.7599000,0.6859000,0.3720000,0.7755000,0.6175000,0.3979000,0.8523000,0.5496000,0.4757000,0.5557104,0.7591232,0.0981742},
{0.5938424,0.7857083,0.1479975,0.5402777,0.7625053,0.1364681,0.6286002,0.9177361,0.1945830,0.7580864,0.9643338,0.2201278,0.7527086,0.9176713,0.3682734,0.7514000,0.8624000,0.4663000,0.7311000,0.7667000,0.3651000,0.7595000,0.6866000,0.3715000,0.7760000,0.6188000,0.3978000,0.8520000,0.5507000,0.4762000,0.5558064,0.7592602,0.0980162},
{0.5945042,0.7861299,0.1470457,0.5415511,0.7628263,0.1343542,0.6284437,0.9172720,0.1947467,0.7571389,0.9639217,0.2199664,0.7520390,0.9173480,0.3680765,0.7502000,0.8631000,0.4656000,0.7306000,0.7672000,0.3645000,0.7592000,0.6870000,0.3716000,0.7750000,0.6190000,0.3982000,0.8518000,0.5518000,0.4767000,0.5559202,0.7594224,0.0978289},
{0.5951844,0.7865396,0.1460769,0.5430135,0.7630338,0.1320073,0.6283103,0.9168751,0.1948867,0.7561276,0.9634700,0.2197993,0.7513535,0.9170041,0.3678813,0.7490000,0.8636000,0.4649000,0.7300000,0.7677000,0.3639000,0.7590000,0.6876000,0.3712000,0.7751000,0.6198000,0.3982000,0.8515000,0.5528000,0.4772000,0.5561296,0.7597195,0.0974850},
{0.5960311,0.7870163,0.1448843,0.5448405,0.7630617,0.1291912,0.6281937,0.9165270,0.1950094,0.7551822,0.9630368,0.2196479,0.7507333,0.9166818,0.3677101,0.7477000,0.8642000,0.4642000,0.7292000,0.7678000,0.3632000,0.7587000,0.6881000,0.3710000,0.7749000,0.6205000,0.3982000,0.8513000,0.5538000,0.4777000,0.5563858,0.7600812,0.0970648},
{0.5969109,0.7874732,0.1436603,0.5470805,0.7627624,0.1259056,0.6280779,0.9161807,0.1951314,0.7542890,0.9626178,0.2195091,0.7500989,0.9163415,0.3675403,0.7464000,0.8647000,0.4636000,0.7285000,0.7681000,0.3625000,0.7584000,0.6884000,0.3708000,0.7747000,0.6209000,0.3983000,0.8510000,0.5547000,0.4781000,0.5567067,0.7605313,0.0965398},
{0.5979797,0.7879759,0.1421943,0.5496963,0.7619732,0.1222889,0.6279428,0.9157750,0.1952743,0.7535102,0.9622450,0.2193915,0.7494485,0.9159816,0.3673716,0.7451000,0.8651000,0.4629000,0.7278000,0.7681000,0.3620000,0.7575000,0.6884000,0.3710000,0.7738000,0.6209000,0.3985000,0.8508000,0.5556000,0.4785000,0.5571119,0.7610952,0.0958784},
{0.5992846,0.7885130,0.1404348,0.5523230,0.7607300,0.1188830,0.6278566,0.9155158,0.1953656,0.7527118,0.9618555,0.2192740,0.7488205,0.9156237,0.3672138,0.7436000,0.8655000,0.4624000,0.7270000,0.7682000,0.3615000,0.7576000,0.6889000,0.3705000,0.7743000,0.6218000,0.3984000,0.8506000,0.5564000,0.4789000,0.5576387,0.7618206,0.0950218},
{0.6007571,0.7890195,0.1384893,0.5551010,0.7589497,0.1155140,0.6278167,0.9153956,0.1954079,0.7520116,0.9615078,0.2191737,0.7481838,0.9152506,0.3670588,0.7421000,0.8658000,0.4618000,0.7264000,0.7680000,0.3607000,0.7572000,0.6892000,0.3703000,0.7741000,0.6223000,0.3984000,0.8503000,0.5572000,0.4793000,0.5582476,0.7626485,0.0940357},
{0.6024471,0.7894728,0.1363073,0.5574971,0.7570471,0.1127921,0.6277517,0.9151993,0.1954771,0.7513548,0.9611768,0.2190818,0.7475503,0.9148694,0.3669095,0.7406000,0.8660000,0.4612000,0.7256000,0.7681000,0.3602000,0.7568000,0.6893000,0.3701000,0.7736000,0.6224000,0.3985000,0.8501000,0.5579000,0.4797000,0.5590184,0.7636803,0.0927938},
{0.6044352,0.7898339,0.1338090,0.5596400,0.7550683,0.1104966,0.6277194,0.9151018,0.1955114,0.7508409,0.9609142,0.2190114,0.7469343,0.9144892,0.3667691,0.7391000,0.8661000,0.4607000,0.7249000,0.7679000,0.3595000,0.7563000,0.6894000,0.3699000,0.7733000,0.6226000,0.3985000,0.8498000,0.5586000,0.4800000,0.5599617,0.7649188,0.0912834},
{0.6065856,0.7900188,0.1311889,0.5615674,0.7530717,0.1085406,0.6277194,0.9151018,0.1955114,0.7502901,0.9606296,0.2189374,0.7463241,0.9141036,0.3666343,0.7376000,0.8663000,0.4602000,0.7241000,0.7678000,0.3589000,0.7558000,0.6894000,0.3697000,0.7731000,0.6228000,0.3985000,0.8496000,0.5592000,0.4803000,0.5610593,0.7663265,0.0895391},
{0.6090885,0.7899698,0.1282445,0.5623105,0.7522482,0.1078134,0.6277556,0.9152110,0.1954729,0.7498170,0.9603824,0.2188750,0.7457678,0.9137443,0.3665153,0.7362000,0.8664000,0.4597000,0.7233000,0.7678000,0.3585000,0.7556000,0.6896000,0.3694000,0.7730000,0.6230000,0.3984000,0.8493000,0.5598000,0.4806000,0.5624219,0.7680252,0.0873930},
{0.6111231,0.7897237,0.1259332,0.5622660,0.7522983,0.1078565,0.6278626,0.9155337,0.1953593,0.7494415,0.9601845,0.2188263,0.7452756,0.9134203,0.3664130,0.7348000,0.8664000,0.4592000,0.7226000,0.7677000,0.3580000,0.7548000,0.6895000,0.3693000,0.7723000,0.6230000,0.3983000,0.8489000,0.5603000,0.4808000,0.5637414,0.7696194,0.0853346},
{0.6128486,0.7893720,0.1240301,0.5624268,0.7521165,0.1077009,0.6280624,0.9161340,0.1951478,0.7490865,0.9599959,0.2187808,0.7448585,0.9131414,0.3663284,0.7334000,0.8665000,0.4588000,0.7218000,0.7677000,0.3576000,0.7543000,0.6895000,0.3690000,0.7719000,0.6232000,0.3982000,0.8484000,0.5607000,0.4809000,0.5650105,0.7711063,0.0833730},
{0.6146634,0.7888617,0.1220844,0.5628638,0.7516158,0.1072815,0.6283216,0.9169087,0.1948748,0.7487939,0.9598394,0.2187439,0.7445214,0.9129130,0.3662615,0.7320000,0.8665000,0.4584000,0.7211000,0.7677000,0.3572000,0.7536000,0.6895000,0.3688000,0.7717000,0.6233000,0.3981000,0.8480000,0.5611000,0.4810000,0.5660744,0.7723183,0.0817423},
{0.6164157,0.7882335,0.1202598,0.5632325,0.7511854,0.1069317,0.6285537,0.9175985,0.1946316,0.7486656,0.9597705,0.2187278,0.7442964,0.9127592,0.3662176,0.7307000,0.8667000,0.4580000,0.7203000,0.7678000,0.3568000,0.7531000,0.6895000,0.3686000,0.7713000,0.6236000,0.3979000,0.8474000,0.5615000,0.4811000,0.5670416,0.7733934,0.0802701}
};
