fitErrPi Mean = 0.00775669
fitErrTh Mean = 0.0160023
fitErrWr Mean = 0.576718
fitErrLA Mean = 0.15257
fitErrEl Mean = 0.0803458
fitErrUA Mean = 0.0960287
efPts = {
{1.4604246,0.5807017,-1.7238209,0.5795660,0.6574331,-0.0186116,1.5196346,0.0976640,0.1024820,1.3541706,0.5590484,0.5899078,0.9848165,0.4063817,0.6155896,0.6483000,0.7308000,0.4971000,0.6655000,0.6355000,0.4323000,0.7495000,0.5470000,0.4310000,0.6824000,0.5952000,0.3498000,0.5742000,0.5360000,0.4441000,0.5644515,0.2931089,0.2789803},
{0.7914611,0.6519669,-0.2744311,0.6186224,0.2940824,0.2693228,0.5615893,0.4501593,0.2945306,0.5545850,0.5750924,0.2880465,0.5718905,0.7008599,0.3810770,0.6487000,0.7311000,0.4970000,0.6658000,0.6359000,0.4322000,0.7496000,0.5469000,0.4310000,0.6829000,0.5951000,0.3499000,0.5742000,0.5359000,0.4441000,0.5637869,0.2955274,0.2796088},
{0.7906456,0.6544531,-0.2734561,0.6178771,0.2966622,0.2709134,0.5626108,0.4515892,0.2938203,0.5555328,0.5776079,0.2869666,0.5729114,0.7014827,0.3810362,0.6491000,0.7315000,0.4969000,0.6660000,0.6364000,0.4321000,0.7497000,0.5468000,0.4309000,0.6833000,0.5951000,0.3500000,0.5742000,0.5359000,0.4442000,0.5629889,0.2984716,0.2803423},
{0.7900313,0.6563284,-0.2727226,0.6170236,0.2996557,0.2726715,0.5637904,0.4532318,0.2930025,0.5566432,0.5805065,0.2857289,0.5741406,0.7022294,0.3809886,0.6496000,0.7321000,0.4968000,0.6663000,0.6370000,0.4319000,0.7498000,0.5468000,0.4308000,0.6837000,0.5950000,0.3501000,0.5742000,0.5359000,0.4442000,0.5621086,0.3017729,0.2811244},
{0.7893653,0.6583642,-0.2719283,0.6160058,0.3032786,0.2746816,0.5651897,0.4551683,0.2920357,0.5578715,0.5836547,0.2843928,0.5756139,0.7031195,0.3809337,0.6502000,0.7327000,0.4966000,0.6666000,0.6376000,0.4317000,0.7498000,0.5467000,0.4307000,0.6841000,0.5949000,0.3501000,0.5742000,0.5359000,0.4442000,0.5610984,0.3056318,0.2819861},
{0.7882917,0.6616518,-0.2706498,0.6149505,0.3070944,0.2766688,0.5667567,0.4573219,0.2909573,0.5592822,0.5871993,0.2828986,0.5772680,0.7041128,0.3808749,0.6509000,0.7334000,0.4963000,0.6667000,0.6383000,0.4316000,0.7496000,0.5467000,0.4306000,0.6845000,0.5948000,0.3502000,0.5742000,0.5359000,0.4442000,0.5599917,0.3099479,0.2828846},
{0.7872046,0.6649883,-0.2693576,0.6137651,0.3114512,0.2787861,0.5686060,0.4598431,0.2896903,0.5608161,0.5909724,0.2813199,0.5792376,0.7052872,0.3808088,0.6517000,0.7343000,0.4961000,0.6669000,0.6391000,0.4315000,0.7493000,0.5467000,0.4305000,0.6850000,0.5947000,0.3503000,0.5743000,0.5359000,0.4442000,0.5587770,0.3147960,0.2838141},
{0.7860450,0.6685556,-0.2679819,0.6124651,0.3163132,0.2809721,0.5704759,0.4623705,0.2884154,0.5624909,0.5950015,0.2796475,0.5813874,0.7065588,0.3807413,0.6526000,0.7353000,0.4959000,0.6672000,0.6401000,0.4314000,0.7489000,0.5467000,0.4304000,0.6854000,0.5946000,0.3504000,0.5743000,0.5359000,0.4442000,0.5575265,0.3199127,0.2847067},
{0.7848676,0.6721861,-0.2665880,0.6110455,0.3217197,0.2832004,0.5727103,0.4653624,0.2868997,0.5643097,0.5992767,0.2778883,0.5838128,0.7079807,0.3806710,0.6536000,0.7366000,0.4959000,0.6674000,0.6413000,0.4313000,0.7484000,0.5468000,0.4303000,0.6858000,0.5945000,0.3505000,0.5743000,0.5359000,0.4442000,0.5561769,0.3255845,0.2855934},
{0.7834339,0.6766193,-0.2648947,0.6095398,0.3275628,0.2853869,0.5752807,0.4687672,0.2851666,0.5663170,0.6038818,0.2760110,0.5863004,0.7094252,0.3806052,0.6549000,0.7379000,0.4959000,0.6677000,0.6427000,0.4311000,0.7479000,0.5469000,0.4301000,0.6862000,0.5944000,0.3506000,0.5743000,0.5359000,0.4442000,0.5547419,0.3317945,0.2864447},
{0.7819557,0.6812039,-0.2631534,0.6079573,0.3338221,0.2874931,0.5779514,0.4722638,0.2833772,0.5685547,0.6088854,0.2739919,0.5891069,0.7110383,0.3805387,0.6562000,0.7393000,0.4959000,0.6680000,0.6441000,0.4310000,0.7473000,0.5469000,0.4299000,0.6862000,0.5944000,0.3506000,0.5743000,0.5359000,0.4442000,0.5532808,0.3383175,0.2872089},
{0.7804238,0.6859702,-0.2613539,0.6062915,0.3405386,0.2895017,0.5809410,0.4761298,0.2813877,0.5709981,0.6142036,0.2718698,0.5918974,0.7126249,0.3804804,0.6576000,0.7407000,0.4960000,0.6683000,0.6457000,0.4309000,0.7467000,0.5472000,0.4298000,0.6861000,0.5954000,0.3505000,0.5743000,0.5359000,0.4442000,0.5517602,0.3453346,0.2878876},
{0.7788517,0.6908779,-0.2595124,0.6046107,0.3474467,0.2913153,0.5840996,0.4801605,0.2793008,0.5737094,0.6199406,0.2696081,0.5948191,0.7142679,0.3804278,0.6591000,0.7422000,0.4960000,0.6686000,0.6474000,0.4307000,0.7462000,0.5474000,0.4297000,0.6859000,0.5965000,0.3504000,0.5743000,0.5359000,0.4442000,0.5502419,0.3525892,0.2884382},
{0.7770834,0.6964177,-0.2574476,0.6028913,0.3546476,0.2929520,0.5875147,0.4844582,0.2770614,0.5766009,0.6258836,0.2672956,0.5981687,0.7161290,0.3803778,0.6606000,0.7438000,0.4960000,0.6689000,0.6491000,0.4306000,0.7454000,0.5476000,0.4295000,0.6856000,0.5975000,0.3504000,0.5743000,0.5359000,0.4442000,0.5487270,0.3600936,0.2888516},
{0.7755492,0.7012411,-0.2556619,0.6011648,0.3620141,0.2943753,0.5910538,0.4888478,0.2747585,0.5797345,0.6321354,0.2648965,0.6015593,0.7179886,0.3803384,0.6621000,0.7457000,0.4959000,0.6693000,0.6511000,0.4304000,0.7443000,0.5479000,0.4294000,0.6853000,0.5987000,0.3504000,0.5743000,0.5359000,0.4442000,0.5472000,0.3679491,0.2891196},
{0.7737503,0.7069173,-0.2535750,0.5994620,0.3694112,0.2955640,0.5947212,0.4933299,0.2723909,0.5830016,0.6384615,0.2625042,0.6052822,0.7200029,0.3803077,0.6637000,0.7477000,0.4958000,0.6697000,0.6532000,0.4302000,0.7447000,0.5490000,0.4289000,0.6849000,0.5999000,0.3504000,0.5743000,0.5359000,0.4442000,0.5457148,0.3758938,0.2892242},
{0.7722637,0.7116251,-0.2518558,0.5977355,0.3770447,0.2965517,0.5984365,0.4978036,0.2700110,0.5863927,0.6448362,0.2601297,0.6091509,0.7220658,0.3802898,0.6653000,0.7499000,0.4957000,0.6702000,0.6554000,0.4300000,0.7445000,0.5499000,0.4285000,0.6846000,0.6013000,0.3503000,0.5743000,0.5359000,0.4442000,0.5442568,0.3840137,0.2891633},
{0.7703410,0.7177371,-0.2496399,0.5960049,0.3848319,0.2973214,0.6022926,0.5023776,0.2675603,0.5897941,0.6510494,0.2578506,0.6132219,0.7242039,0.3802859,0.6670000,0.7523000,0.4956000,0.6708000,0.6578000,0.4297000,0.7437000,0.5506000,0.4283000,0.6842000,0.6027000,0.3503000,0.5744000,0.5359000,0.4442000,0.5428307,0.3922933,0.2889307},
{0.7685952,0.7233092,-0.2476355,0.5942643,0.3928020,0.2978719,0.6062848,0.5070413,0.2650433,0.5934374,0.6575181,0.2555151,0.6173864,0.7263569,0.3802977,0.6686000,0.7547000,0.4954000,0.6714000,0.6603000,0.4295000,0.7430000,0.5514000,0.4282000,0.6839000,0.6042000,0.3504000,0.5744000,0.5359000,0.4442000,0.5414169,0.4008678,0.2885130},
{0.7667763,0.7291384,-0.2455548,0.5924829,0.4011026,0.2982005,0.6103272,0.5116913,0.2625148,0.5973136,0.6642043,0.2531415,0.6215472,0.7284740,0.3803251,0.6701000,0.7570000,0.4952000,0.6721000,0.6627000,0.4292000,0.7423000,0.5521000,0.4282000,0.6836000,0.6057000,0.3504000,0.5744000,0.5359000,0.4442000,0.5400473,0.4095631,0.2879094},
{0.7649443,0.7350334,-0.2434673,0.5906942,0.4095863,0.2982883,0.6146145,0.5165463,0.2598546,0.6014466,0.6711270,0.2507278,0.6258747,0.7306405,0.3803698,0.6716000,0.7594000,0.4948000,0.6728000,0.6651000,0.4289000,0.7417000,0.5529000,0.4281000,0.6833000,0.6072000,0.3505000,0.5744000,0.5359000,0.4442000,0.5386972,0.4185575,0.2870982},
{0.7631121,0.7409546,-0.2413876,0.5888914,0.4182905,0.2981265,0.6190739,0.5215147,0.2571105,0.6058877,0.6783457,0.2482590,0.6300745,0.7327089,0.3804289,0.6730000,0.7618000,0.4943000,0.6736000,0.6676000,0.4286000,0.7411000,0.5538000,0.4281000,0.6831000,0.6087000,0.3506000,0.5744000,0.5359000,0.4442000,0.5373716,0.4278543,0.2860635},
{0.7612524,0.7469901,-0.2392853,0.5870979,0.4271066,0.2977104,0.6236762,0.5265581,0.2543020,0.6105781,0.6857403,0.2457817,0.6344349,0.7348214,0.3805064,0.6743000,0.7642000,0.4937000,0.6744000,0.6699000,0.4283000,0.7406000,0.5547000,0.4281000,0.6830000,0.6102000,0.3506000,0.5744000,0.5359000,0.4442000,0.5360633,0.4375523,0.2847748},
{0.7593662,0.7531383,-0.2371619,0.5852890,0.4361615,0.2970254,0.6284348,0.5316858,0.2514225,0.6154430,0.6931791,0.2433432,0.6389085,0.7369522,0.3806026,0.6754000,0.7666000,0.4929000,0.6752000,0.6722000,0.4279000,0.7400000,0.5556000,0.4282000,0.6829000,0.6117000,0.3507000,0.5744000,0.5359000,0.4442000,0.5348028,0.4474739,0.2832379},
{0.7575194,0.7591850,-0.2350917,0.5835164,0.4451987,0.2960871,0.6333080,0.5368482,0.2484984,0.6205070,0.7006903,0.2409365,0.6434443,0.7390753,0.3807174,0.6768000,0.7694000,0.4921000,0.6760000,0.6744000,0.4276000,0.7395000,0.5567000,0.4282000,0.6827000,0.6132000,0.3507000,0.5744000,0.5359000,0.4442000,0.5336223,0.4573769,0.2814858},
{0.7557406,0.7650344,-0.2331060,0.5817373,0.4544390,0.2948691,0.6383583,0.5421062,0.2454939,0.6257629,0.7082534,0.2385706,0.6481607,0.7412437,0.3808547,0.6780000,0.7718000,0.4913000,0.6768000,0.6768000,0.4272000,0.7390000,0.5575000,0.4283000,0.6825000,0.6144000,0.3507000,0.5744000,0.5359000,0.4442000,0.5324700,0.4677355,0.2794216},
{0.7538085,0.7714166,-0.2309586,0.5799512,0.4638945,0.2933553,0.6434397,0.5473053,0.2424964,0.6312019,0.7158475,0.2362543,0.6530731,0.7434602,0.3810170,0.6791000,0.7741000,0.4904000,0.6778000,0.6792000,0.4263000,0.7387000,0.5586000,0.4284000,0.6825000,0.6157000,0.3507000,0.5744000,0.5359000,0.4442000,0.5313657,0.4784577,0.2770366},
{0.7519868,0.7774615,-0.2289432,0.5781776,0.4734698,0.2915487,0.6487496,0.5526433,0.2393907,0.6369052,0.7235732,0.2339600,0.6579608,0.7456236,0.3811978,0.6802000,0.7763000,0.4895000,0.6788000,0.6816000,0.4253000,0.7384000,0.5594000,0.4285000,0.6829000,0.6174000,0.3506000,0.5745000,0.5359000,0.4442000,0.5303504,0.4891906,0.2743964},
{0.7502314,0.7833124,-0.2270095,0.5764130,0.4831923,0.2894337,0.6539394,0.5577697,0.2363807,0.6427653,0.7312745,0.2317370,0.6629693,0.7477975,0.3814028,0.6814000,0.7786000,0.4886000,0.6783000,0.6834000,0.4247000,0.7381000,0.5604000,0.4285000,0.6838000,0.6191000,0.3502000,0.5745000,0.5359000,0.4442000,0.5294350,0.4998067,0.2715354},
{0.7483441,0.7896317,-0.2249401,0.5747072,0.4927872,0.2870684,0.6593304,0.5630025,0.2332799,0.6486526,0.7387851,0.2296321,0.6679020,0.7498967,0.3816239,0.6825000,0.7810000,0.4878000,0.6793000,0.6855000,0.4243000,0.7378000,0.5613000,0.4286000,0.6848000,0.6209000,0.3499000,0.5745000,0.5359000,0.4442000,0.5285878,0.5107066,0.2683380},
{0.7468169,0.7947674,-0.2232728,0.5730474,0.5023237,0.2844420,0.6646391,0.5680664,0.2302513,0.6546408,0.7462054,0.2276153,0.6730077,0.7520262,0.3818726,0.6839000,0.7834000,0.4870000,0.6804000,0.6875000,0.4239000,0.7374000,0.5623000,0.4286000,0.6858000,0.6227000,0.3497000,0.5745000,0.5359000,0.4442000,0.5278077,0.5220347,0.2647331},
{0.7453292,0.7997892,-0.2216550,0.5714535,0.5116809,0.2815949,0.6699409,0.5730377,0.2272507,0.6604709,0.7532297,0.2257653,0.6779774,0.7540572,0.3821340,0.6853000,0.7857000,0.4865000,0.6816000,0.6896000,0.4235000,0.7370000,0.5634000,0.4286000,0.6865000,0.6245000,0.3494000,0.5745000,0.5359000,0.4442000,0.5271847,0.5324039,0.2611780},
{0.7438041,0.8049574,-0.2200032,0.5698961,0.5210294,0.2784786,0.6751284,0.5778211,0.2243374,0.6663749,0.7601527,0.2239999,0.6830338,0.7560817,0.3824191,0.6869000,0.7881000,0.4862000,0.6828000,0.6918000,0.4231000,0.7365000,0.5645000,0.4287000,0.6872000,0.6262000,0.3491000,0.5745000,0.5359000,0.4442000,0.5266357,0.5430798,0.2572581},
{0.7423164,0.8100191,-0.2183983,0.5683733,0.5303847,0.2750822,0.6802348,0.5824537,0.2214909,0.6724522,0.7670887,0.2222905,0.6880132,0.7580345,0.3827187,0.6885000,0.7905000,0.4860000,0.6838000,0.6940000,0.4228000,0.7361000,0.5658000,0.4287000,0.6865000,0.6276000,0.3489000,0.5745000,0.5359000,0.4442000,0.5261795,0.5538371,0.2530362},
{0.7408282,0.8151020,-0.2167995,0.5668645,0.5398857,0.2713405,0.6854567,0.5871150,0.2186013,0.6785804,0.7738973,0.2206721,0.6929605,0.7599349,0.3830346,0.6898000,0.7929000,0.4859000,0.6847000,0.6962000,0.4224000,0.7356000,0.5671000,0.4287000,0.6868000,0.6291000,0.3487000,0.5745000,0.5359000,0.4442000,0.5258161,0.5648412,0.2484275},
{0.7392817,0.8204053,-0.2151451,0.5653702,0.5495484,0.2672226,0.6907870,0.5917957,0.2156735,0.6846805,0.7804982,0.2191612,0.6976802,0.7617113,0.3833528,0.6916000,0.7955000,0.4859000,0.6856000,0.6984000,0.4221000,0.7352000,0.5684000,0.4288000,0.6870000,0.6307000,0.3487000,0.5745000,0.5359000,0.4442000,0.5255625,0.5757362,0.2435667},
{0.7378920,0.8251900,-0.2136646,0.5639070,0.5592866,0.2627408,0.6961647,0.5964407,0.2127412,0.6909260,0.7870821,0.2177131,0.7023535,0.7634351,0.3836840,0.6933000,0.7981000,0.4858000,0.6864000,0.7004000,0.4220000,0.7349000,0.5698000,0.4289000,0.6872000,0.6324000,0.3487000,0.5745000,0.5359000,0.4442000,0.5254188,0.5865504,0.2384384},
{0.7364329,0.8302328,-0.2121167,0.5624775,0.5691026,0.2578695,0.7015163,0.6009878,0.2098442,0.6972826,0.7936101,0.2163374,0.7068749,0.7650701,0.3840195,0.6944000,0.8004000,0.4857000,0.6871000,0.7024000,0.4220000,0.7345000,0.5712000,0.4290000,0.6873000,0.6342000,0.3489000,0.5746000,0.5359000,0.4442000,0.5253878,0.5975546,0.2328968},
{0.7349643,0.8353289,-0.2105654,0.5610947,0.5789310,0.2526162,0.7071594,0.6057033,0.2068117,0.7036477,0.7999790,0.2150551,0.7111969,0.7666029,0.3843540,0.6959000,0.8029000,0.4855000,0.6877000,0.7045000,0.4219000,0.7341000,0.5727000,0.4291000,0.6873000,0.6361000,0.3490000,0.5746000,0.5359000,0.4442000,0.5254779,0.6085288,0.2270307},
{0.7336440,0.8399280,-0.2091766,0.5597905,0.5885560,0.2470831,0.7124847,0.6100800,0.2039704,0.7099173,0.8060948,0.2138814,0.7154417,0.7680799,0.3846956,0.6971000,0.8051000,0.4853000,0.6883000,0.7066000,0.4218000,0.7336000,0.5742000,0.4292000,0.6872000,0.6380000,0.3492000,0.5746000,0.5359000,0.4442000,0.5256892,0.6192659,0.2209455},
{0.7323726,0.8443726,-0.2078445,0.5585586,0.5980314,0.2412324,0.7177771,0.6143609,0.2011660,0.7161356,0.8120117,0.2128017,0.7195874,0.7694954,0.3850417,0.6982000,0.8073000,0.4849000,0.6890000,0.7087000,0.4217000,0.7332000,0.5758000,0.4292000,0.6870000,0.6398000,0.3492000,0.5746000,0.5359000,0.4442000,0.5260205,0.6297651,0.2146452},
{0.7311650,0.8486093,-0.2065841,0.5574219,0.6071823,0.2351698,0.7228842,0.6184281,0.1984776,0.7220366,0.8174945,0.2118521,0.7235466,0.7708224,0.3853836,0.6994000,0.8096000,0.4846000,0.6897000,0.7108000,0.4215000,0.7327000,0.5773000,0.4292000,0.6868000,0.6417000,0.3493000,0.5746000,0.5359000,0.4442000,0.5264644,0.6398913,0.2082200},
{0.7298799,0.8531339,-0.2052481,0.5563808,0.6159977,0.2289107,0.7277789,0.6222687,0.1959170,0.7277387,0.8226742,0.2110017,0.7273284,0.7720673,0.3857205,0.7004000,0.8118000,0.4843000,0.6904000,0.7128000,0.4213000,0.7324000,0.5790000,0.4289000,0.6866000,0.6434000,0.3493000,0.5746000,0.5359000,0.4442000,0.5270124,0.6495989,0.2017164},
{0.7288600,0.8567367,-0.2041918,0.5554315,0.6245037,0.2224413,0.7326425,0.6260300,0.1933882,0.7331483,0.8274837,0.2102542,0.7308650,0.7732118,0.3860447,0.7016000,0.8141000,0.4841000,0.6912000,0.7147000,0.4211000,0.7321000,0.5806000,0.4289000,0.6865000,0.6452000,0.3494000,0.5746000,0.5359000,0.4442000,0.5276617,0.6589453,0.1951132},
{0.7277946,0.8605113,-0.2030921,0.5545686,0.6327550,0.2157161,0.7372742,0.6295620,0.1909938,0.7384949,0.8321400,0.2095704,0.7344382,0.7743486,0.3863812,0.7028000,0.8164000,0.4839000,0.6918000,0.7166000,0.4210000,0.7319000,0.5822000,0.4289000,0.6865000,0.6469000,0.3495000,0.5746000,0.5359000,0.4442000,0.5284051,0.6679030,0.1884451},
{0.7267173,0.8643403,-0.2019840,0.5538173,0.6404973,0.2089525,0.7419706,0.6330945,0.1885798,0.7437544,0.8366286,0.2089499,0.7378760,0.7754240,0.3867133,0.7040000,0.8188000,0.4836000,0.6924000,0.7184000,0.4209000,0.7316000,0.5837000,0.4291000,0.6866000,0.6486000,0.3495000,0.5746000,0.5359000,0.4442000,0.5292274,0.6763870,0.1817974},
{0.7257044,0.8679511,-0.2009459,0.5531661,0.6478156,0.2021008,0.7466150,0.6365401,0.1862058,0.7488893,0.8409250,0.2083928,0.7412301,0.7764559,0.3870453,0.7051000,0.8213000,0.4833000,0.6930000,0.7201000,0.4210000,0.7315000,0.5851000,0.4292000,0.6869000,0.6502000,0.3496000,0.5746000,0.5359000,0.4442000,0.5301306,0.6844960,0.1751147},
{0.7247269,0.8714463,-0.1999474,0.5526178,0.6546463,0.1952439,0.7510061,0.6397550,0.1839733,0.7538044,0.8449599,0.2079036,0.7445764,0.7774684,0.3873844,0.7062000,0.8238000,0.4829000,0.6935000,0.7219000,0.4209000,0.7313000,0.5865000,0.4293000,0.6871000,0.6519000,0.3496000,0.5747000,0.5359000,0.4442000,0.5310971,0.6921430,0.1684906},
{0.7238704,0.8745172,-0.1990753,0.5521710,0.6609470,0.1884611,0.7554180,0.6429436,0.1817418,0.7585438,0.8487802,0.2074718,0.7477525,0.7784137,0.3877134,0.7071000,0.8263000,0.4825000,0.6940000,0.7237000,0.4208000,0.7311000,0.5880000,0.4294000,0.6874000,0.6536000,0.3496000,0.5747000,0.5359000,0.4442000,0.5321101,0.6992842,0.1619948},
{0.7230088,0.8776143,-0.1982006,0.5518219,0.6666788,0.1818447,0.7593592,0.6457574,0.1797581,0.7628996,0.8522314,0.2071089,0.7507604,0.7792950,0.3880314,0.7081000,0.8287000,0.4820000,0.6946000,0.7255000,0.4207000,0.7309000,0.5896000,0.4295000,0.6877000,0.6552000,0.3496000,0.5747000,0.5359000,0.4442000,0.5331182,0.7056886,0.1558894},
{0.7223139,0.8801181,-0.1974971,0.5515620,0.6718574,0.1754363,0.7631003,0.6483984,0.1778835,0.7670053,0.8554329,0.2067960,0.7535118,0.7800891,0.3883278,0.7090000,0.8308000,0.4816000,0.6953000,0.7273000,0.4205000,0.7308000,0.5912000,0.4297000,0.6879000,0.6568000,0.3496000,0.5747000,0.5359000,0.4442000,0.5341774,0.7118021,0.1497895},
{0.7216257,0.8826030,-0.1968021,0.5513798,0.6765651,0.1691904,0.7666114,0.6508509,0.1761314,0.7707249,0.8582909,0.2065367,0.7561369,0.7808362,0.3886155,0.7101000,0.8329000,0.4814000,0.6959000,0.7291000,0.4204000,0.7306000,0.5927000,0.4298000,0.6880000,0.6585000,0.3497000,0.5747000,0.5359000,0.4442000,0.5352206,0.7173082,0.1440451},
{0.7209488,0.8850524,-0.1961202,0.5512715,0.6806492,0.1633853,0.7699169,0.6531369,0.1744884,0.7742948,0.8609964,0.2063091,0.7587262,0.7815629,0.3889039,0.7113000,0.8348000,0.4813000,0.6965000,0.7309000,0.4203000,0.7305000,0.5942000,0.4300000,0.6881000,0.6601000,0.3497000,0.5747000,0.5359000,0.4442000,0.5362457,0.7222940,0.1386176},
{0.7203532,0.8872118,-0.1955215,0.5512221,0.6842208,0.1579569,0.7729574,0.6552201,0.1729825,0.7775080,0.8634005,0.2061218,0.7607797,0.7821321,0.3891360,0.7124000,0.8367000,0.4812000,0.6971000,0.7325000,0.4202000,0.7304000,0.5958000,0.4302000,0.6881000,0.6616000,0.3499000,0.5747000,0.5359000,0.4442000,0.5372400,0.7267797,0.1335327},
{0.7197530,0.8893915,-0.1949197,0.5512201,0.6873228,0.1529240,0.7760295,0.6573064,0.1714662,0.7806401,0.8657161,0.2059551,0.7630585,0.7827564,0.3893968,0.7135000,0.8385000,0.4810000,0.6977000,0.7342000,0.4201000,0.7303000,0.5972000,0.4303000,0.6882000,0.6632000,0.3499000,0.5747000,0.5359000,0.4442000,0.5382068,0.7308495,0.1287373},
{0.7191482,0.8915926,-0.1943145,0.5512531,0.6899113,0.1484547,0.7788854,0.6592290,0.1700613,0.7836834,0.8679398,0.2058079,0.7652012,0.7833362,0.3896454,0.7145000,0.8404000,0.4808000,0.6981000,0.7358000,0.4201000,0.7302000,0.5987000,0.4306000,0.6883000,0.6647000,0.3501000,0.5747000,0.5359000,0.4442000,0.5390995,0.7343770,0.1244276},
{0.7186919,0.8932558,-0.1938589,0.5513097,0.6920823,0.1444826,0.7815938,0.6610375,0.1687331,0.7864758,0.8699578,0.2056856,0.7670575,0.7838330,0.3898633,0.7153000,0.8423000,0.4803000,0.6985000,0.7373000,0.4201000,0.7302000,0.6002000,0.4307000,0.6885000,0.6661000,0.3502000,0.5747000,0.5359000,0.4442000,0.5399403,0.7375156,0.1204623},
{0.7181597,0.8951985,-0.1933285,0.5513796,0.6938748,0.1410226,0.7840301,0.6626521,0.1675418,0.7891172,0.8718471,0.2055810,0.7687667,0.7842858,0.3900660,0.7160000,0.8442000,0.4799000,0.6990000,0.7389000,0.4200000,0.7301000,0.6015000,0.4309000,0.6887000,0.6676000,0.3502000,0.5748000,0.5359000,0.4443000,0.5407182,0.7402728,0.1168687},
{0.7177658,0.8966388,-0.1929365,0.5514586,0.6954071,0.1379150,0.7863357,0.6641695,0.1664174,0.7914836,0.8735237,0.2054964,0.7702449,0.7846739,0.3902430,0.7167000,0.8461000,0.4795000,0.6994000,0.7404000,0.4198000,0.7301000,0.6029000,0.4311000,0.6890000,0.6689000,0.3503000,0.5748000,0.5359000,0.4443000,0.5414120,0.7426214,0.1137200},
{0.7174803,0.8976836,-0.1926528,0.5515415,0.6967037,0.1351612,0.7880588,0.6652968,0.1655789,0.7935314,0.8749624,0.2054300,0.7716898,0.7850502,0.3904174,0.7174000,0.8478000,0.4791000,0.6999000,0.7418000,0.4196000,0.7301000,0.6043000,0.4313000,0.6892000,0.6702000,0.3503000,0.5748000,0.5359000,0.4443000,0.5420473,0.7446854,0.1108813},
{0.7171315,0.8989612,-0.1923067,0.5516232,0.6977839,0.1327683,0.7899003,0.6664954,0.1646845,0.7953365,0.8762213,0.2053768,0.7729931,0.7853868,0.3905759,0.7181000,0.8493000,0.4787000,0.7004000,0.7433000,0.4195000,0.7300000,0.6057000,0.4315000,0.6894000,0.6715000,0.3503000,0.5748000,0.5359000,0.4443000,0.5426324,0.7465172,0.1083021},
{0.7169523,0.8996183,-0.1921290,0.5517075,0.6987509,0.1305403,0.7913680,0.6674460,0.1639730,0.7967737,0.8772175,0.2053380,0.7744783,0.7857674,0.3907580,0.7190000,0.8508000,0.4784000,0.7009000,0.7447000,0.4193000,0.7300000,0.6069000,0.4317000,0.6897000,0.6727000,0.3504000,0.5748000,0.5359000,0.4443000,0.5431654,0.7481307,0.1059809},
{0.7167885,0.9002193,-0.1919668,0.5517859,0.6995502,0.1286302,0.7926706,0.6682863,0.1633425,0.7980113,0.8780709,0.2053070,0.7756409,0.7860630,0.3909016,0.7199000,0.8522000,0.4781000,0.7013000,0.7460000,0.4191000,0.7300000,0.6082000,0.4319000,0.6900000,0.6739000,0.3504000,0.5748000,0.5359000,0.4443000,0.5436426,0.7495324,0.1039246}
};
