fitErrPi Mean = 0.318282
fitErrTh Mean = 0.0232553
fitErrWr Mean = 0.0359743
fitErrLA Mean = 0.207338
fitErrEl Mean = 0.0800434
fitErrUA Mean = 0.122617
efPts = {
{0.5840191,0.8228818,0.1723051,0.5359914,0.7785344,0.1282359,0.6423028,0.8988151,0.1505508,0.7178133,0.9852073,0.2094349,0.7031689,0.9189800,0.3322471,0.6461000,0.8606000,0.4559000,0.6204000,0.6901000,0.3535000,0.6702000,0.6137000,0.2702000,0.6704000,0.5671000,0.3846000,0.7533000,0.4889000,0.5274000,0.3182823,0.0000000,0.0000000},
{0.5800004,0.8225621,0.1744588,0.5333260,0.7786814,0.1307587,0.6420803,0.8985084,0.1505005,0.7169061,0.9848045,0.2094854,0.7028202,0.9184495,0.3323365,0.6450000,0.8602000,0.4555000,0.6197000,0.6896000,0.3531000,0.6698000,0.6133000,0.2700000,0.6697000,0.5666000,0.3844000,0.7527000,0.4886000,0.5276000,0.3182823,0.0000000,0.0000000},
{0.5759069,0.8221807,0.1765584,0.5304354,0.7788003,0.1333948,0.6418512,0.8981923,0.1504487,0.7162921,0.9845311,0.2095198,0.7024622,0.9179041,0.3324285,0.6440000,0.8597000,0.4552000,0.6189000,0.6890000,0.3526000,0.6694000,0.6129000,0.2697000,0.6691000,0.5661000,0.3841000,0.7520000,0.4883000,0.5276000,0.3182823,0.0000000,0.0000000},
{0.5716223,0.8217248,0.1786607,0.5270945,0.7788891,0.1363220,0.6414510,0.8976399,0.1503580,0.7151691,0.9840293,0.2095833,0.7020370,0.9172550,0.3325381,0.6429000,0.8593000,0.4548000,0.6183000,0.6885000,0.3522000,0.6689000,0.6123000,0.2695000,0.6685000,0.5656000,0.3838000,0.7513000,0.4879000,0.5274000,0.3182823,0.0000000,0.0000000},
{0.5670564,0.8211792,0.1808001,0.5235521,0.7789307,0.1392963,0.6410551,0.8970928,0.1502680,0.7138892,0.9834547,0.2096563,0.7015922,0.9165744,0.3326530,0.6418000,0.8588000,0.4544000,0.6176000,0.6880000,0.3518000,0.6686000,0.6119000,0.2692000,0.6679000,0.5650000,0.3836000,0.7506000,0.4875000,0.5273000,0.3182823,0.0000000,0.0000000},
{0.5622242,0.8205387,0.1829580,0.5194064,0.7789164,0.1426221,0.6404278,0.8962250,0.1501251,0.7124642,0.9828117,0.2097386,0.7010362,0.9157217,0.3327972,0.6406000,0.8582000,0.4540000,0.6170000,0.6874000,0.3514000,0.6681000,0.6113000,0.2688000,0.6673000,0.5644000,0.3832000,0.7497000,0.4871000,0.5272000,0.3182823,0.0000000,0.0000000},
{0.5571358,0.8197984,0.1851193,0.5148976,0.7788301,0.1460651,0.6397725,0.8953169,0.1499752,0.7108807,0.9820930,0.2098311,0.7004710,0.9148525,0.3329443,0.6395000,0.8577000,0.4536000,0.6163000,0.6867000,0.3510000,0.6677000,0.6108000,0.2686000,0.6666000,0.5639000,0.3829000,0.7490000,0.4868000,0.5271000,0.3182823,0.0000000,0.0000000},
{0.5518893,0.8189684,0.1872354,0.5098540,0.7786538,0.1497202,0.6388572,0.8940462,0.1497648,0.7086999,0.9810961,0.2099605,0.6998694,0.9139246,0.3331014,0.6383000,0.8571000,0.4532000,0.6157000,0.6860000,0.3506000,0.6672000,0.6103000,0.2682000,0.6661000,0.5633000,0.3826000,0.7481000,0.4864000,0.5270000,0.3182823,0.0000000,0.0000000},
{0.5463496,0.8180230,0.1893533,0.5043921,0.7783763,0.1534650,0.6378014,0.8925770,0.1495207,0.7066606,0.9801563,0.2100835,0.6992133,0.9129096,0.3332735,0.6371000,0.8565000,0.4528000,0.6149000,0.6854000,0.3502000,0.6667000,0.6097000,0.2679000,0.6654000,0.5627000,0.3822000,0.7473000,0.4860000,0.5269000,0.3182823,0.0000000,0.0000000},
{0.5405507,0.8169616,0.1914492,0.4985806,0.7779906,0.1572270,0.6366632,0.8909887,0.1492558,0.7039322,0.9788876,0.2102513,0.6984876,0.9117830,0.3334647,0.6359000,0.8559000,0.4525000,0.6142000,0.6847000,0.3499000,0.6662000,0.6092000,0.2676000,0.6648000,0.5621000,0.3819000,0.7466000,0.4857000,0.5268000,0.3182823,0.0000000,0.0000000},
{0.5345927,0.8157987,0.1934808,0.4923843,0.7774855,0.1610071,0.6353064,0.8890898,0.1489377,0.7012918,0.9776473,0.2104172,0.6976630,0.9104980,0.3336831,0.6347000,0.8552000,0.4522000,0.6134000,0.6841000,0.3496000,0.6657000,0.6086000,0.2673000,0.6641000,0.5615000,0.3817000,0.7458000,0.4854000,0.5267000,0.3182823,0.0000000,0.0000000},
{0.5282779,0.8144904,0.1955063,0.4857093,0.7768420,0.1648346,0.6338281,0.8870136,0.1485882,0.6980556,0.9761104,0.2106250,0.6968250,0.9091865,0.3339063,0.6335000,0.8545000,0.4520000,0.6126000,0.6834000,0.3494000,0.6651000,0.6080000,0.2671000,0.6635000,0.5609000,0.3814000,0.7450000,0.4851000,0.5267000,0.3182823,0.0000000,0.0000000},
{0.5218599,0.8130850,0.1974371,0.4787615,0.7760716,0.1685709,0.6321939,0.8847096,0.1481983,0.6945038,0.9744022,0.2108591,0.6959385,0.9077934,0.3341437,0.6322000,0.8538000,0.4518000,0.6119000,0.6827000,0.3491000,0.6646000,0.6074000,0.2668000,0.6628000,0.5604000,0.3811000,0.7442000,0.4848000,0.5266000,0.3182823,0.0000000,0.0000000},
{0.5151348,0.8115343,0.1993288,0.4715942,0.7751777,0.1721811,0.6304316,0.8822147,0.1477735,0.6910760,0.9727322,0.2110908,0.6948974,0.9061493,0.3344243,0.6309000,0.8531000,0.4517000,0.6111000,0.6820000,0.3489000,0.6641000,0.6069000,0.2666000,0.6622000,0.5599000,0.3809000,0.7435000,0.4845000,0.5264000,0.3182823,0.0000000,0.0000000},
{0.5082300,0.8098630,0.2011377,0.4640397,0.7741345,0.1757376,0.6285228,0.8795003,0.1473085,0.6868889,0.9706638,0.2113818,0.6938334,0.9044599,0.3347131,0.6295000,0.8523000,0.4516000,0.6103000,0.6814000,0.3487000,0.6635000,0.6063000,0.2663000,0.6615000,0.5592000,0.3806000,0.7428000,0.4842000,0.5263000,0.3182823,0.0000000,0.0000000},
{0.5011830,0.8080783,0.2028505,0.4562791,0.7729625,0.1791440,0.6264841,0.8765869,0.1468060,0.6823568,0.9683892,0.2117066,0.6927221,0.9026859,0.3350169,0.6280000,0.8514000,0.4515000,0.6095000,0.6805000,0.3484000,0.6629000,0.6056000,0.2661000,0.6609000,0.5587000,0.3804000,0.7421000,0.4838000,0.5262000,0.3182823,0.0000000,0.0000000},
{0.4939932,0.8061787,0.2044652,0.4484594,0.7716853,0.1823394,0.6242965,0.8734444,0.1462602,0.6777022,0.9660142,0.2120509,0.6914832,0.9006963,0.3353582,0.6265000,0.8505000,0.4514000,0.6086000,0.6798000,0.3482000,0.6623000,0.6050000,0.2659000,0.6603000,0.5582000,0.3802000,0.7414000,0.4834000,0.5260000,0.3182823,0.0000000,0.0000000},
{0.4866596,0.8041622,0.2059794,0.4403231,0.7702601,0.1854272,0.6219647,0.8700758,0.1456706,0.6725775,0.9633534,0.2124426,0.6901723,0.8985772,0.3357225,0.6249000,0.8496000,0.4513000,0.6076000,0.6789000,0.3480000,0.6618000,0.6044000,0.2657000,0.6597000,0.5576000,0.3800000,0.7407000,0.4830000,0.5259000,0.3182823,0.0000000,0.0000000},
{0.4790368,0.8019849,0.2074162,0.4320557,0.7687170,0.1883312,0.6195382,0.8665497,0.1450487,0.6671889,0.9605030,0.2128690,0.6888004,0.8963444,0.3361071,0.6231000,0.8485000,0.4512000,0.6065000,0.6779000,0.3478000,0.6612000,0.6037000,0.2655000,0.6591000,0.5569000,0.3798000,0.7401000,0.4827000,0.5258000,0.3182823,0.0000000,0.0000000},
{0.4714810,0.7997477,0.2087072,0.4238306,0.7670919,0.1909989,0.6169891,0.8628223,0.1443858,0.6615652,0.9574705,0.2133299,0.6873234,0.8939227,0.3365253,0.6213000,0.8474000,0.4511000,0.6054000,0.6770000,0.3475000,0.6606000,0.6030000,0.2654000,0.6585000,0.5564000,0.3797000,0.7396000,0.4824000,0.5258000,0.3182823,0.0000000,0.0000000},
{0.4637042,0.7973656,0.2099018,0.4153563,0.7653283,0.1935275,0.6142965,0.8588589,0.1436751,0.6557153,0.9542525,0.2138269,0.6857634,0.8913446,0.3369715,0.6195000,0.8462000,0.4510000,0.6042000,0.6759000,0.3473000,0.6600000,0.6023000,0.2653000,0.6580000,0.5559000,0.3796000,0.7390000,0.4821000,0.5257000,0.3182823,0.0000000,0.0000000},
{0.4558540,0.7948814,0.2109737,0.4068803,0.7634776,0.1958432,0.6114621,0.8546577,0.1429149,0.6496495,0.9508467,0.2143612,0.6841869,0.8887179,0.3374272,0.6175000,0.8450000,0.4509000,0.6030000,0.6748000,0.3471000,0.6593000,0.6016000,0.2651000,0.6574000,0.5552000,0.3795000,0.7385000,0.4819000,0.5257000,0.3182823,0.0000000,0.0000000},
{0.4479141,0.7922897,0.2119244,0.3982706,0.7615124,0.1979855,0.6086051,0.8503922,0.1421362,0.6433605,0.9472403,0.2149359,0.6825220,0.8859200,0.3379138,0.6154000,0.8437000,0.4508000,0.6017000,0.6736000,0.3468000,0.6587000,0.6009000,0.2650000,0.6568000,0.5546000,0.3794000,0.7380000,0.4816000,0.5256000,0.3182823,0.0000000,0.0000000},
{0.4397062,0.7895288,0.2127693,0.3895858,0.7594462,0.1999400,0.6057108,0.8460390,0.1413342,0.6370149,0.9435229,0.2155374,0.6808011,0.8830020,0.3384227,0.6133000,0.8425000,0.4507000,0.6004000,0.6724000,0.3466000,0.6581000,0.6002000,0.2648000,0.6563000,0.5542000,0.3794000,0.7375000,0.4814000,0.5256000,0.3182823,0.0000000,0.0000000},
{0.4315252,0.7866959,0.2134748,0.3808188,0.7572778,0.2017094,0.6026561,0.8414094,0.1404734,0.6305859,0.9396750,0.2161694,0.6790335,0.8799765,0.3389517,0.6110000,0.8411000,0.4505000,0.5991000,0.6711000,0.3463000,0.6575000,0.5995000,0.2647000,0.6557000,0.5537000,0.3792000,0.7370000,0.4811000,0.5256000,0.3182823,0.0000000,0.0000000},
{0.4231867,0.7837267,0.2140561,0.3720236,0.7550213,0.2032848,0.5996261,0.8367807,0.1396047,0.6239388,0.9356088,0.2168470,0.6772662,0.8769225,0.3394871,0.6087000,0.8397000,0.4504000,0.5978000,0.6698000,0.3458000,0.6569000,0.5988000,0.2646000,0.6552000,0.5532000,0.3791000,0.7364000,0.4810000,0.5256000,0.3182823,0.0000000,0.0000000},
{0.4147636,0.7806449,0.2145041,0.3631877,0.7526746,0.2046714,0.5965286,0.8320110,0.1387011,0.6172065,0.9313981,0.2175587,0.6754331,0.8737236,0.3400495,0.6064000,0.8383000,0.4504000,0.5977000,0.6688000,0.3456000,0.6563000,0.5981000,0.2643000,0.6546000,0.5527000,0.3790000,0.7358000,0.4808000,0.5256000,0.3182823,0.0000000,0.0000000},
{0.4063259,0.7774755,0.2148144,0.3543392,0.7502463,0.2058670,0.5933210,0.8270304,0.1377485,0.6106081,0.9271795,0.2182815,0.6735589,0.8704195,0.3406321,0.6041000,0.8368000,0.4503000,0.5966000,0.6676000,0.3451000,0.6556000,0.5974000,0.2642000,0.6540000,0.5523000,0.3788000,0.7352000,0.4807000,0.5256000,0.3182823,0.0000000,0.0000000},
{0.3977960,0.7741887,0.2149885,0.3454390,0.7477261,0.2068786,0.5901289,0.8220317,0.1367833,0.6037037,0.9226665,0.2190650,0.6717066,0.8671197,0.3412155,0.6017000,0.8353000,0.4503000,0.5954000,0.6665000,0.3447000,0.6549000,0.5967000,0.2639000,0.6533000,0.5519000,0.3787000,0.7347000,0.4806000,0.5257000,0.3182823,0.0000000,0.0000000},
{0.3891372,0.7707676,0.2150226,0.3365415,0.7451301,0.2077011,0.5868960,0.8169252,0.1357879,0.5969244,0.9181351,0.2198620,0.6697596,0.8636139,0.3418372,0.5995000,0.8338000,0.4504000,0.5941000,0.6653000,0.3444000,0.6542000,0.5961000,0.2638000,0.6527000,0.5515000,0.3786000,0.7341000,0.4806000,0.5257000,0.3182823,0.0000000,0.0000000},
{0.3804327,0.7672429,0.2149126,0.3275830,0.7424398,0.2083410,0.5836726,0.8117889,0.1347771,0.5900962,0.9134689,0.2206929,0.6678403,0.8601196,0.3424587,0.5972000,0.8323000,0.4505000,0.5929000,0.6642000,0.3440000,0.6535000,0.5955000,0.2636000,0.6521000,0.5511000,0.3785000,0.7334000,0.4805000,0.5257000,0.3182823,0.0000000,0.0000000},
{0.3716311,0.7635916,0.2146542,0.3184320,0.7396130,0.2088011,0.5803365,0.8064253,0.1337115,0.5833387,0.9087480,0.2215435,0.6658908,0.8565306,0.3430988,0.5950000,0.8308000,0.4507000,0.5917000,0.6632000,0.3439000,0.6528000,0.5950000,0.2634000,0.6514000,0.5507000,0.3784000,0.7328000,0.4805000,0.5257000,0.3182823,0.0000000,0.0000000},
{0.3628337,0.7598542,0.2142479,0.3092595,0.7367004,0.2090671,0.5771032,0.8011793,0.1326593,0.5765108,0.9038718,0.2224322,0.6638968,0.8528170,0.3437632,0.5927000,0.8293000,0.4509000,0.5906000,0.6621000,0.3438000,0.6519000,0.5945000,0.2633000,0.6508000,0.5504000,0.3783000,0.7321000,0.4804000,0.5257000,0.3182823,0.0000000,0.0000000},
{0.3538676,0.7559542,0.2136805,0.2999123,0.7336507,0.2091376,0.5738195,0.7958029,0.1315707,0.5697057,0.8989036,0.2233479,0.6619110,0.8490745,0.3444347,0.5905000,0.8278000,0.4510000,0.5894000,0.6612000,0.3436000,0.6510000,0.5940000,0.2632000,0.6505000,0.5501000,0.3784000,0.7314000,0.4804000,0.5257000,0.3182823,0.0000000,0.0000000},
{0.3449866,0.7519999,0.2129646,0.2905736,0.7305216,0.2090054,0.5705840,0.7904564,0.1304782,0.5630539,0.8939403,0.2242724,0.6599696,0.8453724,0.3451010,0.5882000,0.8263000,0.4511000,0.5882000,0.6601000,0.3434000,0.6501000,0.5934000,0.2630000,0.6491000,0.5495000,0.3785000,0.7307000,0.4804000,0.5257000,0.3182823,0.0000000,0.0000000},
{0.3360843,0.7479439,0.2120914,0.2812725,0.7273229,0.2086717,0.5673478,0.7850586,0.1293650,0.5565048,0.8889481,0.2252116,0.6580124,0.8415955,0.3457827,0.5860000,0.8247000,0.4512000,0.5868000,0.6591000,0.3433000,0.6492000,0.5930000,0.2629000,0.6487000,0.5494000,0.3778000,0.7300000,0.4805000,0.5257000,0.3182823,0.0000000,0.0000000},
{0.3272760,0.7438383,0.2110717,0.2718912,0.7240130,0.2081289,0.5642442,0.7798345,0.1282779,0.5501089,0.8839693,0.2261575,0.6560220,0.8377070,0.3464867,0.5838000,0.8231000,0.4514000,0.5856000,0.6579000,0.3431000,0.6483000,0.5926000,0.2626000,0.6479000,0.5491000,0.3777000,0.7292000,0.4805000,0.5257000,0.3182823,0.0000000,0.0000000},
{0.3186196,0.7397124,0.2099158,0.2625989,0.7206505,0.2073847,0.5611735,0.7746186,0.1271832,0.5438024,0.8789577,0.2271183,0.6540887,0.8338834,0.3471810,0.5815000,0.8216000,0.4515000,0.5842000,0.6569000,0.3430000,0.6474000,0.5922000,0.2625000,0.6472000,0.5488000,0.3775000,0.7284000,0.4806000,0.5257000,0.3182823,0.0000000,0.0000000},
{0.3100582,0.7355408,0.2086194,0.2533345,0.7172137,0.2064350,0.5581973,0.7695174,0.1261035,0.5376775,0.8739909,0.2280788,0.6521259,0.8299524,0.3478969,0.5792000,0.8199000,0.4517000,0.5828000,0.6558000,0.3429000,0.6465000,0.5918000,0.2623000,0.6465000,0.5485000,0.3773000,0.7276000,0.4807000,0.5257000,0.3182823,0.0000000,0.0000000},
{0.3016112,0.7313341,0.2071870,0.2441024,0.7137034,0.2052780,0.5553116,0.7645276,0.1250387,0.5316713,0.8690228,0.2290477,0.6501806,0.8260068,0.3486176,0.5769000,0.8182000,0.4518000,0.5814000,0.6548000,0.3426000,0.6456000,0.5914000,0.2621000,0.6457000,0.5482000,0.3771000,0.7268000,0.4808000,0.5257000,0.3182823,0.0000000,0.0000000},
{0.2933588,0.7271346,0.2056366,0.2350695,0.7101843,0.2039380,0.5523590,0.7593763,0.1239305,0.5259001,0.8641559,0.2300043,0.6482437,0.8220272,0.3493467,0.5745000,0.8165000,0.4520000,0.5799000,0.6536000,0.3425000,0.6447000,0.5910000,0.2619000,0.6448000,0.5479000,0.3770000,0.7259000,0.4809000,0.5257000,0.3182823,0.0000000,0.0000000},
{0.2853053,0.7229483,0.2039749,0.2261451,0.7066232,0.2024065,0.5495715,0.7544695,0.1228665,0.5202745,0.8593217,0.2309616,0.6463476,0.8180806,0.3500718,0.5722000,0.8147000,0.4521000,0.5785000,0.6525000,0.3423000,0.6438000,0.5907000,0.2617000,0.6440000,0.5476000,0.3767000,0.7250000,0.4810000,0.5257000,0.3182823,0.0000000,0.0000000},
{0.2775341,0.7188233,0.2022275,0.2173255,0.7030191,0.2006842,0.5469167,0.7497564,0.1218369,0.5148588,0.8545820,0.2319068,0.6445336,0.8142564,0.3507764,0.5698000,0.8130000,0.4521000,0.5771000,0.6514000,0.3421000,0.6429000,0.5903000,0.2615000,0.6432000,0.5473000,0.3765000,0.7242000,0.4812000,0.5257000,0.3182823,0.0000000,0.0000000},
{0.2700709,0.7147798,0.2004113,0.2087334,0.6994240,0.1987997,0.5443871,0.7452282,0.1208406,0.5097234,0.8500078,0.2328251,0.6427720,0.8104960,0.3514712,0.5674000,0.8113000,0.4522000,0.5756000,0.6502000,0.3419000,0.6419000,0.5900000,0.2612000,0.6424000,0.5470000,0.3763000,0.7233000,0.4813000,0.5257000,0.3182823,0.0000000,0.0000000},
{0.2628342,0.7107794,0.1985158,0.2003643,0.6958396,0.1967608,0.5419225,0.7407808,0.1198554,0.5047415,0.8454943,0.2337369,0.6410217,0.8067126,0.3521721,0.5651000,0.8095000,0.4522000,0.5740000,0.6491000,0.3417000,0.6408000,0.5895000,0.2609000,0.6415000,0.5467000,0.3760000,0.7223000,0.4815000,0.5257000,0.3182823,0.0000000,0.0000000},
{0.2559114,0.7068760,0.1965736,0.1923413,0.6923238,0.1946100,0.5395830,0.7365259,0.1189066,0.4999263,0.8410592,0.2346383,0.6393062,0.8029573,0.3528697,0.5627000,0.8078000,0.4522000,0.5724000,0.6477000,0.3413000,0.6395000,0.5890000,0.2606000,0.6406000,0.5465000,0.3757000,0.7215000,0.4817000,0.5258000,0.3182823,0.0000000,0.0000000},
{0.2493600,0.7031100,0.1946143,0.1847893,0.6889400,0.1924024,0.5372994,0.7323406,0.1179674,0.4952912,0.8367208,0.2355250,0.6377576,0.7995261,0.3535086,0.5602000,0.8060000,0.4522000,0.5707000,0.6466000,0.3411000,0.6383000,0.5885000,0.2602000,0.6396000,0.5462000,0.3754000,0.7206000,0.4818000,0.5258000,0.3182823,0.0000000,0.0000000},
{0.2431095,0.6994490,0.1926301,0.1778193,0.6857500,0.1902001,0.5351398,0.7283529,0.1170671,0.4907196,0.8323738,0.2364182,0.6361516,0.7959251,0.3541809,0.5578000,0.8043000,0.4522000,0.5690000,0.6453000,0.3407000,0.6370000,0.5880000,0.2599000,0.6386000,0.5458000,0.3752000,0.7198000,0.4820000,0.5258000,0.3182823,0.0000000,0.0000000},
{0.2371931,0.6959194,0.1906439,0.1712809,0.6826966,0.1879839,0.5328301,0.7240557,0.1160910,0.4862743,0.8280808,0.2373051,0.6346442,0.7925044,0.3548210,0.5554000,0.8026000,0.4522000,0.5673000,0.6441000,0.3404000,0.6359000,0.5873000,0.2596000,0.6376000,0.5452000,0.3748000,0.7188000,0.4822000,0.5258000,0.3182823,0.0000000,0.0000000},
{0.2315197,0.6924735,0.1886357,0.1651612,0.6797825,0.1857715,0.5305804,0.7198372,0.1151268,0.4818897,0.8237808,0.2381979,0.6331402,0.7890508,0.3554688,0.5530000,0.8010000,0.4521000,0.5657000,0.6428000,0.3401000,0.6347000,0.5865000,0.2592000,0.6366000,0.5446000,0.3745000,0.7178000,0.4823000,0.5257000,0.3182823,0.0000000,0.0000000},
{0.2261764,0.6891703,0.1866471,0.1593732,0.6769741,0.1835504,0.5283245,0.7155735,0.1141462,0.4774799,0.8193889,0.2391143,0.6317073,0.7857217,0.3560947,0.5507000,0.7993000,0.4520000,0.5642000,0.6416000,0.3397000,0.6334000,0.5858000,0.2588000,0.6355000,0.5440000,0.3741000,0.7167000,0.4824000,0.5256000,0.3182823,0.0000000,0.0000000},
{0.2209683,0.6858943,0.1846136,0.1540314,0.6743349,0.1813841,0.5260694,0.7112769,0.1131520,0.4731227,0.8149818,0.2400384,0.6302710,0.7823456,0.3567309,0.5485000,0.7977000,0.4518000,0.5626000,0.6405000,0.3393000,0.6322000,0.5850000,0.2582000,0.6344000,0.5434000,0.3738000,0.7154000,0.4825000,0.5255000,0.3182823,0.0000000,0.0000000},
{0.2161196,0.6827915,0.1826316,0.1488398,0.6717245,0.1791665,0.5237208,0.7067651,0.1121014,0.4689029,0.8106478,0.2409516,0.6288445,0.7789521,0.3573719,0.5462000,0.7961000,0.4516000,0.5611000,0.6393000,0.3388000,0.6309000,0.5842000,0.2578000,0.6333000,0.5429000,0.3733000,0.7144000,0.4828000,0.5254000,0.3182823,0.0000000,0.0000000},
{0.2114083,0.6797255,0.1806194,0.1441666,0.6693343,0.1770713,0.5216387,0.7027328,0.1111568,0.4647120,0.8062776,0.2418766,0.6274522,0.7756003,0.3580064,0.5440000,0.7945000,0.4514000,0.5597000,0.6382000,0.3383000,0.6297000,0.5834000,0.2571000,0.6321000,0.5424000,0.3729000,0.7131000,0.4830000,0.5252000,0.3182823,0.0000000,0.0000000},
{0.2069005,0.6767423,0.1786103,0.1396300,0.6669758,0.1749430,0.5194529,0.6984661,0.1101514,0.4605948,0.8019191,0.2428034,0.6261246,0.7723664,0.3586199,0.5419000,0.7928000,0.4512000,0.5582000,0.6373000,0.3378000,0.6285000,0.5825000,0.2566000,0.6309000,0.5418000,0.3725000,0.7119000,0.4831000,0.5251000,0.3182823,0.0000000,0.0000000},
{0.2026071,0.6738532,0.1766163,0.1352925,0.6646839,0.1728172,0.5174110,0.6944483,0.1091991,0.4567309,0.7977684,0.2436897,0.6247753,0.7690406,0.3592522,0.5398000,0.7913000,0.4510000,0.5568000,0.6364000,0.3372000,0.6273000,0.5818000,0.2560000,0.6298000,0.5413000,0.3721000,0.7108000,0.4833000,0.5252000,0.3182823,0.0000000,0.0000000},
{0.1984524,0.6710108,0.1746081,0.1311017,0.6624333,0.1706745,0.5154254,0.6905110,0.1082607,0.4530369,0.7937441,0.2445526,0.6235857,0.7660746,0.3598173,0.5377000,0.7898000,0.4507000,0.5555000,0.6355000,0.3367000,0.6262000,0.5809000,0.2554000,0.6287000,0.5408000,0.3717000,0.7095000,0.4838000,0.5250000,0.3182823,0.0000000,0.0000000},
{0.1946046,0.6683351,0.1726753,0.1271340,0.6602683,0.1685614,0.5134914,0.6866467,0.1073348,0.4495179,0.7898582,0.2453889,0.6223634,0.7629933,0.3604055,0.5356000,0.7882000,0.4504000,0.5542000,0.6346000,0.3361000,0.6251000,0.5801000,0.2549000,0.6275000,0.5403000,0.3713000,0.7083000,0.4839000,0.5251000,0.3182823,0.0000000,0.0000000},
{0.1908063,0.6656507,0.1706947,0.1233095,0.6581483,0.1664428,0.5117836,0.6832098,0.1065071,0.4462050,0.7861523,0.2461894,0.6212922,0.7602634,0.3609276,0.5336000,0.7867000,0.4501000,0.5531000,0.6338000,0.3355000,0.6240000,0.5792000,0.2544000,0.6263000,0.5396000,0.3708000,0.7069000,0.4842000,0.5249000,0.3182823,0.0000000,0.0000000},
{0.1872372,0.6630871,0.1687642,0.1196105,0.6560652,0.1643137,0.5100929,0.6797841,0.1056783,0.4430490,0.7825781,0.2469641,0.6202508,0.7575829,0.3614412,0.5316000,0.7852000,0.4497000,0.5520000,0.6331000,0.3348000,0.6228000,0.5783000,0.2538000,0.6251000,0.5391000,0.3705000,0.7054000,0.4838000,0.5249000,0.3182823,0.0000000,0.0000000},
{0.1837818,0.6605649,0.1668272,0.1162103,0.6541206,0.1622832,0.5084913,0.6765174,0.1048842,0.4401127,0.7792133,0.2476957,0.6192476,0.7549748,0.3619418,0.5296000,0.7839000,0.4493000,0.5509000,0.6324000,0.3343000,0.6217000,0.5777000,0.2533000,0.6238000,0.5384000,0.3701000,0.7045000,0.4843000,0.5249000,0.3182823,0.0000000,0.0000000},
{0.1807501,0.6583175,0.1650698,0.1129673,0.6522380,0.1602778,0.5069663,0.6733868,0.1041200,0.4373234,0.7759811,0.2484005,0.6183612,0.7526486,0.3623890,0.5277000,0.7825000,0.4489000,0.5498000,0.6317000,0.3336000,0.6202000,0.5763000,0.2534000,0.6227000,0.5381000,0.3696000,0.7032000,0.4846000,0.5247000,0.3182823,0.0000000,0.0000000},
{0.1778626,0.6561455,0.1633426,0.1099596,0.6504665,0.1583550,0.5054275,0.6702075,0.1033406,0.4347648,0.7729849,0.2490557,0.6174678,0.7502832,0.3628443,0.5258000,0.7813000,0.4484000,0.5487000,0.6310000,0.3331000,0.6189000,0.5751000,0.2533000,0.6219000,0.5378000,0.3693000,0.7020000,0.4847000,0.5246000,0.3182823,0.0000000,0.0000000},
{0.1750344,0.6539865,0.1615977,0.1071754,0.6488034,0.1565182,0.5041000,0.6674483,0.1026614,0.4322661,0.7700293,0.2497037,0.6166731,0.7481607,0.3632536,0.5240000,0.7801000,0.4479000,0.5476000,0.6303000,0.3325000,0.6177000,0.5739000,0.2532000,0.6209000,0.5373000,0.3689000,0.7009000,0.4848000,0.5246000,0.3182823,0.0000000,0.0000000},
{0.1724369,0.6519746,0.1599463,0.1044737,0.6471675,0.1546811,0.5027120,0.6645465,0.1019444,0.4299736,0.7672915,0.2503054,0.6158570,0.7459630,0.3636779,0.5223000,0.7790000,0.4474000,0.5466000,0.6296000,0.3320000,0.6177000,0.5739000,0.2532000,0.6200000,0.5371000,0.3685000,0.6999000,0.4849000,0.5242000,0.3182823,0.0000000,0.0000000},
{0.1700489,0.6500991,0.1583846,0.1019155,0.6455972,0.1528894,0.5014279,0.6618463,0.1012747,0.4278811,0.7647703,0.2508607,0.6151813,0.7441290,0.3640324,0.5205000,0.7779000,0.4469000,0.5456000,0.6288000,0.3314000,0.6178000,0.5739000,0.2533000,0.6192000,0.5368000,0.3681000,0.6987000,0.4849000,0.5245000,0.3182823,0.0000000,0.0000000},
{0.1677577,0.6482753,0.1568449,0.0994513,0.6440642,0.1511133,0.5003278,0.6595211,0.1006961,0.4258566,0.7623106,0.2514037,0.6145128,0.7423011,0.3643862,0.5189000,0.7769000,0.4464000,0.5445000,0.6281000,0.3309000,0.6178000,0.5738000,0.2533000,0.6181000,0.5362000,0.3679000,0.6978000,0.4851000,0.5239000,0.3182823,0.0000000,0.0000000},
{0.1655978,0.6465328,0.1553545,0.0971126,0.6425898,0.1493797,0.4992890,0.6573150,0.1001455,0.4240140,0.7600540,0.2519027,0.6139118,0.7406468,0.3647067,0.5173000,0.7759000,0.4459000,0.5434000,0.6273000,0.3305000,0.6179000,0.5738000,0.2534000,0.6172000,0.5358000,0.3676000,0.6966000,0.4851000,0.5243000,0.3182823,0.0000000,0.0000000},
{0.1635432,0.6448535,0.1539000,0.0948438,0.6411405,0.1476512,0.4982781,0.6551581,0.0996056,0.4222993,0.7579387,0.2523714,0.6133504,0.7390915,0.3650084,0.5158000,0.7750000,0.4454000,0.5424000,0.6266000,0.3300000,0.6179000,0.5738000,0.2534000,0.6165000,0.5355000,0.3673000,0.6955000,0.4853000,0.5241000,0.3182823,0.0000000,0.0000000},
{0.1616672,0.6433006,0.1525390,0.0926404,0.6397142,0.1459262,0.4972709,0.6529996,0.0990637,0.4207399,0.7560017,0.2528013,0.6128356,0.7376567,0.3652869,0.5144000,0.7742000,0.4450000,0.5415000,0.6260000,0.3296000,0.6180000,0.5737000,0.2535000,0.6157000,0.5352000,0.3670000,0.6947000,0.4853000,0.5239000,0.3182823,0.0000000,0.0000000},
{0.1598500,0.6417778,0.1511892,0.0904102,0.6382507,0.1441315,0.4964377,0.6512063,0.0986124,0.4193413,0.7542538,0.2531898,0.6123945,0.7364207,0.3655271,0.5131000,0.7734000,0.4446000,0.5406000,0.6255000,0.3292000,0.6180000,0.5737000,0.2535000,0.6150000,0.5348000,0.3668000,0.6937000,0.4854000,0.5240000,0.3182823,0.0000000,0.0000000},
{0.1580687,0.6402662,0.1498345,0.0882682,0.6368253,0.1423592,0.4957248,0.6496665,0.0982240,0.4180585,0.7526415,0.2535486,0.6119767,0.7352442,0.3657559,0.5120000,0.7727000,0.4442000,0.5400000,0.6251000,0.3288000,0.6181000,0.5736000,0.2536000,0.6141000,0.5343000,0.3667000,0.6930000,0.4853000,0.5239000,0.3182823,0.0000000,0.0000000},
{0.1564087,0.6388402,0.1485427,0.0860866,0.6353527,0.1405025,0.4949030,0.6478852,0.0977737,0.4168169,0.7510725,0.2538982,0.6115675,0.7340867,0.3659811,0.5109000,0.7720000,0.4439000,0.5393000,0.6247000,0.3285000,0.6181000,0.5736000,0.2536000,0.6134000,0.5340000,0.3664000,0.6920000,0.4854000,0.5241000,0.3182823,0.0000000,0.0000000},
{0.1546342,0.6372963,0.1471288,0.0839290,0.6338743,0.1386122,0.4940704,0.6460736,0.0973146,0.4157372,0.7497016,0.2542041,0.6112177,0.7330929,0.3661746,0.5099000,0.7713000,0.4436000,0.5386000,0.6244000,0.3281000,0.6182000,0.5735000,0.2537000,0.6130000,0.5340000,0.3662000,0.6914000,0.4853000,0.5238000,0.3182823,0.0000000,0.0000000},
{0.1530831,0.6359294,0.1458636,0.0818562,0.6324322,0.1367425,0.4933287,0.6444537,0.0969032,0.4146087,0.7482618,0.2545257,0.6108315,0.7319907,0.3663894,0.5089000,0.7707000,0.4434000,0.5381000,0.6241000,0.3278000,0.6183000,0.5735000,0.2537000,0.6130000,0.5340000,0.3662000,0.6906000,0.4853000,0.5237000,0.3182823,0.0000000,0.0000000},
{0.1515871,0.6345948,0.1446161,0.0803178,0.6313474,0.1353191,0.4927693,0.6432283,0.0965914,0.4136849,0.7470778,0.2547904,0.6105879,0.7312929,0.3665255,0.5080000,0.7701000,0.4431000,0.5376000,0.6238000,0.3275000,0.6183000,0.5734000,0.2538000,0.6134000,0.5341000,0.3663000,0.6897000,0.4854000,0.5240000,0.3182823,0.0000000,0.0000000},
{0.1508949,0.6339718,0.1440295,0.0801174,0.6312051,0.1351314,0.4921206,0.6418030,0.0962281,0.4129401,0.7461200,0.2550047,0.6102140,0.7302183,0.3667351,0.5072000,0.7695000,0.4429000,0.5373000,0.6237000,0.3272000,0.6184000,0.5734000,0.2538000,0.6138000,0.5342000,0.3665000,0.6892000,0.4852000,0.5237000,0.3182823,0.0000000,0.0000000},
{0.1504919,0.6336074,0.1436851,0.0801690,0.6312418,0.1351798,0.4917152,0.6409102,0.0960002,0.4123616,0.7453739,0.2551718,0.6100581,0.7297686,0.3668229,0.5064000,0.7690000,0.4426000,0.5369000,0.6234000,0.3269000,0.6184000,0.5734000,0.2539000,0.6142000,0.5343000,0.3666000,0.6885000,0.4853000,0.5235000,0.3182823,0.0000000,0.0000000},
{0.1501025,0.6332541,0.1433504,0.0800641,0.6311672,0.1350813,0.4914262,0.6402726,0.0958373,0.4121039,0.7450408,0.2552464,0.6099523,0.7294632,0.3668825,0.5056000,0.7686000,0.4423000,0.5366000,0.6232000,0.3265000,0.6185000,0.5733000,0.2539000,0.6146000,0.5344000,0.3668000,0.6879000,0.4851000,0.5240000,0.3182823,0.0000000,0.0000000},
{0.1498175,0.6329947,0.1431041,0.0799117,0.6310589,0.1349381,0.4913521,0.6401089,0.0957954,0.4121833,0.7451436,0.2552234,0.6098456,0.7291544,0.3669428,0.5050000,0.7685000,0.4418000,0.5363000,0.6230000,0.3263000,0.6185000,0.5733000,0.2540000,0.6150000,0.5345000,0.3669000,0.6873000,0.4852000,0.5239000,0.3182823,0.0000000,0.0000000},
{0.1496781,0.6328677,0.1429833,0.0798262,0.6309980,0.1348576,0.4913288,0.6400574,0.0957823,0.4124173,0.7454458,0.2551557,0.6099012,0.7293153,0.3669113,0.5044000,0.7685000,0.4414000,0.5359000,0.6228000,0.3260000,0.6186000,0.5732000,0.2540000,0.6153000,0.5346000,0.3670000,0.6870000,0.4850000,0.5234000,0.3182823,0.0000000,0.0000000},
{0.1495786,0.6327769,0.1428969,0.0797704,0.6309583,0.1348050,0.4913288,0.6400574,0.0957823,0.4126086,0.7456926,0.2551004,0.6100000,0.7296008,0.3668556,0.5039000,0.7687000,0.4409000,0.5355000,0.6226000,0.3258000,0.6186000,0.5732000,0.2541000,0.6157000,0.5347000,0.3672000,0.6867000,0.4849000,0.5236000,0.3182823,0.0000000,0.0000000},
{0.1495491,0.6327500,0.1428713,0.0797312,0.6309303,0.1347680,0.4913288,0.6400574,0.0957823,0.4127863,0.7459218,0.2550491,0.6101702,0.7300920,0.3667597,0.5036000,0.7689000,0.4405000,0.5352000,0.6225000,0.3256000,0.6187000,0.5731000,0.2541000,0.6161000,0.5347000,0.3673000,0.6863000,0.4848000,0.5235000,0.3182823,0.0000000,0.0000000},
{0.1495268,0.6327295,0.1428518,0.0797272,0.6309275,0.1347642,0.4913903,0.6401934,0.0958170,0.4130559,0.7462691,0.2549713,0.6101891,0.7301464,0.3667491,0.5034000,0.7691000,0.4402000,0.5349000,0.6224000,0.3254000,0.6187000,0.5731000,0.2541000,0.6165000,0.5348000,0.3674000,0.6860000,0.4848000,0.5235000,0.3182823,0.0000000,0.0000000},
{0.1495268,0.6327295,0.1428518,0.0797059,0.6309123,0.1347441,0.4915104,0.6404585,0.0958848,0.4131985,0.7464526,0.2549303,0.6102769,0.7303994,0.3666997,0.5034000,0.7694000,0.4400000,0.5347000,0.6225000,0.3253000,0.6188000,0.5730000,0.2542000,0.6169000,0.5349000,0.3676000,0.6857000,0.4848000,0.5232000,0.3182823,0.0000000,0.0000000}
};
