fitErrPi Mean = 0.318282
fitErrTh Mean = 0.116249
fitErrWr Mean = 0.0866459
fitErrLA Mean = 0.0661471
fitErrEl Mean = 0.112149
fitErrUA Mean = 0.372348
efPts = {
{0.5521988,0.8314056,0.1708133,0.5080450,0.7931156,0.1518734,0.5964243,0.9542433,0.1853275,0.7171912,1.0004302,0.2041888,0.3734071,-0.0295928,0.3255194,0.6749000,0.8691000,0.4595000,0.6438000,0.6980000,0.3580000,0.6883000,0.6220000,0.2754000,0.6904000,0.5775000,0.3896000,0.7730000,0.4969000,0.5294000,0.3182823,0.0000000,0.0000000},
{0.5502485,0.8311238,0.1704741,0.5060493,0.7928392,0.1513193,0.5955624,0.9539062,0.1853672,0.7174323,1.0006808,0.2041565,0.4702267,0.5851624,0.3363045,0.6743000,0.8692000,0.4592000,0.6434000,0.6980000,0.3577000,0.6880000,0.6220000,0.2751000,0.6900000,0.5776000,0.3894000,0.7724000,0.4971000,0.5294000,0.3182823,0.0000000,0.0000000},
{0.5478301,0.8307661,0.1700449,0.5036845,0.7925055,0.1506556,0.5945938,0.9535247,0.1854107,0.7171096,1.0003453,0.2041997,0.4694699,0.5856371,0.3363720,0.6736000,0.8693000,0.4589000,0.6429000,0.6981000,0.3573000,0.6878000,0.6220000,0.2749000,0.6896000,0.5776000,0.3892000,0.7718000,0.4973000,0.5294000,0.3182823,0.0000000,0.0000000},
{0.5451772,0.8303634,0.1695633,0.5011122,0.7921346,0.1499253,0.5933859,0.9530451,0.1854634,0.7171658,1.0004037,0.2041922,0.4690662,0.5858901,0.3364079,0.6729000,0.8694000,0.4587000,0.6424000,0.6981000,0.3571000,0.6874000,0.6220000,0.2748000,0.6890000,0.5777000,0.3890000,0.7712000,0.4975000,0.5295000,0.3182823,0.0000000,0.0000000},
{0.5423672,0.8299251,0.1690410,0.4982674,0.7917150,0.1491072,0.5920103,0.9524936,0.1855212,0.7167324,0.9999525,0.2042501,0.4685681,0.5862020,0.3364523,0.6722000,0.8695000,0.4585000,0.6420000,0.6981000,0.3568000,0.6869000,0.6221000,0.2746000,0.6885000,0.5778000,0.3888000,0.7705000,0.4978000,0.5295000,0.3182823,0.0000000,0.0000000},
{0.5389504,0.8293758,0.1683889,0.4950451,0.7912277,0.1481676,0.5904258,0.9518514,0.1855850,0.7166445,0.9998608,0.2042619,0.4681917,0.5864376,0.3364859,0.6716000,0.8695000,0.4583000,0.6415000,0.6982000,0.3566000,0.6866000,0.6221000,0.2744000,0.6882000,0.5779000,0.3886000,0.7698000,0.4979000,0.5295000,0.3182823,0.0000000,0.0000000},
{0.5349281,0.8287065,0.1675976,0.4916219,0.7906963,0.1471543,0.5886044,0.9511039,0.1856545,0.7159950,0.9991827,0.2043488,0.4678403,0.5866574,0.3365172,0.6709000,0.8696000,0.4583000,0.6410000,0.6983000,0.3564000,0.6862000,0.6221000,0.2742000,0.6876000,0.5779000,0.3885000,0.7691000,0.4981000,0.5295000,0.3182823,0.0000000,0.0000000},
{0.5316000,0.8281343,0.1669236,0.4878451,0.7900934,0.1460183,0.5866304,0.9502826,0.1857253,0.7152623,0.9984155,0.2044469,0.4670804,0.5871323,0.3365849,0.6703000,0.8697000,0.4582000,0.6406000,0.6983000,0.3562000,0.6858000,0.6222000,0.2740000,0.6871000,0.5780000,0.3884000,0.7684000,0.4982000,0.5295000,0.3182823,0.0000000,0.0000000},
{0.5274723,0.8274014,0.1660637,0.4838871,0.7894431,0.1448076,0.5843588,0.9493233,0.1858009,0.7148598,0.9979930,0.2045008,0.4663380,0.5875958,0.3366510,0.6697000,0.8697000,0.4582000,0.6401000,0.6984000,0.3561000,0.6854000,0.6222000,0.2739000,0.6865000,0.5781000,0.3882000,0.7677000,0.4984000,0.5296000,0.3182823,0.0000000,0.0000000},
{0.5233891,0.8266514,0.1651869,0.4797410,0.7887417,0.1435173,0.5819311,0.9482811,0.1858748,0.7138221,0.9969004,0.2046399,0.4655756,0.5880711,0.3367188,0.6691000,0.8697000,0.4582000,0.6396000,0.6984000,0.3560000,0.6850000,0.6222000,0.2739000,0.6861000,0.5782000,0.3882000,0.7670000,0.4985000,0.5297000,0.3182823,0.0000000,0.0000000},
{0.5187796,0.8257749,0.1641661,0.4753986,0.7879850,0.1421418,0.5792289,0.9471006,0.1859487,0.7126744,0.9956863,0.2047939,0.4648724,0.5885091,0.3367814,0.6685000,0.8697000,0.4583000,0.6393000,0.6985000,0.3560000,0.6846000,0.6222000,0.2738000,0.6856000,0.5782000,0.3881000,0.7664000,0.4987000,0.5297000,0.3182823,0.0000000,0.0000000},
{0.5142639,0.8248857,0.1631342,0.4710212,0.7871992,0.1407302,0.5763702,0.9458282,0.1860172,0.7114911,0.9944284,0.2049527,0.4639134,0.5891057,0.3368668,0.6679000,0.8696000,0.4585000,0.6388000,0.6986000,0.3559000,0.6841000,0.6222000,0.2738000,0.6850000,0.5783000,0.3881000,0.7657000,0.4988000,0.5298000,0.3182823,0.0000000,0.0000000},
{0.5090167,0.8238146,0.1618958,0.4665264,0.7863685,0.1392546,0.5734386,0.9444982,0.1860771,0.7106204,0.9934988,0.2050697,0.4629539,0.5897018,0.3369522,0.6673000,0.8695000,0.4586000,0.6384000,0.6986000,0.3558000,0.6838000,0.6222000,0.2736000,0.6845000,0.5783000,0.3880000,0.7651000,0.4990000,0.5298000,0.3182823,0.0000000,0.0000000},
{0.5048666,0.8229388,0.1608865,0.4620955,0.7855260,0.1377743,0.5703591,0.9430738,0.1861289,0.7091566,0.9919280,0.2052667,0.4619918,0.5902985,0.3370377,0.6666000,0.8694000,0.4587000,0.6380000,0.6986000,0.3557000,0.6834000,0.6221000,0.2735000,0.6842000,0.5783000,0.3879000,0.7644000,0.4991000,0.5299000,0.3182823,0.0000000,0.0000000},
{0.5004740,0.8219842,0.1597895,0.4574989,0.7846272,0.1362117,0.5671392,0.9415544,0.1861708,0.7076354,0.9902853,0.2054716,0.4608267,0.5910200,0.3371413,0.6658000,0.8692000,0.4588000,0.6375000,0.6986000,0.3556000,0.6829000,0.6221000,0.2734000,0.6836000,0.5783000,0.3878000,0.7639000,0.4992000,0.5299000,0.3182823,0.0000000,0.0000000},
{0.4956246,0.8208974,0.1585441,0.4530262,0.7837284,0.1346646,0.5638247,0.9399583,0.1862007,0.7059985,0.9885057,0.2056923,0.4596050,0.5917753,0.3372499,0.6649000,0.8690000,0.4589000,0.6370000,0.6984000,0.3555000,0.6825000,0.6220000,0.2733000,0.6832000,0.5782000,0.3877000,0.7633000,0.4993000,0.5299000,0.3182823,0.0000000,0.0000000},
{0.4905835,0.8197311,0.1572114,0.4485106,0.7827968,0.1330764,0.5604551,0.9383022,0.1862175,0.7043159,0.9866635,0.2059196,0.4584473,0.5924897,0.3373528,0.6641000,0.8688000,0.4589000,0.6365000,0.6982000,0.3553000,0.6821000,0.6219000,0.2733000,0.6828000,0.5782000,0.3876000,0.7627000,0.4993000,0.5300000,0.3182823,0.0000000,0.0000000},
{0.4857884,0.8185872,0.1559077,0.4439708,0.7818355,0.1314528,0.5569539,0.9365456,0.1862202,0.7025322,0.9846960,0.2061608,0.4568482,0.5934743,0.3374948,0.6631000,0.8685000,0.4590000,0.6359000,0.6980000,0.3552000,0.6817000,0.6217000,0.2731000,0.6824000,0.5782000,0.3875000,0.7621000,0.4994000,0.5300000,0.3182823,0.0000000,0.0000000},
{0.4809130,0.8173894,0.1545461,0.4393495,0.7808317,0.1297723,0.5534643,0.9347585,0.1862081,0.7007569,0.9827228,0.2064013,0.4552312,0.5944675,0.3376383,0.6621000,0.8682000,0.4590000,0.6353000,0.6978000,0.3550000,0.6814000,0.6216000,0.2730000,0.6819000,0.5781000,0.3874000,0.7616000,0.4995000,0.5301000,0.3182823,0.0000000,0.0000000},
{0.4759759,0.8161408,0.1531302,0.4347259,0.7798018,0.1280631,0.5498373,0.9328623,0.1861796,0.6989408,0.9806886,0.2066477,0.4538692,0.5953023,0.3377592,0.6611000,0.8678000,0.4589000,0.6347000,0.6975000,0.3548000,0.6810000,0.6214000,0.2728000,0.6815000,0.5780000,0.3873000,0.7611000,0.4995000,0.5301000,0.3182823,0.0000000,0.0000000},
{0.4709315,0.8148280,0.1516448,0.4299944,0.7787211,0.1262849,0.5460910,0.9308622,0.1861332,0.6970291,0.9785301,0.2069075,0.4526428,0.5960524,0.3378679,0.6600000,0.8674000,0.4589000,0.6341000,0.6972000,0.3546000,0.6806000,0.6212000,0.2727000,0.6811000,0.5779000,0.3872000,0.7612000,0.4998000,0.5304000,0.3182823,0.0000000,0.0000000},
{0.4659069,0.8134828,0.1501262,0.4251880,0.7775957,0.1244483,0.5423453,0.9288199,0.1860694,0.6945929,0.9757536,0.2072392,0.4507183,0.5972267,0.3380385,0.6589000,0.8670000,0.4589000,0.6335000,0.6968000,0.3544000,0.6802000,0.6211000,0.2726000,0.6807000,0.5778000,0.3871000,0.7608000,0.4999000,0.5304000,0.3182823,0.0000000,0.0000000},
{0.4607453,0.8120618,0.1485255,0.4204482,0.7764584,0.1226072,0.5384366,0.9266432,0.1859841,0.6926161,0.9734790,0.2075089,0.4490841,0.5982211,0.3381833,0.6577000,0.8666000,0.4588000,0.6328000,0.6964000,0.3542000,0.6798000,0.6209000,0.2725000,0.6802000,0.5777000,0.3870000,0.7603000,0.4999000,0.5304000,0.3182823,0.0000000,0.0000000},
{0.4556715,0.8106261,0.1469115,0.4156877,0.7752885,0.1207280,0.5345147,0.9244120,0.1858793,0.6901361,0.9705978,0.2078480,0.4474548,0.5992101,0.3383276,0.6565000,0.8661000,0.4588000,0.6321000,0.6959000,0.3540000,0.6794000,0.6207000,0.2724000,0.6799000,0.5776000,0.3869000,0.7598000,0.5000000,0.5305000,0.3182823,0.0000000,0.0000000},
{0.4505746,0.8091448,0.1452495,0.4108259,0.7740650,0.1187775,0.5306909,0.9221908,0.1857584,0.6881194,0.9682319,0.2081242,0.4457279,0.6002557,0.3384805,0.6553000,0.8655000,0.4588000,0.6313000,0.6954000,0.3538000,0.6791000,0.6205000,0.2723000,0.6796000,0.5775000,0.3868000,0.7593000,0.5001000,0.5306000,0.3182823,0.0000000,0.0000000},
{0.4454853,0.8076263,0.1435490,0.4060945,0.7728464,0.1168488,0.5267140,0.9198323,0.1856128,0.6856664,0.9653258,0.2084609,0.4440285,0.6012818,0.3386308,0.6541000,0.8649000,0.4589000,0.6305000,0.6950000,0.3536000,0.6786000,0.6203000,0.2722000,0.6792000,0.5774000,0.3867000,0.7588000,0.5002000,0.5306000,0.3182823,0.0000000,0.0000000},
{0.4403841,0.8060645,0.1418031,0.4013560,0.7715980,0.1148866,0.5227697,0.9174439,0.1854482,0.6831843,0.9623532,0.2088024,0.4421485,0.6024139,0.3387971,0.6528000,0.8643000,0.4589000,0.6297000,0.6945000,0.3534000,0.6782000,0.6202000,0.2722000,0.6789000,0.5773000,0.3867000,0.7584000,0.5003000,0.5307000,0.3182823,0.0000000,0.0000000},
{0.4353521,0.8044845,0.1400398,0.3966127,0.7703202,0.1128918,0.5189280,0.9150700,0.1852685,0.6807724,0.9594334,0.2091350,0.4403062,0.6035200,0.3389599,0.6515000,0.8636000,0.4589000,0.6289000,0.6939000,0.3532000,0.6778000,0.6199000,0.2721000,0.6785000,0.5773000,0.3866000,0.7579000,0.5004000,0.5307000,0.3182823,0.0000000,0.0000000},
{0.4303748,0.8028827,0.1382551,0.3917363,0.7689769,0.1108086,0.5150355,0.9126161,0.1850664,0.6783836,0.9565106,0.2094652,0.4384880,0.6046086,0.3391204,0.6502000,0.8630000,0.4589000,0.6281000,0.6934000,0.3530000,0.6773000,0.6197000,0.2719000,0.6781000,0.5772000,0.3865000,0.7574000,0.5005000,0.5308000,0.3182823,0.0000000,0.0000000},
{0.4254726,0.8012669,0.1364576,0.3872203,0.7677058,0.1088499,0.5110863,0.9100761,0.1848408,0.6760209,0.9535891,0.2097926,0.4366931,0.6056802,0.3392789,0.6489000,0.8623000,0.4590000,0.6273000,0.6928000,0.3528000,0.6770000,0.6195000,0.2718000,0.6777000,0.5771000,0.3864000,0.7569000,0.5007000,0.5308000,0.3182823,0.0000000,0.0000000},
{0.4206326,0.7996339,0.1346436,0.3826442,0.7663910,0.1068359,0.5073295,0.9076118,0.1846065,0.6737563,0.9507595,0.2101070,0.4347362,0.6068451,0.3394515,0.6475000,0.8616000,0.4590000,0.6265000,0.6923000,0.3526000,0.6765000,0.6193000,0.2717000,0.6774000,0.5771000,0.3863000,0.7564000,0.5008000,0.5308000,0.3182823,0.0000000,0.0000000},
{0.4160032,0.7980364,0.1328716,0.3782422,0.7651005,0.1048704,0.5035045,0.9050541,0.1843481,0.6710896,0.9473902,0.2104783,0.4330292,0.6078584,0.3396020,0.6462000,0.8608000,0.4590000,0.6256000,0.6917000,0.3524000,0.6761000,0.6191000,0.2715000,0.6770000,0.5770000,0.3862000,0.7560000,0.5010000,0.5309000,0.3182823,0.0000000,0.0000000},
{0.4114229,0.7964212,0.1310823,0.3739592,0.7638204,0.1029314,0.4997946,0.9025259,0.1840779,0.6688768,0.9445633,0.2107871,0.4314119,0.6088158,0.3397446,0.6449000,0.8601000,0.4590000,0.6248000,0.6911000,0.3522000,0.6756000,0.6189000,0.2714000,0.6766000,0.5770000,0.3861000,0.7555000,0.5011000,0.5309000,0.3182823,0.0000000,0.0000000},
{0.4070119,0.7948327,0.1293248,0.3698461,0.7625681,0.1010442,0.4960605,0.8999330,0.1837863,0.6663395,0.9412862,0.2111420,0.4295802,0.6098973,0.3399059,0.6437000,0.8594000,0.4590000,0.6240000,0.6906000,0.3520000,0.6751000,0.6187000,0.2712000,0.6762000,0.5769000,0.3860000,0.7550000,0.5012000,0.5309000,0.3182823,0.0000000,0.0000000},
{0.4027642,0.7932720,0.1276000,0.3658382,0.7613260,0.0991814,0.4925165,0.8974268,0.1834910,0.6642156,0.9385134,0.2114399,0.4280871,0.6107765,0.3400374,0.6426000,0.8587000,0.4591000,0.6231000,0.6901000,0.3519000,0.6747000,0.6185000,0.2711000,0.6759000,0.5768000,0.3859000,0.7545000,0.5014000,0.5309000,0.3182823,0.0000000,0.0000000},
{0.3986098,0.7917157,0.1258820,0.3619764,0.7601085,0.0973640,0.4891075,0.8949738,0.1831896,0.6617633,0.9352774,0.2117847,0.4264474,0.6117397,0.3401816,0.6414000,0.8580000,0.4591000,0.6222000,0.6895000,0.3519000,0.6742000,0.6183000,0.2710000,0.6754000,0.5768000,0.3858000,0.7540000,0.5016000,0.5310000,0.3182823,0.0000000,0.0000000},
{0.3945573,0.7901686,0.1241760,0.3581420,0.7588793,0.0955373,0.4857363,0.8925062,0.1828745,0.6593868,0.9321058,0.2121196,0.4249561,0.6126136,0.3403128,0.6402000,0.8573000,0.4592000,0.6213000,0.6889000,0.3519000,0.6736000,0.6182000,0.2709000,0.6750000,0.5768000,0.3857000,0.7536000,0.5017000,0.5310000,0.3182823,0.0000000,0.0000000},
{0.3908215,0.7887166,0.1225765,0.3544231,0.7576675,0.0937442,0.4824821,0.8900844,0.1825540,0.6574916,0.9295508,0.2123874,0.4234649,0.6134853,0.3404439,0.6390000,0.8567000,0.4592000,0.6203000,0.6884000,0.3519000,0.6730000,0.6181000,0.2707000,0.6747000,0.5767000,0.3856000,0.7531000,0.5019000,0.5310000,0.3182823,0.0000000,0.0000000},
{0.3870538,0.7872269,0.1209369,0.3508086,0.7564711,0.0919811,0.4793715,0.8877322,0.1822323,0.6552319,0.9264738,0.2127074,0.4219566,0.6143649,0.3405764,0.6378000,0.8560000,0.4593000,0.6193000,0.6879000,0.3518000,0.6725000,0.6178000,0.2706000,0.6743000,0.5767000,0.3855000,0.7526000,0.5020000,0.5310000,0.3182823,0.0000000,0.0000000},
{0.3835373,0.7858132,0.1193823,0.3475160,0.7553650,0.0903573,0.4763687,0.8854263,0.1819074,0.6531269,0.9235772,0.2130063,0.4206366,0.6151329,0.3406924,0.6366000,0.8554000,0.4593000,0.6182000,0.6873000,0.3518000,0.6720000,0.6177000,0.2705000,0.6739000,0.5767000,0.3854000,0.7522000,0.5022000,0.5310000,0.3182823,0.0000000,0.0000000},
{0.3801600,0.7844339,0.1178669,0.3441980,0.7542345,0.0887037,0.4735370,0.8832194,0.1815878,0.6511755,0.9208652,0.2132840,0.4192493,0.6159384,0.3408142,0.6353000,0.8548000,0.4593000,0.6171000,0.6866000,0.3518000,0.6714000,0.6175000,0.2705000,0.6734000,0.5766000,0.3853000,0.7517000,0.5024000,0.5310000,0.3182823,0.0000000,0.0000000},
{0.3770221,0.7831331,0.1164388,0.3410459,0.7531456,0.0871165,0.4708232,0.8810745,0.1812692,0.6492878,0.9182168,0.2135533,0.4181073,0.6166000,0.3409144,0.6341000,0.8542000,0.4592000,0.6157000,0.6858000,0.3516000,0.6708000,0.6174000,0.2703000,0.6731000,0.5766000,0.3852000,0.7512000,0.5026000,0.5311000,0.3182823,0.0000000,0.0000000},
{0.3739442,0.7818389,0.1150190,0.3381435,0.7521300,0.0856408,0.4683305,0.8790781,0.1809658,0.6474185,0.9155697,0.2138205,0.4166918,0.6174185,0.3410386,0.6329000,0.8537000,0.4592000,0.6144000,0.6852000,0.3516000,0.6702000,0.6171000,0.2702000,0.6727000,0.5766000,0.3851000,0.7507000,0.5027000,0.5311000,0.3182823,0.0000000,0.0000000},
{0.3710480,0.7806043,0.1136655,0.3353401,0.7511370,0.0842024,0.4658489,0.8770652,0.1806534,0.6457458,0.9131798,0.2140602,0.4155910,0.6180537,0.3411351,0.6316000,0.8531000,0.4592000,0.6132000,0.6844000,0.3516000,0.6697000,0.6170000,0.2700000,0.6723000,0.5765000,0.3850000,0.7502000,0.5028000,0.5311000,0.3182823,0.0000000,0.0000000},
{0.3684383,0.7794778,0.1124312,0.3327062,0.7501932,0.0828391,0.4635341,0.8751642,0.1803524,0.6440808,0.9107807,0.2142992,0.4144680,0.6187006,0.3412336,0.6304000,0.8524000,0.4591000,0.6121000,0.6836000,0.3515000,0.6690000,0.6167000,0.2699000,0.6718000,0.5764000,0.3850000,0.7497000,0.5030000,0.5311000,0.3182823,0.0000000,0.0000000},
{0.3657687,0.7783113,0.1111540,0.3302498,0.7493034,0.0815571,0.4612855,0.8732958,0.1800511,0.6424264,0.9083766,0.2145372,0.4134180,0.6193043,0.3413256,0.6292000,0.8518000,0.4590000,0.6109000,0.6830000,0.3515000,0.6685000,0.6165000,0.2697000,0.6715000,0.5764000,0.3848000,0.7492000,0.5031000,0.5311000,0.3182823,0.0000000,0.0000000},
{0.3633492,0.7772416,0.1099833,0.3278611,0.7484291,0.0803008,0.4590900,0.8714504,0.1797483,0.6408927,0.9061294,0.2147583,0.4128250,0.6196448,0.3413776,0.6280000,0.8512000,0.4590000,0.6098000,0.6824000,0.3515000,0.6679000,0.6162000,0.2696000,0.6711000,0.5762000,0.3847000,0.7487000,0.5033000,0.5311000,0.3182823,0.0000000,0.0000000},
{0.3610995,0.7762361,0.1088836,0.3256423,0.7476091,0.0791251,0.4570355,0.8697042,0.1794570,0.6393680,0.9038777,0.2149786,0.4118297,0.6202156,0.3414648,0.6268000,0.8505000,0.4589000,0.6087000,0.6818000,0.3514000,0.6673000,0.6161000,0.2695000,0.6706000,0.5761000,0.3846000,0.7482000,0.5034000,0.5311000,0.3182823,0.0000000,0.0000000},
{0.3588700,0.7752293,0.1077830,0.3235691,0.7468357,0.0780188,0.4551183,0.8680577,0.1791783,0.6380404,0.9019023,0.2151707,0.4107088,0.6208574,0.3415629,0.6256000,0.8499000,0.4589000,0.6077000,0.6810000,0.3513000,0.6667000,0.6158000,0.2693000,0.6702000,0.5760000,0.3845000,0.7478000,0.5035000,0.5311000,0.3182823,0.0000000,0.0000000},
{0.3568364,0.7743019,0.1067695,0.3217231,0.7461414,0.0770275,0.4533004,0.8664811,0.1789076,0.6366319,0.8997912,0.2153750,0.4100932,0.6212093,0.3416168,0.6244000,0.8494000,0.4587000,0.6066000,0.6805000,0.3513000,0.6663000,0.6156000,0.2691000,0.6698000,0.5760000,0.3843000,0.7473000,0.5036000,0.5311000,0.3182823,0.0000000,0.0000000},
{0.3548845,0.7734034,0.1057882,0.3198014,0.7454128,0.0759891,0.4515634,0.8649603,0.1786431,0.6354605,0.8980234,0.2155451,0.4092716,0.6216785,0.3416887,0.6233000,0.8488000,0.4586000,0.6066000,0.6805000,0.3513000,0.6657000,0.6153000,0.2690000,0.6694000,0.5758000,0.3842000,0.7469000,0.5037000,0.5311000,0.3182823,0.0000000,0.0000000},
{0.3530166,0.7725358,0.1048409,0.3179919,0.7447212,0.0750054,0.4499419,0.8635279,0.1783910,0.6342553,0.8961928,0.2157205,0.4081201,0.6223349,0.3417895,0.6221000,0.8483000,0.4585000,0.6089000,0.6815000,0.3506000,0.6652000,0.6151000,0.2688000,0.6690000,0.5757000,0.3841000,0.7465000,0.5038000,0.5311000,0.3182823,0.0000000,0.0000000},
{0.3513053,0.7717343,0.1039662,0.3162118,0.7440356,0.0740319,0.4483617,0.8621199,0.1781404,0.6331762,0.8945437,0.2158777,0.4076218,0.6226187,0.3418331,0.6210000,0.8479000,0.4583000,0.6081000,0.6810000,0.3505000,0.6647000,0.6149000,0.2687000,0.6686000,0.5756000,0.3839000,0.7460000,0.5039000,0.5311000,0.3182823,0.0000000,0.0000000},
{0.3494916,0.7708777,0.1030317,0.3145323,0.7433839,0.0731081,0.4468956,0.8608027,0.1779035,0.6321089,0.8929028,0.2160335,0.4068334,0.6230671,0.3419020,0.6199000,0.8474000,0.4581000,0.6073000,0.6806000,0.3503000,0.6642000,0.6147000,0.2685000,0.6682000,0.5755000,0.3838000,0.7456000,0.5039000,0.5311000,0.3182823,0.0000000,0.0000000},
{0.3478856,0.7701131,0.1021979,0.3129813,0.7427779,0.0722505,0.4454156,0.8594625,0.1776599,0.6310507,0.8912665,0.2161882,0.4061213,0.6234716,0.3419643,0.6189000,0.8470000,0.4579000,0.6067000,0.6801000,0.3502000,0.6637000,0.6144000,0.2684000,0.6678000,0.5753000,0.3837000,0.7451000,0.5040000,0.5311000,0.3182823,0.0000000,0.0000000},
{0.3462551,0.7693308,0.1013450,0.3113816,0.7421486,0.0713613,0.4440584,0.8582240,0.1774327,0.6300658,0.8897348,0.2163323,0.4054477,0.6238538,0.3420232,0.6179000,0.8466000,0.4577000,0.6059000,0.6797000,0.3500000,0.6632000,0.6141000,0.2682000,0.6674000,0.5752000,0.3835000,0.7447000,0.5042000,0.5311000,0.3182823,0.0000000,0.0000000},
{0.3447858,0.7686206,0.1005711,0.3098540,0.7415436,0.0705078,0.4427706,0.8570402,0.1772136,0.6291346,0.8882789,0.2164688,0.4047243,0.6242637,0.3420864,0.6169000,0.8462000,0.4576000,0.6051000,0.6794000,0.3498000,0.6627000,0.6139000,0.2680000,0.6669000,0.5750000,0.3834000,0.7443000,0.5043000,0.5311000,0.3182823,0.0000000,0.0000000},
{0.3433341,0.7679141,0.0998013,0.3083435,0.7409414,0.0696595,0.4414087,0.8557790,0.1769781,0.6282775,0.8869319,0.2165946,0.4040357,0.6246536,0.3421466,0.6160000,0.8458000,0.4574000,0.6044000,0.6790000,0.3497000,0.6621000,0.6136000,0.2678000,0.6665000,0.5749000,0.3833000,0.7438000,0.5044000,0.5311000,0.3182823,0.0000000,0.0000000},
{0.3419331,0.7672276,0.0990536,0.3069192,0.7403700,0.0688557,0.4402366,0.8546860,0.1767723,0.6274350,0.8856016,0.2167185,0.4035750,0.6249141,0.3421868,0.6151000,0.8453000,0.4572000,0.6037000,0.6786000,0.3495000,0.6617000,0.6133000,0.2677000,0.6660000,0.5747000,0.3831000,0.7433000,0.5045000,0.5311000,0.3182823,0.0000000,0.0000000},
{0.3405273,0.7665340,0.0982985,0.3056004,0.7398377,0.0681079,0.4391129,0.8536315,0.1765722,0.6266448,0.8843480,0.2168348,0.4027241,0.6253948,0.3422611,0.6141000,0.8448000,0.4570000,0.6031000,0.6781000,0.3494000,0.6611000,0.6130000,0.2675000,0.6655000,0.5745000,0.3830000,0.7429000,0.5045000,0.5311000,0.3182823,0.0000000,0.0000000},
{0.3391327,0.7658413,0.0975444,0.3040922,0.7392253,0.0672488,0.4379592,0.8525418,0.1763640,0.6258593,0.8830962,0.2169505,0.4022327,0.6256721,0.3423041,0.6133000,0.8444000,0.4568000,0.6023000,0.6778000,0.3492000,0.6608000,0.6128000,0.2673000,0.6652000,0.5744000,0.3829000,0.7424000,0.5046000,0.5311000,0.3182823,0.0000000,0.0000000},
{0.3377648,0.7651573,0.0968001,0.3027784,0.7386886,0.0664967,0.4369510,0.8515837,0.1761796,0.6251255,0.8819218,0.2170587,0.4017146,0.6259642,0.3423493,0.6125000,0.8440000,0.4567000,0.6017000,0.6775000,0.3490000,0.6603000,0.6124000,0.2671000,0.6648000,0.5742000,0.3827000,0.7419000,0.5046000,0.5310000,0.3182823,0.0000000,0.0000000},
{0.3363708,0.7644555,0.0960367,0.3012230,0.7380491,0.0656021,0.4357766,0.8504607,0.1759620,0.6243372,0.8806544,0.2171751,0.4011700,0.6262710,0.3423968,0.6116000,0.8436000,0.4565000,0.6011000,0.6771000,0.3488000,0.6599000,0.6122000,0.2670000,0.6644000,0.5740000,0.3826000,0.7415000,0.5046000,0.5310000,0.3182823,0.0000000,0.0000000},
{0.3350266,0.7637743,0.0952959,0.2997042,0.7374204,0.0647238,0.4347465,0.8494696,0.1757686,0.6235524,0.8793868,0.2172912,0.4005202,0.6266367,0.3424536,0.6108000,0.8431000,0.4563000,0.6007000,0.6767000,0.3487000,0.6594000,0.6119000,0.2668000,0.6640000,0.5739000,0.3825000,0.7411000,0.5047000,0.5310000,0.3182823,0.0000000,0.0000000},
{0.3335516,0.7630217,0.0944776,0.2980907,0.7367480,0.0637858,0.4336975,0.8484542,0.1755692,0.6227917,0.8781525,0.2174038,0.4000198,0.6269181,0.3424972,0.6101000,0.8427000,0.4562000,0.6002000,0.6764000,0.3485000,0.6591000,0.6117000,0.2667000,0.6636000,0.5737000,0.3824000,0.7406000,0.5047000,0.5310000,0.3182823,0.0000000,0.0000000},
{0.3320452,0.7622473,0.0936359,0.2963051,0.7359983,0.0627417,0.4326467,0.8474309,0.1753669,0.6220290,0.8769094,0.2175168,0.3996652,0.6271173,0.3425282,0.6094000,0.8423000,0.4562000,0.5997000,0.6761000,0.3484000,0.6586000,0.6114000,0.2666000,0.6632000,0.5736000,0.3823000,0.7403000,0.5047000,0.5310000,0.3182823,0.0000000,0.0000000},
{0.3305472,0.7614716,0.0927930,0.2945785,0.7352677,0.0617259,0.4316080,0.8464131,0.1751644,0.6213687,0.8758286,0.2176148,0.3991944,0.6273817,0.3425693,0.6087000,0.8418000,0.4561000,0.5992000,0.6758000,0.3483000,0.6582000,0.6111000,0.2665000,0.6630000,0.5735000,0.3822000,0.7399000,0.5048000,0.5310000,0.3182823,0.0000000,0.0000000},
{0.3289635,0.7606451,0.0918952,0.2925492,0.7344019,0.0605242,0.4306884,0.8455071,0.1749831,0.6206045,0.8745725,0.2177283,0.3985573,0.6277391,0.3426248,0.6081000,0.8413000,0.4561000,0.5988000,0.6756000,0.3482000,0.6579000,0.6109000,0.2663000,0.6627000,0.5733000,0.3820000,0.7395000,0.5048000,0.5310000,0.3182823,0.0000000,0.0000000},
{0.3276016,0.7599291,0.0911178,0.2909029,0.7336937,0.0595430,0.4296483,0.8444763,0.1747756,0.6199267,0.8734534,0.2178292,0.3981148,0.6279871,0.3426634,0.6076000,0.8408000,0.4561000,0.5984000,0.6753000,0.3481000,0.6575000,0.6106000,0.2662000,0.6623000,0.5732000,0.3819000,0.7392000,0.5048000,0.5310000,0.3182823,0.0000000,0.0000000},
{0.3265109,0.7593522,0.0904914,0.2898923,0.7332564,0.0589379,0.4287908,0.8436217,0.1746025,0.6193118,0.8724342,0.2179207,0.3977692,0.6281806,0.3426936,0.6070000,0.8403000,0.4562000,0.5981000,0.6751000,0.3481000,0.6572000,0.6104000,0.2660000,0.6621000,0.5731000,0.3819000,0.7390000,0.5047000,0.5310000,0.3182823,0.0000000,0.0000000},
{0.3256535,0.7588964,0.0899968,0.2887875,0.7327760,0.0582739,0.4280186,0.8428484,0.1744451,0.6187985,0.8715804,0.2179972,0.3972647,0.6284630,0.3427376,0.6064000,0.8399000,0.4562000,0.5978000,0.6749000,0.3480000,0.6568000,0.6102000,0.2660000,0.6619000,0.5730000,0.3818000,0.7386000,0.5047000,0.5309000,0.3182823,0.0000000,0.0000000},
{0.3248042,0.7584430,0.0895047,0.2878791,0.7323793,0.0577260,0.4275112,0.8423384,0.1743409,0.6182405,0.8706493,0.2180805,0.3966614,0.6288003,0.3427902,0.6059000,0.8394000,0.4561000,0.5975000,0.6746000,0.3480000,0.6565000,0.6099000,0.2659000,0.6617000,0.5729000,0.3817000,0.7383000,0.5047000,0.5309000,0.3182823,0.0000000,0.0000000},
{0.3241293,0.7580813,0.0891123,0.2871784,0.7320722,0.0573022,0.4271051,0.8419290,0.1742571,0.6179827,0.8702180,0.2181190,0.3965238,0.6288772,0.3428022,0.6053000,0.8390000,0.4561000,0.5973000,0.6744000,0.3478000,0.6563000,0.6097000,0.2657000,0.6614000,0.5727000,0.3816000,0.7381000,0.5047000,0.5309000,0.3182823,0.0000000,0.0000000},
{0.3237566,0.7578810,0.0888950,0.2871729,0.7320697,0.0572988,0.4266999,0.8415196,0.1741730,0.6177724,0.8698658,0.2181504,0.3964568,0.6289147,0.3428080,0.6048000,0.8387000,0.4560000,0.5971000,0.6741000,0.3477000,0.6560000,0.6094000,0.2656000,0.6612000,0.5726000,0.3816000,0.7379000,0.5046000,0.5309000,0.3182823,0.0000000,0.0000000},
{0.3236290,0.7578124,0.0888205,0.2872784,0.7321160,0.0573627,0.4263018,0.8411163,0.1740900,0.6177089,0.8697593,0.2181598,0.3962349,0.6290386,0.3428273,0.6044000,0.8385000,0.4558000,0.5968000,0.6738000,0.3476000,0.6557000,0.6091000,0.2655000,0.6611000,0.5724000,0.3814000,0.7377000,0.5046000,0.5309000,0.3182823,0.0000000,0.0000000}
};
