fitErrPi Mean = 0.0502367
fitErrTh Mean = 0.0545254
fitErrWr Mean = 0.225731
fitErrLA Mean = 0.0599212
fitErrEl Mean = 0.0461726
fitErrUA Mean = 0.0293283
efPts = {
{0.7948506,1.1807488,-0.1458242,0.6694235,0.8731285,0.0113392,1.0417451,0.9414115,0.1639956,0.6411781,0.4905461,0.3861062,1.1800836,0.8265311,0.4422298,0.7161000,0.6479000,0.5868000,0.7428000,0.6009000,0.4457000,0.8131000,0.5304000,0.4341000,0.8211000,0.5113000,0.3844000,1.0030000,0.4213000,0.4957000,0.7504874,0.1894893,0.2785480},
{0.8913985,0.4399940,0.1599903,0.7089803,0.2004833,0.3059925,0.7143910,0.3776900,0.3865345,0.6412726,0.4902959,0.3862275,0.6559379,0.5678865,0.4648707,0.7160000,0.6480000,0.5868000,0.7428000,0.6014000,0.4457000,0.8131000,0.5306000,0.4341000,0.8213000,0.5111000,0.3843000,1.0030000,0.4215000,0.4958000,0.7504050,0.1895918,0.2785720},
{0.8910357,0.4403278,0.1600151,0.7088785,0.2005924,0.3059827,0.7142516,0.3778563,0.3864712,0.6413303,0.4901434,0.3863014,0.6559601,0.5678115,0.4649022,0.7159000,0.6481000,0.5869000,0.7427000,0.6018000,0.4457000,0.8131000,0.5308000,0.4342000,0.8216000,0.5109000,0.3843000,1.0020000,0.4218000,0.4959000,0.7502774,0.1897507,0.2786092},
{0.8907495,0.4405913,0.1600346,0.7086207,0.2008691,0.3059576,0.7140878,0.3780520,0.3863967,0.6413038,0.4902134,0.3862674,0.6559372,0.5678888,0.4648697,0.7159000,0.6484000,0.5870000,0.7426000,0.6023000,0.4458000,0.8130000,0.5310000,0.4343000,0.8219000,0.5106000,0.3842000,1.0020000,0.4220000,0.4960000,0.7500311,0.1900576,0.2786808},
{0.8903358,0.4409726,0.1600627,0.7082519,0.2012660,0.3059212,0.7138503,0.3783360,0.3862885,0.6412035,0.4904788,0.3861388,0.6558839,0.5680694,0.4647938,0.7159000,0.6486000,0.5870000,0.7425000,0.6028000,0.4458000,0.8130000,0.5313000,0.4345000,0.8222000,0.5104000,0.3842000,1.0020000,0.4222000,0.4961000,0.7496585,0.1905226,0.2787885},
{0.8898672,0.4414046,0.1600943,0.7076854,0.2018779,0.3058642,0.7135897,0.3786483,0.3861695,0.6410650,0.4908464,0.3859607,0.6558208,0.5682831,0.4647040,0.7159000,0.6489000,0.5871000,0.7424000,0.6033000,0.4458000,0.8130000,0.5315000,0.4346000,0.8225000,0.5102000,0.3841000,1.0020000,0.4225000,0.4962000,0.7490801,0.1912465,0.2789544},
{0.8889759,0.4422274,0.1601540,0.7070294,0.2025898,0.3057967,0.7131734,0.3791483,0.3859791,0.6409356,0.4911911,0.3857937,0.6557096,0.5686619,0.4645450,0.7158000,0.6494000,0.5872000,0.7423000,0.6037000,0.4459000,0.8130000,0.5319000,0.4348000,0.8228000,0.5100000,0.3841000,1.0020000,0.4227000,0.4963000,0.7484134,0.1920834,0.2791436},
{0.8881355,0.4430043,0.1602098,0.7063192,0.2033647,0.3057217,0.7126014,0.3798377,0.3857165,0.6407615,0.4916566,0.3855684,0.6555822,0.5690981,0.4643619,0.7158000,0.6499000,0.5872000,0.7422000,0.6042000,0.4459000,0.8130000,0.5323000,0.4349000,0.8231000,0.5097000,0.3841000,1.0020000,0.4229000,0.4964000,0.7476161,0.1930880,0.2793670},
{0.8871351,0.4439304,0.1602756,0.7054786,0.2042875,0.3056304,0.7118487,0.3807491,0.3853692,0.6405355,0.4922639,0.3852747,0.6554320,0.5696161,0.4641447,0.7159000,0.6504000,0.5872000,0.7421000,0.6047000,0.4459000,0.8129000,0.5327000,0.4350000,0.8233000,0.5095000,0.3840000,1.0020000,0.4231000,0.4965000,0.7466739,0.1942807,0.2796270},
{0.8857587,0.4452071,0.1603648,0.7045541,0.2053093,0.3055267,0.7109420,0.3818536,0.3849484,0.6401964,0.4931820,0.3848310,0.6551722,0.5705205,0.4637657,0.7160000,0.6511000,0.5872000,0.7421000,0.6052000,0.4460000,0.8129000,0.5331000,0.4351000,0.8236000,0.5093000,0.3840000,1.0020000,0.4232000,0.4965000,0.7456227,0.1956181,0.2799122},
{0.8847015,0.4461898,0.1604324,0.7035079,0.2064744,0.3054053,0.7099462,0.3830747,0.3844830,0.6397800,0.4943205,0.3842816,0.6549014,0.5714756,0.4633661,0.7160000,0.6519000,0.5873000,0.7420000,0.6056000,0.4460000,0.8128000,0.5335000,0.4352000,0.8239000,0.5090000,0.3839000,1.0020000,0.4234000,0.4965000,0.7445017,0.1970524,0.2802104},
{0.8830050,0.4477702,0.1605392,0.7023795,0.2077415,0.3052696,0.7089696,0.3842808,0.3840233,0.6393100,0.4956208,0.3836551,0.6545569,0.5727097,0.4628504,0.7161000,0.6527000,0.5873000,0.7419000,0.6061000,0.4460000,0.8127000,0.5340000,0.4354000,0.8242000,0.5088000,0.3839000,1.0020000,0.4235000,0.4965000,0.7433481,0.1985367,0.2805111},
{0.8815839,0.4490975,0.1606270,0.7011114,0.2091784,0.3051111,0.7078567,0.3856655,0.3834955,0.6388049,0.4970365,0.3829743,0.6541728,0.5741120,0.4622655,0.7162000,0.6537000,0.5873000,0.7418000,0.6066000,0.4461000,0.8126000,0.5346000,0.4355000,0.8245000,0.5086000,0.3838000,1.0010000,0.4236000,0.4965000,0.7419705,0.2003206,0.2808618},
{0.8801984,0.4503944,0.1607112,0.6997907,0.2106893,0.3049394,0.7066838,0.3871369,0.3829345,0.6382921,0.4984943,0.3822745,0.6538107,0.5754604,0.4617042,0.7164000,0.6548000,0.5874000,0.7417000,0.6071000,0.4461000,0.8124000,0.5352000,0.4358000,0.8248000,0.5083000,0.3838000,1.0010000,0.4236000,0.4964000,0.7403727,0.2024048,0.2812573},
{0.8785030,0.4519855,0.1608123,0.6983528,0.2123511,0.3047447,0.7053577,0.3888153,0.3822945,0.6377182,0.5001507,0.3814810,0.6533909,0.5770578,0.4610405,0.7166000,0.6561000,0.5874000,0.7416000,0.6075000,0.4462000,0.8121000,0.5358000,0.4360000,0.8250000,0.5081000,0.3837000,1.0010000,0.4236000,0.4964000,0.7388722,0.2043771,0.2816178},
{0.8768183,0.4535707,0.1609108,0.6968216,0.2141400,0.3045284,0.7039464,0.3906192,0.3816065,0.6370178,0.5022096,0.3804970,0.6529332,0.5788437,0.4603001,0.7168000,0.6574000,0.5874000,0.7415000,0.6080000,0.4462000,0.8118000,0.5365000,0.4362000,0.8253000,0.5079000,0.3837000,1.0000000,0.4235000,0.4963000,0.7373247,0.2064261,0.2819785},
{0.8749261,0.4553564,0.1610189,0.6952090,0.2160455,0.3042908,0.7024608,0.3925382,0.3808744,0.6363139,0.5043222,0.3794901,0.6524395,0.5808266,0.4594802,0.7170000,0.6587000,0.5873000,0.7414000,0.6085000,0.4462000,0.8114000,0.5371000,0.4364000,0.8256000,0.5076000,0.3836000,0.9993000,0.4234000,0.4963000,0.7356778,0.2086233,0.2823501},
{0.8730322,0.4571491,0.1611244,0.6935127,0.2180735,0.3040299,0.7008777,0.3946060,0.3800854,0.6355168,0.5067701,0.3783266,0.6519067,0.5830372,0.4585686,0.7173000,0.6602000,0.5873000,0.7413000,0.6090000,0.4463000,0.8110000,0.5379000,0.4366000,0.8259000,0.5074000,0.3836000,0.9986000,0.4232000,0.4963000,0.7338877,0.2110311,0.2827397},
{0.8709936,0.4590849,0.1612352,0.6917408,0.2202177,0.3037455,0.6990838,0.3969780,0.3791800,0.6346627,0.5094623,0.3770512,0.6513605,0.5853865,0.4576027,0.7176000,0.6617000,0.5871000,0.7413000,0.6094000,0.4463000,0.8106000,0.5387000,0.4369000,0.8262000,0.5072000,0.3836000,0.9979000,0.4231000,0.4964000,0.7320119,0.2135758,0.2831319},
{0.8687767,0.4611972,0.1613522,0.6897460,0.2226636,0.3034106,0.6971572,0.3995604,0.3781942,0.6337674,0.5123674,0.3756796,0.6507861,0.5879593,0.4565483,0.7179000,0.6632000,0.5870000,0.7412000,0.6099000,0.4463000,0.8102000,0.5394000,0.4371000,0.8265000,0.5070000,0.3835000,0.9972000,0.4229000,0.4965000,0.7299140,0.2164480,0.2835513},
{0.8663009,0.4635648,0.1614786,0.6875740,0.2253648,0.3030283,0.6949802,0.4025230,0.3770628,0.6327443,0.5157989,0.3740658,0.6501494,0.5909486,0.4553276,0.7181000,0.6648000,0.5867000,0.7411000,0.6104000,0.4464000,0.8097000,0.5402000,0.4372000,0.8268000,0.5067000,0.3835000,0.9966000,0.4227000,0.4966000,0.7276410,0.2195908,0.2839829},
{0.8636584,0.4661022,0.1616087,0.6852173,0.2283406,0.3025928,0.6926790,0.4057072,0.3758465,0.6316511,0.5196107,0.3722811,0.6494958,0.5941894,0.4540095,0.7184000,0.6665000,0.5865000,0.7410000,0.6109000,0.4464000,0.8093000,0.5410000,0.4374000,0.8270000,0.5065000,0.3834000,0.9959000,0.4226000,0.4968000,0.7251932,0.2230113,0.2844212},
{0.8611426,0.4685276,0.1617278,0.6827039,0.2315661,0.3021045,0.6901832,0.4092230,0.3745030,0.6304665,0.5239283,0.3702691,0.6488134,0.5977937,0.4525499,0.7187000,0.6682000,0.5862000,0.7409000,0.6113000,0.4464000,0.8089000,0.5418000,0.4376000,0.8273000,0.5063000,0.3834000,0.9953000,0.4224000,0.4969000,0.7225057,0.2268094,0.2848709},
{0.8580735,0.4714995,0.1618670,0.6800160,0.2350744,0.3015550,0.6875347,0.4130275,0.3730488,0.6292926,0.5284249,0.3681847,0.6481067,0.6018129,0.4509300,0.7190000,0.6700000,0.5858000,0.7408000,0.6118000,0.4465000,0.8084000,0.5424000,0.4379000,0.8276000,0.5060000,0.3833000,0.9948000,0.4222000,0.4971000,0.7197088,0.2308094,0.2853041},
{0.8547348,0.4747485,0.1620106,0.6770863,0.2389680,0.3009240,0.6847090,0.4171724,0.3714638,0.6280518,0.5334472,0.3658694,0.6474412,0.6059314,0.4492786,0.7197000,0.6719000,0.5854000,0.7407000,0.6123000,0.4465000,0.8080000,0.5430000,0.4381000,0.8279000,0.5058000,0.3833000,0.9943000,0.4219000,0.4972000,0.7165971,0.2353161,0.2857443},
{0.8513000,0.4781086,0.1621499,0.6740447,0.2430874,0.3002334,0.6818084,0.4215225,0.3697997,0.6268140,0.5387807,0.3634250,0.6467930,0.6103447,0.4475182,0.7201000,0.6739000,0.5851000,0.7406000,0.6128000,0.4465000,0.8076000,0.5437000,0.4384000,0.8282000,0.5056000,0.3832000,0.9938000,0.4216000,0.4973000,0.7135587,0.2397738,0.2861321},
{0.8478173,0.4815337,0.1622825,0.6707960,0.2475742,0.2994555,0.6787234,0.4262595,0.3679868,0.6256022,0.5443739,0.3608773,0.6461848,0.6149704,0.4456833,0.7203000,0.6759000,0.5847000,0.7405000,0.6133000,0.4466000,0.8073000,0.5443000,0.4387000,0.8285000,0.5053000,0.3832000,0.9931000,0.4212000,0.4973000,0.7103559,0.2445337,0.2864958},
{0.8440869,0.4852227,0.1624149,0.6673774,0.2523932,0.2985921,0.6755113,0.4313175,0.3660504,0.6244249,0.5502376,0.3582233,0.6456250,0.6198116,0.4437739,0.7202000,0.6780000,0.5843000,0.7405000,0.6137000,0.4466000,0.8069000,0.5448000,0.4390000,0.8287000,0.5051000,0.3831000,0.9924000,0.4208000,0.4974000,0.7069329,0.2496900,0.2868336},
{0.8403523,0.4889368,0.1625373,0.6638386,0.2574873,0.2976494,0.6721104,0.4368192,0.3639431,0.6232808,0.5564403,0.3554342,0.6451188,0.6249156,0.4417728,0.7208000,0.6801000,0.5837000,0.7404000,0.6142000,0.4466000,0.8065000,0.5454000,0.4393000,0.8290000,0.5049000,0.3831000,0.9914000,0.4203000,0.4974000,0.7033651,0.2551404,0.2871297},
{0.8361518,0.4931393,0.1626629,0.6601323,0.2629389,0.2966085,0.6686645,0.4425551,0.3617452,0.6221849,0.5629803,0.3525135,0.6446814,0.6302396,0.4396985,0.7214000,0.6827000,0.5833000,0.7403000,0.6147000,0.4467000,0.8061000,0.5462000,0.4396000,0.8293000,0.5046000,0.3831000,0.9904000,0.4198000,0.4975000,0.6997131,0.2607996,0.2873738},
{0.8319443,0.4973756,0.1627760,0.6562664,0.2687531,0.2954637,0.6650767,0.4487092,0.3593859,0.6211321,0.5700003,0.3494009,0.6443220,0.6358017,0.4375455,0.7216000,0.6850000,0.5828000,0.7402000,0.6152000,0.4467000,0.8056000,0.5468000,0.4399000,0.8296000,0.5044000,0.3830000,0.9893000,0.4192000,0.4976000,0.6958588,0.2668601,0.2875665},
{0.8276417,0.5017351,0.1628784,0.6521894,0.2750274,0.2941906,0.6614322,0.4551623,0.3569109,0.6201619,0.5773671,0.3461588,0.6440510,0.6416303,0.4353044,0.7219000,0.6872000,0.5821000,0.7401000,0.6156000,0.4467000,0.8050000,0.5474000,0.4402000,0.8299000,0.5042000,0.3830000,0.9880000,0.4187000,0.4977000,0.6919536,0.2730928,0.2876937},
{0.8231000,0.5063672,0.1629720,0.6480614,0.2815314,0.2928318,0.6577773,0.4618511,0.3543442,0.6192846,0.5851395,0.3427649,0.6438812,0.6477673,0.4329612,0.7221000,0.6894000,0.5814000,0.7400000,0.6161000,0.4468000,0.8045000,0.5482000,0.4404000,0.8302000,0.5039000,0.3829000,0.9867000,0.4181000,0.4978000,0.6879240,0.2796219,0.2877530},
{0.8186225,0.5109644,0.1630497,0.6437676,0.2884601,0.2913430,0.6541406,0.4687377,0.3517005,0.6185335,0.5931627,0.3392895,0.6438289,0.6541986,0.4305237,0.7222000,0.6919000,0.5807000,0.7399000,0.6166000,0.4468000,0.8037000,0.5489000,0.4405000,0.8304000,0.5037000,0.3829000,0.9853000,0.4174000,0.4979000,0.6838345,0.2863495,0.2877383},
{0.8139433,0.5158011,0.1631153,0.6393155,0.2958232,0.2897168,0.6505728,0.4757342,0.3490133,0.6179176,0.6014758,0.3357180,0.6439062,0.6607288,0.4280674,0.7224000,0.6944000,0.5799000,0.7398000,0.6171000,0.4468000,0.8030000,0.5498000,0.4406000,0.8307000,0.5035000,0.3828000,0.9838000,0.4168000,0.4981000,0.6796701,0.2933062,0.2876453},
{0.8091119,0.5208298,0.1631663,0.6348081,0.3034668,0.2879831,0.6469495,0.4831020,0.3461821,0.6174586,0.6099091,0.3321249,0.6441172,0.6673424,0.4255988,0.7227000,0.6972000,0.5792000,0.7397000,0.6175000,0.4469000,0.8022000,0.5506000,0.4407000,0.8307000,0.5035000,0.3828000,0.9823000,0.4161000,0.4982000,0.6753694,0.3006033,0.2874661},
{0.8043704,0.5257995,0.1632000,0.6301751,0.3115256,0.2861078,0.6433817,0.4906374,0.3432853,0.6171560,0.6186506,0.3284320,0.6444734,0.6741586,0.4230744,0.7231000,0.7000000,0.5784000,0.7397000,0.6180000,0.4469000,0.8015000,0.5517000,0.4408000,0.8297000,0.5041000,0.3825000,0.9806000,0.4154000,0.4983000,0.6711147,0.3079358,0.2872052},
{0.7994162,0.5310286,0.1632176,0.6255927,0.3197028,0.2841577,0.6398472,0.4984009,0.3402993,0.6170264,0.6275266,0.3247145,0.6449777,0.6810731,0.4205340,0.7236000,0.7028000,0.5776000,0.7397000,0.6180000,0.4469000,0.8006000,0.5527000,0.4410000,0.8289000,0.5048000,0.3826000,0.9789000,0.4147000,0.4984000,0.6667177,0.3156335,0.2868472},
{0.7945840,0.5361651,0.1632174,0.6207812,0.3285156,0.2820054,0.6362861,0.5065526,0.3371626,0.6170764,0.6365949,0.3209495,0.6456211,0.6879461,0.4180293,0.7242000,0.7056000,0.5768000,0.7405000,0.6218000,0.4463000,0.7999000,0.5538000,0.4411000,0.8281000,0.5055000,0.3825000,0.9770000,0.4140000,0.4985000,0.6622588,0.3235648,0.2863917},
{0.7893131,0.5418086,0.1631977,0.6159200,0.3376621,0.2797190,0.6327449,0.5150209,0.3339024,0.6173186,0.6459510,0.3170996,0.6464146,0.6948900,0.4155193,0.7247000,0.7085000,0.5759000,0.7417000,0.6255000,0.4458000,0.7991000,0.5547000,0.4414000,0.8271000,0.5062000,0.3825000,0.9751000,0.4132000,0.4987000,0.6576917,0.3318216,0.2858272},
{0.7842359,0.5472851,0.1631594,0.6109646,0.3472451,0.2772686,0.6292612,0.5237441,0.3305426,0.6177626,0.6554866,0.3132117,0.6473870,0.7020728,0.4129446,0.7253000,0.7114000,0.5750000,0.7428000,0.6289000,0.4451000,0.7984000,0.5558000,0.4414000,0.8262000,0.5070000,0.3826000,0.9731000,0.4125000,0.4989000,0.6529537,0.3405312,0.2851355},
{0.7788369,0.5531525,0.1630978,0.6059425,0.3572342,0.2746574,0.6258731,0.5326467,0.3271120,0.6184352,0.6654261,0.3091971,0.6485399,0.7094135,0.4103362,0.7257000,0.7145000,0.5739000,0.7435000,0.6320000,0.4444000,0.7975000,0.5569000,0.4414000,0.8251000,0.5078000,0.3826000,0.9711000,0.4119000,0.4990000,0.6481879,0.3494421,0.2843289},
{0.7734665,0.5590335,0.1630150,0.6009854,0.3673782,0.2719488,0.6225711,0.5417726,0.3235937,0.6193465,0.6756265,0.3051173,0.6499164,0.7170805,0.4076364,0.7265000,0.7177000,0.5724000,0.7436000,0.6342000,0.4440000,0.7969000,0.5582000,0.4413000,0.8240000,0.5086000,0.3825000,0.9689000,0.4112000,0.4991000,0.6432545,0.3588283,0.2833747},
{0.7679926,0.5650742,0.1629084,0.5959867,0.3779060,0.2690797,0.6193905,0.5510421,0.3200183,0.6204760,0.6857901,0.3010924,0.6514969,0.7248751,0.4049177,0.7268000,0.7208000,0.5715000,0.7437000,0.6363000,0.4437000,0.7960000,0.5591000,0.4413000,0.8223000,0.5090000,0.3827000,0.9668000,0.4107000,0.4992000,0.6384016,0.3682250,0.2823152},
{0.7625879,0.5710845,0.1627811,0.5910682,0.3885714,0.2661151,0.6163751,0.5603294,0.3164344,0.6218408,0.6960588,0.2970665,0.6532987,0.7328272,0.4021712,0.7277000,0.7240000,0.5702000,0.7439000,0.6384000,0.4434000,0.7952000,0.5603000,0.4412000,0.8218000,0.5102000,0.3824000,0.9646000,0.4101000,0.4993000,0.6334986,0.3778879,0.2811203},
{0.7571241,0.5772074,0.1626299,0.5861869,0.3994728,0.2630269,0.6134710,0.5698087,0.3127747,0.6234275,0.7063108,0.2930878,0.6552856,0.7407498,0.3994624,0.7285000,0.7270000,0.5692000,0.7441000,0.6406000,0.4432000,0.7944000,0.5617000,0.4412000,0.8202000,0.5107000,0.3824000,0.9625000,0.4095000,0.4994000,0.6285894,0.3877373,0.2797952},
{0.7515350,0.5835198,0.1624518,0.5811175,0.4111470,0.2596569,0.6107046,0.5794117,0.3090655,0.6252454,0.7166012,0.2891350,0.6574393,0.7485796,0.3968125,0.7294000,0.7298000,0.5682000,0.7443000,0.6429000,0.4431000,0.7934000,0.5627000,0.4413000,0.8195000,0.5119000,0.3823000,0.9604000,0.4089000,0.4995000,0.6236460,0.3978367,0.2783272},
{0.7459487,0.5898788,0.1622499,0.5762021,0.4228310,0.2562211,0.6080654,0.5891944,0.3052851,0.6273019,0.7269501,0.2852013,0.6597396,0.7562658,0.3942378,0.7304000,0.7327000,0.5673000,0.7446000,0.6452000,0.4430000,0.7926000,0.5640000,0.4414000,0.8183000,0.5128000,0.3823000,0.9583000,0.4084000,0.4996000,0.6186996,0.4081299,0.2767199},
{0.7404460,0.5961919,0.1620274,0.5713218,0.4348107,0.2526348,0.6055208,0.5993207,0.3013702,0.6296003,0.7373491,0.2812905,0.6622541,0.7640327,0.3916634,0.7314000,0.7357000,0.5664000,0.7449000,0.6475000,0.4429000,0.7918000,0.5651000,0.4416000,0.8171000,0.5137000,0.3824000,0.9562000,0.4079000,0.4996000,0.6137128,0.4187036,0.2749547},
{0.7345834,0.6029720,0.1617645,0.5665029,0.4470379,0.2489100,0.6031387,0.6095628,0.2974086,0.6322486,0.7482016,0.2772546,0.6649425,0.7717434,0.3891351,0.7323000,0.7387000,0.5656000,0.7452000,0.6498000,0.4428000,0.7911000,0.5662000,0.4418000,0.8159000,0.5145000,0.3826000,0.9543000,0.4075000,0.4997000,0.6087201,0.4294947,0.2730363},
{0.7289575,0.6095313,0.1614868,0.5617186,0.4595998,0.2450169,0.6009280,0.6198983,0.2934089,0.6350983,0.7588527,0.2733390,0.6677801,0.7793350,0.3866731,0.7333000,0.7417000,0.5646000,0.7454000,0.6519000,0.4427000,0.7901000,0.5673000,0.4420000,0.8147000,0.5154000,0.3827000,0.9524000,0.4071000,0.4999000,0.6035996,0.4407837,0.2709054},
{0.7232608,0.6162266,0.1611800,0.5570258,0.4723659,0.2409932,0.5989319,0.6301139,0.2894538,0.6381018,0.7691812,0.2695856,0.6708695,0.7870688,0.3841936,0.7343000,0.7446000,0.5636000,0.7456000,0.6540000,0.4425000,0.7894000,0.5686000,0.4421000,0.8135000,0.5162000,0.3829000,0.9485000,0.4060000,0.4999000,0.5985533,0.4521382,0.2686366},
{0.7173830,0.6231914,0.1608362,0.5524635,0.4852388,0.2368683,0.5970975,0.6404785,0.2854392,0.6413090,0.7793989,0.2659153,0.6742670,0.7950363,0.3816698,0.7353000,0.7476000,0.5625000,0.7458000,0.6561000,0.4423000,0.7885000,0.5694000,0.4422000,0.8122000,0.5170000,0.3830000,0.9485000,0.4066000,0.5003000,0.5935330,0.4636705,0.2662050},
{0.7116025,0.6300978,0.1604709,0.5480048,0.4983037,0.2326135,0.5954649,0.6507715,0.2814504,0.6446970,0.7894502,0.2623470,0.6775986,0.8023839,0.3793709,0.7364000,0.7505000,0.5613000,0.7460000,0.6582000,0.4422000,0.7877000,0.5708000,0.4423000,0.8110000,0.5178000,0.3832000,0.9467000,0.4064000,0.5005000,0.5884690,0.4755545,0.2635671},
{0.7059528,0.6369032,0.1600874,0.5436335,0.5116291,0.2282039,0.5940058,0.6611762,0.2774165,0.6482929,0.7994277,0.2588472,0.6810754,0.8096288,0.3771315,0.7376000,0.7533000,0.5601000,0.7462000,0.6604000,0.4421000,0.7868000,0.5719000,0.4425000,0.8098000,0.5187000,0.3833000,0.9447000,0.4062000,0.5008000,0.5835151,0.4874383,0.2607962},
{0.7002365,0.6438449,0.1596725,0.5394281,0.5249883,0.2237125,0.5927304,0.6716549,0.2733520,0.6520681,0.8092592,0.2554406,0.6846844,0.8167509,0.3749575,0.7390000,0.7559000,0.5592000,0.7461000,0.6624000,0.4422000,0.7860000,0.5730000,0.4427000,0.8085000,0.5196000,0.3835000,0.9427000,0.4060000,0.5011000,0.5785365,0.4996540,0.2578105},
{0.6944620,0.6509153,0.1592256,0.5353620,0.5384739,0.2191075,0.5916645,0.6819804,0.2693450,0.6560108,0.8189284,0.2521321,0.6884180,0.8237431,0.3728504,0.7402000,0.7585000,0.5587000,0.7462000,0.6644000,0.4422000,0.7852000,0.5744000,0.4429000,0.8072000,0.5206000,0.3837000,0.9407000,0.4059000,0.5013000,0.5736765,0.5118595,0.2546889},
{0.6888410,0.6578544,0.1587633,0.5314723,0.5519705,0.2144271,0.5907752,0.6924827,0.2652675,0.6601591,0.8285340,0.2488873,0.6922584,0.8305817,0.3708167,0.7413000,0.7611000,0.5583000,0.7462000,0.6663000,0.4421000,0.7843000,0.5756000,0.4431000,0.8059000,0.5216000,0.3839000,0.9387000,0.4058000,0.5016000,0.5689657,0.5239735,0.2514543},
{0.6830342,0.6650826,0.1582572,0.5277460,0.5655307,0.2096524,0.5900860,0.7029421,0.2612048,0.6643977,0.8378259,0.2457894,0.6962171,0.8372956,0.3688470,0.7425000,0.7637000,0.5579000,0.7456000,0.6681000,0.4422000,0.7835000,0.5773000,0.4432000,0.8046000,0.5226000,0.3841000,0.9367000,0.4057000,0.5019000,0.5641703,0.5366131,0.2479345},
{0.6775341,0.6719856,0.1577507,0.5241860,0.5791564,0.2047813,0.5896073,0.7130568,0.2572741,0.6687662,0.8469168,0.2427988,0.7003000,0.8438997,0.3669366,0.7437000,0.7663000,0.5574000,0.7462000,0.6702000,0.4419000,0.7826000,0.5782000,0.4435000,0.8033000,0.5237000,0.3844000,0.9347000,0.4057000,0.5022000,0.5594748,0.5493149,0.2442480},
{0.6722178,0.6787110,0.1572357,0.5208045,0.5928158,0.1998236,0.5893156,0.7231462,0.2533514,0.6731410,0.8555832,0.2399860,0.7044079,0.8502464,0.3651270,0.7449000,0.7689000,0.5569000,0.7462000,0.6721000,0.4416000,0.7818000,0.5798000,0.4436000,0.8020000,0.5247000,0.3846000,0.9325000,0.4058000,0.5026000,0.5549906,0.5617720,0.2404864},
{0.6668798,0.6855173,0.1566930,0.5176598,0.6062689,0.1948669,0.5892123,0.7327007,0.2496350,0.6775637,0.8639457,0.2373084,0.7084963,0.8562930,0.3634280,0.7462000,0.7716000,0.5565000,0.7463000,0.6741000,0.4414000,0.7773000,0.5791000,0.4446000,0.8007000,0.5258000,0.3847000,0.9304000,0.4059000,0.5030000,0.5506019,0.5743019,0.2365557},
{0.6616968,0.6921777,0.1561412,0.5147868,0.6193262,0.1899848,0.5892788,0.7422200,0.2459306,0.6819711,0.8719191,0.2347899,0.7126698,0.8622105,0.3617900,0.7474000,0.7742000,0.5563000,0.7464000,0.6760000,0.4412000,0.7766000,0.5805000,0.4448000,0.7993000,0.5270000,0.3849000,0.9281000,0.4060000,0.5034000,0.5464717,0.5864295,0.2326090},
{0.6568170,0.6984959,0.1555990,0.5122388,0.6316580,0.1853081,0.5895001,0.7512378,0.2424198,0.6863120,0.8794523,0.2324425,0.7166069,0.8675747,0.3603272,0.7484000,0.7768000,0.5561000,0.7466000,0.6781000,0.4412000,0.7759000,0.5821000,0.4448000,0.7980000,0.5282000,0.3851000,0.9250000,0.4059000,0.5036000,0.5425498,0.5982773,0.2286166},
{0.6520980,0.7046504,0.1550534,0.5098408,0.6440658,0.1805366,0.5898714,0.7601294,0.2389567,0.6906386,0.8866707,0.2302236,0.7205017,0.8726872,0.3589534,0.7499000,0.7791000,0.5562000,0.7468000,0.6802000,0.4411000,0.7750000,0.5836000,0.4450000,0.7967000,0.5295000,0.3853000,0.9225000,0.4060000,0.5040000,0.5388487,0.6097866,0.2246068},
{0.6477283,0.7103888,0.1545292,0.5077152,0.6558857,0.1759281,0.5903752,0.7686935,0.2356196,0.6949708,0.8936306,0.2281133,0.7243178,0.8775214,0.3576735,0.7513000,0.7814000,0.5562000,0.7469000,0.6823000,0.4411000,0.7743000,0.5853000,0.4452000,0.7954000,0.5309000,0.3855000,0.9203000,0.4062000,0.5044000,0.5353895,0.6208638,0.2206231},
{0.6433012,0.7162418,0.1539793,0.5058038,0.6673609,0.1713933,0.5910213,0.7772129,0.2322986,0.6992065,0.9001946,0.2261502,0.7281118,0.8821658,0.3564622,0.7526000,0.7838000,0.5561000,0.7470000,0.6845000,0.4412000,0.7735000,0.5869000,0.4454000,0.7942000,0.5324000,0.3856000,0.9181000,0.4065000,0.5048000,0.5321295,0.6316189,0.2166360},
{0.6391886,0.7217151,0.1534512,0.5041392,0.6782096,0.1670496,0.5917667,0.7852582,0.2291611,0.7034979,0.9066184,0.2242556,0.7319367,0.8866942,0.3552991,0.7539000,0.7861000,0.5560000,0.7469000,0.6865000,0.4412000,0.7726000,0.5886000,0.4457000,0.7930000,0.5339000,0.3858000,0.9158000,0.4068000,0.5052000,0.5291379,0.6417895,0.2127552},
{0.6353532,0.7268510,0.1529436,0.5026679,0.6886812,0.1628028,0.5926129,0.7930186,0.2261334,0.7077735,0.9128058,0.2224565,0.7357224,0.8910316,0.3542026,0.7550000,0.7883000,0.5558000,0.7470000,0.6886000,0.4412000,0.7717000,0.5903000,0.4459000,0.7916000,0.5353000,0.3861000,0.9136000,0.4072000,0.5057000,0.5263133,0.6516883,0.2088727},
{0.6313457,0.7322507,0.1523972,0.5013740,0.6988257,0.1586365,0.5935678,0.8006387,0.2231592,0.7120522,0.9187975,0.2207394,0.7395856,0.8953174,0.3531367,0.7558000,0.7905000,0.5557000,0.7469000,0.6906000,0.4413000,0.7709000,0.5919000,0.4461000,0.7905000,0.5368000,0.3864000,0.9113000,0.4077000,0.5062000,0.5236742,0.6612295,0.2050298},
{0.6277992,0.7370576,0.1519001,0.5002831,0.7083328,0.1546835,0.5946146,0.8080333,0.2202719,0.7162866,0.9245412,0.2191175,0.7433608,0.8993746,0.3521445,0.7567000,0.7927000,0.5554000,0.7469000,0.6925000,0.4412000,0.7700000,0.5936000,0.4464000,0.7893000,0.5382000,0.3866000,0.9090000,0.4082000,0.5066000,0.5212846,0.6701427,0.2013480},
{0.6244715,0.7415929,0.1514217,0.4993506,0.7174626,0.1508415,0.5957209,0.8150563,0.2175285,0.7204998,0.9300819,0.2175762,0.7471559,0.9033288,0.3511941,0.7580000,0.7947000,0.5550000,0.7469000,0.6944000,0.4412000,0.7693000,0.5952000,0.4466000,0.7880000,0.5395000,0.3869000,0.9067000,0.4087000,0.5072000,0.5190421,0.6787743,0.1976960},
{0.6213570,0.7458596,0.1509634,0.4985669,0.7262124,0.1471158,0.5968879,0.8217970,0.2148945,0.7245080,0.9351997,0.2161737,0.7508139,0.9070270,0.3503208,0.7589000,0.7969000,0.5546000,0.7468000,0.6962000,0.4412000,0.7684000,0.5968000,0.4468000,0.7867000,0.5408000,0.3873000,0.9045000,0.4093000,0.5078000,0.5170319,0.6867605,0.1942390},
{0.6184243,0.7498970,0.1505224,0.4979339,0.7344156,0.1435823,0.5980993,0.8282268,0.2123809,0.7283798,0.9400075,0.2148754,0.7543284,0.9104797,0.3495197,0.7600000,0.7991000,0.5541000,0.7467000,0.6981000,0.4412000,0.7676000,0.5984000,0.4471000,0.7854000,0.5421000,0.3877000,0.9025000,0.4099000,0.5084000,0.5152042,0.6942511,0.1909265},
{0.6157684,0.7535699,0.1501151,0.4974327,0.7421217,0.1402257,0.5993437,0.8343469,0.2099876,0.7322100,0.9446380,0.2136435,0.7577964,0.9137935,0.3487644,0.7611000,0.8013000,0.5537000,0.7467000,0.7000000,0.4412000,0.7668000,0.5999000,0.4474000,0.7843000,0.5434000,0.3880000,0.9004000,0.4106000,0.5090000,0.5135180,0.7013811,0.1877089},
{0.6132930,0.7570078,0.1497285,0.4970459,0.7493999,0.1370211,0.6006040,0.8401326,0.2077241,0.7357064,0.9487600,0.2125625,0.7611167,0.9168826,0.3480728,0.7621000,0.8035000,0.5534000,0.7467000,0.7018000,0.4411000,0.7660000,0.6015000,0.4477000,0.7830000,0.5447000,0.3884000,0.8984000,0.4113000,0.5097000,0.5119760,0.7081094,0.1846130},
{0.6110221,0.7601739,0.1493679,0.4967615,0.7562574,0.1339698,0.6018433,0.8454807,0.2056311,0.7391674,0.9527449,0.2115322,0.7641863,0.9196677,0.3474602,0.7632000,0.8057000,0.5531000,0.7468000,0.7037000,0.4410000,0.7652000,0.6030000,0.4479000,0.7818000,0.5459000,0.3888000,0.8964000,0.4120000,0.5104000,0.5106091,0.7142605,0.1817310},
{0.6089231,0.7631111,0.1490295,0.4965719,0.7625476,0.1311427,0.6030975,0.8505984,0.2036277,0.7424457,0.9564347,0.2105916,0.7670952,0.9222462,0.3469027,0.7642000,0.8078000,0.5528000,0.7468000,0.7055000,0.4410000,0.7645000,0.6046000,0.4482000,0.7807000,0.5471000,0.3892000,0.8945000,0.4129000,0.5110000,0.5093638,0.7200370,0.1789780},
{0.6069900,0.7658253,0.1487135,0.4964579,0.7684839,0.1284487,0.6043595,0.8554866,0.2017134,0.7456851,0.9600024,0.2096947,0.7699190,0.9246941,0.3463823,0.7651000,0.8099000,0.5526000,0.7467000,0.7074000,0.4409000,0.7637000,0.6061000,0.4485000,0.7795000,0.5484000,0.3897000,0.8927000,0.4137000,0.5117000,0.5082571,0.7253251,0.1764175},
{0.6052590,0.7682631,0.1484269,0.4964108,0.7740433,0.1259021,0.6055892,0.8600282,0.1999343,0.7487095,0.9632649,0.2088858,0.7725994,0.9269686,0.3459069,0.7659000,0.8119000,0.5523000,0.7466000,0.7092000,0.4408000,0.7630000,0.6077000,0.4488000,0.7785000,0.5497000,0.3900000,0.8909000,0.4145000,0.5124000,0.5072573,0.7302429,0.1740008},
{0.6036382,0.7705522,0.1481555,0.4964207,0.7792160,0.1235112,0.6068243,0.8643934,0.1982238,0.7517358,0.9664649,0.2081032,0.7751027,0.9290505,0.3454789,0.7666000,0.8138000,0.5520000,0.7464000,0.7110000,0.4408000,0.7623000,0.6092000,0.4490000,0.7774000,0.5511000,0.3903000,0.8891000,0.4154000,0.5130000,0.5063699,0.7347324,0.1717640},
{0.6021581,0.7726481,0.1479050,0.4964755,0.7838620,0.1213455,0.6079936,0.8683624,0.1966682,0.7545624,0.9693971,0.2073959,0.7775683,0.9310619,0.3450721,0.7673000,0.8157000,0.5516000,0.7463000,0.7128000,0.4407000,0.7616000,0.6108000,0.4493000,0.7763000,0.5524000,0.3907000,0.8873000,0.4165000,0.5137000,0.5055881,0.7387948,0.1697143},
{0.6009080,0.7744224,0.1476915,0.4965686,0.7882478,0.1192846,0.6091971,0.8722967,0.1951256,0.7573983,0.9722850,0.2067087,0.7798311,0.9328744,0.3447114,0.7679000,0.8175000,0.5511000,0.7461000,0.7145000,0.4406000,0.7609000,0.6124000,0.4495000,0.7754000,0.5538000,0.3910000,0.8856000,0.4174000,0.5143000,0.5048848,0.7425451,0.1677998},
{0.5998507,0.7759261,0.1475095,0.4966854,0.7921204,0.1174512,0.6102916,0.8757530,0.1937701,0.7598922,0.9747809,0.2061226,0.7820496,0.9346208,0.3443693,0.7684000,0.8193000,0.5506000,0.7459000,0.7163000,0.4405000,0.7602000,0.6140000,0.4496000,0.7744000,0.5552000,0.3913000,0.8840000,0.4185000,0.5150000,0.5042528,0.7459997,0.1660172},
{0.5988894,0.7772955,0.1473428,0.4968229,0.7956958,0.1157466,0.6113640,0.8790355,0.1924824,0.7623027,0.9771552,0.2055719,0.7841305,0.9362317,0.3440588,0.7688000,0.8210000,0.5500000,0.7457000,0.7180000,0.4404000,0.7595000,0.6155000,0.4498000,0.7735000,0.5564000,0.3917000,0.8825000,0.4196000,0.5157000,0.5037162,0.7490016,0.1644528},
{0.5980880,0.7784389,0.1472031,0.4969678,0.7988342,0.1142407,0.6123239,0.8818924,0.1913615,0.7645311,0.9793175,0.2050764,0.7861537,0.9377731,0.3437662,0.7692000,0.8228000,0.5493000,0.7454000,0.7197000,0.4402000,0.7589000,0.6170000,0.4499000,0.7725000,0.5577000,0.3920000,0.8810000,0.4206000,0.5164000,0.5032335,0.7517608,0.1630022},
{0.5974234,0.7793883,0.1470866,0.4971178,0.8016529,0.1128803,0.6131891,0.8844054,0.1903753,0.7665998,0.9812972,0.2046280,0.7879757,0.9391407,0.3435105,0.7696000,0.8244000,0.5487000,0.7452000,0.7212000,0.4400000,0.7582000,0.6184000,0.4501000,0.7716000,0.5589000,0.3923000,0.8796000,0.4217000,0.5171000,0.5028267,0.7541335,0.1617449},
{0.5968317,0.7802346,0.1469825,0.4972648,0.8041166,0.1116849,0.6140692,0.8869048,0.1893942,0.7684752,0.9830691,0.2042309,0.7897139,0.9404274,0.3432733,0.7699000,0.8261000,0.5480000,0.7450000,0.7227000,0.4398000,0.7576000,0.6198000,0.4502000,0.7702000,0.5600000,0.3925000,0.8783000,0.4228000,0.5178000,0.5024891,0.7561366,0.1606762}
};
