fitErrPi Mean = 0.0148399
fitErrTh Mean = 0.0310994
fitErrWr Mean = 0.0398605
fitErrLA Mean = 0.00916337
fitErrEl Mean = 0.0248558
fitErrUA Mean = 0.00853171
efPts = {
{0.6622086,0.3021184,0.3627107,0.6334357,0.2429622,0.3324104,0.6357423,0.4223509,0.3635252,0.6259670,0.5744900,0.3266497,0.6436984,0.6481508,0.4172068,0.7120000,0.7111000,0.5649000,0.7309000,0.6534000,0.4308000,0.8004000,0.5633000,0.4359000,0.8320000,0.5205000,0.3872000,0.9590000,0.4266000,0.2765000,0.7134240,0.2401188,0.3339569},
{0.6617845,0.3028289,0.3625612,0.6328558,0.2437208,0.3322778,0.6352915,0.4230693,0.3633060,0.6258242,0.5750521,0.3263924,0.6436537,0.6483902,0.4171063,0.7125000,0.7113000,0.5652000,0.7320000,0.6528000,0.4312000,0.8007000,0.5634000,0.4361000,0.8324000,0.5204000,0.3874000,0.9590000,0.4266000,0.2765000,0.7122845,0.2409826,0.3341133},
{0.6610797,0.3040167,0.3623098,0.6320246,0.2448141,0.3320850,0.6347531,0.4239331,0.3630423,0.6256137,0.5758900,0.3260092,0.6435391,0.6490107,0.4168464,0.7131000,0.7116000,0.5654000,0.7330000,0.6523000,0.4316000,0.8011000,0.5635000,0.4363000,0.8328000,0.5202000,0.3876000,0.9590000,0.4266000,0.2765000,0.7108098,0.2421115,0.3343099},
{0.6602815,0.3053725,0.3620202,0.6309566,0.2462289,0.3318331,0.6339375,0.4252532,0.3626387,0.6253251,0.5770567,0.3254768,0.6433839,0.6498695,0.4164873,0.7136000,0.7120000,0.5655000,0.7341000,0.6517000,0.4320000,0.8015000,0.5638000,0.4365000,0.8332000,0.5201000,0.3878000,0.9590000,0.4266000,0.2766000,0.7090133,0.2435033,0.3345402},
{0.6592561,0.3071310,0.3616409,0.6296599,0.2479620,0.3315205,0.6330349,0.4267313,0.3621863,0.6249459,0.5786236,0.3247635,0.6431707,0.6510865,0.4159797,0.7140000,0.7125000,0.5656000,0.7352000,0.6512000,0.4323000,0.8018000,0.5640000,0.4367000,0.8336000,0.5200000,0.3880000,0.9589000,0.4266000,0.2766000,0.7069191,0.2451491,0.3347960},
{0.6580642,0.3091992,0.3611891,0.6280227,0.2501748,0.3311153,0.6318076,0.4287709,0.3615611,0.6245285,0.5803960,0.3239594,0.6429177,0.6525926,0.4153537,0.7145000,0.7131000,0.5657000,0.7363000,0.6506000,0.4327000,0.8021000,0.5643000,0.4369000,0.8340000,0.5198000,0.3883000,0.9589000,0.4266000,0.2766000,0.7046541,0.2469577,0.3350572},
{0.6566686,0.3116546,0.3606450,0.6262639,0.2525831,0.3306665,0.6302956,0.4313319,0.3607743,0.6240254,0.5826039,0.3229615,0.6426312,0.6543902,0.4146096,0.7150000,0.7137000,0.5657000,0.7373000,0.6501000,0.4331000,0.8023000,0.5646000,0.4370000,0.8340000,0.5198000,0.3883000,0.9589000,0.4266000,0.2766000,0.7020127,0.2491045,0.3353413},
{0.6550479,0.3145534,0.3599921,0.6242672,0.2553574,0.3301397,0.6287124,0.4340734,0.3599301,0.6234603,0.5851875,0.3217990,0.6423050,0.6565775,0.4137088,0.7154000,0.7144000,0.5657000,0.7384000,0.6495000,0.4335000,0.8026000,0.5648000,0.4373000,0.8343000,0.5203000,0.3882000,0.9589000,0.4266000,0.2766000,0.6990081,0.2515962,0.3356374},
{0.6532740,0.3177870,0.3592505,0.6220655,0.2584669,0.3295371,0.6268548,0.4373721,0.3589116,0.6228139,0.5882946,0.3204085,0.6419721,0.6590028,0.4127156,0.7159000,0.7153000,0.5657000,0.7395000,0.6490000,0.4339000,0.8028000,0.5651000,0.4375000,0.8348000,0.5209000,0.3880000,0.9589000,0.4267000,0.2766000,0.6958528,0.2542704,0.3359171},
{0.6512722,0.3215148,0.3583783,0.6196164,0.2619905,0.3288388,0.6248439,0.4410486,0.3577731,0.6221181,0.5918506,0.3188271,0.6416289,0.6617653,0.4115916,0.7163000,0.7161000,0.5656000,0.7405000,0.6484000,0.4343000,0.8029000,0.5655000,0.4378000,0.8347000,0.5210000,0.3882000,0.9589000,0.4267000,0.2766000,0.6923122,0.2573423,0.3361923},
{0.6489574,0.3259353,0.3573209,0.6168638,0.2660344,0.3280180,0.6225755,0.4453371,0.3564408,0.6214079,0.5957514,0.3171042,0.6412911,0.6648461,0.4103470,0.7168000,0.7170000,0.5654000,0.7416000,0.6479000,0.4346000,0.8031000,0.5658000,0.4381000,0.8346000,0.5212000,0.3883000,0.9589000,0.4267000,0.2766000,0.6884730,0.2607596,0.3364437},
{0.6465040,0.3307566,0.3561395,0.6139078,0.2704797,0.3270922,0.6202030,0.4499956,0.3549883,0.6206571,0.6002480,0.3151334,0.6409755,0.6682109,0.4089982,0.7172000,0.7181000,0.5653000,0.7427000,0.6473000,0.4350000,0.8033000,0.5663000,0.4384000,0.8344000,0.5214000,0.3884000,0.9589000,0.4267000,0.2766000,0.6843204,0.2645586,0.3366598},
{0.6438923,0.3360532,0.3548086,0.6107127,0.2754098,0.3260376,0.6176428,0.4552400,0.3533470,0.6199327,0.6050588,0.3130428,0.6406919,0.6719069,0.4075294,0.7178000,0.7192000,0.5652000,0.7438000,0.6467000,0.4354000,0.8034000,0.5668000,0.4387000,0.8342000,0.5215000,0.3885000,0.9588000,0.4267000,0.2767000,0.6798230,0.2687959,0.3368271},
{0.6411356,0.3418417,0.3533157,0.6072519,0.2809040,0.3248288,0.6150283,0.4608532,0.3515830,0.6192368,0.6102824,0.3107932,0.6404618,0.6758391,0.4059809,0.7184000,0.7204000,0.5650000,0.7448000,0.6462000,0.4358000,0.8035000,0.5672000,0.4390000,0.8347000,0.5222000,0.3884000,0.9588000,0.4267000,0.2767000,0.6750349,0.2734507,0.3369271},
{0.6382313,0.3481788,0.3516364,0.6035699,0.2869359,0.3234622,0.6123104,0.4669981,0.3496439,0.6186111,0.6157174,0.3084746,0.6402927,0.6801604,0.4042960,0.7189000,0.7217000,0.5649000,0.7459000,0.6456000,0.4362000,0.8036000,0.5677000,0.4394000,0.8346000,0.5224000,0.3885000,0.9588000,0.4267000,0.2767000,0.6699208,0.2785902,0.3369427},
{0.6352730,0.3549098,0.3498029,0.5996893,0.2935148,0.3219264,0.6095453,0.4736188,0.3475454,0.6180341,0.6217250,0.3059377,0.6402071,0.6848577,0.4024840,0.7200000,0.7231000,0.5646000,0.7470000,0.6451000,0.4366000,0.8037000,0.5682000,0.4397000,0.8344000,0.5226000,0.3886000,0.9588000,0.4267000,0.2767000,0.6645395,0.2841910,0.3368542},
{0.6322721,0.3620529,0.3478024,0.5956236,0.3006702,0.3202040,0.6067710,0.4806946,0.3452925,0.6175493,0.6281254,0.3032641,0.6402248,0.6897363,0.4006234,0.7203000,0.7248000,0.5645000,0.7481000,0.6445000,0.4369000,0.8037000,0.5688000,0.4399000,0.8342000,0.5227000,0.3886000,0.9588000,0.4268000,0.2767000,0.6589169,0.2902614,0.3366431},
{0.6292398,0.3696319,0.3456200,0.5914442,0.3083294,0.3183025,0.6040016,0.4882682,0.3428697,0.6171752,0.6349954,0.3004273,0.6403610,0.6949157,0.3986714,0.7205000,0.7266000,0.5645000,0.7491000,0.6440000,0.4373000,0.8037000,0.5693000,0.4402000,0.8341000,0.5229000,0.3886000,0.9588000,0.4268000,0.2767000,0.6530724,0.2968172,0.3362900},
{0.6262106,0.3776139,0.3432567,0.5871677,0.3165147,0.3162066,0.6013246,0.4961733,0.3403289,0.6169453,0.6420801,0.2975370,0.6406342,0.7003825,0.3966370,0.7207000,0.7283000,0.5640000,0.7502000,0.6434000,0.4377000,0.8037000,0.5698000,0.4404000,0.8337000,0.5229000,0.3886000,0.9588000,0.4268000,0.2767000,0.6470142,0.3038886,0.3357739},
{0.6232556,0.3858539,0.3407492,0.5827797,0.3253178,0.3138816,0.5986943,0.5046305,0.3375974,0.6168716,0.6496449,0.2944895,0.6410653,0.7061546,0.3945174,0.7215000,0.7299000,0.5633000,0.7513000,0.6429000,0.4381000,0.8035000,0.5703000,0.4406000,0.8328000,0.5228000,0.3884000,0.9588000,0.4268000,0.2767000,0.6407810,0.3114721,0.3350756},
{0.6203411,0.3944913,0.3380485,0.5783745,0.3346154,0.3113491,0.5962282,0.5133477,0.3347680,0.6169825,0.6576070,0.2913244,0.6416591,0.7120821,0.3923710,0.7224000,0.7316000,0.5625000,0.7513000,0.6429000,0.4381000,0.8033000,0.5708000,0.4407000,0.8326000,0.5229000,0.3884000,0.9587000,0.4268000,0.2767000,0.6344307,0.3195370,0.3341799},
{0.6174928,0.4035101,0.3351517,0.5740190,0.3443199,0.3086245,0.5938983,0.5225029,0.3317819,0.6173015,0.6659198,0.2880656,0.6424470,0.7183130,0.3901473,0.7230000,0.7336000,0.5618000,0.7521000,0.6448000,0.4376000,0.8031000,0.5714000,0.4408000,0.8322000,0.5231000,0.3883000,0.9587000,0.4268000,0.2768000,0.6279970,0.3280784,0.3330709},
{0.6147253,0.4129309,0.3320439,0.5696238,0.3547031,0.3056205,0.5917228,0.5321539,0.3286182,0.6178537,0.6746035,0.2847108,0.6434453,0.7248039,0.3878662,0.7237000,0.7357000,0.5609000,0.7527000,0.6465000,0.4370000,0.8028000,0.5720000,0.4408000,0.8321000,0.5235000,0.3878000,0.9587000,0.4268000,0.2768000,0.6214073,0.3372407,0.3317102},
{0.6120633,0.4227439,0.3287195,0.5653002,0.3655886,0.3023758,0.5897861,0.5420359,0.3253624,0.6186619,0.6836296,0.2812765,0.6446914,0.7316379,0.3855035,0.7246000,0.7379000,0.5598000,0.7530000,0.6481000,0.4366000,0.8025000,0.5725000,0.4407000,0.8316000,0.5236000,0.3876000,0.9587000,0.4268000,0.2768000,0.6147845,0.3469038,0.3300953},
{0.6095937,0.4326770,0.3252657,0.5610965,0.3769270,0.2988956,0.5880746,0.5523271,0.3219545,0.6197380,0.6928965,0.2778060,0.6461845,0.7386795,0.3831108,0.7254000,0.7403000,0.5586000,0.7534000,0.6498000,0.4361000,0.8020000,0.5731000,0.4406000,0.8309000,0.5237000,0.3873000,0.9587000,0.4269000,0.2768000,0.6081909,0.3570168,0.3282197},
{0.6072697,0.4429668,0.3215955,0.5570030,0.3888290,0.2951353,0.5866495,0.5627748,0.3184771,0.6211113,0.7024786,0.2742762,0.6479830,0.7460801,0.3806418,0.7262000,0.7428000,0.5573000,0.7538000,0.6515000,0.4356000,0.8016000,0.5737000,0.4403000,0.8298000,0.5236000,0.3869000,0.9587000,0.4269000,0.2768000,0.6015797,0.3676987,0.3260445},
{0.6051329,0.4535043,0.3177410,0.5531558,0.4009668,0.2911907,0.5855100,0.5734794,0.3148961,0.6227862,0.7122644,0.2707327,0.6501004,0.7537641,0.3781281,0.7270000,0.7454000,0.5558000,0.7543000,0.6534000,0.4350000,0.8012000,0.5743000,0.4400000,0.8294000,0.5240000,0.3865000,0.9587000,0.4269000,0.2768000,0.5950564,0.3788277,0.3235779},
{0.6032096,0.4642152,0.3137250,0.5494577,0.4137313,0.2869258,0.5846771,0.5844004,0.3112242,0.6247926,0.7223158,0.2671575,0.6525229,0.7615947,0.3756194,0.7280000,0.7483000,0.5543000,0.7548000,0.6553000,0.4344000,0.8008000,0.5750000,0.4397000,0.8288000,0.5244000,0.3860000,0.9587000,0.4269000,0.2768000,0.5886393,0.3904164,0.3208032},
{0.6014974,0.4751808,0.3095122,0.5460091,0.4268935,0.2824057,0.5841645,0.5956117,0.3074353,0.6271523,0.7326255,0.2635584,0.6552668,0.7695650,0.3731213,0.7291000,0.7511000,0.5527000,0.7553000,0.6571000,0.4336000,0.8002000,0.5758000,0.4394000,0.8281000,0.5248000,0.3854000,0.9586000,0.4269000,0.2768000,0.5823899,0.4023950,0.3177242},
{0.6000178,0.4863537,0.3051152,0.5428529,0.4403766,0.2776491,0.5839961,0.6068606,0.3036142,0.6298553,0.7430674,0.2599836,0.6583685,0.7777163,0.3706255,0.7307000,0.7541000,0.5509000,0.7559000,0.6590000,0.4330000,0.7998000,0.5767000,0.4391000,0.8274000,0.5253000,0.3849000,0.9586000,0.4269000,0.2768000,0.5762860,0.4148543,0.3143039},
{0.5987894,0.4976767,0.3005522,0.5400089,0.4541845,0.2726477,0.5841834,0.6184499,0.2996570,0.6329190,0.7536501,0.2564337,0.6617232,0.7857467,0.3682264,0.7322000,0.7570000,0.5493000,0.7566000,0.6610000,0.4324000,0.7992000,0.5775000,0.4388000,0.8267000,0.5257000,0.3843000,0.9586000,0.4269000,0.2769000,0.5704122,0.4276722,0.3105624},
{0.5978278,0.5090710,0.2958522,0.5374954,0.4683415,0.2673849,0.5847353,0.6300214,0.2956854,0.6364453,0.7646255,0.2528306,0.6653339,0.7936740,0.3659177,0.7337000,0.7599000,0.5481000,0.7571000,0.6631000,0.4318000,0.7986000,0.5784000,0.4386000,0.8259000,0.5264000,0.3837000,0.9586000,0.4269000,0.2769000,0.5647227,0.4410088,0.3064374},
{0.5971325,0.5206531,0.2909634,0.5353764,0.4825652,0.2619610,0.5856559,0.6416218,0.2916831,0.6402280,0.7753176,0.2493988,0.6693518,0.8017964,0.3636158,0.7352000,0.7628000,0.5470000,0.7576000,0.6653000,0.4311000,0.7979000,0.5793000,0.4383000,0.8250000,0.5270000,0.3833000,0.9586000,0.4269000,0.2769000,0.5594398,0.4543765,0.3020722},
{0.5967260,0.5320754,0.2860319,0.5336286,0.4971039,0.2562767,0.5869360,0.6531390,0.2876889,0.6442347,0.7856976,0.2461425,0.6736453,0.8098128,0.3614094,0.7368000,0.7658000,0.5461000,0.7579000,0.6675000,0.4306000,0.7973000,0.5803000,0.4380000,0.8241000,0.5277000,0.3828000,0.9586000,0.4270000,0.2769000,0.5544433,0.4681009,0.2973557},
{0.5965985,0.5436007,0.2809444,0.5323002,0.5116746,0.2504380,0.5885774,0.6646084,0.2836905,0.6485246,0.7959530,0.2429999,0.6782111,0.8177159,0.3593005,0.7384000,0.7686000,0.5454000,0.7582000,0.6697000,0.4301000,0.7965000,0.5814000,0.4378000,0.8232000,0.5284000,0.3824000,0.9586000,0.4270000,0.2769000,0.5497818,0.4821104,0.2923001},
{0.5967568,0.5551118,0.2757505,0.5313905,0.5263641,0.2444076,0.5905423,0.6758286,0.2797587,0.6530798,0.8060526,0.2399795,0.6829752,0.8253881,0.3573195,0.7401000,0.7715000,0.5449000,0.7585000,0.6718000,0.4298000,0.7957000,0.5825000,0.4377000,0.8222000,0.5291000,0.3819000,0.9585000,0.4270000,0.2769000,0.5455058,0.4963046,0.2869324},
{0.5971949,0.5664447,0.2705257,0.5309153,0.5410058,0.2382520,0.5928195,0.6868277,0.2758847,0.6579176,0.8160412,0.2370673,0.6878356,0.8326992,0.3554957,0.7417000,0.7742000,0.5446000,0.7586000,0.6738000,0.4296000,0.7949000,0.5838000,0.4375000,0.8212000,0.5300000,0.3816000,0.9585000,0.4270000,0.2769000,0.5416596,0.5105668,0.2812914},
{0.5979171,0.5777800,0.2651878,0.5308749,0.5556250,0.2319603,0.5954197,0.6977003,0.2720354,0.6629734,0.8257979,0.2342970,0.6928469,0.8397641,0.3537960,0.7434000,0.7768000,0.5444000,0.7588000,0.6759000,0.4296000,0.7940000,0.5850000,0.4375000,0.8200000,0.5309000,0.3813000,0.9585000,0.4270000,0.2769000,0.5382602,0.5248514,0.2753929},
{0.5989030,0.5888644,0.2598576,0.5312636,0.5699889,0.2256348,0.5983158,0.7083646,0.2682404,0.6683027,0.8354394,0.2316345,0.6978309,0.8463717,0.3522656,0.7452000,0.7795000,0.5443000,0.7588000,0.6779000,0.4297000,0.7932000,0.5863000,0.4375000,0.8189000,0.5319000,0.3811000,0.9585000,0.4270000,0.2769000,0.5353378,0.5390257,0.2692922},
{0.6001474,0.5997635,0.2545081,0.5320355,0.5836700,0.2194752,0.6015019,0.7188339,0.2644954,0.6737527,0.8447107,0.2291476,0.7029971,0.8528286,0.3508292,0.7469000,0.7820000,0.5443000,0.7590000,0.6799000,0.4297000,0.7924000,0.5875000,0.4376000,0.8175000,0.5330000,0.3811000,0.9585000,0.4270000,0.2769000,0.5328983,0.5530222,0.2630228},
{0.6016065,0.6102389,0.2492628,0.5332084,0.5973568,0.2131787,0.6048846,0.7288675,0.2608877,0.6793261,0.8536544,0.2268196,0.7081948,0.8589627,0.3495225,0.7486000,0.7844000,0.5442000,0.7580000,0.6817000,0.4298000,0.7913000,0.5887000,0.4376000,0.8163000,0.5339000,0.3810000,0.9585000,0.4270000,0.2770000,0.5309636,0.5665976,0.2567051},
{0.6032643,0.6203433,0.2441045,0.5347113,0.6104240,0.2070387,0.6084671,0.7385545,0.2573867,0.6850114,0.8622828,0.2246433,0.7135296,0.8649161,0.3483121,0.7503000,0.7868000,0.5441000,0.7586000,0.6838000,0.4296000,0.7906000,0.5900000,0.4376000,0.8149000,0.5350000,0.3809000,0.9585000,0.4271000,0.2770000,0.5295023,0.5797732,0.2503446},
{0.6050982,0.6300662,0.2390468,0.5365190,0.6229868,0.2010141,0.6121207,0.7476401,0.2540865,0.6906325,0.8703748,0.2226673,0.7188639,0.8705520,0.3472229,0.7519000,0.7892000,0.5440000,0.7590000,0.6858000,0.4295000,0.7895000,0.5913000,0.4377000,0.8135000,0.5361000,0.3807000,0.9585000,0.4271000,0.2770000,0.5285024,0.5923326,0.2440656},
{0.6070640,0.6393052,0.2341527,0.5385834,0.6349619,0.1951568,0.6159341,0.7564242,0.2508800,0.6963716,0.8782307,0.2208126,0.7240776,0.8757780,0.3462663,0.7535000,0.7915000,0.5438000,0.7593000,0.6878000,0.4295000,0.7878000,0.5924000,0.4377000,0.8121000,0.5371000,0.3806000,0.9584000,0.4271000,0.2770000,0.5279144,0.6044375,0.2378074},
{0.6091605,0.6481679,0.2293749,0.5408595,0.6463196,0.1894948,0.6198258,0.7647737,0.2478171,0.7020866,0.8856826,0.2191142,0.7291814,0.8806427,0.3454259,0.7549000,0.7938000,0.5437000,0.7595000,0.6897000,0.4295000,0.7873000,0.5940000,0.4377000,0.8107000,0.5382000,0.3805000,0.9584000,0.4271000,0.2770000,0.5277109,0.6159271,0.2316726},
{0.6113476,0.6565805,0.2247620,0.5433290,0.6571521,0.1839944,0.6237756,0.7727078,0.2448923,0.7077687,0.8927551,0.2175605,0.7342336,0.8852292,0.3446814,0.7567000,0.7958000,0.5437000,0.7599000,0.6916000,0.4294000,0.7865000,0.5954000,0.4377000,0.8092000,0.5394000,0.3805000,0.9584000,0.4271000,0.2770000,0.5278524,0.6268860,0.2256367},
{0.6136351,0.6646608,0.2202575,0.5459119,0.6672823,0.1787589,0.6277775,0.7802670,0.2420923,0.7134879,0.8995606,0.2161221,0.7390916,0.8894368,0.3440430,0.7583000,0.7979000,0.5436000,0.7601000,0.6935000,0.4293000,0.7855000,0.5969000,0.4377000,0.8076000,0.5406000,0.3804000,0.9584000,0.4271000,0.2770000,0.5283043,0.6372933,0.2197301},
{0.6159793,0.6723235,0.2159168,0.5486097,0.6768711,0.1737184,0.6318690,0.7875587,0.2393783,0.7191802,0.9060446,0.2148065,0.7440224,0.8935152,0.3434684,0.7599000,0.8000000,0.5434000,0.7603000,0.6955000,0.4293000,0.7846000,0.5983000,0.4377000,0.8061000,0.5418000,0.3803000,0.9584000,0.4271000,0.2770000,0.5290164,0.6469751,0.2140750},
{0.6183418,0.6795208,0.2117765,0.5513889,0.6859169,0.1688848,0.6360134,0.7945464,0.2367648,0.7248141,0.9121959,0.2136110,0.7488896,0.8973601,0.3429704,0.7615000,0.8021000,0.5430000,0.7603000,0.6974000,0.4292000,0.7836000,0.5997000,0.4377000,0.8047000,0.5430000,0.3803000,0.9584000,0.4271000,0.2770000,0.5299626,0.6561377,0.2085735},
{0.6207338,0.6863540,0.2077868,0.5541640,0.6942660,0.1643530,0.6401372,0.8011438,0.2342854,0.7303351,0.9179827,0.2125361,0.7537454,0.9010249,0.3425390,0.7631000,0.8042000,0.5426000,0.7604000,0.6994000,0.4291000,0.7826000,0.6011000,0.4378000,0.8033000,0.5442000,0.3803000,0.9584000,0.4271000,0.2771000,0.5310892,0.6646306,0.2033371},
{0.6230815,0.6926778,0.2040417,0.5569639,0.7021152,0.1600285,0.6441579,0.8072678,0.2319730,0.7358104,0.9234987,0.2115594,0.7586500,0.9045603,0.3421667,0.7643000,0.8063000,0.5424000,0.7605000,0.7012000,0.4288000,0.7818000,0.6026000,0.4377000,0.8018000,0.5455000,0.3803000,0.9584000,0.4272000,0.2771000,0.5323722,0.6725751,0.1983129},
{0.6254072,0.6986151,0.2004775,0.5597396,0.7094123,0.1559503,0.6480808,0.8129755,0.2298079,0.7410775,0.9286062,0.2106995,0.7634515,0.9078657,0.3418617,0.7657000,0.8083000,0.5421000,0.7604000,0.7031000,0.4285000,0.7808000,0.6040000,0.4377000,0.8003000,0.5467000,0.3803000,0.9583000,0.4272000,0.2771000,0.5337668,0.6799204,0.1935531},
{0.6276698,0.7041142,0.1971335,0.5624809,0.7162102,0.1520988,0.6518708,0.8182587,0.2277949,0.7462137,0.9334078,0.2099327,0.7681279,0.9109421,0.3416193,0.7671000,0.8104000,0.5417000,0.7604000,0.7049000,0.4284000,0.7799000,0.6055000,0.4377000,0.7988000,0.5480000,0.3803000,0.9583000,0.4272000,0.2771000,0.5352409,0.6866962,0.1890594},
{0.6298849,0.7092604,0.1939656,0.5651072,0.7223875,0.1485536,0.6555470,0.8231824,0.2259107,0.7511247,0.9378406,0.2092629,0.7725978,0.9137551,0.3414364,0.7686000,0.8123000,0.5415000,0.7611000,0.7068000,0.4284000,0.7791000,0.6070000,0.4376000,0.7974000,0.5492000,0.3803000,0.9583000,0.4272000,0.2771000,0.5367357,0.6928163,0.1849106},
{0.6320006,0.7139759,0.1910289,0.5676968,0.7281920,0.1451816,0.6590871,0.8277488,0.2241559,0.7558718,0.9419840,0.2086721,0.7767623,0.9162667,0.3413076,0.7701000,0.8141000,0.5413000,0.7614000,0.7086000,0.4283000,0.7782000,0.6086000,0.4377000,0.7961000,0.5505000,0.3803000,0.9583000,0.4272000,0.2771000,0.5382737,0.6985109,0.1809695},
{0.6340533,0.7183805,0.1882557,0.5701256,0.7334027,0.1421195,0.6625364,0.8320432,0.2224988,0.7604370,0.9458421,0.2081547,0.7807681,0.9185858,0.3412207,0.7715000,0.8160000,0.5412000,0.7615000,0.7104000,0.4283000,0.7774000,0.6101000,0.4378000,0.7948000,0.5519000,0.3804000,0.9583000,0.4272000,0.2771000,0.5398111,0.7037191,0.1772933},
{0.6360174,0.7224496,0.1856670,0.5724807,0.7382583,0.1392354,0.6657974,0.8359701,0.2209775,0.7648133,0.9494278,0.2077039,0.7846155,0.9207257,0.3411708,0.7729000,0.8178000,0.5409000,0.7617000,0.7121000,0.4282000,0.7765000,0.6117000,0.4379000,0.7935000,0.5533000,0.3804000,0.9583000,0.4272000,0.2771000,0.5413253,0.7084609,0.1738832},
{0.6378822,0.7261904,0.1832637,0.5746887,0.7426482,0.1366014,0.6689319,0.8396290,0.2195546,0.7690464,0.9527941,0.2073086,0.7881906,0.9226388,0.3411531,0.7742000,0.8195000,0.5408000,0.7618000,0.7139000,0.4283000,0.7758000,0.6132000,0.4379000,0.7923000,0.5547000,0.3805000,0.9583000,0.4272000,0.2771000,0.5428151,0.7128103,0.1707000},
{0.6396555,0.7296437,0.1810248,0.5767871,0.7466847,0.1341566,0.6718923,0.8429853,0.2182446,0.7729028,0.9557760,0.2069826,0.7916288,0.9244115,0.3411618,0.7754000,0.8213000,0.5405000,0.7617000,0.7155000,0.4283000,0.7750000,0.6147000,0.4380000,0.7913000,0.5561000,0.3805000,0.9583000,0.4273000,0.2772000,0.5442750,0.7168110,0.1677228},
{0.6413595,0.7328721,0.1789135,0.5787411,0.7503321,0.1319281,0.6746238,0.8460000,0.2170638,0.7766614,0.9586060,0.2066954,0.7949594,0.9260667,0.3411939,0.7764000,0.8231000,0.5404000,0.7616000,0.7172000,0.4282000,0.7743000,0.6162000,0.4381000,0.7897000,0.5574000,0.3805000,0.9582000,0.4273000,0.2772000,0.5456671,0.7204153,0.1649983},
{0.6429535,0.7358166,0.1769720,0.5806678,0.7538293,0.1297735,0.6772211,0.8487962,0.2159650,0.7801476,0.9611653,0.2064553,0.7979733,0.9275127,0.3412427,0.7774000,0.8247000,0.5402000,0.7616000,0.7188000,0.4282000,0.7736000,0.6177000,0.4381000,0.7885000,0.5588000,0.3806000,0.9582000,0.4273000,0.2772000,0.5470298,0.7237663,0.1624277},
{0.6444262,0.7384749,0.1752060,0.5824150,0.7569201,0.1278544,0.6796432,0.8513440,0.2149607,0.7833701,0.9634759,0.2062554,0.8006959,0.9287772,0.3413028,0.7782000,0.8263000,0.5399000,0.7616000,0.7204000,0.4282000,0.7730000,0.6191000,0.4381000,0.7876000,0.5602000,0.3806000,0.9582000,0.4273000,0.2772000,0.5483383,0.7268355,0.1600401},
{0.6458653,0.7410175,0.1735049,0.5840503,0.7597467,0.1260868,0.6819094,0.8536773,0.2140382,0.7862873,0.9655226,0.2060925,0.8031255,0.9298724,0.3413691,0.7789000,0.8277000,0.5397000,0.7616000,0.7219000,0.4282000,0.7723000,0.6207000,0.4382000,0.7866000,0.5615000,0.3807000,0.9582000,0.4273000,0.2772000,0.5495875,0.7296422,0.1578278},
{0.6471492,0.7432417,0.1720069,0.5856065,0.7623795,0.1244293,0.6840150,0.8558026,0.2131956,0.7889424,0.9673488,0.2059589,0.8053459,0.9308462,0.3414401,0.7795000,0.8292000,0.5394000,0.7615000,0.7234000,0.4282000,0.7717000,0.6221000,0.4383000,0.7857000,0.5628000,0.3808000,0.9582000,0.4273000,0.2772000,0.5508058,0.7322726,0.1557283},
{0.6483489,0.7452839,0.1706233,0.5870285,0.7647387,0.1229348,0.6859519,0.8577221,0.2124326,0.7914218,0.9690232,0.2058465,0.8072574,0.9316639,0.3415090,0.7800000,0.8306000,0.5391000,0.7613000,0.7248000,0.4282000,0.7711000,0.6234000,0.4384000,0.7849000,0.5641000,0.3810000,0.9582000,0.4273000,0.2772000,0.5519240,0.7346010,0.1538480},
{0.6494685,0.7471589,0.1693458,0.5883277,0.7668563,0.1215857,0.6876594,0.8593870,0.2117693,0.7936065,0.9704741,0.2057574,0.8089600,0.9323763,0.3415765,0.7804000,0.8319000,0.5387000,0.7612000,0.7261000,0.4282000,0.7704000,0.6247000,0.4385000,0.7840000,0.5652000,0.3812000,0.9582000,0.4273000,0.2772000,0.5529684,0.7367063,0.1521296},
{0.6505581,0.7489562,0.1681148,0.5895090,0.7687514,0.1203721,0.6893289,0.8609903,0.2111291,0.7955478,0.9717442,0.2056858,0.8103525,0.9329478,0.3416360,0.7806000,0.8332000,0.5383000,0.7610000,0.7274000,0.4282000,0.7698000,0.6260000,0.4386000,0.7833000,0.5664000,0.3814000,0.9582000,0.4273000,0.2772000,0.5539576,0.7386421,0.1505336},
{0.6514840,0.7504625,0.1670780,0.5905533,0.7704036,0.1193093,0.6907407,0.8623276,0.2105940,0.7972589,0.9728489,0.2056286,0.8115244,0.9334211,0.3416890,0.7808000,0.8344000,0.5379000,0.7607000,0.7285000,0.4281000,0.7692000,0.6272000,0.4387000,0.7825000,0.5674000,0.3816000,0.9581000,0.4274000,0.2773000,0.5548792,0.7403972,0.1490731}
};
