fitErrPi Mean = 0.322513
fitErrTh Mean = 0.0151074
fitErrWr Mean = 0.00776328
fitErrLA Mean = 0.0855825
fitErrEl Mean = 0.203424
fitErrUA Mean = 0.0279676
efPts = {
{0.5877481,0.7898273,0.1478641,0.5496399,0.7504834,0.1332102,0.6467339,0.9423114,0.1966293,0.7749615,0.9360778,0.1943294,0.7038278,0.8674799,0.3073289,0.7162000,0.8238000,0.4687000,0.6999000,0.7385000,0.3551000,0.7232000,0.6585000,0.3619000,0.7371000,0.5860000,0.3787000,0.8000000,0.5019000,0.4520000,0.5140669,0.1640496,-1.2789762},
{0.5848396,0.7903481,0.1492988,0.5468137,0.7511159,0.1349603,0.6456247,0.9419222,0.1966878,0.7744263,0.9356114,0.1943536,0.7018501,0.8677834,0.3079249,0.7133000,0.8234000,0.4677000,0.6972000,0.7424000,0.3574000,0.7217000,0.6582000,0.3612000,0.7357000,0.5858000,0.3783000,0.7986000,0.5021000,0.4519000,0.5529119,0.7590277,0.0284231},
{0.5813213,0.7909622,0.1510081,0.5430718,0.7519334,0.1372352,0.6443455,0.9414713,0.1967544,0.7737433,0.9350153,0.1943845,0.6999014,0.8680740,0.3085047,0.7102000,0.8231000,0.4667000,0.6943000,0.7430000,0.3587000,0.7202000,0.6579000,0.3604000,0.7343000,0.5856000,0.3778000,0.7972000,0.5021000,0.4519000,0.5516528,0.7587169,0.0279062},
{0.5772495,0.7916516,0.1529513,0.5386113,0.7528791,0.1398855,0.6427406,0.9409026,0.1968365,0.7729878,0.9343551,0.1944186,0.6977033,0.8683917,0.3091500,0.7071000,0.8227000,0.4656000,0.6925000,0.7422000,0.3574000,0.7187000,0.6576000,0.3596000,0.7328000,0.5854000,0.3772000,0.7957000,0.5022000,0.4518000,0.5500961,0.7583316,0.0272650},
{0.5729262,0.7923590,0.1549738,0.5335996,0.7539052,0.1427857,0.6408033,0.9402115,0.1969336,0.7721254,0.9336003,0.1944576,0.6956259,0.8686825,0.3097514,0.7040000,0.8224000,0.4647000,0.6904000,0.7417000,0.3567000,0.7168000,0.6573000,0.3588000,0.7311000,0.5852000,0.3767000,0.7941000,0.5024000,0.4516000,0.5484203,0.7579156,0.0265722},
{0.5682344,0.7930986,0.1571224,0.5281479,0.7549789,0.1458504,0.6386143,0.9394248,0.1970404,0.7709758,0.9325921,0.1945094,0.6933332,0.8689928,0.3104060,0.7009000,0.8221000,0.4637000,0.6882000,0.7413000,0.3558000,0.7151000,0.6570000,0.3580000,0.7293000,0.5850000,0.3762000,0.7923000,0.5025000,0.4515000,0.5462700,0.7573802,0.0256793},
{0.5630841,0.7938775,0.1594265,0.5221529,0.7561102,0.1491152,0.6359675,0.9384651,0.1971658,0.7695281,0.9313192,0.1945747,0.6911435,0.8692790,0.3110222,0.6978000,0.8218000,0.4628000,0.6862000,0.7405000,0.3548000,0.7133000,0.6567000,0.3572000,0.7277000,0.5847000,0.3754000,0.7904000,0.5027000,0.4513000,0.5436434,0.7567234,0.0245828},
{0.5574149,0.7946956,0.1618981,0.5155938,0.7572907,0.1525653,0.6327018,0.9372684,0.1973145,0.7677705,0.9297689,0.1946537,0.6888876,0.8695638,0.3116482,0.6948000,0.8216000,0.4620000,0.6837000,0.7405000,0.3540000,0.7112000,0.6565000,0.3565000,0.7257000,0.5846000,0.3749000,0.7885000,0.5028000,0.4510000,0.5407277,0.7559910,0.0233580},
{0.5511604,0.7955516,0.1645480,0.5083196,0.7585323,0.1562478,0.6289705,0.9358840,0.1974765,0.7657193,0.9279529,0.1947458,0.6865592,0.8698470,0.3122849,0.6918000,0.8215000,0.4612000,0.6813000,0.7403000,0.3531000,0.7092000,0.6562000,0.3557000,0.7239000,0.5844000,0.3741000,0.7863000,0.5029000,0.4507000,0.5372787,0.7551198,0.0218987},
{0.5443280,0.7964322,0.1673527,0.5003754,0.7598100,0.1601030,0.6245906,0.9342357,0.1976558,0.7632885,0.9257913,0.1948548,0.6841064,0.8701340,0.3129457,0.6888000,0.8215000,0.4605000,0.6813000,0.7403000,0.3531000,0.7070000,0.6560000,0.3550000,0.7217000,0.5842000,0.3735000,0.7840000,0.5029000,0.4505000,0.5334652,0.7541507,0.0202722},
{0.5368557,0.7973316,0.1703152,0.4918582,0.7610926,0.1640506,0.6197529,0.9323859,0.1978403,0.7605930,0.9233823,0.1949753,0.6816007,0.8704153,0.3136103,0.6858000,0.8213000,0.4597000,0.6781000,0.7395000,0.3516000,0.7049000,0.6558000,0.3542000,0.7197000,0.5841000,0.3726000,0.7815000,0.5030000,0.4501000,0.5292033,0.7530603,0.0184382},
{0.5287450,0.7982345,0.1734097,0.4826676,0.7623793,0.1681031,0.6141043,0.9301875,0.1980378,0.7577531,0.9208303,0.1951019,0.6788116,0.8707145,0.3143379,0.6828000,0.8211000,0.4590000,0.6750000,0.7388000,0.3501000,0.7024000,0.6557000,0.3535000,0.7174000,0.5840000,0.3719000,0.7790000,0.5031000,0.4498000,0.5246021,0.7518743,0.0164390},
{0.5203015,0.7990954,0.1765008,0.4730910,0.7636166,0.1721057,0.6080323,0.9277778,0.1982284,0.7543397,0.9177440,0.1952536,0.6757781,0.8710237,0.3151151,0.6797000,0.8210000,0.4584000,0.6718000,0.7381000,0.3486000,0.7002000,0.6555000,0.3526000,0.7150000,0.5839000,0.3713000,0.7762000,0.5033000,0.4495000,0.5196137,0.7505784,0.0142491},
{0.5113756,0.7999200,0.1796275,0.4631289,0.7647959,0.1760401,0.6016937,0.9252111,0.1984035,0.7508433,0.9145612,0.1954085,0.6724056,0.8713480,0.3159621,0.6766000,0.8208000,0.4577000,0.6686000,0.7373000,0.3471000,0.6977000,0.6553000,0.3519000,0.7127000,0.5839000,0.3705000,0.7735000,0.5033000,0.4492000,0.5145127,0.7492421,0.0119853},
{0.5021228,0.8006845,0.1827198,0.4528381,0.7659029,0.1798678,0.5950190,0.9224515,0.1985615,0.7469653,0.9110053,0.1955797,0.6688740,0.8716663,0.3168303,0.6733000,0.8206000,0.4569000,0.6655000,0.7366000,0.3455000,0.6954000,0.6550000,0.3509000,0.7104000,0.5838000,0.3697000,0.7705000,0.5035000,0.4488000,0.5091463,0.7478244,0.0095774},
{0.4923967,0.8013915,0.1858107,0.4423691,0.7669173,0.1835237,0.5876244,0.9193264,0.1987049,0.7428000,0.9071558,0.1957629,0.6649997,0.8719908,0.3177612,0.6700000,0.8204000,0.4562000,0.6623000,0.7358000,0.3440000,0.6930000,0.6550000,0.3501000,0.7077000,0.5839000,0.3690000,0.7675000,0.5036000,0.4485000,0.5034164,0.7462969,0.0069763},
{0.4822995,0.8020232,0.1888509,0.4314398,0.7678599,0.1870927,0.5800257,0.9160404,0.1988176,0.7383570,0.9030148,0.1959573,0.6608218,0.8723127,0.3187404,0.6665000,0.8200000,0.4555000,0.6591000,0.7351000,0.3425000,0.6906000,0.6547000,0.3491000,0.7052000,0.5839000,0.3682000,0.7643000,0.5037000,0.4482000,0.4974908,0.7447026,0.0042536},
{0.4717807,0.8025731,0.1918397,0.4201465,0.7687130,0.1905234,0.5718831,0.9124352,0.1988992,0.7337287,0.8986625,0.1961590,0.6563594,0.8726252,0.3197588,0.6630000,0.8198000,0.4548000,0.6560000,0.7344000,0.3410000,0.6881000,0.6546000,0.3482000,0.7026000,0.5840000,0.3674000,0.7611000,0.5039000,0.4479000,0.4912568,0.7430090,0.0013536},
{0.4607621,0.8030335,0.1947796,0.4085489,0.7694651,0.1937827,0.5636238,0.9086892,0.1989405,0.7288352,0.8940176,0.1963712,0.6515734,0.8729252,0.3208204,0.6593000,0.8194000,0.4541000,0.6528000,0.7336000,0.3395000,0.6857000,0.6545000,0.3473000,0.6999000,0.5839000,0.3665000,0.7579000,0.5041000,0.4477000,0.4848591,0.7412536,-0.0016609},
{0.4492442,0.8033911,0.1976488,0.3966573,0.7701095,0.1968548,0.5550268,0.9046944,0.1989389,0.7237143,0.8891089,0.1965921,0.6464726,0.8732061,0.3219177,0.6554000,0.8190000,0.4534000,0.6497000,0.7329000,0.3379000,0.6841000,0.6554000,0.3462000,0.6975000,0.5841000,0.3657000,0.7545000,0.5043000,0.4474000,0.4782827,0.7394308,-0.0048001},
{0.4375663,0.8036273,0.2003493,0.3842623,0.7706482,0.1997741,0.5461479,0.9004654,0.1988893,0.7187053,0.8842594,0.1968070,0.6409989,0.8734642,0.3230572,0.6514000,0.8185000,0.4527000,0.6497000,0.7329000,0.3379000,0.6817000,0.6553000,0.3452000,0.6945000,0.5840000,0.3650000,0.7511000,0.5046000,0.4472000,0.4715632,0.7375492,-0.0080500},
{0.4256571,0.8037397,0.2028914,0.3720465,0.7710496,0.2023755,0.5371587,0.8960764,0.1987890,0.7133470,0.8790184,0.1970355,0.6353171,0.8736859,0.3241996,0.6473000,0.8180000,0.4520000,0.6463000,0.7320000,0.3372000,0.6791000,0.6552000,0.3443000,0.6919000,0.5841000,0.3641000,0.7476000,0.5049000,0.4469000,0.4647736,0.7356282,-0.0113773},
{0.4132225,0.8037212,0.2053214,0.3595426,0.7713302,0.2047611,0.5279430,0.8914638,0.1986336,0.7079397,0.8736731,0.1972648,0.6292754,0.8738714,0.3253703,0.6431000,0.8174000,0.4514000,0.6430000,0.7312000,0.3365000,0.6791000,0.6552000,0.3443000,0.6890000,0.5843000,0.3633000,0.7441000,0.5052000,0.4467000,0.4577274,0.7336135,-0.0148769},
{0.4010499,0.8035707,0.2074818,0.3467722,0.7714835,0.2069139,0.5186003,0.8866697,0.1984211,0.7024082,0.8681455,0.1974980,0.6230342,0.8740101,0.3265333,0.6387000,0.8168000,0.4506000,0.6394000,0.7302000,0.3358000,0.6775000,0.6550000,0.3435000,0.6859000,0.5843000,0.3624000,0.7405000,0.5054000,0.4464000,0.4509842,0.7316653,-0.0182704},
{0.3884212,0.8032783,0.2094984,0.3339426,0.7715042,0.2087930,0.5091812,0.8817150,0.1981504,0.6967340,0.8624120,0.1977356,0.6165243,0.8740991,0.3276975,0.6342000,0.8162000,0.4499000,0.6359000,0.7292000,0.3354000,0.6759000,0.6547000,0.3428000,0.6829000,0.5843000,0.3616000,0.7368000,0.5058000,0.4461000,0.4439456,0.7296107,-0.0218589},
{0.3755739,0.8028402,0.2113179,0.3207521,0.7713883,0.2104331,0.4996719,0.8765876,0.1978188,0.6910290,0.8565818,0.1979729,0.6096519,0.8741327,0.3288738,0.6295000,0.8155000,0.4491000,0.6324000,0.7289000,0.3342000,0.6743000,0.6544000,0.3420000,0.6798000,0.5843000,0.3607000,0.7331000,0.5062000,0.4458000,0.4366347,0.7274539,-0.0256366},
{0.3624345,0.8022471,0.2129395,0.3073941,0.7711310,0.2117964,0.4902071,0.8713578,0.1974298,0.6852507,0.8506087,0.1982116,0.6026580,0.8741051,0.3300165,0.6248000,0.8148000,0.4484000,0.6284000,0.7283000,0.3333000,0.6726000,0.6542000,0.3412000,0.6765000,0.5844000,0.3598000,0.7292000,0.5065000,0.4455000,0.4293042,0.7252678,-0.0294762},
{0.3490855,0.8014957,0.2143415,0.2938792,0.7707290,0.2128740,0.4806798,0.8659641,0.1969781,0.6794581,0.8445508,0.1984492,0.5955643,0.8740146,0.3311210,0.6199000,0.8142000,0.4476000,0.6284000,0.7283000,0.3333000,0.6710000,0.6539000,0.3405000,0.6733000,0.5845000,0.3588000,0.7253000,0.5070000,0.4451000,0.4219764,0.7230590,-0.0333662},
{0.3356532,0.8005894,0.2155043,0.2803035,0.7701827,0.2136533,0.4712410,0.8604904,0.1964701,0.6737043,0.8384632,0.1986835,0.5886132,0.8738664,0.3321509,0.6150000,0.8134000,0.4467000,0.6234000,0.7273000,0.3322000,0.6694000,0.6536000,0.3397000,0.6700000,0.5845000,0.3579000,0.7214000,0.5074000,0.4447000,0.4144003,0.7207505,-0.0374427},
{0.3222399,0.7995348,0.2164186,0.2667726,0.7694969,0.2141294,0.4619419,0.8549691,0.1959097,0.6679026,0.8322527,0.1989180,0.5816173,0.8736589,0.3331364,0.6107000,0.8121000,0.4453000,0.6184000,0.7263000,0.3311000,0.6678000,0.6533000,0.3389000,0.6666000,0.5845000,0.3569000,0.7174000,0.5079000,0.4443000,0.4068839,0.7184353,-0.0415423},
{0.3089490,0.7983428,0.2170821,0.2533904,0.7686802,0.2143057,0.4527777,0.8494007,0.1952981,0.6622233,0.8261017,0.1991458,0.5745752,0.8733918,0.3340774,0.6055000,0.8113000,0.4445000,0.6134000,0.7253000,0.3301000,0.6662000,0.6531000,0.3382000,0.6633000,0.5846000,0.3559000,0.7134000,0.5083000,0.4439000,0.3996643,0.7161879,-0.0455320},
{0.2957618,0.7970157,0.2175021,0.2402615,0.7677453,0.2141942,0.4436276,0.8437123,0.1946277,0.6567051,0.8200564,0.1993655,0.5674082,0.8730612,0.3349836,0.6001000,0.8105000,0.4436000,0.6084000,0.7243000,0.3290000,0.6646000,0.6528000,0.3374000,0.6598000,0.5847000,0.3548000,0.7094000,0.5088000,0.4434000,0.3922722,0.7138628,-0.0496700},
{0.2827744,0.7955679,0.2176835,0.2271564,0.7666797,0.2138010,0.4347509,0.8380686,0.1939190,0.6512395,0.8140004,0.1995814,0.5601948,0.8726693,0.3358437,0.5947000,0.8096000,0.4426000,0.6034000,0.7233000,0.3279000,0.6630000,0.6525000,0.3366000,0.6564000,0.5846000,0.3537000,0.7054000,0.5093000,0.4429000,0.3851490,0.7115991,-0.0537084},
{0.2699195,0.7939969,0.2176355,0.2144969,0.7655240,0.2131527,0.4260279,0.8323998,0.1931654,0.6460111,0.8081426,0.1997864,0.5530193,0.8722214,0.3366485,0.5892000,0.8087000,0.4416000,0.5985000,0.7223000,0.3268000,0.6613000,0.6523000,0.3359000,0.6528000,0.5846000,0.3526000,0.7013000,0.5098000,0.4424000,0.3782047,0.7093704,-0.0576938},
{0.2573995,0.7923343,0.2173701,0.2019796,0.7642585,0.2122501,0.4176370,0.8268293,0.1923858,0.6407090,0.8021365,0.1999927,0.5459549,0.8717245,0.3373918,0.5837000,0.8076000,0.4405000,0.5935000,0.7213000,0.3257000,0.6597000,0.6520000,0.3351000,0.6492000,0.5845000,0.3514000,0.6973000,0.5103000,0.4418000,0.3711056,0.7070695,-0.0618177},
{0.2451371,0.7905783,0.2168996,0.1897293,0.7629006,0.2111128,0.4094299,0.8212667,0.1915701,0.6355610,0.7962405,0.2001914,0.5388449,0.8711689,0.3380913,0.5782000,0.8067000,0.4394000,0.5885000,0.7203000,0.3246000,0.6581000,0.6517000,0.3343000,0.6456000,0.5843000,0.3502000,0.6933000,0.5108000,0.4412000,0.3643350,0.7048538,-0.0657977},
{0.2331400,0.7887371,0.2162360,0.1777506,0.7614573,0.2097550,0.4015365,0.8158077,0.1907348,0.6305494,0.7904384,0.2003834,0.5320330,0.8705848,0.3387161,0.5727000,0.8057000,0.4382000,0.5835000,0.7193000,0.3236000,0.6565000,0.6515000,0.3336000,0.6419000,0.5843000,0.3491000,0.6893000,0.5113000,0.4405000,0.3574122,0.7025667,-0.0699148},
{0.2214649,0.7868271,0.2153953,0.1661028,0.7599428,0.2081984,0.3939751,0.8104756,0.1898869,0.6257610,0.7848363,0.2005654,0.5252592,0.8699541,0.3392936,0.5672000,0.8048000,0.4370000,0.5785000,0.7183000,0.3225000,0.6549000,0.6512000,0.3328000,0.6383000,0.5840000,0.3479000,0.6853000,0.5118000,0.4399000,0.3509285,0.7004047,-0.0738148},
{0.2100331,0.7848427,0.2143836,0.1548149,0.7583692,0.2064643,0.3865807,0.8051616,0.1890113,0.6210398,0.7792558,0.2007435,0.5184847,0.8692737,0.3398277,0.5617000,0.8038000,0.4357000,0.5785000,0.7183000,0.3225000,0.6533000,0.6509000,0.3321000,0.6347000,0.5837000,0.3467000,0.6815000,0.5123000,0.4392000,0.3444105,0.6982118,-0.0777784},
{0.1990134,0.7828215,0.2132296,0.1439714,0.7567575,0.2045859,0.3793927,0.7998990,0.1881150,0.6166561,0.7740228,0.2009075,0.5119861,0.8685746,0.3402994,0.5562000,0.8030000,0.4343000,0.5745000,0.7177000,0.3210000,0.6517000,0.6507000,0.3313000,0.6311000,0.5834000,0.3455000,0.6777000,0.5127000,0.4385000,0.3382366,0.6961165,-0.0815728},
{0.1883380,0.7807606,0.2119420,0.1334588,0.7550998,0.2025622,0.3725507,0.7947986,0.1872194,0.6123528,0.7688365,0.2010674,0.5056649,0.8678511,0.3407201,0.5507000,0.8021000,0.4329000,0.5708000,0.7169000,0.3196000,0.6501000,0.6504000,0.3305000,0.6276000,0.5829000,0.3442000,0.6739000,0.5132000,0.4378000,0.3320687,0.6940055,-0.0854027},
{0.1782171,0.7787119,0.2105648,0.1234970,0.7534408,0.2004568,0.3657586,0.7896452,0.1862884,0.6080913,0.7636517,0.2012245,0.4995171,0.8671063,0.3410932,0.5454000,0.8012000,0.4315000,0.5670000,0.7157000,0.3183000,0.6484000,0.6501000,0.3298000,0.6241000,0.5824000,0.3430000,0.6702000,0.5136000,0.4371000,0.3258728,0.6918670,-0.0892895},
{0.1685090,0.7766586,0.2090984,0.1139488,0.7517685,0.1982639,0.3595810,0.7848779,0.1854043,0.6041654,0.7588314,0.2013682,0.4935488,0.8663444,0.3414214,0.5400000,0.8004000,0.4301000,0.5634000,0.7149000,0.3168000,0.6468000,0.6498000,0.3290000,0.6205000,0.5819000,0.3419000,0.6667000,0.5139000,0.4363000,0.3203389,0.6899416,-0.0927948},
{0.1590951,0.7745837,0.2075381,0.1047457,0.7500788,0.1959848,0.3536186,0.7802023,0.1845164,0.6001871,0.7539031,0.2015128,0.4875538,0.8655406,0.3417173,0.5347000,0.7994000,0.4285000,0.5597000,0.7138000,0.3155000,0.6452000,0.6496000,0.3282000,0.6171000,0.5812000,0.3406000,0.6632000,0.5143000,0.4355000,0.3147907,0.6879967,-0.0963413},
{0.1500701,0.7725158,0.2059124,0.0958694,0.7483751,0.1936291,0.3479970,0.7757254,0.1836473,0.5964975,0.7492925,0.2016459,0.4816559,0.8647120,0.3419753,0.5294000,0.7985000,0.4270000,0.5560000,0.7125000,0.3141000,0.6436000,0.6493000,0.3275000,0.6136000,0.5805000,0.3392000,0.6597000,0.5146000,0.4346000,0.3096613,0.6861856,-0.0996489},
{0.1414739,0.7704731,0.2042434,0.0873976,0.7466798,0.1912333,0.3425032,0.7712843,0.1827673,0.5930037,0.7448905,0.2017711,0.4760301,0.8638866,0.3421907,0.5243000,0.7976000,0.4253000,0.5525000,0.7114000,0.3126000,0.6420000,0.6490000,0.3267000,0.6102000,0.5798000,0.3379000,0.6562000,0.5148000,0.4336000,0.3043374,0.6842925,-0.1031113},
{0.1332591,0.7684533,0.2025368,0.0792214,0.7449779,0.1887812,0.3371707,0.7669095,0.1818832,0.5894875,0.7404242,0.2018961,0.4704928,0.8630406,0.3423732,0.5194000,0.7965000,0.4237000,0.5484000,0.7085000,0.3113000,0.6404000,0.6488000,0.3259000,0.6069000,0.5791000,0.3365000,0.6529000,0.5151000,0.4327000,0.2994414,0.6825394,-0.1063221},
{0.1254130,0.7664611,0.2008028,0.0715318,0.7433169,0.1863466,0.3320700,0.7626643,0.1810094,0.5859491,0.7358927,0.2020211,0.4651202,0.8621878,0.3425223,0.5146000,0.7955000,0.4220000,0.5484000,0.7085000,0.3113000,0.6388000,0.6485000,0.3252000,0.6038000,0.5784000,0.3351000,0.6495000,0.5153000,0.4316000,0.2944293,0.6807328,-0.1096355},
{0.1179084,0.7644970,0.1990475,0.0641567,0.7416675,0.1838918,0.3272407,0.7585889,0.1801560,0.5827041,0.7317036,0.2021349,0.4599373,0.8613350,0.3426398,0.5099000,0.7945000,0.4204000,0.5478000,0.7082000,0.3109000,0.6372000,0.6482000,0.3244000,0.6007000,0.5779000,0.3337000,0.6462000,0.5154000,0.4306000,0.2900929,0.6791598,-0.1125240},
{0.1107977,0.7625821,0.1972953,0.0571669,0.7400522,0.1814543,0.3228712,0.7548535,0.1793615,0.5794953,0.7275295,0.2022467,0.4549585,0.8604879,0.3427281,0.5053000,0.7936000,0.4187000,0.5472000,0.7078000,0.3106000,0.6355000,0.6480000,0.3236000,0.5977000,0.5774000,0.3323000,0.6429000,0.5156000,0.4295000,0.2856792,0.6775494,-0.1154849},
{0.1038737,0.7606661,0.1955044,0.0505175,0.7384672,0.1790327,0.3185458,0.7511095,0.1785535,0.5766378,0.7237854,0.2023456,0.4500848,0.8596319,0.3427912,0.5008000,0.7927000,0.4170000,0.5466000,0.7075000,0.3102000,0.6339000,0.6477000,0.3229000,0.5947000,0.5770000,0.3309000,0.6396000,0.5157000,0.4284000,0.2810814,0.6758615,-0.1185917},
{0.0973593,0.7588162,0.1937416,0.0441775,0.7369111,0.1766282,0.3144384,0.7475108,0.1777659,0.5740335,0.7203504,0.2024352,0.4454805,0.8587988,0.3428293,0.4965000,0.7917000,0.4152000,0.5459000,0.7072000,0.3098000,0.6323000,0.6474000,0.3221000,0.5919000,0.5766000,0.3294000,0.6365000,0.5158000,0.4272000,0.2769213,0.6743254,-0.1214228},
{0.0911486,0.7570092,0.1919894,0.0381333,0.7353857,0.1742469,0.3103910,0.7439221,0.1769701,0.5712307,0.7166293,0.2025310,0.4410870,0.8579814,0.3428461,0.4924000,0.7908000,0.4135000,0.5453000,0.7069000,0.3095000,0.6307000,0.6471000,0.3214000,0.5891000,0.5763000,0.3279000,0.6334000,0.5160000,0.4260000,0.2729763,0.6728607,-0.1241249},
{0.0853430,0.7552810,0.1902871,0.0324439,0.7339116,0.1719239,0.3067019,0.7406136,0.1762272,0.5687184,0.7132720,0.2026163,0.4367705,0.8571569,0.3428438,0.4883000,0.7900000,0.4117000,0.5447000,0.7066000,0.3091000,0.6291000,0.6469000,0.3206000,0.5865000,0.5759000,0.3263000,0.6303000,0.5160000,0.4249000,0.2690587,0.6713985,-0.1268253},
{0.0798539,0.7536117,0.1886193,0.0271151,0.7324965,0.1696749,0.3032148,0.7374524,0.1755093,0.5661682,0.7098429,0.2027024,0.4326701,0.8563539,0.3428242,0.4844000,0.7891000,0.4100000,0.5441000,0.7062000,0.3087000,0.6275000,0.6466000,0.3198000,0.5840000,0.5756000,0.3249000,0.6274000,0.5161000,0.4237000,0.2653415,0.6700039,-0.1294033},
{0.0746482,0.7519962,0.1869843,0.0221274,0.7311411,0.1675041,0.2999757,0.7344860,0.1748284,0.5639312,0.7068168,0.2027775,0.4286248,0.8555425,0.3427881,0.4844000,0.7891000,0.4100000,0.5435000,0.7059000,0.3084000,0.6259000,0.6463000,0.3191000,0.5816000,0.5753000,0.3234000,0.6246000,0.5162000,0.4226000,0.2619546,0.6687272,-0.1317656},
{0.0697530,0.7504480,0.1853986,0.0175521,0.7298708,0.1654555,0.2969328,0.7316725,0.1741763,0.5617997,0.7039177,0.2028487,0.4247048,0.8547379,0.3427371,0.4837000,0.7888000,0.4095000,0.5428000,0.7056000,0.3080000,0.6242000,0.6461000,0.3183000,0.5792000,0.5749000,0.3220000,0.6219000,0.5163000,0.4216000,0.2587731,0.6675226,-0.1339964},
{0.0651752,0.7489740,0.1838728,0.0130704,0.7286010,0.1633946,0.2940040,0.7289393,0.1735370,0.5596806,0.7010200,0.2029191,0.4210512,0.8539717,0.3426753,0.4830000,0.7884000,0.4091000,0.5422000,0.7053000,0.3076000,0.6226000,0.6458000,0.3175000,0.5769000,0.5747000,0.3207000,0.6194000,0.5165000,0.4205000,0.2556501,0.6663352,-0.1361971},
{0.0608822,0.7475685,0.1824035,0.0088932,0.7273943,0.1614243,0.2911379,0.7262404,0.1729000,0.5577497,0.6983659,0.2029829,0.4174319,0.8531969,0.3426002,0.4823000,0.7881000,0.4087000,0.5416000,0.7049000,0.3073000,0.6210000,0.6455000,0.3168000,0.5748000,0.5743000,0.3193000,0.6170000,0.5166000,0.4194000,0.2524254,0.6651038,-0.1384812},
{0.0567743,0.7462022,0.1809623,0.0049622,0.7262379,0.1595257,0.2884054,0.7236443,0.1722821,0.5558458,0.6957362,0.2030455,0.4141792,0.8524871,0.3425209,0.4815000,0.7877000,0.4082000,0.5410000,0.7046000,0.3069000,0.6194000,0.6453000,0.3160000,0.5727000,0.5740000,0.3181000,0.6146000,0.5167000,0.4186000,0.2498893,0.6641316,-0.1402857},
{0.0529657,0.7449164,0.1795947,0.0013040,0.7251430,0.1577192,0.2858944,0.7212387,0.1717049,0.5541382,0.6933666,0.2031014,0.4110628,0.8517950,0.3424344,0.4808000,0.7873000,0.4078000,0.5404000,0.7043000,0.3065000,0.6178000,0.6450000,0.3152000,0.5712000,0.5738000,0.3170000,0.6123000,0.5167000,0.4177000,0.2470482,0.6630386,-0.1423160},
{0.0494096,0.7436991,0.1782901,-0.0022116,0.7240737,0.1559467,0.2835412,0.7189665,0.1711558,0.5525032,0.6910879,0.2031547,0.4081322,0.8511333,0.3423434,0.4801000,0.7870000,0.4074000,0.5397000,0.7040000,0.3062000,0.6162000,0.6447000,0.3145000,0.5694000,0.5735000,0.3159000,0.6102000,0.5167000,0.4170000,0.2447098,0.6621358,-0.1439940},
{0.0460748,0.7425427,0.1770421,-0.0054336,0.7230786,0.1542899,0.2813715,0.7168560,0.1706423,0.5511701,0.6892228,0.2031979,0.4053214,0.8504886,0.3422474,0.4794000,0.7866000,0.4069000,0.5391000,0.7036000,0.3058000,0.6146000,0.6444000,0.3137000,0.5694000,0.5735000,0.3159000,0.6080000,0.5167000,0.4162000,0.2422824,0.6611957,-0.1457425},
{0.0430330,0.7414750,0.1758827,-0.0084933,0.7221199,0.1526877,0.2794532,0.7149775,0.1701824,0.5496374,0.6870704,0.2032475,0.4028291,0.8499087,0.3421551,0.4787000,0.7862000,0.4065000,0.5385000,0.7033000,0.3054000,0.6130000,0.6442000,0.3129000,0.5643000,0.5719000,0.3150000,0.6060000,0.5166000,0.4155000,0.2403193,0.6604332,-0.1471614},
{0.0402283,0.7404797,0.1747956,-0.0111409,0.7212795,0.1512781,0.2775894,0.7131410,0.1697302,0.5485197,0.6854954,0.2032835,0.4005343,0.8493677,0.3420639,0.4780000,0.7859000,0.4060000,0.5379000,0.7030000,0.3051000,0.6113000,0.6439000,0.3122000,0.5626000,0.5715000,0.3141000,0.6040000,0.5165000,0.4146000,0.2381242,0.6595781,-0.1487534},
{0.0377462,0.7395900,0.1738190,-0.0135438,0.7205079,0.1499799,0.2759983,0.7115640,0.1693400,0.5474385,0.6839672,0.2033182,0.3983461,0.8488457,0.3419716,0.4772000,0.7855000,0.4056000,0.5373000,0.7027000,0.3047000,0.6097000,0.6436000,0.3114000,0.5611000,0.5712000,0.3132000,0.6022000,0.5163000,0.4139000,0.2366414,0.6589990,-0.1498319},
{0.0354024,0.7387422,0.1728841,-0.0158261,0.7197671,0.1487299,0.2745049,0.7100762,0.1689702,0.5464670,0.6825905,0.2033493,0.3963621,0.8483671,0.3418832,0.4765000,0.7852000,0.4052000,0.5367000,0.7023000,0.3043000,0.6081000,0.6434000,0.3106000,0.5598000,0.5709000,0.3121000,0.6003000,0.5160000,0.4132000,0.2350889,0.6583916,-0.1509639},
{0.0333208,0.7379829,0.1720433,-0.0178914,0.7190900,0.1475844,0.2731532,0.7087231,0.1686324,0.5454861,0.6811968,0.2033806,0.3945892,0.8479352,0.3418005,0.4758000,0.7848000,0.4047000,0.5360000,0.7020000,0.3039000,0.6065000,0.6431000,0.3099000,0.5583000,0.5705000,0.3112000,0.5986000,0.5158000,0.4124000,0.2335083,0.6577718,-0.1521192},
{0.0313409,0.7372551,0.1712343,-0.0199131,0.7184208,0.1464496,0.2718867,0.7074496,0.1683133,0.5446447,0.6799983,0.2034074,0.3929290,0.8475270,0.3417197,0.4751000,0.7844000,0.4043000,0.5354000,0.7017000,0.3036000,0.6049000,0.6428000,0.3091000,0.5575000,0.5704000,0.3100000,0.5969000,0.5156000,0.4117000,0.2321581,0.6572413,-0.1531084},
{0.0295904,0.7366070,0.1705115,-0.0217541,0.7178059,0.1454045,0.2707943,0.7063467,0.1680360,0.5439703,0.6790359,0.2034288,0.3914077,0.8471497,0.3416430,0.4744000,0.7841000,0.4039000,0.5348000,0.7014000,0.3032000,0.6033000,0.6426000,0.3084000,0.5559000,0.5699000,0.3093000,0.5953000,0.5153000,0.4110000,0.2307207,0.6566755,-0.1541639},
{0.0280551,0.7360350,0.1698717,-0.0231403,0.7173395,0.1446102,0.2698276,0.7053672,0.1677889,0.5432565,0.6780152,0.2034514,0.3900620,0.8468135,0.3415729,0.4736000,0.7837000,0.4034000,0.5342000,0.7010000,0.3028000,0.6017000,0.6423000,0.3076000,0.5546000,0.5695000,0.3085000,0.5938000,0.5150000,0.4102000,0.2298818,0.6563448,-0.1547810},
{0.0268865,0.7355974,0.1693810,-0.0241885,0.7169847,0.1440053,0.2690458,0.7045727,0.1675881,0.5427888,0.6773454,0.2034662,0.3888525,0.8465093,0.3415081,0.4729000,0.7833000,0.4030000,0.5336000,0.7007000,0.3025000,0.6001000,0.6420000,0.3068000,0.5535000,0.5692000,0.3077000,0.5924000,0.5147000,0.4095000,0.2292410,0.6560919,-0.1552529},
{0.0258042,0.7351904,0.1689236,-0.0251764,0.7166488,0.1434318,0.2684382,0.7039537,0.1674312,0.5423170,0.6766688,0.2034811,0.3877628,0.8462335,0.3414482,0.4722000,0.7830000,0.4026000,0.5329000,0.7004000,0.3021000,0.5984000,0.6417000,0.3061000,0.5527000,0.5688000,0.3068000,0.5912000,0.5144000,0.4088000,0.2284557,0.6557817,-0.1558319},
{0.0248851,0.7348434,0.1685330,-0.0260172,0.7163616,0.1429410,0.2679422,0.7034475,0.1673028,0.5419219,0.6761016,0.2034936,0.3867606,0.8459785,0.3413920,0.4715000,0.7826000,0.4021000,0.5323000,0.7001000,0.3017000,0.5968000,0.6415000,0.3053000,0.5521000,0.5687000,0.3060000,0.5900000,0.5141000,0.4082000,0.2276531,0.6554643,-0.1564244},
{0.0240656,0.7345330,0.1681831,-0.0268603,0.7160726,0.1424465,0.2674859,0.7029809,0.1671842,0.5417395,0.6758396,0.2034993,0.3859726,0.8457770,0.3413469,0.4708000,0.7822000,0.4017000,0.5317000,0.6998000,0.3014000,0.5952000,0.6412000,0.3045000,0.5511000,0.5683000,0.3053000,0.5890000,0.5138000,0.4076000,0.2272671,0.6553116,-0.1567097},
{0.0233239,0.7342512,0.1678650,-0.0275709,0.7158280,0.1420278,0.2670774,0.7025627,0.1670778,0.5413564,0.6752887,0.2035114,0.3852184,0.8455834,0.3413031,0.4701000,0.7819000,0.4013000,0.5311000,0.6994000,0.3010000,0.5936000,0.6409000,0.3038000,0.5508000,0.5682000,0.3045000,0.5879000,0.5135000,0.4069000,0.2267478,0.6551059,-0.1570937},
{0.0226637,0.7339997,0.1675807,-0.0282408,0.7155967,0.1416315,0.2667099,0.7021859,0.1669818,0.5412044,0.6750699,0.2035162,0.3845606,0.8454140,0.3412643,0.4693000,0.7815000,0.4008000,0.5305000,0.6991000,0.3006000,0.5920000,0.6407000,0.3030000,0.5495000,0.5676000,0.3040000,0.5869000,0.5131000,0.4064000,0.2261333,0.6548624,-0.1575485},
{0.0221000,0.7337844,0.1673371,-0.0288889,0.7153723,0.1412465,0.2664891,0.7019593,0.1669240,0.5410695,0.6748758,0.2035205,0.3839365,0.8452526,0.3412271,0.4686000,0.7812000,0.4004000,0.5298000,0.6988000,0.3003000,0.5904000,0.6404000,0.3022000,0.5494000,0.5676000,0.3033000,0.5860000,0.5128000,0.4057000,0.2255460,0.6546295,-0.1579836}
};
