fitErrPi Mean = 0.358558
fitErrTh Mean = 0.029939
fitErrWr Mean = 0.127911
fitErrLA Mean = 0.158833
fitErrEl Mean = 0.10165
fitErrUA Mean = 0.218069
efPts = {
{0.5947540,0.7749211,0.0929960,-0.0009592,0.6471505,-0.2105299,0.6718298,0.8718287,0.1335869,0.3481186,0.3507659,0.4358142,0.3694997,0.2155532,0.5414242,0.6901000,0.8712000,0.4575000,0.6509000,0.7068000,0.3488000,0.6924000,0.6321000,0.2662000,0.6907000,0.5832000,0.3792000,0.7631000,0.4916000,0.5198000,0.3182822,-0.1651071,0.0000000},
{0.5935294,0.7746725,0.0928734,0.5152637,0.7515039,0.0858424,0.6711453,0.8713384,0.1335837,0.6761250,0.8697771,0.2450970,0.5862283,0.7077180,0.3920860,0.6884000,0.8712000,0.4572000,0.6496000,0.7067000,0.3485000,0.6915000,0.6318000,0.2661000,0.6895000,0.5831000,0.3792000,0.7619000,0.4918000,0.5201000,0.3182822,-0.1651071,0.0000000},
{0.5922241,0.7744069,0.0927408,0.5137145,0.7516627,0.0873398,0.6704011,0.8708046,0.1335798,0.6746056,0.8703624,0.2449645,0.5850591,0.7083151,0.3918887,0.6866000,0.8711000,0.4568000,0.6483000,0.7065000,0.3480000,0.6905000,0.6316000,0.2660000,0.6883000,0.5829000,0.3791000,0.7606000,0.4921000,0.5203000,0.3182822,-0.1651071,0.0000000},
{0.5905763,0.7740705,0.0925706,0.5118556,0.7518491,0.0891157,0.6694044,0.8700883,0.1335742,0.6728684,0.8710272,0.2448145,0.5837532,0.7089800,0.3916690,0.6848000,0.8710000,0.4565000,0.6470000,0.7062000,0.3477000,0.6895000,0.6313000,0.2659000,0.6870000,0.5827000,0.3791000,0.7593000,0.4922000,0.5205000,0.3182822,-0.1651071,0.0000000},
{0.5887886,0.7737042,0.0923826,0.5098698,0.7520434,0.0909888,0.6683021,0.8692946,0.1335672,0.6710103,0.8717330,0.2446558,0.5824638,0.7096344,0.3914527,0.6830000,0.8709000,0.4561000,0.6456000,0.7059000,0.3472000,0.6885000,0.6310000,0.2657000,0.6858000,0.5825000,0.3790000,0.7579000,0.4924000,0.5208000,0.3182822,-0.1651071,0.0000000},
{0.5866789,0.7732700,0.0921560,0.5076237,0.7522574,0.0930780,0.6669984,0.8683535,0.1335581,0.6690442,0.8724741,0.2444899,0.5812172,0.7102652,0.3912442,0.6811000,0.8707000,0.4557000,0.6442000,0.7056000,0.3468000,0.6876000,0.6306000,0.2655000,0.6846000,0.5822000,0.3789000,0.7566000,0.4925000,0.5210000,0.3182822,-0.1651071,0.0000000},
{0.5843464,0.7727878,0.0918997,0.5050561,0.7524947,0.0954290,0.6656323,0.8673646,0.1335473,0.6671182,0.8731943,0.2443293,0.5796286,0.7110662,0.3909793,0.6792000,0.8705000,0.4553000,0.6428000,0.7053000,0.3464000,0.6865000,0.6303000,0.2653000,0.6834000,0.5820000,0.3788000,0.7553000,0.4927000,0.5212000,0.3182822,-0.1651071,0.0000000},
{0.5816480,0.7722270,0.0915955,0.5023191,0.7527392,0.0978925,0.6639889,0.8661715,0.1335328,0.6647242,0.8740815,0.2441324,0.5783146,0.7117263,0.3907610,0.6774000,0.8703000,0.4548000,0.6414000,0.7049000,0.3460000,0.6855000,0.6298000,0.2651000,0.6822000,0.5818000,0.3786000,0.7540000,0.4929000,0.5213000,0.3182822,-0.1651071,0.0000000},
{0.5787017,0.7716110,0.0912540,0.4992991,0.7529992,0.1005614,0.6621616,0.8648402,0.1335148,0.6624690,0.8749093,0.2439497,0.5769062,0.7124315,0.3905277,0.6754000,0.8701000,0.4544000,0.6401000,0.7045000,0.3456000,0.6844000,0.6295000,0.2650000,0.6810000,0.5815000,0.3785000,0.7528000,0.4931000,0.5215000,0.3182822,-0.1651071,0.0000000},
{0.5754240,0.7709212,0.0908626,0.4958889,0.7532809,0.1035149,0.6602728,0.8634590,0.1334939,0.6598924,0.8758456,0.2437441,0.5753808,0.7131924,0.3902759,0.6735000,0.8698000,0.4540000,0.6387000,0.7041000,0.3452000,0.6833000,0.6290000,0.2648000,0.6798000,0.5814000,0.3784000,0.7514000,0.4932000,0.5217000,0.3182822,-0.1651071,0.0000000},
{0.5718008,0.7701533,0.0904160,0.4922284,0.7535697,0.1066165,0.6580561,0.8618312,0.1334666,0.6572836,0.8767833,0.2435394,0.5737550,0.7140004,0.3900085,0.6717000,0.8696000,0.4536000,0.6373000,0.7036000,0.3448000,0.6823000,0.6286000,0.2646000,0.6786000,0.5811000,0.3783000,0.7501000,0.4934000,0.5220000,0.3182822,-0.1651071,0.0000000},
{0.5678775,0.7693154,0.0899157,0.4882627,0.7538673,0.1098995,0.6555862,0.8600090,0.1334326,0.6544808,0.8777794,0.2433234,0.5720854,0.7148266,0.3897350,0.6698000,0.8693000,0.4532000,0.6360000,0.7032000,0.3445000,0.6812000,0.6282000,0.2645000,0.6775000,0.5808000,0.3783000,0.7489000,0.4935000,0.5222000,0.3182822,-0.1651071,0.0000000},
{0.5636846,0.7684124,0.0893620,0.4838588,0.7541799,0.1134546,0.6531470,0.8582007,0.1333952,0.6514317,0.8788497,0.2430929,0.5705190,0.7155987,0.3894793,0.6679000,0.8690000,0.4527000,0.6346000,0.7027000,0.3441000,0.6801000,0.6278000,0.2643000,0.6762000,0.5805000,0.3782000,0.7476000,0.4937000,0.5224000,0.3182822,-0.1651071,0.0000000},
{0.5593607,0.7674732,0.0887703,0.4794248,0.7544763,0.1169412,0.6502929,0.8560734,0.1333467,0.6482402,0.8799551,0.2428566,0.5686891,0.7164968,0.3891818,0.6659000,0.8687000,0.4524000,0.6332000,0.7023000,0.3439000,0.6790000,0.6273000,0.2642000,0.6751000,0.5801000,0.3781000,0.7465000,0.4939000,0.5226000,0.3182822,-0.1651071,0.0000000},
{0.5547194,0.7664560,0.0881120,0.4747878,0.7547673,0.1204918,0.6474604,0.8539503,0.1332935,0.6447735,0.8811389,0.2426058,0.5667288,0.7174543,0.3888645,0.6640000,0.8683000,0.4520000,0.6318000,0.7018000,0.3435000,0.6780000,0.6268000,0.2641000,0.6739000,0.5798000,0.3781000,0.7453000,0.4940000,0.5227000,0.3182822,-0.1651071,0.0000000},
{0.5499054,0.7653911,0.0874038,0.4697735,0.7550611,0.1242255,0.6443756,0.8516243,0.1332298,0.6411152,0.8823689,0.2423477,0.5648543,0.7183655,0.3885624,0.6620000,0.8679000,0.4517000,0.6304000,0.7012000,0.3432000,0.6768000,0.6264000,0.2640000,0.6727000,0.5795000,0.3780000,0.7440000,0.4941000,0.5232000,0.3182822,-0.1651071,0.0000000},
{0.5451168,0.7643219,0.0866736,0.4645877,0.7553430,0.1279758,0.6411766,0.8491972,0.1331573,0.6372513,0.8836469,0.2420822,0.5628392,0.7193403,0.3882392,0.6601000,0.8675000,0.4515000,0.6290000,0.7007000,0.3430000,0.6758000,0.6259000,0.2639000,0.6716000,0.5792000,0.3780000,0.7431000,0.4942000,0.5230000,0.3182822,-0.1651071,0.0000000},
{0.5399101,0.7631480,0.0858506,0.4591957,0.7556133,0.1317600,0.6378561,0.8466616,0.1330751,0.6332505,0.8849474,0.2418151,0.5608252,0.7203096,0.3879177,0.6581000,0.8670000,0.4513000,0.6276000,0.7001000,0.3427000,0.6748000,0.6254000,0.2639000,0.6704000,0.5789000,0.3779000,0.7420000,0.4943000,0.5231000,0.3182822,-0.1651071,0.0000000},
{0.5346566,0.7619516,0.0849896,0.4536545,0.7558678,0.1355312,0.6344421,0.8440370,0.1329832,0.6293944,0.8861790,0.2415650,0.5586545,0.7213487,0.3875728,0.6561000,0.8665000,0.4511000,0.6262000,0.6996000,0.3424000,0.6737000,0.6249000,0.2637000,0.6694000,0.5786000,0.3779000,0.7409000,0.4944000,0.5233000,0.3182822,-0.1651071,0.0000000},
{0.5292938,0.7607180,0.0840790,0.4478697,0.7561093,0.1393456,0.6310159,0.8413852,0.1328834,0.6251375,0.8875141,0.2412974,0.5564836,0.7223822,0.3872297,0.6540000,0.8660000,0.4509000,0.6249000,0.6990000,0.3422000,0.6729000,0.6244000,0.2639000,0.6683000,0.5783000,0.3778000,0.7396000,0.4945000,0.5236000,0.3182822,-0.1651071,0.0000000},
{0.5236274,0.7594010,0.0830820,0.4418899,0.7563338,0.1431618,0.6275390,0.8386758,0.1327743,0.6209570,0.8888000,0.2410430,0.5542971,0.7234174,0.3868859,0.6520000,0.8655000,0.4508000,0.6234000,0.6984000,0.3419000,0.6720000,0.6239000,0.2641000,0.6673000,0.5779000,0.3777000,0.7384000,0.4945000,0.5238000,0.3182822,-0.1651071,0.0000000},
{0.5182840,0.7581464,0.0821090,0.4357856,0.7565377,0.1469294,0.6237664,0.8357147,0.1326470,0.6163504,0.8901886,0.2407724,0.5521578,0.7244246,0.3865513,0.6499000,0.8648000,0.4506000,0.6220000,0.6978000,0.3417000,0.6710000,0.6234000,0.2639000,0.6661000,0.5775000,0.3777000,0.7373000,0.4947000,0.5240000,0.3182822,-0.1651071,0.0000000},
{0.5127915,0.7568439,0.0810756,0.4294826,0.7567223,0.1506884,0.6200739,0.8327952,0.1325133,0.6118695,0.8915107,0.2405189,0.5497019,0.7255741,0.3861693,0.6478000,0.8642000,0.4505000,0.6205000,0.6972000,0.3414000,0.6701000,0.6229000,0.2638000,0.6650000,0.5772000,0.3776000,0.7361000,0.4947000,0.5242000,0.3182822,-0.1651071,0.0000000},
{0.5071628,0.7554954,0.0799818,0.4229308,0.7568872,0.1544593,0.6163973,0.8298669,0.1323712,0.6074318,0.8927924,0.2402773,0.5474404,0.7266261,0.3858194,0.6456000,0.8635000,0.4504000,0.6190000,0.6965000,0.3411000,0.6691000,0.6225000,0.2636000,0.6639000,0.5768000,0.3775000,0.7350000,0.4949000,0.5244000,0.3182822,-0.1651071,0.0000000},
{0.5017423,0.7541839,0.0788949,0.4162504,0.7570280,0.1581659,0.6127089,0.8269079,0.1322196,0.6028608,0.8940841,0.2400380,0.5452578,0.7276355,0.3854836,0.6434000,0.8627000,0.4504000,0.6176000,0.6958000,0.3409000,0.6682000,0.6220000,0.2634000,0.6629000,0.5765000,0.3773000,0.7338000,0.4950000,0.5245000,0.3182822,-0.1651071,0.0000000},
{0.4962272,0.7528364,0.0777554,0.4095406,0.7571424,0.1617525,0.6089395,0.8238617,0.1320552,0.5981381,0.8953886,0.2398011,0.5428941,0.7287223,0.3851219,0.6412000,0.8620000,0.4504000,0.6161000,0.6952000,0.3406000,0.6672000,0.6215000,0.2633000,0.6617000,0.5762000,0.3772000,0.7323000,0.4952000,0.5248000,0.3182822,-0.1651071,0.0000000},
{0.4907115,0.7514754,0.0765816,0.4026756,0.7572324,0.1652849,0.6051771,0.8207984,0.1318816,0.5934060,0.8966649,0.2395741,0.5404374,0.7298447,0.3847482,0.6389000,0.8611000,0.4505000,0.6146000,0.6946000,0.3403000,0.6662000,0.6211000,0.2630000,0.6607000,0.5758000,0.3771000,0.7315000,0.4954000,0.5248000,0.3182822,-0.1651071,0.0000000},
{0.4851799,0.7500973,0.0753703,0.3957692,0.7572960,0.1687028,0.6014131,0.8177110,0.1316982,0.5885359,0.8979466,0.2393514,0.5379178,0.7309884,0.3843672,0.6366000,0.8602000,0.4506000,0.6132000,0.6940000,0.3401000,0.6654000,0.6206000,0.2628000,0.6596000,0.5755000,0.3769000,0.7303000,0.4955000,0.5249000,0.3182822,-0.1651071,0.0000000},
{0.4797077,0.7487208,0.0741381,0.3886921,0.7573340,0.1720676,0.5976256,0.8145811,0.1315038,0.5836650,0.8991963,0.2391395,0.5355013,0.7320781,0.3840040,0.6344000,0.8594000,0.4508000,0.6117000,0.6933000,0.3398000,0.6644000,0.6202000,0.2626000,0.6586000,0.5752000,0.3767000,0.7291000,0.4956000,0.5249000,0.3182822,-0.1651071,0.0000000},
{0.4741274,0.7473036,0.0728469,0.3816096,0.7573452,0.1752991,0.5936253,0.8112500,0.1312877,0.5785279,0.9004797,0.2389279,0.5330197,0.7331900,0.3836333,0.6321000,0.8585000,0.4511000,0.6102000,0.6927000,0.3396000,0.6634000,0.6198000,0.2624000,0.6577000,0.5749000,0.3765000,0.7280000,0.4957000,0.5250000,0.3182822,-0.1651071,0.0000000},
{0.4684259,0.7458416,0.0714914,0.3744670,0.7573300,0.1784238,0.5896818,0.8079402,0.1310637,0.5732832,0.9017534,0.2387242,0.5303194,0.7343915,0.3832324,0.6299000,0.8576000,0.4513000,0.6088000,0.6922000,0.3395000,0.6625000,0.6194000,0.2622000,0.6567000,0.5747000,0.3764000,0.7269000,0.4956000,0.5251000,0.3182822,-0.1651071,0.0000000},
{0.4626382,0.7443428,0.0700778,0.3671359,0.7572873,0.1814940,0.5857312,0.8045986,0.1308283,0.5679130,0.9030194,0.2385286,0.5277113,0.7355437,0.3828478,0.6278000,0.8567000,0.4516000,0.6073000,0.6915000,0.3395000,0.6616000,0.6191000,0.2620000,0.6557000,0.5744000,0.3762000,0.7258000,0.4957000,0.5252000,0.3182822,-0.1651071,0.0000000},
{0.4569376,0.7428522,0.0686484,0.3598579,0.7572183,0.1844077,0.5817567,0.8012103,0.1305803,0.5624726,0.9042628,0.2383438,0.5251219,0.7366797,0.3824684,0.6257000,0.8559000,0.4518000,0.6058000,0.6909000,0.3394000,0.6606000,0.6187000,0.2619000,0.6547000,0.5741000,0.3760000,0.7247000,0.4957000,0.5252000,0.3182822,-0.1651071,0.0000000},
{0.4507563,0.7412196,0.0670567,0.3523869,0.7571205,0.1872622,0.5777293,0.7977497,0.1303175,0.5569589,0.9054829,0.2381701,0.5222557,0.7379278,0.3820513,0.6236000,0.8551000,0.4521000,0.6043000,0.6904000,0.3394000,0.6596000,0.6184000,0.2618000,0.6538000,0.5739000,0.3760000,0.7237000,0.4957000,0.5252000,0.3182822,-0.1651071,0.0000000},
{0.4449804,0.7396788,0.0655300,0.3449063,0.7569957,0.1899844,0.5736043,0.7941763,0.1300360,0.5514213,0.9066677,0.2380094,0.5196169,0.7390684,0.3816700,0.6216000,0.8542000,0.4524000,0.6028000,0.6898000,0.3395000,0.6587000,0.6181000,0.2616000,0.6529000,0.5737000,0.3758000,0.7227000,0.4958000,0.5252000,0.3182822,-0.1651071,0.0000000},
{0.4388727,0.7380334,0.0638741,0.3373218,0.7568422,0.1926080,0.5695652,0.7906489,0.1297484,0.5457127,0.9078469,0.2378582,0.5169535,0.7402112,0.3812876,0.6196000,0.8533000,0.4527000,0.6012000,0.6892000,0.3395000,0.6577000,0.6179000,0.2615000,0.6519000,0.5734000,0.3757000,0.7217000,0.4958000,0.5252000,0.3182822,-0.1651071,0.0000000},
{0.4329105,0.7364110,0.0622162,0.3296080,0.7566587,0.1951376,0.5654117,0.7869919,0.1294400,0.5400120,0.9089816,0.2377216,0.5142891,0.7413460,0.3809077,0.6175000,0.8524000,0.4529000,0.5994000,0.6884000,0.3395000,0.6568000,0.6176000,0.2613000,0.6510000,0.5732000,0.3755000,0.7207000,0.4959000,0.5252000,0.3182822,-0.1651071,0.0000000},
{0.4268747,0.7347524,0.0604961,0.3217787,0.7564445,0.1975641,0.5613013,0.7833428,0.1291221,0.5343612,0.9100643,0.2376006,0.5114815,0.7425328,0.3805102,0.6154000,0.8514000,0.4531000,0.5976000,0.6877000,0.3396000,0.6558000,0.6174000,0.2612000,0.6501000,0.5730000,0.3754000,0.7197000,0.4959000,0.5253000,0.3182822,-0.1651071,0.0000000},
{0.4208140,0.7330705,0.0587264,0.3139461,0.7562025,0.1998514,0.5572492,0.7797159,0.1287962,0.5284736,0.9111479,0.2374897,0.5086751,0.7437098,0.3801157,0.6134000,0.8504000,0.4533000,0.5956000,0.6869000,0.3397000,0.6548000,0.6171000,0.2611000,0.6492000,0.5727000,0.3752000,0.7189000,0.4960000,0.5253000,0.3182822,-0.1651071,0.0000000},
{0.4148520,0.7313997,0.0569438,0.3060421,0.7559305,0.2020188,0.5533294,0.7761793,0.1284690,0.5227463,0.9121585,0.2373965,0.5060160,0.7448165,0.3797446,0.6113000,0.8494000,0.4535000,0.5935000,0.6859000,0.3396000,0.6539000,0.6169000,0.2609000,0.6483000,0.5725000,0.3751000,0.7180000,0.4960000,0.5252000,0.3182822,-0.1651071,0.0000000},
{0.4085721,0.7296223,0.0550210,0.2980384,0.7556269,0.2040711,0.5491863,0.7724107,0.1281103,0.5170331,0.9131239,0.2373181,0.5032059,0.7459770,0.3793552,0.6092000,0.8483000,0.4536000,0.5915000,0.6850000,0.3396000,0.6531000,0.6166000,0.2606000,0.6476000,0.5722000,0.3748000,0.7172000,0.4961000,0.5253000,0.3182822,-0.1651071,0.0000000},
{0.4027259,0.7279514,0.0531894,0.2899933,0.7552934,0.2059907,0.5451906,0.7687462,0.1277516,0.5113791,0.9140372,0.2372548,0.5005199,0.7470775,0.3789856,0.6072000,0.8472000,0.4538000,0.5908000,0.6843000,0.3397000,0.6521000,0.6163000,0.2605000,0.6467000,0.5720000,0.3746000,0.7164000,0.4962000,0.5252000,0.3182822,-0.1651071,0.0000000},
{0.3965933,0.7261818,0.0512245,0.2819139,0.7549301,0.2077750,0.5412465,0.7650998,0.1273851,0.5056730,0.9149167,0.2372052,0.4980693,0.7480743,0.3786507,0.6051000,0.8459000,0.4539000,0.5890000,0.6834000,0.3396000,0.6512000,0.6160000,0.2602000,0.6459000,0.5717000,0.3744000,0.7155000,0.4963000,0.5251000,0.3182822,-0.1651071,0.0000000},
{0.3907186,0.7244703,0.0493003,0.2737558,0.7545345,0.2094314,0.5372538,0.7613783,0.1270014,0.5001623,0.9157257,0.2371711,0.4954855,0.7491175,0.3783000,0.6031000,0.8447000,0.4540000,0.5875000,0.6826000,0.3394000,0.6504000,0.6157000,0.2600000,0.6452000,0.5715000,0.3742000,0.7147000,0.4963000,0.5251000,0.3182822,-0.1651071,0.0000000},
{0.3848977,0.7227586,0.0473529,0.2657712,0.7541195,0.2109118,0.5334445,0.7577995,0.1266233,0.4946721,0.9164921,0.2371506,0.4930081,0.7501105,0.3779659,0.6011000,0.8434000,0.4541000,0.5858000,0.6816000,0.3394000,0.6495000,0.6154000,0.2598000,0.6444000,0.5712000,0.3740000,0.7140000,0.4965000,0.5251000,0.3182822,-0.1651071,0.0000000},
{0.3790178,0.7210134,0.0453442,0.2577110,0.7536727,0.2122653,0.5295851,0.7541448,0.1262281,0.4893349,0.9171994,0.2371434,0.4906875,0.7510341,0.3776550,0.5991000,0.8422000,0.4542000,0.5842000,0.6807000,0.3392000,0.6485000,0.6150000,0.2596000,0.6436000,0.5710000,0.3738000,0.7132000,0.4966000,0.5251000,0.3182822,-0.1651071,0.0000000},
{0.3732591,0.7192884,0.0433362,0.2498073,0.7532075,0.2134552,0.5259013,0.7506291,0.1258393,0.4839945,0.9178698,0.2371490,0.4883438,0.7519604,0.3773430,0.5971000,0.8409000,0.4542000,0.5826000,0.6798000,0.3391000,0.6475000,0.6147000,0.2595000,0.6429000,0.5707000,0.3736000,0.7135000,0.4968000,0.5254000,0.3182822,-0.1651071,0.0000000},
{0.3675768,0.7175708,0.0413152,0.2418481,0.7527118,0.2145159,0.5220216,0.7468974,0.1254174,0.4787185,0.9184952,0.2371670,0.4860830,0.7528480,0.3770439,0.5951000,0.8396000,0.4542000,0.5809000,0.6788000,0.3390000,0.6467000,0.6143000,0.2592000,0.6421000,0.5704000,0.3734000,0.7126000,0.4969000,0.5254000,0.3182822,-0.1651071,0.0000000},
{0.3619322,0.7158494,0.0392682,0.2340511,0.7521996,0.2154209,0.5184762,0.7434607,0.1250207,0.4735327,0.9190743,0.2371968,0.4840057,0.7536582,0.3767708,0.5931000,0.8383000,0.4541000,0.5793000,0.6778000,0.3388000,0.6457000,0.6139000,0.2591000,0.6414000,0.5700000,0.3732000,0.7117000,0.4969000,0.5254000,0.3182822,-0.1651071,0.0000000},
{0.3564506,0.7141629,0.0372425,0.2262116,0.7516581,0.2161964,0.5147927,0.7398629,0.1245970,0.4684709,0.9196054,0.2372375,0.4819809,0.7544430,0.3765060,0.5911000,0.8370000,0.4540000,0.5777000,0.6766000,0.3386000,0.6448000,0.6133000,0.2589000,0.6407000,0.5698000,0.3730000,0.7109000,0.4970000,0.5255000,0.3182822,-0.1651071,0.0000000},
{0.3509734,0.7124632,0.0351810,0.2183124,0.7510854,0.2168409,0.5112775,0.7364034,0.1241816,0.4633467,0.9201084,0.2372905,0.4798721,0.7552554,0.3762318,0.5890000,0.8357000,0.4539000,0.5763000,0.6756000,0.3386000,0.6438000,0.6127000,0.2586000,0.6400000,0.5694000,0.3727000,0.7100000,0.4971000,0.5255000,0.3182822,-0.1651071,0.0000000},
{0.3454192,0.7107246,0.0330518,0.2103062,0.7504770,0.2173528,0.5078058,0.7329613,0.1237606,0.4583155,0.9205684,0.2373540,0.4777899,0.7560523,0.3759626,0.5870000,0.8344000,0.4538000,0.5748000,0.6744000,0.3384000,0.6427000,0.6119000,0.2584000,0.6393000,0.5690000,0.3725000,0.7092000,0.4972000,0.5255000,0.3182822,-0.1651071,0.0000000},
{0.3399657,0.7090028,0.0309232,0.2026176,0.7498661,0.2177094,0.5042533,0.7294127,0.1233185,0.4533866,0.9209864,0.2374274,0.4757775,0.7568178,0.3757040,0.5851000,0.8332000,0.4537000,0.5734000,0.6732000,0.3383000,0.6416000,0.6111000,0.2582000,0.6387000,0.5685000,0.3723000,0.7085000,0.4972000,0.5256000,0.3182822,-0.1651071,0.0000000},
{0.3346531,0.7073111,0.0288130,0.1948860,0.7492251,0.2179334,0.5008142,0.7259514,0.1228796,0.4484556,0.9213720,0.2375118,0.4737795,0.7575731,0.3754486,0.5831000,0.8319000,0.4536000,0.5720000,0.6721000,0.3382000,0.6406000,0.6103000,0.2579000,0.6377000,0.5677000,0.3722000,0.7078000,0.4973000,0.5256000,0.3182822,-0.1651071,0.0000000},
{0.3294167,0.7056300,0.0266974,0.1871103,0.7485532,0.2180210,0.4974951,0.7225865,0.1224457,0.4436432,0.9217169,0.2376049,0.4716897,0.7583580,0.3751831,0.5812000,0.8307000,0.4535000,0.5708000,0.6710000,0.3381000,0.6397000,0.6095000,0.2577000,0.6376000,0.5677000,0.3715000,0.7071000,0.4973000,0.5257000,0.3182822,-0.1651071,0.0000000},
{0.3241102,0.7039121,0.0245171,0.1794519,0.7478645,0.2179706,0.4941531,0.7191738,0.1219984,0.4389868,0.9220210,0.2377050,0.4697375,0.7590867,0.3749365,0.5794000,0.8295000,0.4532000,0.5696000,0.6700000,0.3380000,0.6388000,0.6087000,0.2573000,0.6369000,0.5671000,0.3715000,0.7065000,0.4975000,0.5257000,0.3182822,-0.1651071,0.0000000},
{0.3191083,0.7022798,0.0224282,0.1720785,0.7471756,0.2177920,0.4909289,0.7158576,0.1215568,0.4343819,0.9222928,0.2378139,0.4677004,0.7598423,0.3746806,0.5775000,0.8283000,0.4530000,0.5684000,0.6690000,0.3379000,0.6379000,0.6080000,0.2572000,0.6372000,0.5673000,0.3711000,0.7059000,0.4975000,0.5258000,0.3182822,-0.1651071,0.0000000},
{0.3141900,0.7006621,0.0203419,0.1648075,0.7464713,0.2174890,0.4876802,0.7124925,0.1211017,0.4298412,0.9225325,0.2379308,0.4660505,0.7604507,0.3744744,0.5757000,0.8271000,0.4529000,0.5673000,0.6681000,0.3378000,0.6370000,0.6072000,0.2569000,0.6359000,0.5664000,0.3710000,0.7053000,0.4976000,0.5258000,0.3182822,-0.1651071,0.0000000},
{0.3095224,0.6991153,0.0183320,0.1579220,0.7457809,0.2170842,0.4847001,0.7093842,0.1206752,0.4256381,0.9227294,0.2380476,0.4642281,0.7611190,0.3742478,0.5738000,0.8259000,0.4527000,0.5662000,0.6672000,0.3378000,0.6361000,0.6066000,0.2568000,0.6360000,0.5664000,0.3707000,0.7047000,0.4977000,0.5259000,0.3182822,-0.1651071,0.0000000},
{0.3051416,0.6976532,0.0164190,0.1512125,0.7450860,0.2165773,0.4817482,0.7062848,0.1202441,0.4214965,0.9228996,0.2381707,0.4624588,0.7617642,0.3740290,0.5720000,0.8247000,0.4526000,0.5652000,0.6663000,0.3376000,0.6352000,0.6060000,0.2565000,0.6350000,0.5657000,0.3706000,0.7041000,0.4978000,0.5259000,0.3182822,-0.1651071,0.0000000},
{0.3006983,0.6961599,0.0144521,0.1447479,0.7443954,0.2159822,0.4789638,0.7033426,0.1198295,0.4175100,0.9230411,0.2382969,0.4608503,0.7623475,0.3738311,0.5702000,0.8235000,0.4524000,0.5641000,0.6655000,0.3374000,0.6344000,0.6053000,0.2565000,0.6340000,0.5649000,0.3705000,0.7036000,0.4978000,0.5260000,0.3182822,-0.1651071,0.0000000},
{0.2967999,0.6948411,0.0127041,0.1385755,0.7437163,0.2153143,0.4761644,0.7003657,0.1194047,0.4135810,0.9231590,0.2384285,0.4591315,0.7629674,0.3736206,0.5683000,0.8222000,0.4522000,0.5630000,0.6646000,0.3373000,0.6336000,0.6047000,0.2563000,0.6337000,0.5647000,0.3703000,0.7031000,0.4978000,0.5261000,0.3182822,-0.1651071,0.0000000},
{0.2928328,0.6934906,0.0109038,0.1326084,0.7430411,0.2145743,0.4735503,0.6975688,0.1190008,0.4098018,0.9232521,0.2385620,0.4575475,0.7635357,0.3734275,0.5664000,0.8210000,0.4520000,0.5620000,0.6637000,0.3371000,0.6329000,0.6042000,0.2562000,0.6332000,0.5644000,0.3702000,0.7024000,0.4979000,0.5261000,0.3182822,-0.1651071,0.0000000}
};
