fitErrPi Mean = 0.318282
fitErrTh Mean = 0.098448
fitErrWr Mean = 0.119308
fitErrLA Mean = 0.107066
fitErrEl Mean = 0.0230171
fitErrUA Mean = 0.0634823
efPts = {
{0.6734057,0.4839383,0.0627331,0.6724016,0.3951756,0.1027592,0.9648490,0.4404852,0.5295352,0.9320489,0.9573632,0.5415134,0.8265957,0.9819108,0.4654567,0.6798000,0.7436000,0.5164000,0.7074000,0.5967000,0.4049000,0.7260000,0.5757000,0.2878000,0.7747000,0.5248000,0.3941000,0.8999000,0.4468000,0.4901000,0.3182823,-0.0000000,-0.0000000},
{0.6733657,0.4840485,0.0627963,0.6721244,0.3957749,0.1030627,0.6063710,0.4975854,0.2633554,0.5812812,0.6435657,0.2626424,0.6964572,0.7624528,0.4295699,0.6799000,0.7436000,0.5161000,0.7074000,0.5967000,0.4046000,0.7261000,0.5755000,0.2878000,0.7745000,0.5246000,0.3940000,0.8995000,0.4462000,0.4903000,0.3182823,-0.0000000,-0.0000000},
{0.6732502,0.4843666,0.0629788,0.6717493,0.3965867,0.1034721,0.6065255,0.4980248,0.2633702,0.5812646,0.6444009,0.2620814,0.6963706,0.7628286,0.4292401,0.6800000,0.7435000,0.5157000,0.7074000,0.5967000,0.4042000,0.7262000,0.5753000,0.2877000,0.7743000,0.5244000,0.3939000,0.8990000,0.4457000,0.4905000,0.3182823,-0.0000000,-0.0000000},
{0.6730650,0.4848771,0.0632713,0.6712694,0.3976257,0.1039934,0.6066837,0.4984746,0.2633854,0.5812494,0.6452832,0.2614921,0.6963099,0.7630933,0.4290082,0.6801000,0.7435000,0.5152000,0.7073000,0.5967000,0.4038000,0.7263000,0.5751000,0.2877000,0.7742000,0.5242000,0.3939000,0.8985000,0.4453000,0.4908000,0.3182823,-0.0000000,-0.0000000},
{0.6728156,0.4855647,0.0636644,0.6707647,0.3987195,0.1045389,0.6069306,0.4991757,0.2634093,0.5812335,0.6464129,0.2607426,0.6961978,0.7635856,0.4285778,0.6802000,0.7435000,0.5147000,0.7072000,0.5967000,0.4032000,0.7264000,0.5749000,0.2876000,0.7739000,0.5240000,0.3939000,0.8979000,0.4448000,0.4911000,0.3182823,-0.0000000,-0.0000000},
{0.6725791,0.4862171,0.0640365,0.6702351,0.3998681,0.1051082,0.6072603,0.5001103,0.2634415,0.5812214,0.6475773,0.2599756,0.6960974,0.7640294,0.4281908,0.6801000,0.7436000,0.5141000,0.7070000,0.5968000,0.4028000,0.7265000,0.5747000,0.2876000,0.7736000,0.5237000,0.3940000,0.8974000,0.4444000,0.4914000,0.3182823,-0.0000000,-0.0000000},
{0.6722391,0.4871554,0.0645700,0.6696404,0.4011589,0.1057436,0.6076328,0.5011646,0.2634784,0.5812125,0.6489460,0.2590816,0.6959573,0.7646544,0.4276472,0.6801000,0.7437000,0.5135000,0.7066000,0.5970000,0.4022000,0.7266000,0.5745000,0.2875000,0.7732000,0.5235000,0.3940000,0.8968000,0.4440000,0.4917000,0.3182823,-0.0000000,-0.0000000},
{0.6719121,0.4880584,0.0650818,0.6690199,0.4025072,0.1064025,0.6080980,0.5024779,0.2635250,0.5812093,0.6505372,0.2580521,0.6958124,0.7653075,0.4270811,0.6800000,0.7439000,0.5130000,0.7064000,0.5972000,0.4016000,0.7268000,0.5743000,0.2875000,0.7729000,0.5233000,0.3940000,0.8961000,0.4436000,0.4920000,0.3182823,-0.0000000,-0.0000000},
{0.6715028,0.4891890,0.0657202,0.6683355,0.4039959,0.1071244,0.6086241,0.5039597,0.2635786,0.5812145,0.6522386,0.2569630,0.6956275,0.7661510,0.4263528,0.6800000,0.7441000,0.5124000,0.7060000,0.5975000,0.4010000,0.7269000,0.5741000,0.2874000,0.7725000,0.5232000,0.3939000,0.8955000,0.4433000,0.4923000,0.3182823,-0.0000000,-0.0000000},
{0.6710659,0.4903973,0.0663997,0.6676284,0.4055354,0.1078648,0.6092082,0.5055998,0.2636391,0.5812307,0.6541560,0.2557498,0.6954861,0.7668044,0.4257909,0.6800000,0.7444000,0.5118000,0.7056000,0.5979000,0.4005000,0.7270000,0.5739000,0.2874000,0.7720000,0.5230000,0.3939000,0.8948000,0.4429000,0.4926000,0.3182823,-0.0000000,-0.0000000},
{0.6705483,0.4918296,0.0672013,0.6667950,0.4073522,0.1087305,0.6098796,0.5074787,0.2637100,0.5812614,0.6562891,0.2544176,0.6952928,0.7677084,0.4250165,0.6800000,0.7447000,0.5113000,0.7052000,0.5983000,0.3999000,0.7271000,0.5737000,0.2873000,0.7717000,0.5228000,0.3938000,0.8941000,0.4425000,0.4929000,0.3182823,-0.0000000,-0.0000000},
{0.6699447,0.4935016,0.0681318,0.6658772,0.4093556,0.1096754,0.6105856,0.5094477,0.2637861,0.5813104,0.6586309,0.2529760,0.6951051,0.7685989,0.4242572,0.6800000,0.7452000,0.5108000,0.7048000,0.5988000,0.3994000,0.7272000,0.5735000,0.2873000,0.7713000,0.5226000,0.3937000,0.8934000,0.4421000,0.4931000,0.3182823,-0.0000000,-0.0000000},
{0.6692618,0.4953953,0.0691791,0.6648456,0.4116107,0.1107269,0.6114011,0.5117129,0.2638759,0.5813787,0.6610909,0.2514847,0.6949124,0.7695273,0.4234693,0.6801000,0.7456000,0.5102000,0.7044000,0.5994000,0.3988000,0.7273000,0.5733000,0.2872000,0.7709000,0.5224000,0.3936000,0.8928000,0.4417000,0.4934000,0.3182823,-0.0000000,-0.0000000},
{0.6685479,0.4973774,0.0702677,0.6637883,0.4139255,0.1117930,0.6122652,0.5141030,0.2639733,0.5814761,0.6638674,0.2498294,0.6946885,0.7706239,0.4225433,0.6802000,0.7462000,0.5098000,0.7041000,0.6001000,0.3982000,0.7274000,0.5731000,0.2872000,0.7707000,0.5223000,0.3935000,0.8921000,0.4414000,0.4937000,0.3182823,-0.0000000,-0.0000000},
{0.6677631,0.4995591,0.0714571,0.6625927,0.4165476,0.1129850,0.6131519,0.5165447,0.2640755,0.5815982,0.6667162,0.2481614,0.6944537,0.7717960,0.4215593,0.6803000,0.7469000,0.5093000,0.7037000,0.6007000,0.3977000,0.7275000,0.5729000,0.2871000,0.7704000,0.5222000,0.3934000,0.8914000,0.4411000,0.4940000,0.3182823,-0.0000000,-0.0000000},
{0.6670179,0.5016335,0.0725795,0.6613815,0.4192082,0.1141777,0.6139592,0.5187584,0.2641707,0.5817484,0.6696765,0.2464600,0.6941979,0.7730992,0.4204718,0.6804000,0.7479000,0.5089000,0.7033000,0.6015000,0.3972000,0.7276000,0.5727000,0.2871000,0.7699000,0.5221000,0.3933000,0.8906000,0.4409000,0.4943000,0.3182823,-0.0000000,-0.0000000},
{0.6663187,0.5035820,0.0736263,0.6603171,0.4215501,0.1152139,0.6151662,0.5220512,0.2643165,0.5819224,0.6726474,0.2447846,0.6939512,0.7743834,0.4194071,0.6806000,0.7490000,0.5086000,0.7029000,0.6024000,0.3968000,0.7278000,0.5725000,0.2870000,0.7694000,0.5223000,0.3933000,0.8897000,0.4406000,0.4946000,0.3182823,-0.0000000,-0.0000000},
{0.6656218,0.5055265,0.0746639,0.6592494,0.4239028,0.1162421,0.6161435,0.5247031,0.2644376,0.5821045,0.6754027,0.2432590,0.6937035,0.7757019,0.4183209,0.6808000,0.7502000,0.5083000,0.7024000,0.6035000,0.3966000,0.7279000,0.5723000,0.2870000,0.7690000,0.5225000,0.3931000,0.8886000,0.4405000,0.4950000,0.3182823,-0.0000000,-0.0000000},
{0.6648609,0.5076521,0.0757900,0.6581828,0.4262565,0.1172583,0.6170952,0.5272731,0.2645583,0.5822977,0.6780506,0.2418181,0.6934796,0.7769190,0.4173244,0.6811000,0.7515000,0.5080000,0.7018000,0.6045000,0.3963000,0.7280000,0.5721000,0.2869000,0.7683000,0.5229000,0.3930000,0.8875000,0.4404000,0.4954000,0.3182823,-0.0000000,-0.0000000},
{0.6641751,0.5095701,0.0767990,0.6572115,0.4284026,0.1181741,0.6180834,0.5299292,0.2646862,0.5825200,0.6808340,0.2403296,0.6932685,0.7780908,0.4163704,0.6814000,0.7527000,0.5077000,0.7013000,0.6056000,0.3961000,0.7281000,0.5719000,0.2869000,0.7677000,0.5232000,0.3929000,0.8862000,0.4403000,0.4958000,0.3182823,-0.0000000,-0.0000000},
{0.6633706,0.5118229,0.0779754,0.6561664,0.4307152,0.1191498,0.6190845,0.5326071,0.2648186,0.5827650,0.6836552,0.2388478,0.6930592,0.7792768,0.4154105,0.6817000,0.7539000,0.5074000,0.7008000,0.6067000,0.3958000,0.7282000,0.5717000,0.2868000,0.7672000,0.5236000,0.3929000,0.8850000,0.4403000,0.4963000,0.3182823,-0.0000000,-0.0000000},
{0.6625959,0.5139949,0.0791010,0.6551608,0.4329431,0.1200788,0.6200530,0.5351855,0.2649494,0.5830365,0.6865494,0.2373556,0.6928639,0.7804056,0.4145018,0.6819000,0.7550000,0.5070000,0.7004000,0.6078000,0.3954000,0.7283000,0.5715000,0.2867000,0.7665000,0.5241000,0.3930000,0.8837000,0.4403000,0.4969000,0.3182823,-0.0000000,-0.0000000},
{0.6617761,0.5162962,0.0802844,0.6539626,0.4356015,0.1211735,0.6210626,0.5378607,0.2650884,0.5833338,0.6894962,0.2358646,0.6926687,0.7815564,0.4135804,0.6821000,0.7560000,0.5065000,0.6999000,0.6089000,0.3950000,0.7284000,0.5713000,0.2867000,0.7659000,0.5245000,0.3931000,0.8825000,0.4403000,0.4975000,0.3182823,-0.0000000,-0.0000000},
{0.6608867,0.5187964,0.0815593,0.6528842,0.4379978,0.1221478,0.6221891,0.5408308,0.2652467,0.5836739,0.6926412,0.2343047,0.6924770,0.7827105,0.4126614,0.6822000,0.7569000,0.5059000,0.6995000,0.6099000,0.3945000,0.7285000,0.5711000,0.2866000,0.7653000,0.5248000,0.3932000,0.8812000,0.4404000,0.4981000,0.3182823,-0.0000000,-0.0000000},
{0.6599471,0.5214416,0.0828962,0.6516018,0.4408515,0.1232926,0.6234086,0.5440283,0.2654219,0.5840623,0.6959967,0.2326755,0.6922629,0.7840278,0.4116185,0.6823000,0.7578000,0.5053000,0.6990000,0.6108000,0.3940000,0.7286000,0.5709000,0.2866000,0.7647000,0.5252000,0.3932000,0.8800000,0.4405000,0.4988000,0.3182823,-0.0000000,-0.0000000},
{0.6588699,0.5244786,0.0844162,0.6502362,0.4438953,0.1244956,0.6247167,0.5474379,0.2656142,0.5845102,0.6996142,0.2309589,0.6920472,0.7853879,0.4105484,0.6822000,0.7585000,0.5046000,0.6986000,0.6118000,0.3934000,0.7288000,0.5707000,0.2865000,0.7640000,0.5255000,0.3933000,0.8788000,0.4406000,0.4994000,0.3182823,-0.0000000,-0.0000000},
{0.6577417,0.5276651,0.0859939,0.6489463,0.4467750,0.1256168,0.6260559,0.5509074,0.2658156,0.5850297,0.7035393,0.2291426,0.6918171,0.7868777,0.4093840,0.6821000,0.7593000,0.5039000,0.6981000,0.6126000,0.3928000,0.7289000,0.5705000,0.2865000,0.7633000,0.5256000,0.3933000,0.8775000,0.4407000,0.5000000,0.3182823,-0.0000000,-0.0000000},
{0.6566070,0.5308756,0.0875661,0.6474571,0.4501051,0.1268934,0.6275953,0.5548697,0.2660527,0.5856233,0.7077359,0.2272527,0.6915660,0.7885510,0.4080856,0.6820000,0.7601000,0.5032000,0.6976000,0.6135000,0.3921000,0.7290000,0.5703000,0.2864000,0.7625000,0.5259000,0.3933000,0.8764000,0.4407000,0.5005000,0.3182823,-0.0000000,-0.0000000},
{0.6553495,0.5344397,0.0892913,0.6457948,0.4538294,0.1282961,0.6292140,0.5590065,0.2663084,0.5863183,0.7123353,0.2252425,0.6912969,0.7904063,0.4066576,0.6817000,0.7611000,0.5023000,0.6971000,0.6143000,0.3913000,0.7291000,0.5701000,0.2864000,0.7620000,0.5260000,0.3932000,0.8752000,0.4407000,0.5010000,0.3182823,-0.0000000,-0.0000000},
{0.6540080,0.5382494,0.0911123,0.6440655,0.4577113,0.1297305,0.6309783,0.5634811,0.2665944,0.5871193,0.7172971,0.2231441,0.6910142,0.7924289,0.4051144,0.6815000,0.7620000,0.5015000,0.6965000,0.6153000,0.3903000,0.7292000,0.5698000,0.2863000,0.7612000,0.5261000,0.3929000,0.8740000,0.4407000,0.5014000,0.3182823,-0.0000000,-0.0000000},
{0.6525470,0.5424074,0.0930727,0.6422691,0.4617522,0.1311945,0.6328565,0.5682067,0.2669072,0.5880511,0.7227015,0.2209401,0.6907112,0.7946908,0.4034054,0.6811000,0.7631000,0.5005000,0.6958000,0.6163000,0.3892000,0.7293000,0.5696000,0.2863000,0.7605000,0.5261000,0.3927000,0.8729000,0.4407000,0.5017000,0.3182823,-0.0000000,-0.0000000},
{0.6510955,0.5465467,0.0949968,0.6402602,0.4662806,0.1328004,0.6349030,0.5733118,0.2672573,0.5891285,0.7285518,0.2186484,0.6903870,0.7972322,0.4015056,0.6808000,0.7643000,0.4995000,0.6951000,0.6175000,0.3881000,0.7293000,0.5696000,0.2863000,0.7598000,0.5261000,0.3924000,0.8719000,0.4407000,0.5021000,0.3182823,-0.0000000,-0.0000000},
{0.6495373,0.5510005,0.0970369,0.6381964,0.4709432,0.1344164,0.6370554,0.5786325,0.2676361,0.5903568,0.7348003,0.2163069,0.6900546,0.7999872,0.3994702,0.6805000,0.7654000,0.4983000,0.6942000,0.6187000,0.3868000,0.7290000,0.5700000,0.2860000,0.7591000,0.5260000,0.3920000,0.8708000,0.4407000,0.5024000,0.3182823,-0.0000000,-0.0000000},
{0.6479725,0.5554830,0.0990590,0.6359980,0.4759213,0.1361007,0.6393164,0.5841696,0.2680452,0.5917442,0.7414218,0.2139434,0.6897407,0.8027508,0.3974531,0.6802000,0.7667000,0.4972000,0.6935000,0.6199000,0.3854000,0.7289000,0.5707000,0.2855000,0.7583000,0.5259000,0.3917000,0.8697000,0.4407000,0.5027000,0.3182823,-0.0000000,-0.0000000},
{0.6463097,0.5602571,0.1011787,0.6336952,0.4811484,0.1378248,0.6418044,0.5902019,0.2685084,0.5932972,0.7483862,0.2115862,0.6894211,0.8057572,0.3952865,0.6799000,0.7680000,0.4961000,0.6927000,0.6212000,0.3841000,0.7285000,0.5714000,0.2851000,0.7576000,0.5258000,0.3913000,0.8686000,0.4406000,0.5030000,0.3182823,-0.0000000,-0.0000000},
{0.6445119,0.5654315,0.1034374,0.6312532,0.4867052,0.1396087,0.6443828,0.5963876,0.2690025,0.5950370,0.7557278,0.2092420,0.6891051,0.8089585,0.3930102,0.6796000,0.7692000,0.4949000,0.6921000,0.6226000,0.3827000,0.7284000,0.5720000,0.2845000,0.7568000,0.5257000,0.3911000,0.8675000,0.4406000,0.5032000,0.3182823,-0.0000000,-0.0000000},
{0.6427661,0.5704690,0.1055980,0.6287425,0.4924330,0.1413961,0.6470994,0.6028350,0.2695383,0.5969546,0.7633556,0.2069573,0.6888190,0.8121024,0.3908053,0.6793000,0.7705000,0.4938000,0.6914000,0.6238000,0.3813000,0.7278000,0.5724000,0.2841000,0.7561000,0.5256000,0.3908000,0.8664000,0.4405000,0.5035000,0.3182823,-0.0000000,-0.0000000},
{0.6409037,0.5758558,0.1078673,0.6261590,0.4983416,0.1431863,0.6499400,0.6095009,0.2701148,0.5991115,0.7714526,0.2046984,0.6885469,0.8153649,0.3885487,0.6791000,0.7719000,0.4928000,0.6907000,0.6249000,0.3800000,0.7269000,0.5726000,0.2838000,0.7552000,0.5256000,0.3905000,0.8653000,0.4405000,0.5038000,0.3182823,-0.0000000,-0.0000000},
{0.6390231,0.5813096,0.1101223,0.6235260,0.5043794,0.1449608,0.6529033,0.6163745,0.2707335,0.6014188,0.7796426,0.2025860,0.6882926,0.8187262,0.3862566,0.6790000,0.7733000,0.4918000,0.6901000,0.6260000,0.3788000,0.7261000,0.5728000,0.2836000,0.7543000,0.5256000,0.3903000,0.8641000,0.4405000,0.5041000,0.3182823,-0.0000000,-0.0000000},
{0.6371458,0.5867676,0.1123365,0.6207861,0.5106784,0.1467543,0.6559921,0.6234542,0.2713967,0.6039808,0.7882555,0.2005503,0.6880598,0.8221563,0.3839513,0.6789000,0.7747000,0.4908000,0.6895000,0.6267000,0.3777000,0.7254000,0.5730000,0.2833000,0.7534000,0.5255000,0.3900000,0.8629000,0.4406000,0.5044000,0.3182823,-0.0000000,-0.0000000},
{0.6351902,0.5924677,0.1146044,0.6179615,0.5171897,0.1485475,0.6590851,0.6304582,0.2720791,0.6067313,0.7970249,0.1986722,0.6878549,0.8255638,0.3816946,0.6789000,0.7762000,0.4900000,0.6889000,0.6275000,0.3766000,0.7246000,0.5733000,0.2832000,0.7524000,0.5255000,0.3899000,0.8617000,0.4406000,0.5047000,0.3182823,-0.0000000,-0.0000000},
{0.6332372,0.5981751,0.1168301,0.6151878,0.5236002,0.1502539,0.6623030,0.6376573,0.2728081,0.6096551,0.8058847,0.1969737,0.6876733,0.8290245,0.3794361,0.6789000,0.7777000,0.4892000,0.6883000,0.6281000,0.3757000,0.7240000,0.5737000,0.2830000,0.7515000,0.5255000,0.3897000,0.8604000,0.4407000,0.5050000,0.3182823,-0.0000000,-0.0000000},
{0.6312371,0.6040355,0.1190693,0.6121923,0.5305421,0.1520369,0.6656026,0.6449475,0.2735752,0.6127976,0.8149495,0.1954429,0.6875128,0.8326108,0.3771308,0.6789000,0.7792000,0.4885000,0.6878000,0.6287000,0.3749000,0.7237000,0.5741000,0.2828000,0.7505000,0.5255000,0.3895000,0.8591000,0.4408000,0.5053000,0.3182823,-0.0000000,-0.0000000},
{0.6292563,0.6098545,0.1212467,0.6092469,0.5373865,0.1537302,0.6689904,0.6523389,0.2743831,0.6161155,0.8240741,0.1941143,0.6873860,0.8360264,0.3749680,0.6790000,0.7807000,0.4878000,0.6872000,0.6294000,0.3742000,0.7234000,0.5746000,0.2825000,0.7495000,0.5257000,0.3893000,0.8578000,0.4409000,0.5056000,0.3182823,-0.0000000,-0.0000000},
{0.6272240,0.6158405,0.1234396,0.6061973,0.5444921,0.1554215,0.6724067,0.6596979,0.2752181,0.6196827,0.8334371,0.1929738,0.6872806,0.8395773,0.3727531,0.6791000,0.7822000,0.4873000,0.6866000,0.6300000,0.3736000,0.7232000,0.5752000,0.2823000,0.7485000,0.5259000,0.3890000,0.8564000,0.4409000,0.5058000,0.3182823,-0.0000000,-0.0000000},
{0.6251467,0.6219754,0.1256381,0.6030290,0.5518949,0.1571125,0.6758818,0.6670886,0.2760879,0.6234794,0.8429554,0.1920481,0.6872050,0.8429693,0.3706690,0.6792000,0.7836000,0.4868000,0.6858000,0.6309000,0.3732000,0.7230000,0.5759000,0.2821000,0.7476000,0.5261000,0.3888000,0.8550000,0.4411000,0.5061000,0.3182823,-0.0000000,-0.0000000},
{0.6230888,0.6280691,0.1277732,0.5998530,0.5593364,0.1587406,0.6794204,0.6745180,0.2769943,0.6274667,0.8525122,0.1913591,0.6871537,0.8463561,0.3686186,0.6793000,0.7851000,0.4863000,0.6850000,0.6316000,0.3727000,0.7225000,0.5766000,0.2818000,0.7466000,0.5264000,0.3885000,0.8536000,0.4411000,0.5063000,0.3182823,-0.0000000,-0.0000000},
{0.6210052,0.6342552,0.1298918,0.5966217,0.5669285,0.1603287,0.6829432,0.6818195,0.2779171,0.6315555,0.8618954,0.1909209,0.6871262,0.8497902,0.3665706,0.6795000,0.7866000,0.4859000,0.6842000,0.6326000,0.3723000,0.7219000,0.5772000,0.2816000,0.7456000,0.5267000,0.3883000,0.8522000,0.4413000,0.5065000,0.3182823,-0.0000000,-0.0000000},
{0.6188649,0.6406268,0.1320228,0.5932716,0.5748222,0.1619028,0.6865554,0.6892102,0.2788841,0.6357183,0.8710588,0.1907259,0.6871224,0.8528912,0.3647478,0.6796000,0.7881000,0.4856000,0.6832000,0.6333000,0.3720000,0.7212000,0.5779000,0.2814000,0.7446000,0.5271000,0.3880000,0.8508000,0.4415000,0.5068000,0.3182823,-0.0000000,-0.0000000},
{0.6167234,0.6470194,0.1341092,0.5898341,0.5829456,0.1634419,0.6901594,0.6964889,0.2798693,0.6400590,0.8802348,0.1907668,0.6871379,0.8559328,0.3629842,0.6799000,0.7898000,0.4854000,0.6822000,0.6342000,0.3717000,0.7206000,0.5786000,0.2812000,0.7436000,0.5274000,0.3878000,0.8493000,0.4417000,0.5069000,0.3182823,-0.0000000,-0.0000000},
{0.6145007,0.6536728,0.1362264,0.5863566,0.5911876,0.1649207,0.6937762,0.7036992,0.2808783,0.6444237,0.8891054,0.1910374,0.6871732,0.8590328,0.3612116,0.6801000,0.7914000,0.4852000,0.6810000,0.6349000,0.3714000,0.7200000,0.5794000,0.2810000,0.7425000,0.5278000,0.3875000,0.8478000,0.4419000,0.5070000,0.3182823,-0.0000000,-0.0000000},
{0.6122966,0.6602889,0.1382770,0.5828236,0.5995861,0.1663428,0.6973428,0.7107191,0.2818928,0.6489297,0.8979194,0.1915381,0.6872267,0.8620566,0.3595065,0.6804000,0.7931000,0.4850000,0.6798000,0.6355000,0.3712000,0.7194000,0.5801000,0.2807000,0.7414000,0.5282000,0.3872000,0.8462000,0.4421000,0.5072000,0.3182823,-0.0000000,-0.0000000},
{0.6100323,0.6671050,0.1403331,0.5791998,0.6082266,0.1677174,0.7010066,0.7178382,0.2829547,0.6534866,0.9065047,0.1922560,0.6872998,0.8651186,0.3578038,0.6807000,0.7948000,0.4848000,0.6786000,0.6361000,0.3709000,0.7188000,0.5810000,0.2803000,0.7404000,0.5286000,0.3869000,0.8448000,0.4424000,0.5073000,0.3182823,-0.0000000,-0.0000000},
{0.6078278,0.6737596,0.1422855,0.5755231,0.6170199,0.1690252,0.7045326,0.7246026,0.2839954,0.6581149,0.9149108,0.1931874,0.6873829,0.8679011,0.3562776,0.6810000,0.7965000,0.4847000,0.6772000,0.6369000,0.3706000,0.7182000,0.5818000,0.2799000,0.7393000,0.5290000,0.3866000,0.8433000,0.4426000,0.5076000,0.3182823,-0.0000000,-0.0000000},
{0.6055652,0.6806088,0.1442387,0.5717695,0.6260254,0.1702698,0.7080497,0.7312664,0.2850515,0.6627174,0.9229768,0.1943025,0.6874790,0.8706134,0.3548090,0.6812000,0.7981000,0.4847000,0.6747000,0.6374000,0.3701000,0.7175000,0.5826000,0.2796000,0.7383000,0.5294000,0.3863000,0.8420000,0.4430000,0.5078000,0.3182823,-0.0000000,-0.0000000},
{0.6033239,0.6874130,0.1461227,0.5681160,0.6348179,0.1713930,0.7115437,0.7378050,0.2861182,0.6673470,0.9308131,0.1956028,0.6875838,0.8731825,0.3534354,0.6814000,0.7997000,0.4847000,0.6738000,0.6386000,0.3697000,0.7168000,0.5833000,0.2794000,0.7373000,0.5299000,0.3861000,0.8408000,0.4434000,0.5082000,0.3182823,-0.0000000,-0.0000000},
{0.6011191,0.6941249,0.1479264,0.5645006,0.6435453,0.1724186,0.7148880,0.7439882,0.2871554,0.6717956,0.9380953,0.1970117,0.6876917,0.8755396,0.3521901,0.6817000,0.8013000,0.4847000,0.6731000,0.6398000,0.3694000,0.7161000,0.5840000,0.2792000,0.7362000,0.5305000,0.3859000,0.8393000,0.4437000,0.5084000,0.3182823,-0.0000000,-0.0000000},
{0.5989281,0.7008137,0.1496699,0.5607676,0.6525850,0.1733871,0.7180851,0.7498314,0.2881615,0.6761996,0.9450775,0.1985529,0.6878050,0.8777834,0.3510179,0.6819000,0.8029000,0.4847000,0.6725000,0.6410000,0.3691000,0.7154000,0.5846000,0.2791000,0.7352000,0.5309000,0.3858000,0.8379000,0.4442000,0.5087000,0.3182823,-0.0000000,-0.0000000},
{0.5967418,0.7075064,0.1513608,0.5571493,0.6613740,0.1742374,0.7211987,0.7554588,0.2891550,0.6804353,0.9515891,0.2001665,0.6879175,0.8798341,0.3499579,0.6822000,0.8044000,0.4848000,0.6720000,0.6423000,0.3690000,0.7147000,0.5853000,0.2789000,0.7341000,0.5315000,0.3857000,0.8365000,0.4447000,0.5089000,0.3182823,-0.0000000,-0.0000000},
{0.5945108,0.7143551,0.1530356,0.5535796,0.6700716,0.1749903,0.7242510,0.7609156,0.2901418,0.6844978,0.9576540,0.2018303,0.6880354,0.8818329,0.3489351,0.6825000,0.8060000,0.4848000,0.6716000,0.6434000,0.3689000,0.7140000,0.5861000,0.2788000,0.7330000,0.5321000,0.3857000,0.8352000,0.4452000,0.5092000,0.3182823,-0.0000000,-0.0000000},
{0.5924743,0.7206239,0.1545194,0.5500964,0.6785842,0.1756415,0.7271446,0.7660343,0.2910890,0.6883882,0.9633022,0.2035264,0.6881581,0.8837803,0.3479486,0.6828000,0.8075000,0.4848000,0.6712000,0.6447000,0.3688000,0.7132000,0.5869000,0.2788000,0.7320000,0.5327000,0.3857000,0.8340000,0.4459000,0.5096000,0.3182823,-0.0000000,-0.0000000},
{0.5904847,0.7267643,0.1559274,0.5466214,0.6871029,0.1762081,0.7298638,0.7707967,0.2919893,0.6921135,0.9685692,0.2052420,0.6882795,0.8855956,0.3470378,0.6830000,0.8090000,0.4847000,0.6707000,0.6459000,0.3687000,0.7121000,0.5876000,0.2786000,0.7310000,0.5334000,0.3857000,0.8327000,0.4465000,0.5100000,0.3182823,-0.0000000,-0.0000000},
{0.5885123,0.7328669,0.1572821,0.5433353,0.6951822,0.1766665,0.7324876,0.7753487,0.2928675,0.6956320,0.9734197,0.2069421,0.6883995,0.8872998,0.3461906,0.6831000,0.8104000,0.4846000,0.6702000,0.6470000,0.3686000,0.7112000,0.5883000,0.2784000,0.7301000,0.5340000,0.3857000,0.8315000,0.4471000,0.5103000,0.3182823,-0.0000000,-0.0000000},
{0.5866763,0.7385615,0.1585060,0.5402772,0.7027223,0.1770245,0.7349527,0.7795866,0.2937008,0.6989053,0.9778270,0.2085916,0.6885214,0.8889495,0.3453776,0.6832000,0.8118000,0.4845000,0.6695000,0.6481000,0.3684000,0.7106000,0.5891000,0.2784000,0.7291000,0.5347000,0.3858000,0.8303000,0.4477000,0.5107000,0.3182823,-0.0000000,-0.0000000},
{0.5849589,0.7439008,0.1596184,0.5373825,0.7098786,0.1773014,0.7371037,0.7832540,0.2944346,0.7018658,0.9817273,0.2101387,0.6886423,0.8905154,0.3446124,0.6832000,0.8132000,0.4844000,0.6688000,0.6493000,0.3683000,0.7100000,0.5899000,0.2783000,0.7283000,0.5355000,0.3858000,0.8291000,0.4484000,0.5111000,0.3182823,-0.0000000,-0.0000000},
{0.5834091,0.7487293,0.1605950,0.5347362,0.7164376,0.1775011,0.7391596,0.7867329,0.2951415,0.7044932,0.9851219,0.2115548,0.6887586,0.8919627,0.3439109,0.6833000,0.8145000,0.4843000,0.6681000,0.6504000,0.3681000,0.7095000,0.5906000,0.2782000,0.7273000,0.5362000,0.3859000,0.8277000,0.4491000,0.5114000,0.3182823,-0.0000000,-0.0000000},
{0.5819936,0.7531479,0.1614642,0.5323817,0.7222866,0.1776352,0.7409750,0.7897836,0.2957704,0.7069024,0.9881802,0.2128885,0.6888707,0.8933107,0.3432624,0.6833000,0.8158000,0.4842000,0.6674000,0.6516000,0.3680000,0.7089000,0.5914000,0.2782000,0.7264000,0.5371000,0.3860000,0.8267000,0.4500000,0.5119000,0.3182823,-0.0000000,-0.0000000},
{0.5807294,0.7571010,0.1622219,0.5302230,0.7276608,0.1777216,0.7426793,0.7926293,0.2963647,0.7089927,0.9907919,0.2140724,0.6889838,0.8946265,0.3426340,0.6834000,0.8172000,0.4840000,0.6668000,0.6528000,0.3680000,0.7084000,0.5921000,0.2781000,0.7255000,0.5378000,0.3861000,0.8255000,0.4509000,0.5122000,0.3182823,-0.0000000,-0.0000000},
{0.5796175,0.7605838,0.1628739,0.5282991,0.7324595,0.1777686,0.7440601,0.7949220,0.2968490,0.7108449,0.9930742,0.2151421,0.6890968,0.8959011,0.3420296,0.6834000,0.8185000,0.4838000,0.6663000,0.6540000,0.3679000,0.7079000,0.5929000,0.2781000,0.7246000,0.5388000,0.3861000,0.8243000,0.4517000,0.5126000,0.3182823,-0.0000000,-0.0000000},
{0.5785922,0.7637998,0.1634629,0.5266381,0.7366096,0.1777862,0.7453509,0.7970550,0.2973039,0.7124525,0.9950309,0.2160861,0.6892012,0.8970468,0.3414901,0.6834000,0.8198000,0.4836000,0.6658000,0.6552000,0.3679000,0.7074000,0.5937000,0.2780000,0.7239000,0.5396000,0.3862000,0.8232000,0.4526000,0.5130000,0.3182823,-0.0000000,-0.0000000},
{0.5777100,0.7665705,0.1639604,0.5251643,0.7402979,0.1777837,0.7465281,0.7989916,0.2977207,0.7137993,0.9966530,0.2168880,0.6893084,0.8981923,0.3409540,0.6833000,0.8211000,0.4833000,0.6653000,0.6564000,0.3679000,0.7069000,0.5946000,0.2780000,0.7231000,0.5405000,0.3863000,0.8221000,0.4535000,0.5134000,0.3182823,-0.0000000,-0.0000000},
{0.5769453,0.7689747,0.1643845,0.5238955,0.7434771,0.1777679,0.7475235,0.8006224,0.2980744,0.7149239,0.9979957,0.2175653,0.6894155,0.8993091,0.3404347,0.6832000,0.8224000,0.4830000,0.6649000,0.6575000,0.3678000,0.7063000,0.5954000,0.2780000,0.7223000,0.5414000,0.3864000,0.8211000,0.4544000,0.5137000,0.3182823,-0.0000000,-0.0000000},
{0.5762698,0.7711008,0.1647537,0.5228443,0.7461141,0.1777450,0.7482196,0.8017596,0.2983226,0.7158494,0.9990924,0.2181278,0.6895252,0.9004251,0.3399191,0.6830000,0.8237000,0.4827000,0.6643000,0.6586000,0.3676000,0.7058000,0.5962000,0.2781000,0.7214000,0.5423000,0.3865000,0.8200000,0.4554000,0.5141000,0.3182823,-0.0000000,-0.0000000},
{0.5757995,0.7725818,0.1650076,0.5220540,0.7480985,0.1777220,0.7488760,0.8028291,0.2985572,0.7165002,0.9998593,0.2185262,0.6896231,0.9013997,0.3394716,0.6829000,0.8249000,0.4823000,0.6638000,0.6598000,0.3675000,0.7053000,0.5971000,0.2781000,0.7206000,0.5433000,0.3866000,0.8189000,0.4564000,0.5145000,0.3182823,-0.0000000,-0.0000000},
{0.5754399,0.7737151,0.1652002,0.5214570,0.7495986,0.1777012,0.7493220,0.8035542,0.2987169,0.7169736,1.0004150,0.2188175,0.6897307,0.9024484,0.3389928,0.6827000,0.8261000,0.4819000,0.6632000,0.6609000,0.3674000,0.7047000,0.5979000,0.2781000,0.7198000,0.5442000,0.3867000,0.8179000,0.4574000,0.5149000,0.3182823,-0.0000000,-0.0000000},
{0.5751792,0.7745372,0.1653388,0.5210472,0.7506286,0.1776853,0.7496633,0.8041084,0.2988393,0.7172244,1.0007085,0.2189723,0.6898306,0.9034030,0.3385595,0.6824000,0.8273000,0.4816000,0.6628000,0.6620000,0.3673000,0.7042000,0.5986000,0.2781000,0.7190000,0.5451000,0.3868000,0.8169000,0.4585000,0.5153000,0.3182823,-0.0000000,-0.0000000},
{0.5750453,0.7749593,0.1654097,0.5207550,0.7513637,0.1776731,0.7498822,0.8044636,0.2989179,0.7172998,1.0007966,0.2190189,0.6899210,0.9042509,0.3381767,0.6822000,0.8284000,0.4812000,0.6623000,0.6630000,0.3672000,0.7037000,0.5993000,0.2780000,0.7183000,0.5460000,0.3870000,0.8160000,0.4596000,0.5157000,0.3182823,-0.0000000,-0.0000000},
{0.5750270,0.7750171,0.1654194,0.5205694,0.7518304,0.1776650,0.7499626,0.8045938,0.2989467,0.7172577,1.0007474,0.2189928,0.6900211,0.9051737,0.3377623,0.6818000,0.8295000,0.4808000,0.6618000,0.6640000,0.3672000,0.7032000,0.6000000,0.2780000,0.7176000,0.5469000,0.3871000,0.8151000,0.4606000,0.5161000,0.3182823,-0.0000000,-0.0000000},
{0.5750460,0.7749572,0.1654094,0.5205694,0.7518304,0.1776650,0.7499243,0.8045319,0.2989330,0.7170881,1.0005490,0.2188881,0.6901115,0.9059925,0.3373965,0.6815000,0.8306000,0.4803000,0.6613000,0.6650000,0.3670000,0.7027000,0.6007000,0.2780000,0.7169000,0.5477000,0.3872000,0.8142000,0.4617000,0.5165000,0.3182823,-0.0000000,-0.0000000},
{0.5751731,0.7745564,0.1653421,0.5206956,0.7515129,0.1776706,0.7498181,0.8043597,0.2988949,0.7168378,1.0002558,0.2187338,0.6901963,0.9067499,0.3370598,0.6810000,0.8317000,0.4799000,0.6608000,0.6659000,0.3669000,0.7022000,0.6014000,0.2780000,0.7162000,0.5486000,0.3874000,0.8133000,0.4627000,0.5168000,0.3182823,-0.0000000,-0.0000000},
{0.5753218,0.7740876,0.1652631,0.5208674,0.7510809,0.1776779,0.7497878,0.8043104,0.2988840,0.7165663,0.9999371,0.2185668,0.6902928,0.9075976,0.3366847,0.6805000,0.8327000,0.4794000,0.6602000,0.6668000,0.3668000,0.7017000,0.6020000,0.2780000,0.7155000,0.5494000,0.3874000,0.8125000,0.4638000,0.5172000,0.3182823,-0.0000000,-0.0000000},
{0.5755609,0.7733337,0.1651355,0.5212252,0.7501811,0.1776924,0.7495540,0.8039310,0.2988001,0.7162005,0.9995066,0.2183425,0.6903719,0.9082832,0.3363828,0.6799000,0.8337000,0.4788000,0.6596000,0.6676000,0.3666000,0.7012000,0.6025000,0.2779000,0.7148000,0.5502000,0.3876000,0.8117000,0.4648000,0.5176000,0.3182823,-0.0000000,-0.0000000},
{0.5758027,0.7725720,0.1650060,0.5216010,0.7492367,0.1777065,0.7493347,0.8035749,0.2987215,0.7157915,0.9990240,0.2180925,0.6904568,0.9090098,0.3360642,0.6793000,0.8347000,0.4783000,0.6591000,0.6685000,0.3664000,0.7006000,0.6031000,0.2778000,0.7142000,0.5510000,0.3876000,0.8108000,0.4659000,0.5179000,0.3182823,-0.0000000,-0.0000000}
};
