fitErrPi Mean = 0.358558
fitErrTh Mean = 0.0384642
fitErrWr Mean = 0.106092
fitErrLA Mean = 0.230113
fitErrEl Mean = 0.0451915
fitErrUA Mean = 0.705061
efPts = {
{0.4834181,0.7976001,0.1673602,0.4269230,0.7869616,0.1979891,0.3762065,-0.3954534,0.9355789,0.6534412,1.0176514,0.1359548,0.1789566,-0.4070729,1.0786317,0.6329000,0.8794000,0.4280000,0.6010000,0.7124000,0.3259000,0.6441000,0.6351000,0.2554000,0.6315000,0.5934000,0.3702000,0.6895000,0.5094000,0.5240000,0.3182823,-0.1651070,0.0000000},
{0.4791368,0.7945080,0.1659300,0.4201254,0.7840176,0.1976979,0.5152174,0.6468792,0.3216236,0.6472501,1.0145048,0.1370862,0.3876460,0.2890348,0.6639219,0.6309000,0.8786000,0.4280000,0.5999000,0.7117000,0.3256000,0.6434000,0.6347000,0.2553000,0.6309000,0.5930000,0.3701000,0.6889000,0.5094000,0.5240000,0.3182823,-0.1651070,0.0000000},
{0.4748612,0.7914022,0.1644794,0.4133945,0.7810636,0.1973176,0.5096760,0.6471090,0.3206649,0.6408821,1.0111890,0.1383220,0.3844074,0.2897561,0.6628817,0.6288000,0.8777000,0.4280000,0.5988000,0.7109000,0.3254000,0.6428000,0.6342000,0.2553000,0.6302000,0.5925000,0.3700000,0.6883000,0.5093000,0.5241000,0.3182823,-0.1651070,0.0000000},
{0.4704049,0.7881459,0.1629436,0.4066768,0.7780779,0.1968503,0.5040404,0.6473244,0.3197010,0.6345036,1.0077862,0.1396336,0.3809536,0.2905221,0.6617744,0.6266000,0.8769000,0.4280000,0.5976000,0.7099000,0.3252000,0.6421000,0.6336000,0.2554000,0.6296000,0.5921000,0.3700000,0.6877000,0.5092000,0.5242000,0.3182823,-0.1651070,0.0000000},
{0.4658354,0.7847866,0.1613433,0.3998877,0.7750238,0.1962917,0.4980681,0.6475325,0.3186918,0.6278900,1.0041709,0.1410725,0.3772851,0.2913319,0.6606008,0.6244000,0.8759000,0.4280000,0.5964000,0.7091000,0.3249000,0.6415000,0.6330000,0.2557000,0.6289000,0.5917000,0.3699000,0.6871000,0.5092000,0.5243000,0.3182823,-0.1651070,0.0000000},
{0.4611696,0.7813351,0.1596826,0.3930853,0.7719278,0.1956476,0.4920978,0.6477199,0.3176955,0.6212481,1.0004497,0.1425994,0.3739872,0.2920567,0.6595478,0.6222000,0.8750000,0.4281000,0.5951000,0.7081000,0.3247000,0.6409000,0.6325000,0.2557000,0.6282000,0.5913000,0.3699000,0.6865000,0.5091000,0.5244000,0.3182823,-0.1651070,0.0000000},
{0.4562855,0.7776988,0.1579150,0.3862112,0.7687636,0.1949132,0.4861460,0.6478861,0.3167148,0.6144336,0.9965366,0.1442524,0.3705376,0.2928116,0.6584485,0.6199000,0.8740000,0.4283000,0.5938000,0.7073000,0.3245000,0.6403000,0.6321000,0.2555000,0.6276000,0.5908000,0.3698000,0.6858000,0.5091000,0.5243000,0.3182823,-0.1651070,0.0000000},
{0.4512442,0.7739202,0.1560589,0.3792964,0.7655454,0.1940916,0.4799379,0.6480377,0.3157052,0.6076657,0.9925532,0.1459821,0.3666161,0.2936656,0.6572016,0.6177000,0.8729000,0.4284000,0.5925000,0.7064000,0.3243000,0.6396000,0.6315000,0.2555000,0.6269000,0.5904000,0.3697000,0.6852000,0.5090000,0.5245000,0.3182823,-0.1651070,0.0000000},
{0.4461400,0.7700680,0.1541466,0.3721545,0.7621853,0.1931576,0.4735816,0.6481697,0.3146856,0.6008176,0.9884225,0.1478230,0.3638360,0.2942684,0.6563192,0.6154000,0.8718000,0.4287000,0.5912000,0.7054000,0.3242000,0.6390000,0.6310000,0.2554000,0.6262000,0.5900000,0.3697000,0.6845000,0.5090000,0.5245000,0.3182823,-0.1651070,0.0000000},
{0.4408862,0.7660748,0.1521432,0.3649762,0.7587716,0.1921331,0.4670242,0.6482815,0.3136485,0.5939989,0.9842078,0.1497481,0.3596691,0.2951678,0.6549994,0.6132000,0.8707000,0.4289000,0.5898000,0.7045000,0.3241000,0.6383000,0.6306000,0.2554000,0.6255000,0.5897000,0.3697000,0.6839000,0.5089000,0.5247000,0.3182823,-0.1651070,0.0000000},
{0.4354918,0.7619449,0.1500489,0.3576251,0.7552383,0.1909962,0.4606221,0.6483666,0.3126507,0.5871610,0.9798775,0.1517728,0.3562175,0.2959092,0.6539085,0.6109000,0.8694000,0.4292000,0.5884000,0.7036000,0.3241000,0.6375000,0.6301000,0.2554000,0.6248000,0.5893000,0.3696000,0.6832000,0.5088000,0.5247000,0.3182823,-0.1651070,0.0000000},
{0.4299930,0.7577035,0.1478745,0.3502773,0.7516693,0.1897721,0.4539601,0.6484300,0.3116276,0.5804419,0.9755189,0.1538560,0.3533169,0.2965296,0.6529935,0.6087000,0.8682000,0.4295000,0.5870000,0.7027000,0.3240000,0.6367000,0.6296000,0.2553000,0.6241000,0.5889000,0.3695000,0.6827000,0.5088000,0.5248000,0.3182823,-0.1651070,0.0000000},
{0.4243641,0.7533282,0.1456068,0.3428480,0.7480232,0.1884463,0.4476361,0.6484665,0.3106709,0.5737256,0.9710577,0.1560330,0.3495970,0.2973217,0.6518222,0.6066000,0.8670000,0.4299000,0.5855000,0.7019000,0.3241000,0.6358000,0.6291000,0.2552000,0.6233000,0.5885000,0.3695000,0.6820000,0.5088000,0.5249000,0.3182823,-0.1651070,0.0000000},
{0.4186981,0.7488893,0.1432808,0.3351626,0.7442121,0.1869820,0.4408300,0.6484800,0.3096570,0.5671435,0.9665819,0.1582606,0.3461705,0.2980480,0.6507456,0.6044000,0.8658000,0.4303000,0.5841000,0.7010000,0.3243000,0.6349000,0.6286000,0.2552000,0.6225000,0.5881000,0.3694000,0.6815000,0.5087000,0.5251000,0.3182823,-0.1651070,0.0000000},
{0.4130045,0.7443931,0.1408988,0.3275967,0.7404212,0.1854489,0.4340781,0.6484669,0.3086672,0.5606777,0.9620828,0.1605416,0.3426798,0.2987844,0.6496510,0.6023000,0.8647000,0.4308000,0.5826000,0.7003000,0.3244000,0.6338000,0.6281000,0.2550000,0.6218000,0.5877000,0.3694000,0.6807000,0.5087000,0.5251000,0.3182823,-0.1651070,0.0000000},
{0.4071985,0.7397707,0.1384229,0.3198584,0.7365039,0.1837867,0.4277042,0.6484304,0.3077476,0.5543560,0.9575836,0.1628627,0.3395137,0.2994494,0.6486601,0.6001000,0.8636000,0.4312000,0.5810000,0.6995000,0.3245000,0.6327000,0.6275000,0.2550000,0.6210000,0.5873000,0.3693000,0.6801000,0.5087000,0.5252000,0.3182823,-0.1651070,0.0000000},
{0.4013829,0.7351020,0.1358947,0.3122258,0.7326004,0.1820539,0.4210530,0.6483673,0.3068032,0.5480651,0.9530052,0.1652642,0.3367677,0.3000239,0.6478022,0.5980000,0.8625000,0.4315000,0.5794000,0.6987000,0.3247000,0.6315000,0.6270000,0.2548000,0.6201000,0.5868000,0.3693000,0.6793000,0.5086000,0.5253000,0.3182823,-0.1651070,0.0000000},
{0.3956719,0.7304788,0.1333638,0.3045857,0.7286533,0.1802260,0.4145638,0.6482810,0.3058968,0.5419248,0.9484366,0.1676987,0.3338554,0.3006308,0.6468938,0.5958000,0.8615000,0.4318000,0.5776000,0.6979000,0.3249000,0.6305000,0.6264000,0.2547000,0.6193000,0.5863000,0.3693000,0.6787000,0.5086000,0.5254000,0.3182823,-0.1651070,0.0000000},
{0.3898800,0.7257505,0.1307475,0.2970930,0.7247435,0.1783418,0.4080343,0.6481696,0.3049998,0.5358934,0.9438502,0.1701795,0.3315403,0.3011116,0.6461728,0.5935000,0.8604000,0.4320000,0.5759000,0.6970000,0.3251000,0.6292000,0.6258000,0.2547000,0.6184000,0.5858000,0.3692000,0.6780000,0.5086000,0.5255000,0.3182823,-0.1651070,0.0000000},
{0.3841827,0.7210594,0.1281241,0.2894456,0.7207127,0.1763242,0.4016700,0.6480372,0.3041399,0.5299582,0.9392388,0.1727098,0.3287367,0.3016918,0.6453010,0.5912000,0.8593000,0.4323000,0.5741000,0.6961000,0.3252000,0.6281000,0.6251000,0.2545000,0.6176000,0.5854000,0.3692000,0.6773000,0.5086000,0.5256000,0.3182823,-0.1651070,0.0000000},
{0.3786030,0.7164259,0.1255057,0.2819995,0.7167483,0.1742664,0.3954695,0.6478857,0.3033159,0.5242430,0.9347035,0.1752322,0.3261149,0.3022325,0.6444869,0.5888000,0.8580000,0.4324000,0.5723000,0.6952000,0.3254000,0.6268000,0.6245000,0.2545000,0.6166000,0.5849000,0.3692000,0.6766000,0.5087000,0.5257000,0.3182823,-0.1651070,0.0000000},
{0.3730030,0.7117355,0.1228276,0.2745314,0.7127323,0.1721086,0.3894169,0.6477163,0.3025246,0.5185841,0.9301185,0.1778152,0.3225535,0.3029637,0.6433832,0.5863000,0.8568000,0.4325000,0.5704000,0.6940000,0.3254000,0.6256000,0.6238000,0.2544000,0.6158000,0.5844000,0.3692000,0.6759000,0.5087000,0.5259000,0.3182823,-0.1651070,0.0000000},
{0.3675557,0.7071333,0.1201732,0.2671585,0.7087273,0.1698839,0.3832327,0.6475212,0.3017296,0.5131375,0.9256141,0.1803844,0.3203040,0.3034238,0.6426872,0.5838000,0.8553000,0.4327000,0.5677000,0.6924000,0.3253000,0.6244000,0.6230000,0.2543000,0.6150000,0.5839000,0.3692000,0.6752000,0.5088000,0.5261000,0.3182823,-0.1651070,0.0000000},
{0.3621230,0.7025038,0.1174761,0.2599343,0.7047635,0.1676109,0.3772300,0.6473105,0.3009708,0.5078760,0.9211747,0.1829459,0.3179227,0.3039092,0.6419515,0.5813000,0.8539000,0.4329000,0.5677000,0.6924000,0.3253000,0.6231000,0.6224000,0.2543000,0.6141000,0.5835000,0.3692000,0.6745000,0.5089000,0.5263000,0.3182823,-0.1651070,0.0000000},
{0.3568387,0.6979613,0.1148035,0.2528741,0.7008506,0.1652978,0.3712689,0.6470806,0.3002299,0.5027083,0.9167278,0.1855404,0.3149447,0.3045141,0.6410329,0.5788000,0.8524000,0.4330000,0.5677000,0.6915000,0.3255000,0.6219000,0.6216000,0.2543000,0.6132000,0.5830000,0.3692000,0.6738000,0.5089000,0.5265000,0.3182823,-0.1651070,0.0000000},
{0.3516574,0.6934687,0.1121347,0.2459498,0.6969745,0.1629386,0.3653837,0.6468332,0.2995108,0.4977029,0.9123357,0.1881302,0.3120786,0.3050939,0.6401502,0.5764000,0.8508000,0.4332000,0.5664000,0.6906000,0.3255000,0.6207000,0.6209000,0.2543000,0.6124000,0.5826000,0.3692000,0.6731000,0.5090000,0.5267000,0.3182823,-0.1651070,0.0000000},
{0.3465921,0.6890385,0.1094779,0.2392148,0.6931664,0.1605547,0.3596060,0.6465706,0.2988169,0.4927642,0.9079179,0.1907619,0.3101342,0.3054859,0.6395523,0.5739000,0.8493000,0.4334000,0.5650000,0.6895000,0.3255000,0.6194000,0.6202000,0.2542000,0.6115000,0.5821000,0.3693000,0.6724000,0.5091000,0.5270000,0.3182823,-0.1651070,0.0000000},
{0.3417079,0.6847298,0.1068700,0.2327492,0.6894743,0.1581804,0.3539179,0.6462931,0.2981453,0.4880521,0.9036218,0.1933463,0.3071476,0.3060860,0.6386353,0.5715000,0.8477000,0.4336000,0.5635000,0.6885000,0.3255000,0.6183000,0.6195000,0.2541000,0.6106000,0.5816000,0.3692000,0.6716000,0.5091000,0.5272000,0.3182823,-0.1651070,0.0000000},
{0.3369205,0.6804703,0.1042685,0.2264492,0.6858409,0.1557831,0.3483822,0.6460047,0.2975028,0.4834555,0.8993523,0.1959386,0.3047157,0.3065728,0.6378897,0.5692000,0.8462000,0.4338000,0.5620000,0.6873000,0.3256000,0.6169000,0.6188000,0.2540000,0.6098000,0.5812000,0.3692000,0.6708000,0.5091000,0.5273000,0.3182823,-0.1651070,0.0000000},
{0.3322296,0.6762608,0.1016746,0.2202983,0.6822582,0.1533592,0.3428960,0.6457012,0.2968769,0.4789837,0.8951215,0.1985305,0.3020950,0.3070955,0.6370875,0.5667000,0.8448000,0.4339000,0.5604000,0.6863000,0.3256000,0.6157000,0.6181000,0.2539000,0.6089000,0.5807000,0.3692000,0.6700000,0.5091000,0.5275000,0.3182823,-0.1651070,0.0000000},
{0.3278270,0.6722766,0.0991984,0.2143790,0.6787758,0.1509454,0.3376400,0.6453938,0.2962874,0.4747299,0.8910239,0.2010624,0.2999878,0.3075144,0.6364434,0.5644000,0.8434000,0.4339000,0.5588000,0.6852000,0.3256000,0.6143000,0.6175000,0.2537000,0.6080000,0.5803000,0.3691000,0.6691000,0.5092000,0.5276000,0.3182823,-0.1651070,0.0000000},
{0.3234962,0.6683247,0.0967218,0.2087170,0.6754117,0.1485586,0.3322246,0.6450601,0.2956903,0.4705511,0.8869266,0.2036148,0.2977861,0.3079508,0.6357713,0.5620000,0.8421000,0.4340000,0.5571000,0.6843000,0.3256000,0.6131000,0.6169000,0.2535000,0.6071000,0.5798000,0.3690000,0.6682000,0.5092000,0.5277000,0.3182823,-0.1651070,0.0000000},
{0.3193862,0.6645435,0.0943329,0.2032548,0.6721340,0.1461802,0.3271740,0.6447332,0.2951429,0.4664505,0.8828341,0.2061845,0.2954328,0.3084157,0.6350538,0.5596000,0.8407000,0.4340000,0.5554000,0.6832000,0.3257000,0.6118000,0.6163000,0.2534000,0.6062000,0.5794000,0.3689000,0.6674000,0.5092000,0.5278000,0.3182823,-0.1651070,0.0000000},
{0.3154169,0.6608623,0.0919890,0.1981727,0.6690545,0.1438972,0.3221609,0.6443938,0.2946088,0.4625136,0.8788355,0.2087146,0.2929832,0.3088980,0.6343081,0.5573000,0.8393000,0.4341000,0.5536000,0.6822000,0.3256000,0.6106000,0.6157000,0.2532000,0.6053000,0.5791000,0.3688000,0.6665000,0.5093000,0.5279000,0.3182823,-0.1651070,0.0000000},
{0.3115677,0.6572637,0.0896801,0.1931984,0.6660112,0.1415937,0.3171561,0.6440401,0.2940845,0.4586317,0.8748239,0.2112718,0.2911409,0.3092596,0.6337479,0.5549000,0.8379000,0.4342000,0.5517000,0.6812000,0.3256000,0.6093000,0.6151000,0.2530000,0.6044000,0.5786000,0.3687000,0.6658000,0.5094000,0.5280000,0.3182823,-0.1651070,0.0000000},
{0.3078386,0.6537497,0.0874086,0.1884945,0.6631051,0.1393494,0.3123205,0.6436842,0.2935866,0.4548206,0.8708162,0.2138451,0.2885561,0.3097653,0.6329631,0.5527000,0.8365000,0.4343000,0.5498000,0.6802000,0.3255000,0.6082000,0.6145000,0.2527000,0.6034000,0.5782000,0.3686000,0.6650000,0.5095000,0.5282000,0.3182823,-0.1651070,0.0000000},
{0.3043470,0.6504339,0.0852498,0.1838787,0.6602254,0.1370813,0.3075789,0.6433217,0.2931066,0.4511155,0.8668518,0.2164087,0.2866647,0.3101342,0.6323895,0.5504000,0.8351000,0.4343000,0.5479000,0.6791000,0.3255000,0.6071000,0.6140000,0.2526000,0.6031000,0.5779000,0.3681000,0.6649000,0.5101000,0.5285000,0.3182823,-0.1651070,0.0000000},
{0.3008559,0.6470930,0.0830593,0.1794154,0.6574130,0.1348225,0.3027748,0.6429408,0.2926286,0.4474473,0.8628579,0.2190093,0.2843350,0.3105872,0.6316840,0.5481000,0.8336000,0.4344000,0.5461000,0.6780000,0.3254000,0.6061000,0.6133000,0.2524000,0.6015000,0.5773000,0.3682000,0.6641000,0.5101000,0.5286000,0.3182823,-0.1651070,0.0000000},
{0.2976262,0.6439786,0.0810033,0.1752932,0.6547897,0.1326757,0.2981897,0.6425643,0.2921802,0.4440022,0.8590420,0.2215105,0.2822842,0.3109847,0.6310637,0.5458000,0.8322000,0.4345000,0.5445000,0.6768000,0.3254000,0.6052000,0.6126000,0.2523000,0.6001000,0.5766000,0.3684000,0.6632000,0.5101000,0.5286000,0.3182823,-0.1651070,0.0000000},
{0.2944198,0.6408636,0.0789332,0.1712137,0.6521678,0.1304903,0.2936212,0.6421766,0.2917411,0.4405880,0.8551959,0.2240477,0.2805034,0.3113289,0.6305257,0.5435000,0.8307000,0.4346000,0.5429000,0.6756000,0.3253000,0.6043000,0.6119000,0.2521000,0.5999000,0.5761000,0.3683000,0.6624000,0.5100000,0.5286000,0.3182823,-0.1651070,0.0000000},
{0.2914835,0.6379899,0.0770113,0.1674071,0.6496966,0.1283933,0.2891839,0.6417881,0.2913220,0.4373365,0.8514710,0.2265203,0.2784293,0.3117287,0.6298999,0.5412000,0.8292000,0.4347000,0.5415000,0.6743000,0.3252000,0.6034000,0.6112000,0.2519000,0.5990000,0.5755000,0.3681000,0.6614000,0.5099000,0.5286000,0.3182823,-0.1651070,0.0000000},
{0.2887050,0.6352518,0.0751690,0.1637352,0.6472890,0.1263142,0.2848717,0.6413991,0.2909215,0.4342246,0.8478469,0.2289402,0.2765854,0.3120831,0.6293441,0.5390000,0.8278000,0.4348000,0.5400000,0.6731000,0.3251000,0.6025000,0.6106000,0.2517000,0.5981000,0.5749000,0.3679000,0.6606000,0.5098000,0.5285000,0.3182823,-0.1651070,0.0000000},
{0.2860411,0.6326087,0.0733802,0.1602588,0.6449865,0.1242917,0.2806107,0.6410037,0.2905326,0.4312797,0.8443622,0.2312803,0.2742175,0.3125369,0.6286313,0.5368000,0.8265000,0.4350000,0.5386000,0.6720000,0.3251000,0.6016000,0.6099000,0.2515000,0.5972000,0.5743000,0.3677000,0.6597000,0.5098000,0.5285000,0.3182823,-0.1651070,0.0000000},
{0.2834484,0.6300189,0.0716176,0.1570435,0.6428357,0.1223712,0.2765260,0.6406144,0.2901660,0.4284885,0.8410077,0.2335450,0.2724880,0.3128673,0.6281113,0.5348000,0.8252000,0.4352000,0.5371000,0.6708000,0.3250000,0.6008000,0.6092000,0.2512000,0.5963000,0.5738000,0.3675000,0.6589000,0.5097000,0.5285000,0.3182823,-0.1651070,0.0000000},
{0.2811024,0.6276602,0.0700037,0.1540055,0.6407836,0.1205097,0.2725835,0.6402290,0.2898180,0.4258440,0.8377814,0.2357343,0.2712482,0.3131036,0.6277390,0.5329000,0.8240000,0.4354000,0.5357000,0.6697000,0.3251000,0.5999000,0.6087000,0.2511000,0.5955000,0.5732000,0.3673000,0.6581000,0.5095000,0.5284000,0.3182823,-0.1651070,0.0000000},
{0.2787857,0.6253164,0.0683916,0.1511180,0.6388141,0.1186957,0.2689063,0.6398610,0.2894986,0.4233515,0.8346962,0.2378380,0.2696091,0.3134154,0.6272470,0.5310000,0.8228000,0.4356000,0.5342000,0.6686000,0.3252000,0.5989000,0.6080000,0.2508000,0.5946000,0.5727000,0.3671000,0.6573000,0.5095000,0.5284000,0.3182823,-0.1651070,0.0000000},
{0.2765399,0.6230301,0.0668111,0.1483996,0.6369418,0.1169453,0.2653609,0.6394984,0.2891955,0.4209377,0.8316658,0.2399138,0.2678209,0.3137547,0.6267109,0.5291000,0.8216000,0.4357000,0.5329000,0.6678000,0.3252000,0.5981000,0.6073000,0.2505000,0.5938000,0.5723000,0.3670000,0.6565000,0.5094000,0.5284000,0.3182823,-0.1651070,0.0000000},
{0.2745109,0.6209520,0.0653676,0.1458423,0.6351635,0.1152586,0.2620292,0.6391506,0.2889148,0.4186660,0.8287741,0.2419035,0.2664078,0.3140222,0.6262877,0.5274000,0.8205000,0.4359000,0.5317000,0.6668000,0.3252000,0.5972000,0.6067000,0.2503000,0.5930000,0.5718000,0.3668000,0.6558000,0.5093000,0.5284000,0.3182823,-0.1651070,0.0000000},
{0.2725047,0.6188853,0.0639253,0.1433085,0.6333841,0.1135467,0.2587682,0.6388037,0.2886442,0.4164688,0.8259393,0.2438622,0.2649672,0.3142943,0.6258566,0.5257000,0.8194000,0.4361000,0.5305000,0.6660000,0.3252000,0.5962000,0.6059000,0.2501000,0.5923000,0.5713000,0.3665000,0.6551000,0.5092000,0.5283000,0.3182823,-0.1651070,0.0000000},
{0.2705686,0.6168793,0.0625190,0.1408610,0.6316479,0.1118520,0.2556765,0.6384687,0.2883912,0.4142939,0.8230952,0.2458356,0.2635470,0.3145620,0.6254320,0.5242000,0.8183000,0.4363000,0.5295000,0.6652000,0.3253000,0.5952000,0.6052000,0.2498000,0.5916000,0.5709000,0.3664000,0.6545000,0.5090000,0.5282000,0.3182823,-0.1651070,0.0000000},
{0.2686743,0.6149054,0.0611290,0.1385421,0.6299861,0.1102066,0.2527539,0.6381466,0.2881554,0.4123000,0.8204534,0.2476759,0.2623430,0.3147885,0.6250723,0.5228000,0.8172000,0.4365000,0.5286000,0.6643000,0.3253000,0.5943000,0.6045000,0.2496000,0.5910000,0.5705000,0.3663000,0.6538000,0.5090000,0.5282000,0.3182823,-0.1651070,0.0000000},
{0.2669341,0.6130818,0.0598394,0.1362087,0.6282961,0.1085093,0.2500026,0.6378386,0.2879363,0.4103141,0.8177883,0.2495397,0.2614962,0.3149475,0.6248194,0.5215000,0.8162000,0.4367000,0.5278000,0.6636000,0.3253000,0.5934000,0.6037000,0.2494000,0.5903000,0.5701000,0.3662000,0.6532000,0.5088000,0.5282000,0.3182823,-0.1651070,0.0000000},
{0.2650784,0.6111263,0.0584505,0.1339374,0.6266327,0.1068139,0.2472944,0.6375309,0.2877235,0.4083789,0.8151576,0.2513862,0.2607952,0.3150791,0.6246102,0.5203000,0.8151000,0.4370000,0.5270000,0.6628000,0.3254000,0.5925000,0.6029000,0.2492000,0.5897000,0.5698000,0.3661000,0.6526000,0.5087000,0.5283000,0.3182823,-0.1651070,0.0000000},
{0.2634268,0.6093761,0.0572022,0.1317010,0.6249758,0.1050999,0.2450049,0.6372672,0.2875457,0.4066639,0.8127975,0.2530487,0.2599784,0.3152321,0.6243666,0.5192000,0.8142000,0.4373000,0.5263000,0.6622000,0.3255000,0.5917000,0.6023000,0.2490000,0.5891000,0.5694000,0.3661000,0.6520000,0.5086000,0.5283000,0.3182823,-0.1651070,0.0000000},
{0.2618464,0.6076924,0.0559965,0.1296142,0.6234115,0.1034575,0.2427592,0.6370054,0.2873732,0.4050671,0.8105750,0.2546194,0.2589297,0.3154284,0.6240539,0.5181000,0.8132000,0.4376000,0.5258000,0.6617000,0.3256000,0.5908000,0.6016000,0.2490000,0.5886000,0.5691000,0.3660000,0.6515000,0.5085000,0.5283000,0.3182823,-0.1651070,0.0000000},
{0.2606544,0.6064167,0.0550798,0.1280958,0.6222613,0.1022343,0.2408820,0.6367842,0.2872305,0.4035645,0.8084608,0.2561180,0.2576615,0.3156653,0.6236762,0.5171000,0.8122000,0.4379000,0.5252000,0.6610000,0.3256000,0.5900000,0.6009000,0.2491000,0.5881000,0.5687000,0.3660000,0.6510000,0.5083000,0.5284000,0.3182823,-0.1651070,0.0000000},
{0.2596321,0.6053186,0.0542886,0.1270997,0.6215010,0.1014184,0.2391566,0.6365789,0.2871005,0.4022591,0.8066057,0.2574367,0.2575213,0.3156915,0.6236344,0.5161000,0.8112000,0.4382000,0.5247000,0.6605000,0.3256000,0.5892000,0.6002000,0.2491000,0.5877000,0.5684000,0.3659000,0.6506000,0.5082000,0.5284000,0.3182823,-0.1651070,0.0000000},
{0.2589052,0.6045353,0.0537230,0.1261822,0.6207965,0.1006568,0.2376845,0.6364022,0.2869905,0.4011569,0.8050257,0.2585625,0.2563898,0.3159024,0.6232976,0.5152000,0.8103000,0.4385000,0.5241000,0.6600000,0.3256000,0.5884000,0.5995000,0.2491000,0.5872000,0.5680000,0.3659000,0.6502000,0.5081000,0.5284000,0.3182823,-0.1651070,0.0000000},
{0.2581223,0.6036895,0.0531111,0.1253160,0.6201274,0.0999287,0.2365951,0.6362707,0.2869096,0.4003874,0.8039151,0.2593553,0.2563898,0.3159024,0.6232976,0.5144000,0.8095000,0.4386000,0.5237000,0.6595000,0.3255000,0.5878000,0.5989000,0.2492000,0.5868000,0.5677000,0.3659000,0.6499000,0.5080000,0.5284000,0.3182823,-0.1651070,0.0000000},
{0.2574291,0.6029387,0.0525669,0.1246724,0.6196277,0.0993817,0.2355843,0.6361479,0.2868349,0.3997752,0.8030269,0.2599901,0.2553502,0.3160960,0.6229884,0.5136000,0.8088000,0.4387000,0.5232000,0.6590000,0.3255000,0.5873000,0.5984000,0.2492000,0.5863000,0.5673000,0.3660000,0.6496000,0.5078000,0.5284000,0.3182823,-0.1651070,0.0000000},
{0.2568578,0.6023186,0.0521168,0.1241614,0.6192295,0.0989438,0.2348554,0.6360590,0.2867813,0.3992687,0.8022890,0.2605182,0.2553502,0.3160960,0.6229884,0.5129000,0.8083000,0.4387000,0.5228000,0.6585000,0.3254000,0.5869000,0.5979000,0.2491000,0.5863000,0.5672000,0.3658000,0.6493000,0.5076000,0.5284000,0.3182823,-0.1651070,0.0000000},
{0.2564264,0.6018495,0.0517757,0.1237086,0.6188754,0.0985529,0.2340739,0.6359634,0.2867241,0.3987456,0.8015240,0.2610662,0.2541199,0.3163246,0.6226226,0.5124000,0.8078000,0.4388000,0.5224000,0.6582000,0.3253000,0.5865000,0.5976000,0.2491000,0.5856000,0.5666000,0.3660000,0.6491000,0.5074000,0.5284000,0.3182823,-0.1651070,0.0000000},
{0.2560976,0.6014915,0.0515152,0.1232865,0.6185442,0.0981861,0.2335662,0.6359010,0.2866870,0.3983561,0.8009523,0.2614761,0.2541199,0.3163246,0.6226226,0.5120000,0.8075000,0.4387000,0.5221000,0.6579000,0.3252000,0.5863000,0.5973000,0.2491000,0.5855000,0.5665000,0.3658000,0.6489000,0.5073000,0.5283000,0.3182823,-0.1651070,0.0000000},
{0.2557699,0.6011342,0.0512550,0.1229248,0.6182597,0.0978699,0.2330527,0.6358377,0.2866497,0.3980760,0.8005403,0.2617717,0.2541199,0.3163246,0.6226226,0.5116000,0.8073000,0.4387000,0.5218000,0.6576000,0.3252000,0.5860000,0.5971000,0.2491000,0.5851000,0.5661000,0.3660000,0.6488000,0.5071000,0.5282000,0.3182823,-0.1651070,0.0000000}
};
