fitErrPi Mean = 0.318282
fitErrTh Mean = 0.0150466
fitErrWr Mean = 0.0106116
fitErrLA Mean = 0.0141969
fitErrEl Mean = 0.0334277
fitErrUA Mean = 0.0321455
efPts = {
{0.7352446,0.3530602,0.2506076,0.5833242,0.7969206,0.1094545,0.9794790,0.9106445,0.2992576,1.1116209,0.9417746,0.6419029,0.8378324,0.8396587,0.4709808,0.6616000,0.7279000,0.4995000,0.6989000,0.5870000,0.3882000,0.7304000,0.5810000,0.2781000,0.7647000,0.5265000,0.3880000,0.8852000,0.4402000,0.4965000,0.3182824,-0.0000000,-0.0000000},
{0.7343811,0.3533828,0.2508937,0.7577939,0.3099911,0.2510755,0.6154643,0.4575041,0.2536333,0.5866393,0.5990535,0.2595308,0.5819768,0.6710583,0.3374492,0.6614000,0.7280000,0.4992000,0.6988000,0.5871000,0.3881000,0.7303000,0.5807000,0.2780000,0.7645000,0.5263000,0.3879000,0.8847000,0.4401000,0.4967000,0.3182824,-0.0000000,-0.0000000},
{0.7337094,0.3536412,0.2511133,0.7566154,0.3100292,0.2516412,0.6153899,0.4576522,0.2535726,0.5866479,0.5994185,0.2593017,0.5820238,0.6712887,0.3373612,0.6612000,0.7281000,0.4990000,0.6988000,0.5870000,0.3885000,0.7302000,0.5804000,0.2779000,0.7643000,0.5260000,0.3878000,0.8842000,0.4401000,0.4970000,0.3182824,-0.0000000,-0.0000000},
{0.7330021,0.3539203,0.2513418,0.7557473,0.3100721,0.2520509,0.6152425,0.4579464,0.2534522,0.5866579,0.5998244,0.2590473,0.5821122,0.6717177,0.3371980,0.6610000,0.7283000,0.4987000,0.6986000,0.5871000,0.3885000,0.7301000,0.5802000,0.2778000,0.7641000,0.5258000,0.3877000,0.8837000,0.4402000,0.4973000,0.3182824,-0.0000000,-0.0000000},
{0.7324374,0.3541482,0.2515223,0.7550230,0.3101174,0.2523884,0.6151057,0.4582200,0.2533403,0.5866668,0.6001773,0.2588266,0.5822036,0.6721561,0.3370323,0.6607000,0.7286000,0.4984000,0.6987000,0.5876000,0.3881000,0.7300000,0.5799000,0.2777000,0.7638000,0.5256000,0.3876000,0.8831000,0.4403000,0.4976000,0.3182824,-0.0000000,-0.0000000},
{0.7319901,0.3543320,0.2516641,0.7542803,0.3101727,0.2527303,0.6149369,0.4585589,0.2532019,0.5866789,0.6006359,0.2585402,0.5823096,0.6726583,0.3368436,0.6605000,0.7290000,0.4980000,0.6981000,0.5876000,0.3879000,0.7299000,0.5797000,0.2776000,0.7636000,0.5254000,0.3875000,0.8824000,0.4404000,0.4978000,0.3182824,-0.0000000,-0.0000000},
{0.7312285,0.3546515,0.2519030,0.7534759,0.3102425,0.2530959,0.6146846,0.4590674,0.2529946,0.5866923,0.6011241,0.2582361,0.5824241,0.6731934,0.3366439,0.6602000,0.7293000,0.4976000,0.6978000,0.5878000,0.3878000,0.7298000,0.5794000,0.2775000,0.7634000,0.5252000,0.3874000,0.8817000,0.4405000,0.4981000,0.3182824,-0.0000000,-0.0000000},
{0.7303805,0.3550169,0.2521653,0.7525489,0.3103357,0.2535113,0.6143785,0.4596877,0.2527425,0.5867086,0.6016883,0.2578854,0.5825767,0.6738951,0.3363842,0.6600000,0.7297000,0.4972000,0.6977000,0.5885000,0.3873000,0.7297000,0.5791000,0.2774000,0.7632000,0.5250000,0.3873000,0.8809000,0.4407000,0.4984000,0.3182824,-0.0000000,-0.0000000},
{0.7293448,0.3554768,0.2524803,0.7515312,0.3104534,0.2539601,0.6139789,0.4605030,0.2524121,0.5867287,0.6023527,0.2574735,0.5827297,0.6745865,0.3361307,0.6598000,0.7300000,0.4967000,0.6970000,0.5885000,0.3871000,0.7296000,0.5789000,0.2773000,0.7629000,0.5247000,0.3872000,0.8803000,0.4409000,0.4987000,0.3182824,-0.0000000,-0.0000000},
{0.7278981,0.3561443,0.2529108,0.7498589,0.3106811,0.2546815,0.6134778,0.4615347,0.2519959,0.5867593,0.6033048,0.2568855,0.5829170,0.6754174,0.3358292,0.6595000,0.7305000,0.4962000,0.6972000,0.5893000,0.3865000,0.7295000,0.5786000,0.2772000,0.7627000,0.5245000,0.3871000,0.8796000,0.4412000,0.4990000,0.3182824,-0.0000000,-0.0000000},
{0.7263281,0.3569016,0.2533654,0.7479653,0.3109894,0.2554748,0.6129313,0.4626719,0.2515393,0.5867948,0.6043324,0.2562536,0.5831313,0.6763481,0.3354954,0.6593000,0.7310000,0.4955000,0.6969000,0.5898000,0.3860000,0.7294000,0.5784000,0.2771000,0.7625000,0.5243000,0.3870000,0.8789000,0.4414000,0.4992000,0.3182824,-0.0000000,-0.0000000},
{0.7242605,0.3579507,0.2539441,0.7455917,0.3114491,0.2564349,0.6122705,0.4640636,0.2509837,0.5868419,0.6055979,0.2554793,0.5833909,0.6774497,0.3351058,0.6589000,0.7315000,0.4948000,0.6966000,0.5904000,0.3853000,0.7293000,0.5781000,0.2770000,0.7623000,0.5241000,0.3869000,0.8782000,0.4417000,0.4995000,0.3182824,-0.0000000,-0.0000000},
{0.7222654,0.3590183,0.2544814,0.7428362,0.3120819,0.2575030,0.6116324,0.4654258,0.2504433,0.5868995,0.6070224,0.2546131,0.5836988,0.6787218,0.3346629,0.6586000,0.7321000,0.4941000,0.6962000,0.5909000,0.3848000,0.7292000,0.5779000,0.2769000,0.7620000,0.5239000,0.3868000,0.8774000,0.4421000,0.4998000,0.3182824,-0.0000000,-0.0000000},
{0.7200013,0.3602953,0.2550661,0.7399023,0.3128684,0.2585875,0.6109244,0.4669583,0.2498392,0.5869690,0.6086018,0.2536590,0.5840243,0.6800306,0.3342151,0.6582000,0.7328000,0.4933000,0.6954000,0.5912000,0.3842000,0.7291000,0.5776000,0.2768000,0.7618000,0.5237000,0.3867000,0.8767000,0.4426000,0.5001000,0.3182824,-0.0000000,-0.0000000},
{0.7176903,0.3616697,0.2556358,0.7368273,0.3138132,0.2596678,0.6101401,0.4686829,0.2491642,0.5870473,0.6102443,0.2526740,0.5844051,0.6815186,0.3337157,0.6579000,0.7334000,0.4925000,0.6947000,0.5918000,0.3837000,0.7290000,0.5773000,0.2767000,0.7616000,0.5234000,0.3866000,0.8758000,0.4430000,0.5004000,0.3182824,-0.0000000,-0.0000000},
{0.7153470,0.3631359,0.2561854,0.7337011,0.3148956,0.2607089,0.6093690,0.4704068,0.2484946,0.5871406,0.6120491,0.2515999,0.5847942,0.6829955,0.3332298,0.6576000,0.7342000,0.4916000,0.6947000,0.5929000,0.3828000,0.7289000,0.5771000,0.2766000,0.7614000,0.5232000,0.3865000,0.8749000,0.4435000,0.5008000,0.3182824,-0.0000000,-0.0000000},
{0.7128684,0.3647661,0.2567366,0.7304237,0.3161578,0.2617408,0.6085115,0.4723581,0.2477426,0.5872455,0.6139255,0.2504924,0.5852103,0.6845313,0.3327349,0.6573000,0.7349000,0.4908000,0.6941000,0.5936000,0.3820000,0.7288000,0.5768000,0.2765000,0.7611000,0.5230000,0.3864000,0.8740000,0.4440000,0.5012000,0.3182824,-0.0000000,-0.0000000},
{0.7102383,0.3665844,0.2572874,0.7269921,0.3176146,0.2627578,0.6075918,0.4744928,0.2469271,0.5873702,0.6159900,0.2492845,0.5856826,0.6862245,0.3322013,0.6571000,0.7358000,0.4899000,0.6939000,0.5945000,0.3814000,0.7287000,0.5766000,0.2764000,0.7609000,0.5228000,0.3863000,0.8730000,0.4445000,0.5016000,0.3182824,-0.0000000,-0.0000000},
{0.7074295,0.3686265,0.2578373,0.7234445,0.3192615,0.2637433,0.6065246,0.4770261,0.2459688,0.5875198,0.6182805,0.2479575,0.5862130,0.6880697,0.3316339,0.6569000,0.7366000,0.4889000,0.6934000,0.5954000,0.3806000,0.7286000,0.5763000,0.2763000,0.7607000,0.5226000,0.3862000,0.8719000,0.4450000,0.5020000,0.3182824,-0.0000000,-0.0000000},
{0.7044849,0.3708780,0.2583714,0.7197666,0.3211155,0.2646963,0.6054034,0.4797563,0.2449474,0.5877066,0.6209181,0.2464461,0.5867994,0.6900472,0.3310419,0.6567000,0.7376000,0.4880000,0.6929000,0.5964000,0.3798000,0.7285000,0.5760000,0.2762000,0.7607000,0.5226000,0.3862000,0.8708000,0.4455000,0.5024000,0.3182824,-0.0000000,-0.0000000},
{0.7013681,0.3733843,0.2588894,0.7159365,0.3232003,0.2656166,0.6041603,0.4828700,0.2437964,0.5879418,0.6239688,0.2447201,0.5875091,0.6923626,0.3303694,0.6564000,0.7386000,0.4870000,0.6924000,0.5975000,0.3790000,0.7284000,0.5758000,0.2761000,0.7599000,0.5234000,0.3859000,0.8697000,0.4460000,0.5027000,0.3182824,-0.0000000,-0.0000000},
{0.6982600,0.3760097,0.2593577,0.7117452,0.3256569,0.2665417,0.6028295,0.4863113,0.2425412,0.5882271,0.6273601,0.2428291,0.5882924,0.6948300,0.3296769,0.6561000,0.7397000,0.4860000,0.6918000,0.5985000,0.3781000,0.7283000,0.5755000,0.2760000,0.7590000,0.5235000,0.3860000,0.8685000,0.4465000,0.5031000,0.3182824,-0.0000000,-0.0000000},
{0.6951160,0.3787937,0.2597823,0.7073854,0.3284014,0.2674154,0.6013969,0.4901500,0.2411613,0.5885751,0.6311481,0.2407507,0.5891974,0.6975794,0.3289340,0.6559000,0.7409000,0.4850000,0.6912000,0.5997000,0.3771000,0.7282000,0.5753000,0.2759000,0.7584000,0.5243000,0.3858000,0.8674000,0.4470000,0.5035000,0.3182824,-0.0000000,-0.0000000},
{0.6913442,0.3823045,0.2602262,0.7026883,0.3315687,0.2682581,0.5998947,0.4943372,0.2396797,0.5889928,0.6353125,0.2385065,0.5902729,0.7007233,0.3281208,0.6556000,0.7422000,0.4840000,0.6906000,0.6008000,0.3763000,0.7281000,0.5750000,0.2759000,0.7573000,0.5246000,0.3856000,0.8662000,0.4475000,0.5038000,0.3182824,-0.0000000,-0.0000000},
{0.6875989,0.3859760,0.2605959,0.6974717,0.3353364,0.2690769,0.5983320,0.4988861,0.2380973,0.5894911,0.6398644,0.2361016,0.5914255,0.7039630,0.3273224,0.6554000,0.7436000,0.4831000,0.6898000,0.6020000,0.3754000,0.7280000,0.5747000,0.2758000,0.7562000,0.5245000,0.3859000,0.8652000,0.4480000,0.5041000,0.3182824,-0.0000000,-0.0000000},
{0.6836133,0.3900878,0.2609109,0.6923278,0.3393037,0.2697662,0.5967401,0.5037440,0.2364375,0.5900754,0.6447656,0.2335673,0.5927216,0.7074666,0.3265034,0.6553000,0.7452000,0.4822000,0.6892000,0.6033000,0.3746000,0.7279000,0.5745000,0.2757000,0.7555000,0.5255000,0.3849000,0.8640000,0.4483000,0.5045000,0.3182824,-0.0000000,-0.0000000},
{0.6793066,0.3947712,0.2611591,0.6869443,0.3437196,0.2703642,0.5951147,0.5089658,0.2346869,0.5907748,0.6501594,0.2308435,0.5941237,0.7111122,0.3256990,0.6552000,0.7468000,0.4813000,0.6884000,0.6046000,0.3738000,0.7278000,0.5742000,0.2756000,0.7543000,0.5252000,0.3855000,0.8630000,0.4486000,0.5048000,0.3182824,-0.0000000,-0.0000000},
{0.6750031,0.3997045,0.2613101,0.6813231,0.3486141,0.2708558,0.5932819,0.5152160,0.2326356,0.5915774,0.6558620,0.2280369,0.5955804,0.7147605,0.3249419,0.6551000,0.7485000,0.4804000,0.6875000,0.6059000,0.3730000,0.7277000,0.5740000,0.2755000,0.7534000,0.5254000,0.3857000,0.8619000,0.4489000,0.5051000,0.3182824,-0.0000000,-0.0000000},
{0.6704818,0.4051662,0.2613619,0.6754219,0.3540611,0.2712272,0.5915396,0.5215711,0.2305973,0.5925206,0.6620488,0.2250755,0.5971490,0.7185495,0.3242053,0.6551000,0.7502000,0.4796000,0.6868000,0.6072000,0.3722000,0.7276000,0.5737000,0.2754000,0.7527000,0.5261000,0.3853000,0.8609000,0.4491000,0.5055000,0.3182824,-0.0000000,-0.0000000},
{0.6658276,0.4110944,0.2612979,0.6692616,0.3600828,0.2714578,0.5897976,0.5284043,0.2284571,0.5936124,0.6686731,0.2219995,0.5991138,0.7231171,0.3233834,0.6551000,0.7520000,0.4787000,0.6861000,0.6085000,0.3715000,0.7275000,0.5734000,0.2753000,0.7518000,0.5261000,0.3856000,0.8599000,0.4492000,0.5059000,0.3182824,-0.0000000,-0.0000000},
{0.6610790,0.4174731,0.2611062,0.6631001,0.3664481,0.2715282,0.5880820,0.5357018,0.2262280,0.5948543,0.6756599,0.2188596,0.6010894,0.7275339,0.3226563,0.6552000,0.7538000,0.4778000,0.6855000,0.6097000,0.3707000,0.7274000,0.5732000,0.2752000,0.7509000,0.5264000,0.3855000,0.8588000,0.4493000,0.5062000,0.3182824,-0.0000000,-0.0000000},
{0.6563487,0.4241710,0.2607834,0.6566957,0.3734288,0.2714306,0.5864282,0.5433997,0.2239376,0.5962441,0.6829324,0.2157035,0.6031469,0.7319694,0.3219919,0.6552000,0.7557000,0.4769000,0.6850000,0.6110000,0.3701000,0.7273000,0.5729000,0.2751000,0.7504000,0.5268000,0.3856000,0.8578000,0.4495000,0.5066000,0.3182824,-0.0000000,-0.0000000},
{0.6515694,0.4313024,0.2603177,0.6503804,0.3806801,0.2711622,0.5848386,0.5515885,0.2215675,0.5978175,0.6906131,0.2124924,0.6053357,0.7365246,0.3213772,0.6554000,0.7576000,0.4761000,0.6845000,0.6124000,0.3693000,0.7272000,0.5727000,0.2750000,0.7498000,0.5273000,0.3856000,0.8566000,0.4495000,0.5069000,0.3182824,-0.0000000,-0.0000000},
{0.6468149,0.4387781,0.2597084,0.6441013,0.3882573,0.2707233,0.5833658,0.5600950,0.2191753,0.5995535,0.6985391,0.2093085,0.6076953,0.7412672,0.3208094,0.6556000,0.7596000,0.4753000,0.6840000,0.6138000,0.3686000,0.7271000,0.5724000,0.2749000,0.7491000,0.5277000,0.3855000,0.8555000,0.4497000,0.5072000,0.3182824,-0.0000000,-0.0000000},
{0.6421463,0.4465099,0.2589601,0.6378088,0.3962263,0.2701075,0.5820266,0.5689003,0.2167715,0.6014416,0.7066306,0.2061921,0.6101839,0.7461005,0.3203058,0.6559000,0.7617000,0.4746000,0.6835000,0.6152000,0.3679000,0.7270000,0.5721000,0.2748000,0.7484000,0.5281000,0.3857000,0.8542000,0.4499000,0.5076000,0.3182824,-0.0000000,-0.0000000},
{0.6375134,0.4545906,0.2580612,0.6315914,0.4044800,0.2693213,0.5808286,0.5780473,0.2143500,0.6035151,0.7149953,0.2031111,0.6128368,0.7510818,0.3198655,0.6565000,0.7640000,0.4739000,0.6829000,0.6167000,0.3673000,0.7269000,0.5719000,0.2747000,0.7476000,0.5287000,0.3856000,0.8529000,0.4500000,0.5080000,0.3182824,-0.0000000,-0.0000000},
{0.6329764,0.4629262,0.2570190,0.6254035,0.4130820,0.2683573,0.5797907,0.5875040,0.2119250,0.6057636,0.7235555,0.2001043,0.6156023,0.7561050,0.3195021,0.6572000,0.7663000,0.4732000,0.6824000,0.6184000,0.3668000,0.7268000,0.5716000,0.2746000,0.7467000,0.5293000,0.3855000,0.8516000,0.4502000,0.5083000,0.3182824,-0.0000000,-0.0000000},
{0.6284869,0.4716189,0.2558176,0.6192029,0.4221052,0.2672024,0.5789406,0.5970973,0.2095443,0.6081248,0.7320661,0.1972603,0.6185147,0.7612259,0.3192150,0.6580000,0.7688000,0.4726000,0.6818000,0.6202000,0.3662000,0.7267000,0.5714000,0.2745000,0.7458000,0.5299000,0.3856000,0.8502000,0.4504000,0.5086000,0.3182824,-0.0000000,-0.0000000},
{0.6241891,0.4803914,0.2544946,0.6131044,0.4313929,0.2658731,0.5782699,0.6070345,0.2071603,0.6106895,0.7408413,0.1944782,0.6215266,0.7663557,0.3190118,0.6590000,0.7713000,0.4719000,0.6814000,0.6221000,0.3657000,0.7267000,0.5714000,0.2745000,0.7449000,0.5305000,0.3856000,0.8489000,0.4506000,0.5090000,0.3182824,-0.0000000,-0.0000000},
{0.6198697,0.4896961,0.2529780,0.6070756,0.4409997,0.2643598,0.5778045,0.6170661,0.2048365,0.6134314,0.7497620,0.1918055,0.6247334,0.7716475,0.3188912,0.6600000,0.7739000,0.4713000,0.6809000,0.6243000,0.3651000,0.7264000,0.5729000,0.2743000,0.7441000,0.5312000,0.3856000,0.8475000,0.4507000,0.5093000,0.3182824,-0.0000000,-0.0000000},
{0.6156912,0.4992140,0.2513127,0.6011463,0.4508864,0.2626662,0.5775404,0.6275736,0.2024898,0.6163733,0.7588798,0.1892351,0.6280020,0.7768763,0.3188616,0.6612000,0.7766000,0.4708000,0.6806000,0.6264000,0.3645000,0.7262000,0.5744000,0.2742000,0.7433000,0.5319000,0.3857000,0.8461000,0.4509000,0.5097000,0.3182824,-0.0000000,-0.0000000},
{0.6116093,0.5090627,0.2494749,0.5954196,0.4608776,0.2608233,0.5775009,0.6380887,0.2002293,0.6194942,0.7681088,0.1867987,0.6314691,0.7822543,0.3189251,0.6624000,0.7793000,0.4703000,0.6803000,0.6285000,0.3639000,0.7260000,0.5756000,0.2743000,0.7425000,0.5327000,0.3857000,0.8447000,0.4511000,0.5100000,0.3182824,-0.0000000,-0.0000000},
{0.6077496,0.5189442,0.2475191,0.5897401,0.4712503,0.2587784,0.5776871,0.6487519,0.1980255,0.6227701,0.7773686,0.1845214,0.6350803,0.7876856,0.3190874,0.6637000,0.7820000,0.4698000,0.6802000,0.6306000,0.3633000,0.7256000,0.5768000,0.2743000,0.7416000,0.5334000,0.3857000,0.8431000,0.4513000,0.5102000,0.3182824,-0.0000000,-0.0000000},
{0.6040937,0.5288888,0.2454424,0.5842200,0.4818147,0.2565649,0.5781018,0.6594820,0.1958967,0.6261987,0.7866493,0.1824068,0.6386821,0.7929417,0.3193401,0.6650000,0.7848000,0.4694000,0.6802000,0.6327000,0.3627000,0.7250000,0.5779000,0.2743000,0.7407000,0.5342000,0.3856000,0.8415000,0.4516000,0.5105000,0.3182824,-0.0000000,-0.0000000},
{0.6005629,0.5391220,0.2431959,0.5788746,0.4925435,0.2541878,0.5787443,0.6702374,0.1938516,0.6298795,0.7962002,0.1804068,0.6424360,0.7982598,0.3196938,0.6665000,0.7876000,0.4690000,0.6803000,0.6348000,0.3622000,0.7241000,0.5790000,0.2743000,0.7397000,0.5350000,0.3855000,0.8399000,0.4519000,0.5107000,0.3182824,-0.0000000,-0.0000000},
{0.5972893,0.5492608,0.2408635,0.5737782,0.5032805,0.2516836,0.5796092,0.6809550,0.1919016,0.6337161,0.8057526,0.1785858,0.6462652,0.8035269,0.3201437,0.6680000,0.7904000,0.4688000,0.6804000,0.6370000,0.3617000,0.7233000,0.5801000,0.2742000,0.7386000,0.5360000,0.3855000,0.8383000,0.4523000,0.5110000,0.3182824,-0.0000000,-0.0000000},
{0.5941874,0.5595603,0.2383880,0.5688682,0.5141510,0.2490246,0.5807028,0.6917168,0.1900317,0.6375687,0.8149758,0.1769989,0.6501214,0.8086788,0.3206825,0.6696000,0.7931000,0.4686000,0.6805000,0.6393000,0.3614000,0.7227000,0.5814000,0.2741000,0.7376000,0.5369000,0.3854000,0.8367000,0.4527000,0.5113000,0.3182824,-0.0000000,-0.0000000},
{0.5911849,0.5703150,0.2356909,0.5641898,0.5250533,0.2462360,0.5820159,0.7024325,0.1882574,0.6415604,0.8241816,0.1755844,0.6540404,0.8137666,0.3213138,0.6713000,0.7957000,0.4684000,0.6805000,0.6414000,0.3611000,0.7219000,0.5827000,0.2740000,0.7367000,0.5380000,0.3853000,0.8351000,0.4531000,0.5116000,0.3182824,-0.0000000,-0.0000000},
{0.5884706,0.5808692,0.2329340,0.5595180,0.5365507,0.2431655,0.5835706,0.7132577,0.1865542,0.6456602,0.8333003,0.1743516,0.6579528,0.8187040,0.3220241,0.6730000,0.7983000,0.4681000,0.6804000,0.6434000,0.3608000,0.7213000,0.5841000,0.2740000,0.7358000,0.5391000,0.3853000,0.8337000,0.4534000,0.5120000,0.3182824,-0.0000000,-0.0000000},
{0.5859848,0.5914249,0.2300681,0.5551128,0.5480443,0.2399647,0.5853396,0.7239888,0.1849549,0.6499343,0.8424774,0.1732823,0.6620271,0.8237017,0.3228450,0.6747000,0.8008000,0.4679000,0.6802000,0.6453000,0.3605000,0.7207000,0.5853000,0.2740000,0.7350000,0.5401000,0.3853000,0.8324000,0.4539000,0.5123000,0.3182824,-0.0000000,-0.0000000},
{0.5837118,0.6020605,0.2270706,0.5509439,0.5596159,0.2366105,0.5873142,0.7346001,0.1834617,0.6543180,0.8515701,0.1723947,0.6660332,0.8284782,0.3237299,0.6763000,0.8032000,0.4677000,0.6800000,0.6471000,0.3602000,0.7201000,0.5866000,0.2741000,0.7344000,0.5412000,0.3853000,0.8310000,0.4544000,0.5126000,0.3182824,-0.0000000,-0.0000000},
{0.5816673,0.6127266,0.2239530,0.5471297,0.5709186,0.2332065,0.5895148,0.7452065,0.1820578,0.6588152,0.8605902,0.1716860,0.6701402,0.8332385,0.3247140,0.6780000,0.8056000,0.4675000,0.6796000,0.6487000,0.3599000,0.7195000,0.5879000,0.2743000,0.7336000,0.5420000,0.3854000,0.8297000,0.4548000,0.5129000,0.3182824,-0.0000000,-0.0000000},
{0.5798853,0.6232421,0.2207687,0.5434900,0.5824920,0.2295893,0.5918810,0.7555422,0.1807765,0.6633998,0.8694890,0.1711576,0.6742340,0.8378507,0.3257700,0.6796000,0.8080000,0.4673000,0.6792000,0.6503000,0.3597000,0.7190000,0.5891000,0.2744000,0.7329000,0.5430000,0.3854000,0.8283000,0.4553000,0.5131000,0.3182824,-0.0000000,-0.0000000},
{0.5783455,0.6337141,0.2174860,0.5401539,0.5939547,0.2258736,0.5944331,0.7657355,0.1795984,0.6680553,0.8782420,0.1708067,0.6783111,0.8423158,0.3268940,0.6813000,0.8103000,0.4671000,0.6787000,0.6518000,0.3594000,0.7185000,0.5903000,0.2743000,0.7321000,0.5440000,0.3854000,0.8270000,0.4559000,0.5133000,0.3182824,-0.0000000,-0.0000000},
{0.5770397,0.6442444,0.2140702,0.5371021,0.6053733,0.2220378,0.5971730,0.7758080,0.1785195,0.6727574,0.8868131,0.1706289,0.6824352,0.8467057,0.3281025,0.6829000,0.8127000,0.4670000,0.6779000,0.6532000,0.3594000,0.7183000,0.5916000,0.2743000,0.7314000,0.5451000,0.3853000,0.8257000,0.4564000,0.5135000,0.3182824,-0.0000000,-0.0000000},
{0.5760121,0.6544671,0.2106401,0.5343367,0.6167588,0.2180757,0.6000273,0.7855269,0.1775608,0.6775404,0.8952719,0.1706180,0.6864427,0.8508521,0.3293442,0.6846000,0.8151000,0.4670000,0.6762000,0.6546000,0.3591000,0.7178000,0.5928000,0.2743000,0.7306000,0.5460000,0.3852000,0.8243000,0.4571000,0.5137000,0.3182824,-0.0000000,-0.0000000},
{0.5752424,0.6645046,0.2071587,0.5318935,0.6279720,0.2140347,0.6030583,0.7951355,0.1766948,0.6824098,0.9036312,0.1707721,0.6904263,0.8548592,0.3306432,0.6863000,0.8175000,0.4670000,0.6756000,0.6562000,0.3591000,0.7174000,0.5941000,0.2742000,0.7299000,0.5470000,0.3852000,0.8231000,0.4577000,0.5139000,0.3182824,-0.0000000,-0.0000000},
{0.5747295,0.6743194,0.2036408,0.5297349,0.6392178,0.2098376,0.6061929,0.8044269,0.1759370,0.6872742,0.9117430,0.1710826,0.6942864,0.8586348,0.3319625,0.6880000,0.8199000,0.4670000,0.6750000,0.6578000,0.3591000,0.7170000,0.5952000,0.2741000,0.7294000,0.5481000,0.3851000,0.8219000,0.4584000,0.5141000,0.3182824,-0.0000000,-0.0000000},
{0.5744685,0.6839725,0.2000654,0.5279202,0.6502229,0.2055828,0.6094612,0.8135201,0.1752738,0.6921395,0.9196305,0.1715410,0.6981030,0.8622653,0.3333247,0.6896000,0.8221000,0.4670000,0.6743000,0.6594000,0.3591000,0.7164000,0.5963000,0.2740000,0.7288000,0.5490000,0.3851000,0.8208000,0.4591000,0.5143000,0.3182824,-0.0000000,-0.0000000},
{0.5744608,0.6934242,0.1964470,0.5264359,0.6610817,0.2012330,0.6128119,0.8223002,0.1747097,0.6969697,0.9272495,0.1721347,0.7018197,0.8657038,0.3347061,0.6912000,0.8244000,0.4669000,0.6736000,0.6609000,0.3592000,0.7158000,0.5976000,0.2741000,0.7282000,0.5500000,0.3851000,0.8197000,0.4599000,0.5145000,0.3182824,-0.0000000,-0.0000000},
{0.5746971,0.7024325,0.1928827,0.5253289,0.6713782,0.1969596,0.6162324,0.8307696,0.1742393,0.7017631,0.9346121,0.1728537,0.7053631,0.8688932,0.3360731,0.6928000,0.8266000,0.4669000,0.6729000,0.6625000,0.3592000,0.7152000,0.5986000,0.2741000,0.7275000,0.5509000,0.3851000,0.8186000,0.4607000,0.5148000,0.3182824,-0.0000000,-0.0000000},
{0.5751524,0.7109068,0.1894193,0.5245552,0.6813895,0.1926547,0.6196937,0.8388923,0.1738588,0.7064833,0.9416778,0.1736826,0.7088898,0.8719821,0.3374820,0.6942000,0.8288000,0.4669000,0.6724000,0.6641000,0.3591000,0.7145000,0.5998000,0.2741000,0.7269000,0.5520000,0.3851000,0.8174000,0.4615000,0.5150000,0.3182824,-0.0000000,-0.0000000},
{0.5758241,0.7190975,0.1859618,0.5241189,0.6909518,0.1883931,0.6231480,0.8465982,0.1735646,0.7110722,0.9483790,0.1745984,0.7122223,0.8748226,0.3388575,0.6957000,0.8309000,0.4669000,0.6720000,0.6658000,0.3591000,0.7139000,0.6010000,0.2740000,0.7261000,0.5530000,0.3850000,0.8162000,0.4624000,0.5152000,0.3182824,-0.0000000,-0.0000000},
{0.5766755,0.7267546,0.1826236,0.5240039,0.6998826,0.1842680,0.6266180,0.8539770,0.1733463,0.7155500,0.9547643,0.1755927,0.7155195,0.8775580,0.3402606,0.6971000,0.8331000,0.4669000,0.6715000,0.6678000,0.3590000,0.7133000,0.6021000,0.2739000,0.7254000,0.5540000,0.3850000,0.8150000,0.4633000,0.5154000,0.3182824,-0.0000000,-0.0000000},
{0.5777059,0.7340506,0.1793389,0.5241856,0.7084264,0.1801773,0.6300202,0.8608914,0.1732007,0.7198806,0.9608004,0.1766453,0.7186572,0.8800919,0.3416351,0.6984000,0.8353000,0.4669000,0.6712000,0.6698000,0.3589000,0.7127000,0.6032000,0.2738000,0.7247000,0.5551000,0.3849000,0.8138000,0.4642000,0.5156000,0.3182824,-0.0000000,-0.0000000},
{0.5788659,0.7407902,0.1762058,0.5246418,0.7164131,0.1762114,0.6333740,0.8674235,0.1731179,0.7240719,0.9665166,0.1777467,0.7216827,0.8824707,0.3429967,0.6998000,0.8376000,0.4668000,0.6708000,0.6718000,0.3589000,0.7117000,0.6046000,0.2733000,0.7239000,0.5562000,0.3848000,0.8126000,0.4652000,0.5158000,0.3182824,-0.0000000,-0.0000000},
{0.5801468,0.7470797,0.1731880,0.5253544,0.7239312,0.1723381,0.6366874,0.8736208,0.1730906,0.7281458,0.9719571,0.1788928,0.7245138,0.8846394,0.3443033,0.7011000,0.8397000,0.4668000,0.6705000,0.6738000,0.3589000,0.7113000,0.6060000,0.2730000,0.7231000,0.5574000,0.3848000,0.8114000,0.4663000,0.5161000,0.3182824,-0.0000000,-0.0000000},
{0.5815415,0.7529835,0.1702639,0.5262604,0.7307024,0.1687188,0.6398922,0.8793903,0.1731122,0.7320124,0.9770186,0.1800474,0.7272396,0.8866744,0.3455910,0.7024000,0.8419000,0.4667000,0.6701000,0.6759000,0.3589000,0.7110000,0.6074000,0.2730000,0.7224000,0.5586000,0.3848000,0.8101000,0.4673000,0.5164000,0.3182824,-0.0000000,-0.0000000},
{0.5829749,0.7583041,0.1675450,0.5273821,0.7371268,0.1651550,0.6430334,0.8848445,0.1731763,0.7356879,0.9817400,0.1812040,0.7297435,0.8884977,0.3468000,0.7036000,0.8440000,0.4666000,0.6698000,0.6778000,0.3589000,0.7107000,0.6087000,0.2730000,0.7216000,0.5598000,0.3848000,0.8089000,0.4684000,0.5166000,0.3182824,-0.0000000,-0.0000000},
{0.5844676,0.7632300,0.1649492,0.5286276,0.7428582,0.1618544,0.6460100,0.8898404,0.1732738,0.7392274,0.9862055,0.1823708,0.7320721,0.8901535,0.3479468,0.7046000,0.8460000,0.4664000,0.6695000,0.6798000,0.3589000,0.7103000,0.6101000,0.2730000,0.7207000,0.5610000,0.3848000,0.8076000,0.4695000,0.5169000,0.3182824,-0.0000000,-0.0000000},
{0.5859670,0.7676777,0.1625335,0.5299536,0.7479458,0.1588155,0.6488856,0.8945161,0.1734003,0.7425212,0.9902912,0.1835024,0.7343786,0.8917554,0.3491043,0.7055000,0.8480000,0.4663000,0.6693000,0.6817000,0.3588000,0.7099000,0.6113000,0.2730000,0.7199000,0.5622000,0.3847000,0.8063000,0.4705000,0.5171000,0.3182824,-0.0000000,-0.0000000},
{0.5874264,0.7716121,0.1603335,0.5313622,0.7525646,0.1559552,0.6515764,0.8987633,0.1735459,0.7455746,0.9940196,0.1845902,0.7364006,0.8931280,0.3501369,0.7063000,0.8498000,0.4661000,0.6691000,0.6835000,0.3586000,0.7095000,0.6126000,0.2730000,0.7191000,0.5634000,0.3847000,0.8050000,0.4718000,0.5174000,0.3182824,-0.0000000,-0.0000000},
{0.5888584,0.7751539,0.1582969,0.5327646,0.7565729,0.1533837,0.6540951,0.9026320,0.1737050,0.7483945,0.9974131,0.1856273,0.7382922,0.8943851,0.3511181,0.7069000,0.8516000,0.4659000,0.6688000,0.6853000,0.3585000,0.7091000,0.6140000,0.2730000,0.7182000,0.5646000,0.3847000,0.8036000,0.4728000,0.5176000,0.3182824,-0.0000000,-0.0000000},
{0.5902466,0.7783277,0.1564221,0.5341710,0.7601358,0.1510189,0.6564193,0.9061134,0.1738707,0.7510076,1.0005159,0.1866158,0.7399398,0.8954586,0.3519849,0.7074000,0.8533000,0.4657000,0.6686000,0.6870000,0.3584000,0.7086000,0.6153000,0.2730000,0.7174000,0.5660000,0.3847000,0.8024000,0.4740000,0.5179000,0.3182824,-0.0000000,-0.0000000},
{0.5915711,0.7811463,0.1547136,0.5355510,0.7632734,0.1488664,0.6585653,0.9092556,0.1740392,0.7533978,1.0033191,0.1875429,0.7414489,0.8964242,0.3527888,0.7079000,0.8550000,0.4654000,0.6685000,0.6886000,0.3582000,0.7082000,0.6165000,0.2729000,0.7166000,0.5673000,0.3847000,0.8011000,0.4752000,0.5182000,0.3182824,-0.0000000,-0.0000000},
{0.5928211,0.7836386,0.1531656,0.5368539,0.7659647,0.1469610,0.6604805,0.9120027,0.1742017,0.7554726,1.0057256,0.1883651,0.7428250,0.8972899,0.3535303,0.7083000,0.8566000,0.4651000,0.6683000,0.6902000,0.3581000,0.7077000,0.6178000,0.2730000,0.7158000,0.5685000,0.3848000,0.7998000,0.4763000,0.5185000,0.3182824,-0.0000000,-0.0000000},
{0.5940287,0.7859063,0.1517237,0.5381124,0.7683507,0.1452205,0.6622527,0.9144980,0.1743621,0.7573854,1.0079225,0.1891373,0.7440061,0.8980214,0.3541731,0.7087000,0.8581000,0.4648000,0.6681000,0.6918000,0.3580000,0.7072000,0.6190000,0.2730000,0.7150000,0.5698000,0.3848000,0.7986000,0.4774000,0.5188000,0.3182824,-0.0000000,-0.0000000},
{0.5951638,0.7879230,0.1504124,0.5393227,0.7704716,0.1436280,0.6637434,0.9165630,0.1745042,0.7587942,1.0095273,0.1897148,0.7450755,0.8986746,0.3547603,0.7090000,0.8596000,0.4645000,0.6679000,0.6933000,0.3579000,0.7067000,0.6202000,0.2730000,0.7142000,0.5710000,0.3849000,0.7973000,0.4786000,0.5192000,0.3182824,-0.0000000,-0.0000000},
{0.5962112,0.7896922,0.1492375,0.5404598,0.7723268,0.1421963,0.6650370,0.9183304,0.1746328,0.7602569,1.0111818,0.1903221,0.7459946,0.8992290,0.3552689,0.7093000,0.8610000,0.4641000,0.6677000,0.6946000,0.3577000,0.7061000,0.6213000,0.2731000,0.7134000,0.5722000,0.3850000,0.7961000,0.4797000,0.5195000,0.3182824,-0.0000000,-0.0000000},
{0.5971607,0.7912252,0.1481996,0.5414471,0.7738394,0.1409991,0.6660808,0.9197402,0.1747401,0.7615516,1.0126361,0.1908662,0.7466836,0.8996403,0.3556525,0.7094000,0.8624000,0.4637000,0.6674000,0.6959000,0.3576000,0.7056000,0.6223000,0.2731000,0.7126000,0.5734000,0.3850000,0.7950000,0.4808000,0.5199000,0.3182824,-0.0000000,-0.0000000},
{0.5980346,0.7925799,0.1472660,0.5423770,0.7751876,0.1399073,0.6669533,0.9209075,0.1748321,0.7622049,1.0133664,0.1911430,0.7472631,0.8999834,0.3559769,0.7096000,0.8637000,0.4632000,0.6671000,0.6972000,0.3575000,0.7051000,0.6233000,0.2731000,0.7118000,0.5745000,0.3851000,0.7937000,0.4819000,0.5202000,0.3182824,-0.0000000,-0.0000000},
{0.5987748,0.7936871,0.1464905,0.5432138,0.7763418,0.1389524,0.6675817,0.9217420,0.1748997,0.7627416,1.0139647,0.1913716,0.7476708,0.9002233,0.3562059,0.7096000,0.8649000,0.4627000,0.6667000,0.6983000,0.3573000,0.7045000,0.6243000,0.2732000,0.7112000,0.5755000,0.3852000,0.7927000,0.4830000,0.5206000,0.3182824,-0.0000000,-0.0000000},
{0.5994849,0.7947164,0.1457592,0.5439688,0.7773381,0.1381121,0.6680325,0.9223375,0.1749489,0.7630938,1.0143564,0.1915222,0.7479938,0.9004124,0.3563879,0.7096000,0.8661000,0.4621000,0.6664000,0.6993000,0.3571000,0.7040000,0.6251000,0.2731000,0.7105000,0.5766000,0.3853000,0.7915000,0.4840000,0.5209000,0.3182824,-0.0000000,-0.0000000},
{0.6000781,0.7955522,0.1451575,0.5447193,0.7782885,0.1372954,0.6682313,0.9225993,0.1749707,0.7633620,1.0146542,0.1916371,0.7481075,0.9004787,0.3564521,0.7095000,0.8672000,0.4615000,0.6660000,0.7003000,0.3568000,0.7035000,0.6260000,0.2731000,0.7097000,0.5776000,0.3853000,0.7904000,0.4850000,0.5212000,0.3182824,-0.0000000,-0.0000000},
{0.6006336,0.7963157,0.1446014,0.5453645,0.7790751,0.1366076,0.6683419,0.9227447,0.1749830,0.7634976,1.0148047,0.1916954,0.7481515,0.9005044,0.3564770,0.7094000,0.8682000,0.4608000,0.6656000,0.7012000,0.3565000,0.7030000,0.6268000,0.2730000,0.7090000,0.5785000,0.3853000,0.7894000,0.4860000,0.5215000,0.3182824,-0.0000000,-0.0000000},
{0.6010888,0.7969281,0.1441508,0.5459841,0.7798052,0.1359589,0.6682501,0.9226240,0.1749728,0.7630173,1.0142714,0.1914894,0.7480332,0.9004354,0.3564102,0.7092000,0.8692000,0.4601000,0.6652000,0.7021000,0.3562000,0.7026000,0.6274000,0.2728000,0.7084000,0.5793000,0.3853000,0.7883000,0.4869000,0.5218000,0.3182824,-0.0000000,-0.0000000},
{0.6015590,0.7975481,0.1436901,0.5466064,0.7805145,0.1353186,0.6679713,0.9222569,0.1749422,0.7628681,1.0141054,0.1914256,0.7478471,0.9003266,0.3563052,0.7089000,0.8700000,0.4594000,0.6648000,0.7027000,0.3560000,0.7021000,0.6280000,0.2727000,0.7078000,0.5802000,0.3853000,0.7874000,0.4878000,0.5220000,0.3182824,-0.0000000,-0.0000000},
{0.6019529,0.7980581,0.1433079,0.5472038,0.7811737,0.1347141,0.6676210,0.9217940,0.1749040,0.7621694,1.0133268,0.1911279,0.7475067,0.9001269,0.3561136,0.7085000,0.8708000,0.4587000,0.6644000,0.7035000,0.3557000,0.7017000,0.6285000,0.2727000,0.7073000,0.5808000,0.3853000,0.7865000,0.4886000,0.5223000,0.3182824,-0.0000000,-0.0000000},
{0.6023270,0.7985346,0.1429478,0.5478085,0.7818200,0.1341120,0.6671519,0.9211717,0.1748534,0.7614512,1.0125236,0.1908237,0.7470489,0.8998569,0.3558568,0.7081000,0.8715000,0.4579000,0.6640000,0.7041000,0.3553000,0.7013000,0.6290000,0.2725000,0.7067000,0.5815000,0.3852000,0.7856000,0.4894000,0.5226000,0.3182824,-0.0000000,-0.0000000},
{0.6027067,0.7990106,0.1425852,0.5484444,0.7824776,0.1334892,0.6665979,0.9204332,0.1747944,0.7607060,1.0116873,0.1905101,0.7465175,0.8995415,0.3555599,0.7075000,0.8722000,0.4572000,0.6635000,0.7045000,0.3550000,0.7008000,0.6293000,0.2724000,0.7062000,0.5821000,0.3852000,0.7848000,0.4901000,0.5229000,0.3182824,-0.0000000,-0.0000000},
{0.6030139,0.7993901,0.1422941,0.5491311,0.7831635,0.1328280,0.6660103,0.9196455,0.1747328,0.7598658,1.0107406,0.1901590,0.7459160,0.8991819,0.3552252,0.7069000,0.8728000,0.4565000,0.6631000,0.7050000,0.3547000,0.7004000,0.6296000,0.2724000,0.7056000,0.5826000,0.3853000,0.7840000,0.4909000,0.5232000,0.3182824,-0.0000000,-0.0000000},
{0.6033914,0.7998498,0.1419389,0.5498193,0.7838265,0.1321767,0.6653391,0.9187400,0.1746636,0.7589918,1.0097515,0.1897964,0.7452711,0.8987931,0.3548682,0.7061000,0.8733000,0.4558000,0.6625000,0.7053000,0.3544000,0.7000000,0.6298000,0.2723000,0.7051000,0.5831000,0.3853000,0.7832000,0.4916000,0.5234000,0.3182824,-0.0000000,-0.0000000},
{0.6036914,0.8002099,0.1416585,0.5505589,0.7845127,0.1314892,0.6647395,0.9179260,0.1746028,0.7581224,1.0087635,0.1894385,0.7445232,0.8983383,0.3544564,0.7053000,0.8737000,0.4550000,0.6620000,0.7056000,0.3541000,0.6996000,0.6299000,0.2721000,0.7046000,0.5835000,0.3852000,0.7825000,0.4922000,0.5236000,0.3182824,-0.0000000,-0.0000000},
{0.6040313,0.8006125,0.1413430,0.5513012,0.7851751,0.1308114,0.6640222,0.9169458,0.1745315,0.7571922,1.0077016,0.1890587,0.7438244,0.8979095,0.3540738,0.7044000,0.8741000,0.4543000,0.6614000,0.7058000,0.3537000,0.6991000,0.6300000,0.2719000,0.7041000,0.5837000,0.3852000,0.7818000,0.4928000,0.5238000,0.3182824,-0.0000000,-0.0000000},
{0.6043868,0.8010274,0.1410154,0.5521890,0.7859340,0.1300165,0.6633621,0.9160377,0.1744673,0.7563316,1.0067148,0.1887102,0.7430536,0.8974322,0.3536542,0.7035000,0.8744000,0.4536000,0.6608000,0.7058000,0.3534000,0.6987000,0.6301000,0.2718000,0.7035000,0.5840000,0.3851000,0.7810000,0.4933000,0.5241000,0.3182824,-0.0000000,-0.0000000},
{0.6047996,0.8015014,0.1406379,0.5530931,0.7866709,0.1292237,0.6627184,0.9151463,0.1744058,0.7554299,1.0056764,0.1883480,0.7422890,0.8969543,0.3532405,0.7025000,0.8746000,0.4529000,0.6602000,0.7059000,0.3530000,0.6983000,0.6300000,0.2716000,0.7026000,0.5841000,0.3851000,0.7803000,0.4938000,0.5243000,0.3182824,-0.0000000,-0.0000000},
{0.6052284,0.8019851,0.1402491,0.5542072,0.7875315,0.1282691,0.6620948,0.9142774,0.1743474,0.7545716,1.0046836,0.1880060,0.7415666,0.8964988,0.3528519,0.7015000,0.8748000,0.4523000,0.6596000,0.7059000,0.3526000,0.6978000,0.6300000,0.2715000,0.7024000,0.5844000,0.3850000,0.7796000,0.4943000,0.5245000,0.3182824,-0.0000000,-0.0000000}
};
