fitErrPi Mean = 0.0432317
fitErrTh Mean = 0.0297843
fitErrWr Mean = 0.0126793
fitErrLA Mean = 0.0120799
fitErrEl Mean = 0.00819848
fitErrUA Mean = 0.11345
efPts = {
{0.8060854,0.3543571,0.2889300,0.8272599,0.2654800,0.2942698,0.7332002,0.5038405,0.2911221,0.6683985,0.6137776,0.2829761,0.8372614,0.5702794,0.6077850,0.7573000,0.7084000,0.5161000,0.7802000,0.6230000,0.4037000,0.8327000,0.6072000,0.3715000,0.8723000,0.5521000,0.3933000,0.9780000,0.5208000,0.4522000,0.7472365,0.2672893,0.3015437},
{0.8067279,0.3539531,0.2885241,0.8276125,0.2652614,0.2940047,0.7337510,0.5031508,0.2911776,0.6686594,0.6132027,0.2832922,0.6915102,0.6780249,0.4367867,0.7587000,0.7085000,0.5164000,0.7802000,0.6230000,0.4037000,0.8341000,0.6069000,0.3717000,0.8730000,0.5522000,0.3934000,0.9789000,0.5206000,0.4520000,0.7476217,0.2668842,0.3014654},
{0.8071972,0.3536601,0.2882256,0.8277862,0.2651540,0.2938738,0.7341384,0.5026680,0.2912160,0.6688180,0.6128575,0.2834829,0.6922000,0.6785571,0.4370299,0.7600000,0.7086000,0.5166000,0.7811000,0.6229000,0.4039000,0.8356000,0.6066000,0.3720000,0.8738000,0.5523000,0.3935000,0.9796000,0.5205000,0.4519000,0.7476801,0.2668228,0.3014534},
{0.8074292,0.3535159,0.2880774,0.8275286,0.2653133,0.2940679,0.7343715,0.5023784,0.2912389,0.6688970,0.6126868,0.2835775,0.6929394,0.6791263,0.4372912,0.7612000,0.7088000,0.5167000,0.7823000,0.6231000,0.4042000,0.8370000,0.6063000,0.3722000,0.8745000,0.5523000,0.3937000,0.9804000,0.5203000,0.4518000,0.7477385,0.2667616,0.3014414},
{0.8072646,0.3536182,0.2881826,0.8268291,0.2657483,0.2945920,0.7344688,0.5022576,0.2912485,0.6688710,0.6127428,0.2835464,0.6936556,0.6796766,0.4375449,0.7624000,0.7091000,0.5168000,0.7833000,0.6234000,0.4044000,0.8370000,0.6063000,0.3722000,0.8752000,0.5525000,0.3937000,0.9811000,0.5202000,0.4517000,0.7473885,0.2671293,0.3015129},
{0.8065672,0.3540539,0.2886259,0.8256316,0.2665015,0.2954793,0.7343017,0.5024650,0.2912321,0.6687275,0.6130543,0.2833741,0.6945023,0.6803255,0.4378456,0.7634000,0.7094000,0.5169000,0.7841000,0.6235000,0.4043000,0.8378000,0.6065000,0.3722000,0.8757000,0.5525000,0.3939000,0.9817000,0.5201000,0.4517000,0.7467898,0.2677605,0.3016337},
{0.8055501,0.3546963,0.2892659,0.8241210,0.2674666,0.2965804,0.7338378,0.5030424,0.2911862,0.6684577,0.6136463,0.2830481,0.6951688,0.6808353,0.4380829,0.7644000,0.7099000,0.5169000,0.7852000,0.6240000,0.4043000,0.8385000,0.6066000,0.3722000,0.8764000,0.5528000,0.3940000,0.9823000,0.5199000,0.4516000,0.7458736,0.2687310,0.3018150},
{0.8044543,0.3553978,0.2899469,0.8221754,0.2687342,0.2979695,0.7332246,0.5038099,0.2911245,0.6680760,0.6145000,0.2825816,0.6959543,0.6814349,0.4383633,0.7653000,0.7102000,0.5168000,0.7860000,0.6242000,0.4043000,0.8393000,0.6068000,0.3722000,0.8770000,0.5529000,0.3941000,0.9829000,0.5197000,0.4516000,0.7447458,0.2699334,0.3020322},
{0.8032170,0.3562015,0.2907052,0.8198075,0.2703131,0.2996165,0.7324872,0.5047393,0.2910488,0.6675706,0.6156601,0.2819544,0.6967254,0.6820221,0.4386393,0.7662000,0.7106000,0.5168000,0.7860000,0.6242000,0.4043000,0.8399000,0.6070000,0.3722000,0.8776000,0.5531000,0.3942000,0.9833000,0.5196000,0.4516000,0.7433994,0.2713803,0.3022831},
{0.8017593,0.3571640,0.2915842,0.8171305,0.2721452,0.3014226,0.7315914,0.5058780,0.2909545,0.6670350,0.6169285,0.2812769,0.6975116,0.6826195,0.4389214,0.7671000,0.7110000,0.5167000,0.7865000,0.6251000,0.4041000,0.8406000,0.6071000,0.3721000,0.8782000,0.5533000,0.3942000,0.9839000,0.5194000,0.4516000,0.7412565,0.2737087,0.3026631},
{0.7999341,0.3583927,0.2926632,0.8138072,0.2744872,0.3035837,0.7305228,0.5072504,0.2908386,0.6664388,0.6183910,0.2805064,0.6983377,0.6832458,0.4392186,0.7679000,0.7115000,0.5165000,0.7871000,0.6261000,0.4038000,0.8411000,0.6072000,0.3720000,0.8786000,0.5535000,0.3943000,0.9843000,0.5192000,0.4516000,0.7388606,0.2763490,0.3030600},
{0.7976679,0.3599543,0.2939698,0.8100697,0.2772083,0.3059101,0.7291441,0.5090441,0.2906835,0.6657710,0.6200974,0.2796212,0.6989817,0.6837329,0.4394508,0.7687000,0.7119000,0.5163000,0.7876000,0.6270000,0.4035000,0.8418000,0.6075000,0.3719000,0.8792000,0.5536000,0.3943000,0.9848000,0.5190000,0.4515000,0.7361443,0.2793900,0.3034743},
{0.7947308,0.3620368,0.2956094,0.8060203,0.2802574,0.3083100,0.7274015,0.5113488,0.2904783,0.6650559,0.6220114,0.2786450,0.6997226,0.6842923,0.4397187,0.7694000,0.7124000,0.5160000,0.7882000,0.6279000,0.4033000,0.8423000,0.6076000,0.3718000,0.8796000,0.5538000,0.3944000,0.9853000,0.5188000,0.4515000,0.7333400,0.2825826,0.3038619},
{0.7912598,0.3645819,0.2974700,0.8015613,0.2837328,0.3108117,0.7253583,0.5141064,0.2902245,0.6641634,0.6245406,0.2773812,0.7004792,0.6848623,0.4399928,0.7701000,0.7130000,0.5156000,0.7882000,0.6279000,0.4033000,0.8429000,0.6079000,0.3717000,0.8801000,0.5539000,0.3944000,0.9857000,0.5186000,0.4514000,0.7303351,0.2860637,0.3042319},
{0.7872840,0.3676069,0.2995004,0.7967320,0.2876321,0.3133596,0.7229744,0.5174018,0.2899094,0.6631989,0.6274742,0.2759502,0.7015109,0.6856375,0.4403677,0.7707000,0.7136000,0.5152000,0.7882000,0.6287000,0.4030000,0.8434000,0.6082000,0.3715000,0.8806000,0.5540000,0.3944000,0.9862000,0.5184000,0.4512000,0.7270244,0.2899716,0.3045850},
{0.7829365,0.3710467,0.3015995,0.7914515,0.2920519,0.3159590,0.7203219,0.5211711,0.2895341,0.6621541,0.6309292,0.2743101,0.7020788,0.6860633,0.4405746,0.7712000,0.7143000,0.5147000,0.7882000,0.6298000,0.4025000,0.8438000,0.6083000,0.3714000,0.8810000,0.5541000,0.3943000,0.9866000,0.5182000,0.4511000,0.7234058,0.2943305,0.3049050},
{0.7782221,0.3749299,0.3037351,0.7856313,0.2971069,0.3186048,0.7174655,0.5253572,0.2890994,0.6610529,0.6349537,0.2724570,0.7028513,0.6866413,0.4408566,0.7717000,0.7150000,0.5142000,0.7882000,0.6309000,0.4020000,0.8442000,0.6086000,0.3713000,0.8815000,0.5542000,0.3942000,0.9870000,0.5179000,0.4509000,0.7196408,0.2989635,0.3051643},
{0.7729621,0.3794476,0.3059480,0.7799161,0.3022527,0.3209852,0.7144676,0.5298998,0.2886070,0.6599703,0.6394009,0.2704758,0.7039068,0.6874291,0.4412431,0.7721000,0.7159000,0.5136000,0.7880000,0.6321000,0.4014000,0.8445000,0.6088000,0.3712000,0.8818000,0.5543000,0.3941000,0.9873000,0.5177000,0.4506000,0.7155435,0.3041198,0.3053603},
{0.7673462,0.3844836,0.3081155,0.7732833,0.3084453,0.3234843,0.7112866,0.5348974,0.2880417,0.6589365,0.6442603,0.2683849,0.7051971,0.6883888,0.4417173,0.7724000,0.7169000,0.5129000,0.7877000,0.6336000,0.4008000,0.8447000,0.6090000,0.3711000,0.8821000,0.5544000,0.3939000,0.9875000,0.5174000,0.4504000,0.7112857,0.3096061,0.3054676},
{0.7613530,0.3900972,0.3102089,0.7665238,0.3149943,0.3257464,0.7079536,0.5403436,0.2873988,0.6579598,0.6496408,0.2661530,0.7062352,0.6891584,0.4421002,0.7727000,0.7179000,0.5122000,0.7874000,0.6349000,0.4003000,0.8449000,0.6091000,0.3710000,0.8823000,0.5544000,0.3937000,0.9878000,0.5171000,0.4502000,0.7069233,0.3153643,0.3054742},
{0.7551267,0.3961891,0.3121452,0.7595866,0.3219607,0.3277751,0.7045581,0.5461298,0.2866864,0.6571061,0.6553195,0.2638851,0.7076968,0.6902381,0.4426414,0.7730000,0.7191000,0.5115000,0.7870000,0.6363000,0.3999000,0.8450000,0.6092000,0.3710000,0.8825000,0.5545000,0.3934000,0.9879000,0.5168000,0.4499000,0.7023830,0.3215073,0.3053682},
{0.7488308,0.4026175,0.3138569,0.7526101,0.3292131,0.3295205,0.7010913,0.5523067,0.2858941,0.6563689,0.6614954,0.2615133,0.7089721,0.6911766,0.4431156,0.7733000,0.7204000,0.5108000,0.7866000,0.6379000,0.3996000,0.8450000,0.6093000,0.3709000,0.8826000,0.5545000,0.3932000,0.9879000,0.5165000,0.4496000,0.6975533,0.3282128,0.3051266},
{0.7425198,0.4093323,0.3153237,0.7454586,0.3369014,0.3310063,0.6976438,0.5587443,0.2850349,0.6557946,0.6679744,0.2591238,0.7105020,0.6922978,0.4436870,0.7736000,0.7217000,0.5101000,0.7863000,0.6390000,0.3995000,0.8449000,0.6095000,0.3708000,0.8826000,0.5545000,0.3930000,0.9878000,0.5162000,0.4494000,0.6923477,0.3356425,0.3047139},
{0.7361487,0.4163883,0.3165501,0.7381705,0.3449995,0.3322063,0.6941361,0.5656282,0.2840801,0.6553984,0.6747226,0.2567351,0.7119246,0.6933361,0.4442206,0.7741000,0.7232000,0.5096000,0.7855000,0.6402000,0.3996000,0.8448000,0.6097000,0.3708000,0.8825000,0.5546000,0.3927000,0.9875000,0.5158000,0.4492000,0.6868661,0.3436987,0.3041041},
{0.7296469,0.4238791,0.3175353,0.7307767,0.3534857,0.3331002,0.6906742,0.5727901,0.2830490,0.6551942,0.6815495,0.2544160,0.7135901,0.6945463,0.4448483,0.7745000,0.7247000,0.5090000,0.7855000,0.6402000,0.3996000,0.8447000,0.6100000,0.3707000,0.8823000,0.5547000,0.3925000,0.9872000,0.5153000,0.4489000,0.6812619,0.3521899,0.3032887},
{0.7230998,0.4317234,0.3182509,0.7232049,0.3624599,0.3336767,0.6872567,0.5802642,0.2819336,0.6551785,0.6885689,0.2521276,0.7152834,0.6957708,0.4454896,0.7751000,0.7262000,0.5085000,0.7852000,0.6421000,0.3990000,0.8444000,0.6103000,0.3708000,0.8822000,0.5548000,0.3921000,0.9868000,0.5149000,0.4487000,0.6755738,0.3610814,0.3022554},
{0.7165142,0.4399257,0.3186845,0.7155820,0.3717870,0.3339075,0.6838601,0.5881452,0.2807157,0.6553603,0.6958763,0.2498436,0.7168877,0.6969255,0.4461001,0.7755000,0.7276000,0.5080000,0.7849000,0.6440000,0.3985000,0.8442000,0.6107000,0.3707000,0.8819000,0.5550000,0.3919000,0.9864000,0.5144000,0.4485000,0.6697328,0.3705102,0.3009696},
{0.7098925,0.4484970,0.3188228,0.7078768,0.3815174,0.3337792,0.6805727,0.5962693,0.2794172,0.6557509,0.7034364,0.2475809,0.7186612,0.6981959,0.4467784,0.7760000,0.7290000,0.5075000,0.7846000,0.6459000,0.3979000,0.8439000,0.6110000,0.3707000,0.8816000,0.5551000,0.3916000,0.9858000,0.5139000,0.4483000,0.6637935,0.3804225,0.2994175},
{0.7032680,0.4574089,0.3186521,0.7002349,0.3914747,0.3332855,0.6773664,0.6047429,0.2780179,0.6563624,0.7112604,0.2453419,0.7204275,0.6994547,0.4474574,0.7764000,0.7304000,0.5069000,0.7843000,0.6479000,0.3974000,0.8436000,0.6114000,0.3706000,0.8812000,0.5552000,0.3913000,0.9853000,0.5134000,0.4481000,0.6578126,0.3907528,0.2975921},
{0.6969204,0.4662773,0.3181864,0.6926623,0.4016511,0.3324265,0.6743134,0.6134114,0.2765407,0.6572144,0.7194089,0.2431166,0.7222999,0.7007823,0.4481809,0.7768000,0.7319000,0.5065000,0.7840000,0.6498000,0.3968000,0.8434000,0.6117000,0.3704000,0.8807000,0.5553000,0.3910000,0.9846000,0.5129000,0.4479000,0.6517798,0.4015484,0.2954677},
{0.6905895,0.4754587,0.3174132,0.6850770,0.4121633,0.3311851,0.6712900,0.6226949,0.2749091,0.6583176,0.7278306,0.2409271,0.7243394,0.7022203,0.4489734,0.7773000,0.7334000,0.5060000,0.7837000,0.6517000,0.3963000,0.8430000,0.6120000,0.3703000,0.8801000,0.5553000,0.3907000,0.9838000,0.5123000,0.4477000,0.6457770,0.4126906,0.2930526},
{0.6843540,0.4848479,0.3163339,0.6774478,0.4230711,0.3295365,0.6686040,0.6316625,0.2732857,0.6596825,0.7364996,0.2387868,0.7265470,0.7037674,0.4498363,0.7779000,0.7351000,0.5056000,0.7834000,0.6536000,0.3957000,0.8425000,0.6124000,0.3703000,0.8795000,0.5554000,0.3904000,0.9828000,0.5117000,0.4475000,0.6398120,0.4241874,0.2903326},
{0.6781701,0.4945199,0.3149327,0.6699432,0.4341438,0.3275048,0.6660959,0.6408073,0.2715837,0.6613931,0.7457713,0.2366219,0.7289293,0.7054260,0.4507734,0.7784000,0.7368000,0.5053000,0.7831000,0.6555000,0.3952000,0.8420000,0.6128000,0.3702000,0.8788000,0.5555000,0.3901000,0.9818000,0.5110000,0.4473000,0.6339145,0.4360054,0.2873035},
{0.6719910,0.5045684,0.3131801,0.6624575,0.4455461,0.3250511,0.6637514,0.6502226,0.2697834,0.6632223,0.7544395,0.2347119,0.7313894,0.7071270,0.4517476,0.7790000,0.7387000,0.5049000,0.7828000,0.6574000,0.3946000,0.8414000,0.6131000,0.3703000,0.8780000,0.5557000,0.3900000,0.9807000,0.5104000,0.4472000,0.6280929,0.4481523,0.2839512},
{0.6659726,0.5147541,0.3111072,0.6552141,0.4569406,0.3222450,0.6616327,0.6596873,0.2679257,0.6653052,0.7632454,0.2328829,0.7339091,0.7088567,0.4527521,0.7795000,0.7406000,0.5045000,0.7825000,0.6593000,0.3941000,0.8408000,0.6138000,0.3703000,0.8772000,0.5559000,0.3895000,0.9795000,0.5098000,0.4470000,0.6224285,0.4604765,0.2803087},
{0.6600682,0.5251635,0.3086911,0.6481667,0.4683920,0.3190785,0.6597077,0.6693708,0.2659761,0.6676581,0.7722160,0.2311340,0.7365676,0.7106682,0.4538194,0.7801000,0.7425000,0.5040000,0.7822000,0.6612000,0.3935000,0.8402000,0.6143000,0.3704000,0.8764000,0.5562000,0.3892000,0.9782000,0.5092000,0.4469000,0.6168298,0.4732030,0.2762979},
{0.6543572,0.5356644,0.3059573,0.6412042,0.4800873,0.3154938,0.6580252,0.6790502,0.2639786,0.6702835,0.7813185,0.2294774,0.7392656,0.7124924,0.4549101,0.7807000,0.7444000,0.5037000,0.7819000,0.6632000,0.3930000,0.8394000,0.6148000,0.3705000,0.8755000,0.5564000,0.3890000,0.9768000,0.5085000,0.4467000,0.6112847,0.4864094,0.2718721},
{0.6488868,0.5461656,0.3029322,0.6344371,0.4918503,0.3115365,0.6565889,0.6886752,0.2619447,0.6731358,0.7903781,0.2279470,0.7420315,0.7143477,0.4560364,0.7813000,0.7464000,0.5033000,0.7815000,0.6651000,0.3924000,0.8388000,0.6156000,0.3704000,0.8745000,0.5566000,0.3886000,0.9754000,0.5078000,0.4466000,0.6061300,0.4992978,0.2672972},
{0.6436478,0.5566785,0.2996166,0.6278240,0.5037602,0.3071737,0.6554041,0.6981478,0.2598968,0.6762686,0.7995487,0.2265197,0.7448752,0.7162396,0.4572027,0.7818000,0.7485000,0.5030000,0.7812000,0.6670000,0.3918000,0.8379000,0.6161000,0.3705000,0.8736000,0.5570000,0.3882000,0.9739000,0.5072000,0.4464000,0.6011085,0.5125072,0.2623479},
{0.6385824,0.5673245,0.2959689,0.6214232,0.5157216,0.3024327,0.6544618,0.7074310,0.2578458,0.6796506,0.8087133,0.2252177,0.7479329,0.7182565,0.4584664,0.7829000,0.7501000,0.5022000,0.7809000,0.6689000,0.3913000,0.8370000,0.6167000,0.3706000,0.8724000,0.5572000,0.3880000,0.9723000,0.5066000,0.4463000,0.5963715,0.5256591,0.2571586},
{0.6337399,0.5780108,0.2920147,0.6152036,0.5278036,0.2972772,0.6537430,0.7166058,0.2557759,0.6831416,0.8175168,0.2240870,0.7510321,0.7202822,0.4597573,0.7837000,0.7522000,0.5020000,0.7806000,0.6708000,0.3907000,0.8361000,0.6174000,0.3706000,0.8712000,0.5576000,0.3877000,0.9706000,0.5059000,0.4461000,0.5918145,0.5390625,0.2516006},
{0.6290854,0.5888291,0.2877121,0.6092841,0.5397805,0.2917991,0.6532387,0.7257095,0.2536800,0.6868079,0.8261622,0.2230945,0.7540774,0.7222547,0.4610355,0.7847000,0.7543000,0.5018000,0.7803000,0.6727000,0.3902000,0.8350000,0.6180000,0.3707000,0.8700000,0.5580000,0.3873000,0.9688000,0.5053000,0.4460000,0.5875972,0.5522588,0.2458604},
{0.6247242,0.5995422,0.2831514,0.6035791,0.5518326,0.2859114,0.6529454,0.7347073,0.2515670,0.6906486,0.8346574,0.2222373,0.7570914,0.7241892,0.4623101,0.7856000,0.7562000,0.5016000,0.7800000,0.6746000,0.3896000,0.8341000,0.6188000,0.3708000,0.8687000,0.5585000,0.3872000,0.9671000,0.5047000,0.4458000,0.5836267,0.5655395,0.2398109},
{0.6207358,0.6099278,0.2784406,0.5981568,0.5638288,0.2796682,0.6528573,0.7435393,0.2494528,0.6946056,0.8428902,0.2215228,0.7601197,0.7261153,0.4636004,0.7862000,0.7583000,0.5018000,0.7800000,0.6746000,0.3896000,0.8333000,0.6195000,0.3709000,0.8675000,0.5588000,0.3871000,0.9653000,0.5040000,0.4457000,0.5799838,0.5786428,0.2335688},
{0.6168418,0.6207339,0.2732297,0.5930780,0.5756350,0.2731396,0.6529642,0.7521800,0.2473454,0.6986916,0.8509066,0.2209427,0.7630691,0.7279743,0.4648662,0.7870000,0.7602000,0.5017000,0.7795000,0.6777000,0.3895000,0.8327000,0.6203000,0.3709000,0.8663000,0.5592000,0.3870000,0.9634000,0.5034000,0.4457000,0.5766618,0.5915788,0.2271331},
{0.6133638,0.6310847,0.2679337,0.5884204,0.5870479,0.2664523,0.6532622,0.7607746,0.2452106,0.7028293,0.8585784,0.2205000,0.7660143,0.7298139,0.4661393,0.7879000,0.7620000,0.5016000,0.7793000,0.6800000,0.3897000,0.8320000,0.6212000,0.3709000,0.8650000,0.5594000,0.3870000,0.9616000,0.5029000,0.4456000,0.5736872,0.6042208,0.2205730},
{0.6102600,0.6410394,0.2625488,0.5842144,0.5979463,0.2597059,0.6537284,0.7689932,0.2431327,0.7069925,0.8658907,0.2201868,0.7687434,0.7315037,0.4673271,0.7887000,0.7637000,0.5014000,0.7793000,0.6820000,0.3898000,0.8314000,0.6221000,0.3709000,0.8637000,0.5599000,0.3868000,0.9597000,0.5023000,0.4456000,0.5710747,0.6164506,0.2139629},
{0.6074942,0.6506611,0.2570609,0.5804172,0.6083882,0.2528949,0.6543582,0.7770267,0.2410666,0.7111577,0.8728353,0.2199941,0.7714925,0.7331914,0.4685315,0.7896000,0.7655000,0.5013000,0.7791000,0.6842000,0.3894000,0.8307000,0.6229000,0.3710000,0.8624000,0.5602000,0.3868000,0.9578000,0.5018000,0.4457000,0.5687854,0.6283949,0.2072459},
{0.6050764,0.6598561,0.2515440,0.5770341,0.6183035,0.2460951,0.6551080,0.7845615,0.2390966,0.7152988,0.8794016,0.2199124,0.7741923,0.7348347,0.4697220,0.7904000,0.7671000,0.5012000,0.7788000,0.6863000,0.3888000,0.8298000,0.6238000,0.3711000,0.8611000,0.5604000,0.3868000,0.9557000,0.5013000,0.4457000,0.5668329,0.6399264,0.2005045},
{0.6029241,0.6689032,0.2458418,0.5739343,0.6280460,0.2390790,0.6560079,0.7920429,0.2371092,0.7194324,0.8856445,0.2199320,0.7769755,0.7365140,0.4709572,0.7912000,0.7688000,0.5012000,0.7787000,0.6881000,0.3886000,0.8287000,0.6245000,0.3714000,0.8597000,0.5607000,0.3869000,0.9537000,0.5008000,0.4458000,0.5652825,0.6504558,0.1941175},
{0.6010880,0.6775587,0.2401166,0.5712185,0.6372693,0.2321101,0.6569925,0.7990391,0.2352219,0.7235547,0.8915807,0.2200456,0.7794129,0.7379724,0.4720456,0.7921000,0.7705000,0.5011000,0.7786000,0.6898000,0.3887000,0.8276000,0.6253000,0.3717000,0.8583000,0.5611000,0.3870000,0.9516000,0.5004000,0.4460000,0.5639761,0.6608995,0.1875521},
{0.5995537,0.6858121,0.2343958,0.5688701,0.6459551,0.2252354,0.6580765,0.8057895,0.2333739,0.7276971,0.8972717,0.2202489,0.7820348,0.7395283,0.4732234,0.7929000,0.7721000,0.5010000,0.7785000,0.6917000,0.3886000,0.8262000,0.6258000,0.3720000,0.8569000,0.5616000,0.3870000,0.9496000,0.5001000,0.4461000,0.5629675,0.6707507,0.1811365},
{0.5983163,0.6935807,0.2287610,0.5668697,0.6540868,0.2185034,0.6592772,0.8124446,0.2315254,0.7318499,0.9027158,0.2205375,0.7841862,0.7407951,0.4741952,0.7936000,0.7736000,0.5009000,0.7785000,0.6917000,0.3886000,0.8248000,0.6262000,0.3724000,0.8555000,0.5623000,0.3871000,0.9476000,0.4998000,0.4463000,0.5622269,0.6800547,0.1748661},
{0.5973522,0.7008618,0.2232432,0.5652073,0.6615924,0.2120152,0.6605460,0.8187850,0.2297391,0.7359849,0.9078893,0.2209051,0.7863121,0.7420380,0.4751603,0.7942000,0.7751000,0.5007000,0.7778000,0.6936000,0.3881000,0.8233000,0.6266000,0.3723000,0.8540000,0.5629000,0.3872000,0.9455000,0.4996000,0.4465000,0.5617331,0.6887564,0.1688037},
{0.5966346,0.7076806,0.2178517,0.5638298,0.6685914,0.2057071,0.6618950,0.8249300,0.2279838,0.7400055,0.9126933,0.2213363,0.7883941,0.7432467,0.4761102,0.7947000,0.7766000,0.5005000,0.7771000,0.6955000,0.3877000,0.8215000,0.6276000,0.3715000,0.8526000,0.5636000,0.3874000,0.9436000,0.4995000,0.4467000,0.5614566,0.6969091,0.1629384},
{0.5961475,0.7139223,0.2127113,0.5627122,0.6750949,0.1996034,0.6632859,0.8307576,0.2262967,0.7440591,0.9173192,0.2218416,0.7901919,0.7442836,0.4769341,0.7950000,0.7780000,0.5002000,0.7765000,0.6974000,0.3873000,0.8204000,0.6286000,0.3713000,0.8512000,0.5643000,0.3875000,0.9416000,0.4995000,0.4470000,0.5613724,0.7043485,0.1574189},
{0.5958495,0.7198046,0.2076720,0.5618413,0.6810260,0.1938153,0.6646854,0.8361994,0.2247010,0.7479805,0.9215932,0.2223957,0.7919495,0.7452912,0.4777429,0.7952000,0.7795000,0.4999000,0.7758000,0.6992000,0.3868000,0.8203000,0.6293000,0.3722000,0.8499000,0.5649000,0.3877000,0.9398000,0.4996000,0.4473000,0.5614490,0.7113022,0.1521051},
{0.5957251,0.7252283,0.2028440,0.5611761,0.6864871,0.1882820,0.6660853,0.8412905,0.2231899,0.7518833,0.9256565,0.2230091,0.7936024,0.7462332,0.4785065,0.7953000,0.7810000,0.4996000,0.7751000,0.7011000,0.3864000,0.8197000,0.6303000,0.3729000,0.8485000,0.5657000,0.3878000,0.9379000,0.4998000,0.4477000,0.5616638,0.7177559,0.1470302},
{0.5957485,0.7301903,0.1982610,0.5606910,0.6915000,0.1830156,0.6674874,0.8460901,0.2217487,0.7555654,0.9293202,0.2236430,0.7952395,0.7471609,0.4792657,0.7954000,0.7824000,0.4993000,0.7745000,0.7030000,0.3860000,0.8189000,0.6314000,0.3732000,0.8471000,0.5663000,0.3880000,0.9361000,0.5000000,0.4481000,0.5619842,0.7235689,0.1423329},
{0.5958941,0.7347139,0.1939326,0.5603632,0.6960657,0.1780486,0.6688726,0.8505776,0.2203862,0.7590193,0.9326100,0.2242853,0.7966454,0.7479534,0.4799199,0.7955000,0.7839000,0.4989000,0.7745000,0.7030000,0.3860000,0.8182000,0.6324000,0.3734000,0.8458000,0.5671000,0.3880000,0.9342000,0.5002000,0.4485000,0.5623925,0.7289162,0.1378987},
{0.5961366,0.7388029,0.1898861,0.5601704,0.7001457,0.1734606,0.6702419,0.8547958,0.2190920,0.7623579,0.9356572,0.2249492,0.7981129,0.7487764,0.4806052,0.7956000,0.7859000,0.4986000,0.7746000,0.7021000,0.3853000,0.8174000,0.6335000,0.3735000,0.8444000,0.5677000,0.3884000,0.9324000,0.5004000,0.4490000,0.5628524,0.7336649,0.1338641},
{0.5964541,0.7425015,0.1861072,0.5600852,0.7037807,0.1692440,0.6715360,0.8586052,0.2179116,0.7652659,0.9382066,0.2255616,0.7992971,0.7494375,0.4811598,0.7955000,0.7872000,0.4982000,0.7741000,0.7030000,0.3852000,0.8166000,0.6343000,0.3735000,0.8432000,0.5686000,0.3885000,0.9306000,0.5007000,0.4494000,0.5633445,0.7378974,0.1301861},
{0.5968300,0.7458598,0.1825699,0.5600835,0.7070149,0.1653815,0.6727646,0.8620783,0.2168256,0.7680226,0.9405342,0.2261711,0.8003214,0.7500070,0.4816407,0.7952000,0.7883000,0.4978000,0.7738000,0.7045000,0.3849000,0.8157000,0.6353000,0.3735000,0.8419000,0.5692000,0.3888000,0.9288000,0.5011000,0.4499000,0.5638543,0.7416822,0.1268278},
{0.5972588,0.7489723,0.1791945,0.5601461,0.7099137,0.1618240,0.6739208,0.8652305,0.2158316,0.7705481,0.9425912,0.2267540,0.8011642,0.7504740,0.4820373,0.7949000,0.7897000,0.4973000,0.7732000,0.7056000,0.3848000,0.8148000,0.6361000,0.3735000,0.8405000,0.5701000,0.3888000,0.9269000,0.5014000,0.4504000,0.5643412,0.7448929,0.1239247},
{0.5976984,0.7516720,0.1761849,0.5602564,0.7124913,0.1585792,0.6751023,0.8683444,0.2148418,0.7733897,0.9448198,0.2274377,0.8019327,0.7508987,0.4823997,0.7945000,0.7912000,0.4968000,0.7730000,0.7071000,0.3849000,0.8138000,0.6370000,0.3733000,0.8393000,0.5707000,0.3891000,0.9252000,0.5019000,0.4510000,0.5648281,0.7478034,0.1212477},
{0.5981631,0.7541593,0.1733399,0.5604017,0.7147970,0.1556069,0.6761375,0.8709896,0.2139946,0.7753936,0.9463371,0.2279375,0.8025778,0.7512542,0.4827042,0.7942000,0.7927000,0.4962000,0.7723000,0.7086000,0.3842000,0.8129000,0.6377000,0.3733000,0.8378000,0.5714000,0.3892000,0.9234000,0.5024000,0.4515000,0.5652932,0.7503604,0.1188586},
{0.5986400,0.7564257,0.1706829,0.5605778,0.7169274,0.1527982,0.6771238,0.8734426,0.2132037,0.7771870,0.9476572,0.2283971,0.8031294,0.7515575,0.4829651,0.7942000,0.7936000,0.4951000,0.7717000,0.7097000,0.3836000,0.8128000,0.6386000,0.3727000,0.8367000,0.5723000,0.3894000,0.9216000,0.5029000,0.4521000,0.5657409,0.7526504,0.1166881},
{0.5991204,0.7584839,0.1682128,0.5607803,0.7189114,0.1501251,0.6780089,0.8755912,0.2125066,0.7787130,0.9487522,0.2287974,0.8035950,0.7518131,0.4831855,0.7938000,0.7948000,0.4944000,0.7712000,0.7109000,0.3832000,0.8118000,0.6394000,0.3726000,0.8353000,0.5731000,0.3896000,0.9198000,0.5034000,0.4526000,0.5661545,0.7546397,0.1147779},
{0.5996162,0.7604203,0.1658359,0.5609958,0.7206935,0.1476736,0.6788262,0.8775330,0.2118731,0.7799809,0.9496425,0.2291363,0.8038792,0.7519688,0.4833201,0.7933000,0.7962000,0.4937000,0.7706000,0.7125000,0.3825000,0.8108000,0.6403000,0.3726000,0.8339000,0.5738000,0.3896000,0.9180000,0.5040000,0.4531000,0.5665585,0.7564802,0.1129893},
{0.6001389,0.7622932,0.1634846,0.5612382,0.7224288,0.1452383,0.6795393,0.8791958,0.2113280,0.7809899,0.9503381,0.2294101,0.8041202,0.7521008,0.4834344,0.7928000,0.7974000,0.4930000,0.7700000,0.7138000,0.3822000,0.8097000,0.6411000,0.3724000,0.8327000,0.5747000,0.3898000,0.9162000,0.5046000,0.4537000,0.5669581,0.7582125,0.1112866},
{0.6006502,0.7639859,0.1613127,0.5615061,0.7241138,0.1428248,0.6801684,0.8806391,0.2108528,0.7817901,0.9508818,0.2296299,0.8043356,0.7522187,0.4835366,0.7922000,0.7987000,0.4923000,0.7693000,0.7149000,0.3817000,0.8087000,0.6420000,0.3722000,0.8312000,0.5753000,0.3899000,0.9144000,0.5052000,0.4541000,0.5673533,0.7598484,0.1096609},
{0.6011537,0.7655380,0.1592792,0.5617914,0.7257111,0.1404902,0.6807439,0.8819408,0.2104226,0.7822777,0.9512097,0.2297650,0.8044285,0.7522695,0.4835807,0.7916000,0.8000000,0.4915000,0.7685000,0.7161000,0.3811000,0.8077000,0.6429000,0.3720000,0.8301000,0.5764000,0.3899000,0.9125000,0.5059000,0.4546000,0.5677284,0.7613367,0.1081665},
{0.6017074,0.7671318,0.1571468,0.5621135,0.7273283,0.1380769,0.6811879,0.8829333,0.2100935,0.7826486,0.9514573,0.2298683,0.8044285,0.7522695,0.4835807,0.7910000,0.8012000,0.4907000,0.7676000,0.7156000,0.3818000,0.8067000,0.6438000,0.3717000,0.8288000,0.5772000,0.3898000,0.9108000,0.5065000,0.4550000,0.5681531,0.7629530,0.1065262},
{0.6022616,0.7686241,0.1551069,0.5624582,0.7288900,0.1356962,0.6815935,0.8838311,0.2097951,0.7828046,0.9515610,0.2299119,0.8044356,0.7522734,0.4835841,0.7903000,0.8025000,0.4900000,0.7668000,0.7171000,0.3811000,0.8057000,0.6447000,0.3715000,0.8276000,0.5782000,0.3898000,0.9090000,0.5072000,0.4554000,0.5685827,0.7645201,0.1049181},
{0.6028151,0.7700238,0.1531528,0.5628402,0.7304592,0.1332507,0.6818902,0.8844825,0.2095780,0.7828539,0.9515937,0.2299257,0.8044356,0.7522734,0.4835841,0.7896000,0.8038000,0.4891000,0.7660000,0.7181000,0.3806000,0.8047000,0.6456000,0.3712000,0.8262000,0.5789000,0.3897000,0.9072000,0.5079000,0.4558000,0.5690285,0.7660805,0.1032990},
{0.6034066,0.7714313,0.1511457,0.5632542,0.7320061,0.1307842,0.6821313,0.8850087,0.2094024,0.7825958,0.9514221,0.2298536,0.8042698,0.7521827,0.4835054,0.7889000,0.8051000,0.4883000,0.7652000,0.7191000,0.3799000,0.8037000,0.6465000,0.3709000,0.8248000,0.5796000,0.3896000,0.9054000,0.5086000,0.4561000,0.5695141,0.7677105,0.1015878},
{0.6040211,0.7728075,0.1491394,0.5637300,0.7336237,0.1281412,0.6823287,0.8854375,0.2092591,0.7825434,0.9513872,0.2298390,0.8039752,0.7520215,0.4833657,0.7881000,0.8064000,0.4874000,0.7644000,0.7202000,0.3793000,0.8027000,0.6473000,0.3706000,0.8238000,0.5805000,0.3895000,0.9037000,0.5093000,0.4565000,0.5700224,0.7693457,0.0998500},
{0.6046428,0.7741196,0.1471834,0.5642333,0.7351832,0.1255263,0.6824538,0.8857082,0.2091685,0.7822129,0.9511663,0.2297470,0.8036778,0.7518585,0.4832247,0.7873000,0.8076000,0.4866000,0.7638000,0.7214000,0.3786000,0.8017000,0.6482000,0.3702000,0.8225000,0.5814000,0.3894000,0.9020000,0.5100000,0.4568000,0.5705794,0.7710609,0.0980035},
{0.6052971,0.7754227,0.1451962,0.5648119,0.7368171,0.1227102,0.6825436,0.8859021,0.2091036,0.7816956,0.9508180,0.2296039,0.8032851,0.7516430,0.4830388,0.7865000,0.8089000,0.4857000,0.7632000,0.7223000,0.3781000,0.8008000,0.6490000,0.3698000,0.8212000,0.5822000,0.3893000,0.9003000,0.5108000,0.4571000,0.5711310,0.7726875,0.0962290},
{0.6059779,0.7767019,0.1431987,0.5654470,0.7384493,0.1198119,0.6825783,0.8859769,0.2090786,0.7810566,0.9503837,0.2294284,0.8028036,0.7513784,0.4828110,0.7855000,0.8100000,0.4848000,0.7632000,0.7223000,0.3781000,0.7998000,0.6498000,0.3695000,0.8200000,0.5831000,0.3891000,0.8986000,0.5115000,0.4574000,0.5717328,0.7743870,0.0943498},
{0.6067325,0.7780372,0.1410607,0.5661783,0.7401552,0.1166819,0.6825948,0.8860123,0.2090667,0.7801923,0.9497892,0.2291934,0.8023117,0.7511076,0.4825786,0.7845000,0.8113000,0.4839000,0.7620000,0.7263000,0.3737000,0.7987000,0.6506000,0.3692000,0.8186000,0.5838000,0.3890000,0.8969000,0.5122000,0.4577000,0.5724093,0.7762120,0.0923015},
{0.6076139,0.7794978,0.1386542,0.5666890,0.7412531,0.1146077,0.6826092,0.8860434,0.2090563,0.7789464,0.9489175,0.2288593,0.8019398,0.7509026,0.4824030,0.7834000,0.8124000,0.4831000,0.7620000,0.7263000,0.3737000,0.7975000,0.6514000,0.3688000,0.8177000,0.5847000,0.3888000,0.8953000,0.5129000,0.4581000,0.5732616,0.7783941,0.0898094}
};
