fitErrPi Mean = 0.318282
fitErrTh Mean = 0.0370753
fitErrWr Mean = 0.298875
fitErrLA Mean = 0.502178
fitErrEl Mean = 0.153957
fitErrUA Mean = 0.249761
efPts = {
{0.5980191,0.7936974,0.1046850,0.1177655,0.6764520,-0.0124425,0.8975780,0.8216037,0.1276034,0.5190097,0.3671732,0.6007336,0.5851163,0.3136882,0.5882691,0.6654000,0.8660000,0.4481000,0.6400000,0.6963000,0.3458000,0.6862000,0.6244000,0.2715000,0.6880000,0.5827000,0.3859000,0.7628000,0.5003000,0.5311000,0.3182823,0.0000000,0.0000000},
{0.5973041,0.7931839,0.1035909,0.3747116,0.7474129,0.1259703,0.8969761,0.8191557,0.1278065,0.6055303,0.7953765,0.3159503,0.6092072,0.6488091,0.4387393,0.6641000,0.8654000,0.4482000,0.6392000,0.6958000,0.3456000,0.6858000,0.6242000,0.2715000,0.6876000,0.5826000,0.3859000,0.7622000,0.5005000,0.5313000,0.3182823,0.0000000,0.0000000},
{0.5963019,0.7924628,0.1020530,0.3692810,0.7473971,0.1292913,0.8963354,0.8165374,0.1280231,0.6005907,0.7958441,0.3151441,0.6061753,0.6493053,0.4385412,0.6627000,0.8647000,0.4482000,0.6384000,0.6953000,0.3454000,0.6855000,0.6240000,0.2715000,0.6872000,0.5826000,0.3859000,0.7617000,0.5006000,0.5314000,0.3182823,0.0000000,0.0000000},
{0.5952693,0.7917181,0.1004632,0.3637852,0.7473433,0.1324930,0.8957032,0.8139409,0.1282373,0.5953469,0.7963166,0.3143047,0.6033366,0.6497639,0.4383583,0.6612000,0.8639000,0.4483000,0.6376000,0.6946000,0.3452000,0.6852000,0.6238000,0.2715000,0.6866000,0.5824000,0.3859000,0.7612000,0.5008000,0.5316000,0.3182823,0.0000000,0.0000000},
{0.5940203,0.7908152,0.0985331,0.3582594,0.7472534,0.1355614,0.8950322,0.8111711,0.1284652,0.5898503,0.7967855,0.3134428,0.6001092,0.6502783,0.4381536,0.6598000,0.8631000,0.4484000,0.6367000,0.6940000,0.3450000,0.6849000,0.6236000,0.2714000,0.6863000,0.5824000,0.3859000,0.7608000,0.5009000,0.5317000,0.3182823,0.0000000,0.0000000},
{0.5926727,0.7898381,0.0964421,0.3524782,0.7471233,0.1386200,0.8943741,0.8084399,0.1286893,0.5846898,0.7972012,0.3126504,0.5969304,0.6507777,0.4379551,0.6584000,0.8622000,0.4486000,0.6359000,0.6933000,0.3448000,0.6846000,0.6235000,0.2714000,0.6859000,0.5823000,0.3859000,0.7603000,0.5011000,0.5318000,0.3182823,0.0000000,0.0000000},
{0.5913015,0.7888409,0.0943047,0.3466814,0.7469579,0.1415398,0.8937502,0.8058377,0.1289022,0.5790640,0.7976275,0.3118050,0.5936906,0.6512792,0.4377562,0.6571000,0.8613000,0.4488000,0.6351000,0.6926000,0.3446000,0.6844000,0.6233000,0.2714000,0.6856000,0.5823000,0.3859000,0.7599000,0.5012000,0.5319000,0.3182823,0.0000000,0.0000000},
{0.5897218,0.7876883,0.0918307,0.3407225,0.7467535,0.1443964,0.8930509,0.8029049,0.1291414,0.5737008,0.7980077,0.3110170,0.5905604,0.6517566,0.4375672,0.6558000,0.8603000,0.4490000,0.6344000,0.6919000,0.3445000,0.6841000,0.6231000,0.2714000,0.6853000,0.5822000,0.3859000,0.7596000,0.5013000,0.5320000,0.3182823,0.0000000,0.0000000},
{0.5880274,0.7864475,0.0891627,0.3346721,0.7465120,0.1471539,0.8923032,0.7997510,0.1293979,0.5683160,0.7983638,0.3102434,0.5870668,0.6522812,0.4373600,0.6545000,0.8593000,0.4493000,0.6336000,0.6913000,0.3444000,0.6838000,0.6230000,0.2714000,0.6850000,0.5821000,0.3860000,0.7593000,0.5014000,0.5320000,0.3182823,0.0000000,0.0000000},
{0.5862757,0.7851596,0.0863887,0.3284066,0.7462275,0.1498647,0.8914828,0.7962680,0.1296802,0.5629021,0.7986958,0.3094834,0.5841391,0.6527140,0.4371893,0.6533000,0.8584000,0.4496000,0.6329000,0.6905000,0.3444000,0.6835000,0.6229000,0.2714000,0.6848000,0.5821000,0.3860000,0.7591000,0.5015000,0.5322000,0.3182823,0.0000000,0.0000000},
{0.5844371,0.7838024,0.0834601,0.3220239,0.7459033,0.1524813,0.8906650,0.7927725,0.1299625,0.5565878,0.7990502,0.3086194,0.5808096,0.6531987,0.4369985,0.6521000,0.8572000,0.4500000,0.6322000,0.6899000,0.3444000,0.6833000,0.6227000,0.2714000,0.6846000,0.5821000,0.3860000,0.7589000,0.5016000,0.5323000,0.3182823,0.0000000,0.0000000},
{0.5824116,0.7823006,0.0802129,0.3156136,0.7455440,0.1549677,0.8898892,0.7894344,0.1302311,0.5524595,0.7992628,0.3080677,0.5780816,0.6535900,0.4368449,0.6510000,0.8562000,0.4504000,0.6314000,0.6893000,0.3445000,0.6830000,0.6226000,0.2714000,0.6843000,0.5820000,0.3860000,0.7587000,0.5017000,0.5324000,0.3182823,0.0000000,0.0000000},
{0.5804449,0.7808358,0.0770390,0.3091992,0.7451520,0.1573189,0.8891237,0.7861188,0.1304970,0.5472805,0.7995081,0.3073902,0.5749475,0.6540329,0.4366713,0.6499000,0.8552000,0.4509000,0.6306000,0.6886000,0.3446000,0.6827000,0.6224000,0.2714000,0.6841000,0.5819000,0.3861000,0.7586000,0.5018000,0.5324000,0.3182823,0.0000000,0.0000000},
{0.5784476,0.7793413,0.0737945,0.3026598,0.7447200,0.1595795,0.8883364,0.7826865,0.1307713,0.5421580,0.7997273,0.3067362,0.5721575,0.6544213,0.4365194,0.6488000,0.8541000,0.4514000,0.6296000,0.6879000,0.3448000,0.6824000,0.6222000,0.2714000,0.6839000,0.5818000,0.3861000,0.7584000,0.5019000,0.5325000,0.3182823,0.0000000,0.0000000},
{0.5765003,0.7778775,0.0706102,0.2959505,0.7442437,0.1617598,0.8876402,0.7796316,0.1310147,0.5373047,0.7999135,0.3061313,0.5696331,0.6547678,0.4363841,0.6477000,0.8531000,0.4519000,0.6286000,0.6872000,0.3450000,0.6822000,0.6220000,0.2713000,0.6838000,0.5817000,0.3861000,0.7584000,0.5020000,0.5325000,0.3182823,0.0000000,0.0000000},
{0.5744036,0.7762940,0.0671583,0.2892126,0.7437325,0.1638111,0.8867998,0.7759191,0.1313093,0.5323060,0.8000832,0.3055233,0.5670121,0.6551228,0.4362458,0.6466000,0.8520000,0.4523000,0.6275000,0.6863000,0.3452000,0.6819000,0.6218000,0.2713000,0.6837000,0.5816000,0.3860000,0.7583000,0.5021000,0.5325000,0.3182823,0.0000000,0.0000000},
{0.5724120,0.7747826,0.0638565,0.2825015,0.7431914,0.1657197,0.8860463,0.7725673,0.1315744,0.5275416,0.8002243,0.3049580,0.5643321,0.6554806,0.4361066,0.6454000,0.8510000,0.4528000,0.6258000,0.6849000,0.3452000,0.6816000,0.6216000,0.2713000,0.6836000,0.5815000,0.3860000,0.7583000,0.5021000,0.5325000,0.3182823,0.0000000,0.0000000},
{0.5703515,0.7732113,0.0604168,0.2757472,0.7426152,0.1675073,0.8852455,0.7689803,0.1318571,0.5229436,0.8003411,0.3044256,0.5622012,0.6557614,0.4359977,0.6443000,0.8500000,0.4532000,0.6245000,0.6840000,0.3454000,0.6813000,0.6214000,0.2712000,0.6835000,0.5813000,0.3860000,0.7582000,0.5022000,0.5325000,0.3182823,0.0000000,0.0000000},
{0.5682536,0.7716035,0.0568896,0.2691710,0.7420240,0.1691213,0.8845090,0.7656580,0.1321179,0.5183130,0.8004397,0.3039026,0.5598342,0.6560695,0.4358783,0.6432000,0.8488000,0.4537000,0.6232000,0.6830000,0.3457000,0.6810000,0.6210000,0.2713000,0.6834000,0.5811000,0.3860000,0.7583000,0.5023000,0.5326000,0.3182823,0.0000000,0.0000000},
{0.5661342,0.7699709,0.0533004,0.2626621,0.7414101,0.1705972,0.8837581,0.7622484,0.1323847,0.5139885,0.8005143,0.3034261,0.5573924,0.6563830,0.4357571,0.6421000,0.8476000,0.4543000,0.6232000,0.6830000,0.3457000,0.6807000,0.6208000,0.2712000,0.6833000,0.5809000,0.3860000,0.7583000,0.5023000,0.5326000,0.3182823,0.0000000,0.0000000},
{0.5641496,0.7684345,0.0499155,0.2561810,0.7407705,0.1719476,0.8830820,0.7591577,0.1326257,0.5097442,0.8005712,0.3029696,0.5553685,0.6566397,0.4356581,0.6411000,0.8464000,0.4548000,0.6249000,0.6827000,0.3461000,0.6805000,0.6204000,0.2711000,0.6832000,0.5807000,0.3860000,0.7584000,0.5023000,0.5326000,0.3182823,0.0000000,0.0000000},
{0.5622521,0.7669585,0.0466569,0.2499990,0.7401341,0.1731253,0.8822678,0.7554099,0.1329170,0.5055430,0.8006114,0.3025288,0.5530632,0.6569284,0.4355469,0.6401000,0.8451000,0.4553000,0.6242000,0.6818000,0.3463000,0.6802000,0.6200000,0.2711000,0.6832000,0.5805000,0.3860000,0.7584000,0.5024000,0.5327000,0.3182823,0.0000000,0.0000000},
{0.5603512,0.7654728,0.0433708,0.2438402,0.7394748,0.1741918,0.8815208,0.7519464,0.1331851,0.5015739,0.8006347,0.3021223,0.5509862,0.6571852,0.4354482,0.6392000,0.8438000,0.4558000,0.6235000,0.6810000,0.3465000,0.6800000,0.6197000,0.2710000,0.6831000,0.5803000,0.3860000,0.7585000,0.5024000,0.5327000,0.3182823,0.0000000,0.0000000},
{0.5584127,0.7639506,0.0399969,0.2378544,0.7388097,0.1751260,0.8808105,0.7486296,0.1334409,0.4976672,0.8006437,0.3017319,0.5492186,0.6574013,0.4353654,0.6383000,0.8425000,0.4563000,0.6228000,0.6801000,0.3467000,0.6796000,0.6193000,0.2710000,0.6831000,0.5800000,0.3859000,0.7586000,0.5024000,0.5326000,0.3182823,0.0000000,0.0000000},
{0.5566878,0.7625897,0.0369750,0.2321175,0.7381497,0.1759264,0.8801519,0.7455345,0.1336789,0.4938286,0.8006390,0.3013575,0.5471832,0.6576473,0.4352712,0.6374000,0.8412000,0.4567000,0.6222000,0.6793000,0.3468000,0.6794000,0.6190000,0.2708000,0.6830000,0.5798000,0.3858000,0.7586000,0.5024000,0.5326000,0.3182823,0.0000000,0.0000000},
{0.5550728,0.7613101,0.0341287,0.2264461,0.7374754,0.1766257,0.8795099,0.7424976,0.1339116,0.4902592,0.8006225,0.3010177,0.5454740,0.6578515,0.4351931,0.6364000,0.8400000,0.4570000,0.6216000,0.6783000,0.3469000,0.6791000,0.6186000,0.2705000,0.6829000,0.5796000,0.3857000,0.7585000,0.5024000,0.5325000,0.3182823,0.0000000,0.0000000},
{0.5535068,0.7600643,0.0313526,0.2211214,0.7368224,0.1771985,0.8788230,0.7392276,0.1341614,0.4867696,0.8005950,0.3006932,0.5435682,0.6580768,0.4351072,0.6354000,0.8388000,0.4573000,0.6209000,0.6775000,0.3471000,0.6787000,0.6182000,0.2703000,0.6829000,0.5794000,0.3855000,0.7585000,0.5024000,0.5324000,0.3182823,0.0000000,0.0000000},
{0.5520587,0.7589077,0.0287716,0.2159873,0.7361743,0.1776732,0.8782220,0.7363478,0.1343807,0.4834732,0.8005588,0.3003937,0.5415188,0.6583160,0.4350161,0.6344000,0.8375000,0.4576000,0.6203000,0.6766000,0.3472000,0.6784000,0.6177000,0.2701000,0.6829000,0.5792000,0.3853000,0.7585000,0.5024000,0.5323000,0.3182823,0.0000000,0.0000000},
{0.5505586,0.7577051,0.0260835,0.2111712,0.7355497,0.1780484,0.8776727,0.7337005,0.1345817,0.4802123,0.8005131,0.3001042,0.5399292,0.6584995,0.4349464,0.6333000,0.8363000,0.4579000,0.6197000,0.6758000,0.3472000,0.6780000,0.6172000,0.2698000,0.6827000,0.5788000,0.3852000,0.7584000,0.5023000,0.5322000,0.3182823,0.0000000,0.0000000},
{0.5493490,0.7567318,0.0239050,0.2067852,0.7349667,0.1783304,0.8769605,0.7302461,0.1348431,0.4771847,0.8004618,0.2998415,0.5384123,0.6586728,0.4348807,0.6322000,0.8351000,0.4582000,0.6192000,0.6752000,0.3473000,0.6775000,0.6168000,0.2697000,0.6826000,0.5785000,0.3850000,0.7584000,0.5022000,0.5321000,0.3182823,0.0000000,0.0000000},
{0.5480181,0.7556573,0.0214968,0.2026420,0.7344034,0.1785437,0.8763887,0.7274541,0.1350537,0.4741151,0.8004012,0.2995811,0.5368018,0.6588550,0.4348117,0.6312000,0.8339000,0.4585000,0.6187000,0.6745000,0.3474000,0.6772000,0.6163000,0.2694000,0.6826000,0.5782000,0.3849000,0.7584000,0.5022000,0.5319000,0.3182823,0.0000000,0.0000000},
{0.5467962,0.7546675,0.0192754,0.1988703,0.7338799,0.1786926,0.8758237,0.7246795,0.1352624,0.4713085,0.8003380,0.2993483,0.5353249,0.6590204,0.4347492,0.6303000,0.8326000,0.4589000,0.6185000,0.6740000,0.3475000,0.6768000,0.6158000,0.2693000,0.6826000,0.5778000,0.3848000,0.7585000,0.5019000,0.5319000,0.3182823,0.0000000,0.0000000},
{0.5455902,0.7536874,0.0170729,0.1953477,0.7333815,0.1787920,0.8751914,0.7215541,0.1354967,0.4687769,0.8002747,0.2991426,0.5341187,0.6591543,0.4346987,0.6295000,0.8314000,0.4594000,0.6183000,0.6736000,0.3476000,0.6766000,0.6153000,0.2692000,0.6824000,0.5774000,0.3847000,0.7587000,0.5017000,0.5318000,0.3182823,0.0000000,0.0000000},
{0.5443578,0.7526825,0.0148117,0.1921978,0.7329280,0.1788481,0.8746943,0.7190826,0.1356815,0.4664348,0.8002108,0.2989560,0.5326648,0.6593143,0.4346384,0.6287000,0.8302000,0.4599000,0.6182000,0.6730000,0.3477000,0.6763000,0.6147000,0.2691000,0.6823000,0.5770000,0.3846000,0.7588000,0.5015000,0.5317000,0.3182823,0.0000000,0.0000000},
{0.5432298,0.7517599,0.0127329,0.1892023,0.7324898,0.1788723,0.8742179,0.7167018,0.1358590,0.4641851,0.8001445,0.2987801,0.5314467,0.6594471,0.4345885,0.6279000,0.8290000,0.4604000,0.6179000,0.6723000,0.3478000,0.6761000,0.6142000,0.2690000,0.6823000,0.5765000,0.3846000,0.7589000,0.5013000,0.5317000,0.3182823,0.0000000,0.0000000},
{0.5421627,0.7508843,0.0107579,0.1865772,0.7321002,0.1788698,0.8738971,0.7150913,0.1359788,0.4621216,0.8000795,0.2986216,0.5303017,0.6595710,0.4345420,0.6271000,0.8278000,0.4608000,0.6176000,0.6717000,0.3480000,0.6757000,0.6137000,0.2689000,0.6822000,0.5760000,0.3846000,0.7589000,0.5010000,0.5317000,0.3182823,0.0000000,0.0000000},
{0.5409126,0.7498553,0.0084342,0.1841298,0.7317322,0.1788473,0.8734192,0.7126823,0.1361577,0.4603051,0.8000189,0.2984844,0.5291625,0.6596932,0.4344961,0.6263000,0.8267000,0.4613000,0.6172000,0.6710000,0.3482000,0.6755000,0.6132000,0.2689000,0.6822000,0.5756000,0.3845000,0.7590000,0.5006000,0.5316000,0.3182823,0.0000000,0.0000000},
{0.5399857,0.7490900,0.0067038,0.1819018,0.7313931,0.1788097,0.8730689,0.7109084,0.1362891,0.4586485,0.7999610,0.2983611,0.5283143,0.6597836,0.4344623,0.6256000,0.8256000,0.4617000,0.6168000,0.6701000,0.3484000,0.6751000,0.6127000,0.2689000,0.6820000,0.5750000,0.3845000,0.7591000,0.5003000,0.5315000,0.3182823,0.0000000,0.0000000},
{0.5389906,0.7482663,0.0048394,0.1802352,0.7311368,0.1787707,0.8727381,0.7092269,0.1364135,0.4572157,0.7999087,0.2982560,0.5274043,0.6598801,0.4344262,0.6249000,0.8246000,0.4621000,0.6164000,0.6693000,0.3485000,0.6749000,0.6122000,0.2689000,0.6820000,0.5745000,0.3845000,0.7592000,0.4999000,0.5315000,0.3182823,0.0000000,0.0000000},
{0.5381464,0.7475656,0.0032518,0.1792219,0.7309800,0.1787425,0.8725075,0.7080510,0.1365003,0.4560174,0.7998636,0.2981691,0.5265645,0.6599685,0.4343932,0.6242000,0.8236000,0.4624000,0.6159000,0.6684000,0.3487000,0.6746000,0.6116000,0.2688000,0.6820000,0.5740000,0.3845000,0.7594000,0.4995000,0.5314000,0.3182823,0.0000000,0.0000000},
{0.5377533,0.7472388,0.0025109,0.1792547,0.7309850,0.1787435,0.8723197,0.7070912,0.1365711,0.4550009,0.7998242,0.2980960,0.5257671,0.6600520,0.4343620,0.6234000,0.8227000,0.4627000,0.6153000,0.6677000,0.3489000,0.6744000,0.6110000,0.2688000,0.6818000,0.5733000,0.3845000,0.7594000,0.4992000,0.5313000,0.3182823,0.0000000,0.0000000},
{0.5372913,0.7468542,0.0016385,0.1791652,0.7309711,0.1787408,0.8722341,0.7066526,0.1366034,0.4543438,0.7997982,0.2980492,0.5251793,0.6601132,0.4343392,0.6228000,0.8219000,0.4629000,0.6149000,0.6669000,0.3491000,0.6742000,0.6104000,0.2688000,0.6818000,0.5727000,0.3844000,0.7595000,0.4987000,0.5313000,0.3182823,0.0000000,0.0000000},
{0.5370547,0.7466570,0.0011912,0.1791129,0.7309630,0.1787392,0.8721381,0.7061606,0.1366397,0.4539821,0.7997837,0.2980236,0.5247542,0.6601573,0.4343228,0.6222000,0.8211000,0.4631000,0.6145000,0.6661000,0.3491000,0.6739000,0.6097000,0.2688000,0.6817000,0.5721000,0.3844000,0.7597000,0.4982000,0.5313000,0.3182823,0.0000000,0.0000000},
{0.5368590,0.7464939,0.0008209,0.1792497,0.7309843,0.1787433,0.8720906,0.7059171,0.1366576,0.4538584,0.7997787,0.2980148,0.5245164,0.6601820,0.4343136,0.6217000,0.8205000,0.4632000,0.6143000,0.6655000,0.3492000,0.6738000,0.6092000,0.2687000,0.6817000,0.5715000,0.3844000,0.7597000,0.4978000,0.5311000,0.3182823,0.0000000,0.0000000},
{0.5367842,0.7464315,0.0006793,0.1794795,0.7310199,0.1787500,0.8720345,0.7056294,0.1366788,0.4537452,0.7997741,0.2980068,0.5244390,0.6601900,0.4343106,0.6213000,0.8200000,0.4632000,0.6141000,0.6647000,0.3491000,0.6736000,0.6086000,0.2687000,0.6816000,0.5709000,0.3843000,0.7599000,0.4972000,0.5311000,0.3182823,0.0000000,0.0000000},
{0.5366376,0.7463091,0.0004015,0.1799275,0.7310893,0.1787625,0.8719479,0.7051845,0.1367115,0.4537452,0.7997741,0.2980068,0.5244390,0.6601900,0.4343106,0.6210000,0.8195000,0.4632000,0.6139000,0.6643000,0.3491000,0.6736000,0.6081000,0.2686000,0.6816000,0.5704000,0.3843000,0.7599000,0.4967000,0.5310000,0.3182823,0.0000000,0.0000000},
{0.5366376,0.7463091,0.0004015,0.1803785,0.7311589,0.1787744,0.8719479,0.7051845,0.1367115,0.4537452,0.7997741,0.2980068,0.5244390,0.6601900,0.4343106,0.6207000,0.8192000,0.4632000,0.6137000,0.6638000,0.3491000,0.6735000,0.6077000,0.2686000,0.6815000,0.5699000,0.3842000,0.7599000,0.4962000,0.5309000,0.3182823,0.0000000,0.0000000},
{0.5366376,0.7463091,0.0004015,0.1807544,0.7312169,0.1787838,0.8719479,0.7051845,0.1367115,0.4537858,0.7997758,0.2980097,0.5246016,0.6601732,0.4343169,0.6206000,0.8189000,0.4631000,0.6136000,0.6634000,0.3490000,0.6733000,0.6074000,0.2687000,0.6814000,0.5694000,0.3842000,0.7605000,0.4957000,0.5304000,0.3182823,0.0000000,0.0000000},
{0.5366376,0.7463091,0.0004015,0.1811381,0.7312759,0.1787930,0.8719479,0.7051845,0.1367115,0.4541169,0.7997891,0.2980331,0.5246016,0.6601732,0.4343169,0.6206000,0.8187000,0.4632000,0.6134000,0.6630000,0.3490000,0.6733000,0.6071000,0.2686000,0.6814000,0.5691000,0.3841000,0.7600000,0.4952000,0.5307000,0.3182823,0.0000000,0.0000000},
{0.5366395,0.7463107,0.0004052,0.1815632,0.7313412,0.1788025,0.8719781,0.7053400,0.1367001,0.4543238,0.7997974,0.2980478,0.5247238,0.6601605,0.4343216,0.6206000,0.8184000,0.4632000,0.6133000,0.6626000,0.3491000,0.6733000,0.6069000,0.2686000,0.6814000,0.5688000,0.3841000,0.7602000,0.4948000,0.5306000,0.3182823,0.0000000,0.0000000},
{0.5367613,0.7464123,0.0006358,0.1820053,0.7314089,0.1788118,0.8720701,0.7058121,0.1366653,0.4546238,0.7998093,0.2980691,0.5249273,0.6601394,0.4343294,0.6206000,0.8182000,0.4632000,0.6134000,0.6623000,0.3490000,0.6734000,0.6066000,0.2686000,0.6814000,0.5684000,0.3840000,0.7601000,0.4944000,0.5305000,0.3182823,0.0000000,0.0000000},
{0.5367762,0.7464248,0.0006642,0.1823818,0.7314664,0.1788192,0.8720701,0.7058121,0.1366653,0.4548773,0.7998193,0.2980872,0.5251083,0.6601206,0.4343364,0.6207000,0.8179000,0.4632000,0.6134000,0.6621000,0.3490000,0.6734000,0.6064000,0.2686000,0.6814000,0.5680000,0.3840000,0.7602000,0.4940000,0.5304000,0.3182823,0.0000000,0.0000000},
{0.5368608,0.7464954,0.0008243,0.1826484,0.7315071,0.1788241,0.8722008,0.7064823,0.1366160,0.4552333,0.7998332,0.2981127,0.5253724,0.6600931,0.4343467,0.6208000,0.8176000,0.4632000,0.6135000,0.6618000,0.3490000,0.6734000,0.6061000,0.2687000,0.6815000,0.5677000,0.3840000,0.7605000,0.4936000,0.5304000,0.3182823,0.0000000,0.0000000},
{0.5369810,0.7465956,0.0010519,0.1829210,0.7315487,0.1788289,0.8722890,0.7069336,0.1365827,0.4556459,0.7998493,0.2981423,0.5254834,0.6600816,0.4343510,0.6210000,0.8173000,0.4633000,0.6136000,0.6613000,0.3489000,0.6734000,0.6059000,0.2687000,0.6816000,0.5674000,0.3840000,0.7605000,0.4933000,0.5303000,0.3182823,0.0000000,0.0000000},
{0.5371302,0.7467199,0.0013339,0.1832166,0.7315936,0.1788339,0.8723590,0.7072920,0.1365563,0.4561540,0.7998688,0.2981789,0.5259843,0.6600293,0.4343705,0.6212000,0.8171000,0.4633000,0.6137000,0.6610000,0.3490000,0.6736000,0.6056000,0.2688000,0.6817000,0.5672000,0.3840000,0.7607000,0.4929000,0.5303000,0.3182823,0.0000000,0.0000000},
{0.5371302,0.7467199,0.0013339,0.1834992,0.7316366,0.1788383,0.8724859,0.7079406,0.1365084,0.4565622,0.7998843,0.2982085,0.5261844,0.6600083,0.4343783,0.6214000,0.8168000,0.4633000,0.6138000,0.6607000,0.3490000,0.6737000,0.6054000,0.2688000,0.6818000,0.5669000,0.3840000,0.7610000,0.4925000,0.5302000,0.3182823,0.0000000,0.0000000},
{0.5373426,0.7468969,0.0017355,0.1836810,0.7316642,0.1788410,0.8726454,0.7087542,0.1364484,0.4570576,0.7999029,0.2982445,0.5263673,0.6599892,0.4343855,0.6217000,0.8167000,0.4634000,0.6139000,0.6605000,0.3491000,0.6739000,0.6052000,0.2688000,0.6821000,0.5666000,0.3841000,0.7612000,0.4923000,0.5301000,0.3182823,0.0000000,0.0000000},
{0.5373426,0.7468969,0.0017355,0.1838570,0.7316909,0.1788436,0.8726696,0.7088778,0.1364393,0.4574629,0.7999179,0.2982740,0.5266574,0.6599587,0.4343968,0.6220000,0.8165000,0.4634000,0.6141000,0.6602000,0.3491000,0.6741000,0.6050000,0.2689000,0.6822000,0.5663000,0.3841000,0.7616000,0.4919000,0.5301000,0.3182823,0.0000000,0.0000000},
{0.5375641,0.7470814,0.0021539,0.1840685,0.7317229,0.1788465,0.8727202,0.7091353,0.1364202,0.4577674,0.7999291,0.2982963,0.5272291,0.6598986,0.4344193,0.6223000,0.8163000,0.4635000,0.6142000,0.6600000,0.3492000,0.6743000,0.6047000,0.2689000,0.6825000,0.5660000,0.3841000,0.7620000,0.4916000,0.5301000,0.3182823,0.0000000,0.0000000},
{0.5377238,0.7472143,0.0024553,0.1843418,0.7317642,0.1788500,0.8728048,0.7095663,0.1363884,0.4582842,0.7999479,0.2983343,0.5274245,0.6598779,0.4344270,0.6226000,0.8161000,0.4635000,0.6144000,0.6596000,0.3493000,0.6746000,0.6045000,0.2690000,0.6828000,0.5657000,0.3842000,0.7624000,0.4912000,0.5300000,0.3182823,0.0000000,0.0000000},
{0.5379423,0.7473960,0.0028673,0.1846233,0.7318067,0.1788534,0.8729792,0.7104529,0.1363228,0.4587761,0.7999655,0.2983706,0.5277929,0.6598390,0.4344416,0.6229000,0.8158000,0.4636000,0.6148000,0.6593000,0.3493000,0.6749000,0.6043000,0.2690000,0.6831000,0.5655000,0.3842000,0.7630000,0.4909000,0.5300000,0.3182823,0.0000000,0.0000000},
{0.5382014,0.7476113,0.0033555,0.1849185,0.7318513,0.1788567,0.8729792,0.7104529,0.1363228,0.4592474,0.7999822,0.2984055,0.5281427,0.6598019,0.4344555,0.6232000,0.8156000,0.4636000,0.6150000,0.6590000,0.3494000,0.6752000,0.6040000,0.2690000,0.6836000,0.5652000,0.3842000,0.7636000,0.4906000,0.5299000,0.3182823,0.0000000,0.0000000},
{0.5383654,0.7477475,0.0036642,0.1853374,0.7319143,0.1788608,0.8730887,0.7110088,0.1362817,0.4597751,0.8000007,0.2984448,0.5285531,0.6597582,0.4344718,0.6236000,0.8153000,0.4637000,0.6154000,0.6587000,0.3494000,0.6756000,0.6038000,0.2691000,0.6840000,0.5649000,0.3842000,0.7641000,0.4903000,0.5297000,0.3182823,0.0000000,0.0000000},
{0.5387403,0.7480587,0.0043692,0.1857608,0.7319779,0.1788645,0.8732039,0.7115926,0.1362385,0.4604744,0.8000247,0.2984971,0.5288254,0.6597292,0.4344827,0.6239000,0.8150000,0.4637000,0.6157000,0.6583000,0.3495000,0.6760000,0.6036000,0.2691000,0.6845000,0.5646000,0.3842000,0.7648000,0.4899000,0.5297000,0.3182823,0.0000000,0.0000000}
};
