fitErrPi Mean = 0.0333056
fitErrTh Mean = 0.0412738
fitErrWr Mean = 0.0516836
fitErrLA Mean = 0.428376
fitErrEl Mean = 0.0932085
fitErrUA Mean = 0.304573
efPts = {
{0.4095855,0.7869297,0.0508265,0.3772664,0.7410583,0.0544125,0.9729411,0.7550243,-0.5882055,0.7124742,0.9204673,0.1520011,0.8549239,0.9372141,0.1317700,0.7056000,0.8764000,0.4592000,0.6901000,0.7573000,0.4054000,0.6873000,0.6806000,0.3407000,0.7246000,0.6220000,0.4285000,0.7900000,0.5447000,0.4829000,0.3834901,0.7874402,0.0459795},
{0.4042099,0.7888562,0.0556154,0.3714203,0.7431954,0.0591518,0.7456352,0.8377209,-0.0885540,0.7045132,0.9203020,0.1507074,0.8529159,0.9364045,0.1301475,0.7044000,0.8760000,0.4595000,0.6893000,0.7570000,0.4054000,0.6868000,0.6802000,0.3406000,0.7242000,0.6219000,0.4284000,0.7898000,0.5443000,0.4833000,0.3778149,0.7898773,0.0509057},
{0.3988957,0.7907202,0.0602304,0.3653640,0.7453641,0.0639095,0.7410745,0.8369300,-0.0913115,0.6963670,0.9201539,0.1492615,0.8510049,0.9356329,0.1285978,0.7032000,0.8754000,0.4597000,0.6885000,0.7566000,0.4054000,0.6862000,0.6799000,0.3405000,0.7238000,0.6216000,0.4283000,0.7895000,0.5443000,0.4832000,0.3718620,0.7923712,0.0558905},
{0.3932943,0.7926437,0.0649736,0.3590349,0.7475843,0.0687262,0.7362499,0.8360902,-0.0942450,0.6880453,0.9200241,0.1476603,0.8486718,0.9346895,0.1266984,0.7018000,0.8749000,0.4598000,0.6876000,0.7562000,0.4054000,0.6856000,0.6795000,0.3405000,0.7234000,0.6213000,0.4282000,0.7892000,0.5443000,0.4831000,0.3657302,0.7948779,0.0608444},
{0.3874235,0.7946170,0.0698191,0.3525580,0.7498104,0.0735006,0.7313709,0.8352376,-0.0972289,0.6796742,0.9199148,0.1459258,0.8465125,0.9338150,0.1249331,0.7004000,0.8744000,0.4600000,0.6867000,0.7556000,0.4053000,0.6851000,0.6791000,0.3404000,0.7230000,0.6210000,0.4281000,0.7889000,0.5443000,0.4830000,0.3594163,0.7973982,0.0657673},
{0.3814223,0.7965913,0.0746462,0.3458859,0.7520578,0.0782647,0.7265282,0.8343880,-0.1002078,0.6710750,0.9198244,0.1440170,0.8442699,0.9329053,0.1230922,0.6989000,0.8739000,0.4601000,0.6858000,0.7551000,0.4053000,0.6846000,0.6787000,0.3402000,0.7226000,0.6207000,0.4280000,0.7887000,0.5441000,0.4832000,0.3530008,0.7998998,0.0705969},
{0.3753650,0.7985425,0.0793962,0.3391677,0.7542761,0.0829116,0.7213886,0.8334828,-0.1033883,0.6625449,0.9197564,0.1419979,0.8417865,0.9318962,0.1210447,0.6975000,0.8734000,0.4603000,0.6848000,0.7546000,0.4052000,0.6841000,0.6783000,0.3400000,0.7222000,0.6205000,0.4279000,0.7885000,0.5441000,0.4831000,0.3464350,0.8024021,0.0753709},
{0.3692320,0.8004776,0.0840865,0.3323917,0.7564705,0.0874540,0.7165008,0.8326184,-0.1064311,0.6540248,0.9197098,0.1398575,0.8394333,0.9309383,0.1190958,0.6959000,0.8729000,0.4606000,0.6838000,0.7541000,0.4051000,0.6835000,0.6779000,0.3399000,0.7218000,0.6203000,0.4277000,0.7880000,0.5445000,0.4826000,0.3398662,0.8048506,0.0799865},
{0.3630117,0.8024006,0.0887270,0.3255736,0.7586371,0.0918849,0.7113422,0.8317024,-0.1096618,0.6456607,0.9196848,0.1376364,0.8373748,0.9300990,0.1173839,0.6943000,0.8723000,0.4608000,0.6828000,0.7536000,0.4051000,0.6829000,0.6774000,0.3397000,0.7213000,0.6200000,0.4275000,0.7877000,0.5446000,0.4826000,0.3332453,0.8072658,0.0844853},
{0.3567222,0.8043064,0.0933052,0.3187449,0.7607671,0.0961883,0.7064104,0.8308232,-0.1127689,0.6376858,0.9196799,0.1354081,0.8349433,0.9291060,0.1153534,0.6926000,0.8716000,0.4610000,0.6817000,0.7530000,0.4050000,0.6822000,0.6770000,0.3395000,0.7208000,0.6198000,0.4274000,0.7875000,0.5446000,0.4825000,0.3265818,0.8096461,0.0888656},
{0.3504678,0.8061645,0.0977490,0.3119885,0.7628368,0.1003193,0.7015719,0.8299571,-0.1158352,0.6299981,0.9196929,0.1331574,0.8326012,0.9281479,0.1133890,0.6907000,0.8708000,0.4611000,0.6806000,0.7523000,0.4050000,0.6815000,0.6765000,0.3394000,0.7203000,0.6196000,0.4272000,0.7871000,0.5447000,0.4825000,0.3200229,0.8119417,0.0930394},
{0.3443250,0.8079549,0.1020119,0.3052132,0.7648761,0.1043398,0.6967056,0.8290827,-0.1189369,0.6225815,0.9197221,0.1308898,0.8301243,0.9271328,0.1113021,0.6887000,0.8699000,0.4612000,0.6793000,0.7518000,0.4048000,0.6808000,0.6760000,0.3393000,0.7198000,0.6192000,0.4271000,0.7869000,0.5448000,0.4824000,0.3134718,0.8141900,0.0970780},
{0.3381746,0.8097146,0.1061831,0.2985514,0.7668471,0.1081781,0.6921245,0.8282563,-0.1218732,0.6154037,0.9197659,0.1286043,0.8276109,0.9261009,0.1091747,0.6866000,0.8689000,0.4611000,0.6781000,0.7511000,0.4047000,0.6801000,0.6754000,0.3390000,0.7192000,0.6189000,0.4269000,0.7866000,0.5448000,0.4824000,0.3069826,0.8163749,0.1009555},
{0.3321892,0.8113964,0.1101522,0.2920424,0.7687413,0.1118219,0.6875436,0.8274270,-0.1248254,0.6086848,0.9198212,0.1263827,0.8251843,0.9251028,0.1071112,0.6843000,0.8680000,0.4611000,0.6768000,0.7503000,0.4047000,0.6794000,0.6749000,0.3388000,0.7186000,0.6186000,0.4268000,0.7863000,0.5449000,0.4824000,0.3006790,0.8184585,0.1046090},
{0.3262935,0.8130244,0.1139776,0.2857986,0.7705297,0.1152210,0.6833747,0.8266695,-0.1275262,0.6021949,0.9198878,0.1241601,0.8227275,0.9240905,0.1050126,0.6821000,0.8669000,0.4611000,0.6753000,0.7495000,0.4046000,0.6784000,0.6743000,0.3388000,0.7180000,0.6183000,0.4267000,0.7859000,0.5450000,0.4823000,0.2944664,0.8204760,0.1081045},
{0.3206123,0.8145671,0.1175871,0.2796570,0.7722622,0.1184750,0.6793278,0.8259317,-0.1301606,0.5960296,0.9199633,0.1219774,0.8202091,0.9230508,0.1028514,0.6798000,0.8659000,0.4612000,0.6737000,0.7487000,0.4046000,0.6771000,0.6735000,0.3389000,0.7173000,0.6180000,0.4264000,0.7855000,0.5451000,0.4823000,0.2884813,0.8223868,0.1113763},
{0.3151479,0.8160274,0.1209896,0.2737335,0.7739088,0.1215314,0.6752297,0.8251822,-0.1328415,0.5904322,0.9200425,0.1199346,0.8179277,0.9221074,0.1008848,0.6775000,0.8649000,0.4613000,0.6721000,0.7479000,0.4045000,0.6757000,0.6727000,0.3390000,0.7167000,0.6176000,0.4263000,0.7851000,0.5452000,0.4823000,0.2827089,0.8241999,0.1144453},
{0.3098353,0.8174255,0.1242341,0.2681751,0.7754326,0.1243277,0.6716841,0.8245316,-0.1351715,0.5853396,0.9201234,0.1180242,0.8159577,0.9212913,0.0991798,0.6751000,0.8638000,0.4614000,0.6703000,0.7470000,0.4045000,0.6736000,0.6707000,0.3390000,0.7160000,0.6173000,0.4261000,0.7847000,0.5453000,0.4823000,0.2772115,0.8259003,0.1172910},
{0.3047591,0.8187420,0.1272770,0.2627648,0.7768964,0.1269840,0.6679361,0.8238419,-0.1376452,0.5805076,0.9202082,0.1161651,0.8139771,0.9204697,0.0974594,0.6726000,0.8626000,0.4615000,0.6684000,0.7461000,0.4044000,0.6752000,0.6718000,0.3380000,0.7152000,0.6170000,0.4259000,0.7842000,0.5454000,0.4824000,0.2718270,0.8275413,0.1200070},
{0.2999060,0.8199832,0.1301349,0.2576988,0.7782499,0.1294137,0.6647579,0.8232553,-0.1397515,0.5761930,0.9202907,0.1144658,0.8119662,0.9196343,0.0957062,0.6702000,0.8613000,0.4615000,0.6664000,0.7450000,0.4043000,0.6743000,0.6712000,0.3377000,0.7144000,0.6166000,0.4257000,0.7836000,0.5455000,0.4824000,0.2667277,0.8290736,0.1225155},
{0.2953115,0.8211429,0.1327952,0.2529129,0.7795136,0.1316586,0.6616797,0.8226858,-0.1417991,0.5721345,0.9203742,0.1128330,0.8103514,0.9189625,0.0942935,0.6677000,0.8601000,0.4616000,0.6639000,0.7432000,0.4042000,0.6733000,0.6707000,0.3374000,0.7136000,0.6163000,0.4256000,0.7830000,0.5456000,0.4824000,0.2618796,0.8305110,0.1248438},
{0.2909509,0.8222298,0.1352798,0.2483600,0.7807024,0.1337494,0.6590434,0.8221968,-0.1435588,0.5683697,0.9204569,0.1112879,0.8083682,0.9181363,0.0925526,0.6652000,0.8589000,0.4616000,0.6619000,0.7419000,0.4042000,0.6724000,0.6701000,0.3371000,0.7127000,0.6160000,0.4254000,0.7824000,0.5456000,0.4824000,0.2574037,0.8318216,0.1269453},
{0.2867142,0.8232734,0.1376569,0.2440193,0.7818239,0.1357024,0.6564103,0.8217074,-0.1453219,0.5649068,0.9205375,0.1098402,0.8066700,0.9174279,0.0910568,0.6629000,0.8577000,0.4615000,0.6599000,0.7399000,0.4041000,0.6714000,0.6694000,0.3369000,0.7119000,0.6155000,0.4255000,0.7818000,0.5457000,0.4824000,0.2530916,0.8330694,0.1289268},
{0.2827865,0.8242299,0.1398286,0.2399190,0.7828726,0.1375115,0.6538017,0.8212215,-0.1470741,0.5617008,0.9206162,0.1084768,0.8051710,0.9168018,0.0897325,0.6604000,0.8565000,0.4615000,0.6599000,0.7399000,0.4041000,0.6703000,0.6689000,0.3366000,0.7110000,0.6152000,0.4253000,0.7811000,0.5458000,0.4824000,0.2490068,0.8342382,0.1307653},
{0.2791526,0.8251056,0.1418106,0.2360204,0.7838602,0.1391997,0.6519533,0.8208766,-0.1483189,0.5588575,0.9206892,0.1072487,0.8034856,0.9160969,0.0882390,0.6581000,0.8554000,0.4616000,0.6603000,0.7418000,0.4027000,0.6693000,0.6683000,0.3363000,0.7101000,0.6150000,0.4251000,0.7803000,0.5460000,0.4824000,0.2451081,0.8353420,0.1324855},
{0.2756075,0.8259515,0.1437193,0.2324397,0.7847592,0.1407230,0.6495948,0.8204357,-0.1499113,0.5561471,0.9207617,0.1060611,0.8020733,0.9155056,0.0869839,0.6557000,0.8543000,0.4615000,0.6587000,0.7411000,0.4025000,0.6683000,0.6677000,0.3360000,0.7092000,0.6147000,0.4249000,0.7795000,0.5461000,0.4824000,0.2415287,0.8363452,0.1340353},
{0.2724653,0.8266943,0.1453908,0.2291138,0.7855874,0.1421147,0.6476344,0.8200686,-0.1512384,0.5536142,0.9208321,0.1049360,0.8005331,0.9148600,0.0856114,0.6534000,0.8533000,0.4614000,0.6572000,0.7404000,0.4022000,0.6672000,0.6672000,0.3357000,0.7081000,0.6143000,0.4247000,0.7787000,0.5462000,0.4824000,0.2381524,0.8372827,0.1354715},
{0.2694654,0.8273975,0.1469688,0.2259630,0.7863659,0.1434127,0.6456619,0.8196986,-0.1525768,0.5513566,0.9208970,0.1039207,0.7991152,0.9142650,0.0843442,0.6512000,0.8523000,0.4612000,0.6557000,0.7398000,0.4018000,0.6662000,0.6666000,0.3354000,0.7072000,0.6140000,0.4245000,0.7779000,0.5463000,0.4824000,0.2349001,0.8381778,0.1368316},
{0.2667016,0.8280402,0.1484074,0.2231608,0.7870533,0.1445504,0.6437461,0.8193386,-0.1538797,0.5492482,0.9209595,0.1029615,0.7976740,0.9136596,0.0830529,0.6490000,0.8515000,0.4610000,0.6542000,0.7393000,0.4015000,0.6651000,0.6662000,0.3352000,0.7061000,0.6138000,0.4243000,0.7771000,0.5463000,0.4824000,0.2319871,0.8389728,0.1380305},
{0.2640877,0.8286434,0.1497547,0.2204914,0.7877038,0.1456197,0.6420980,0.8190285,-0.1550030,0.5471423,0.9210238,0.1019928,0.7963860,0.9131179,0.0818957,0.6469000,0.8507000,0.4607000,0.6528000,0.7388000,0.4011000,0.6640000,0.6656000,0.3348000,0.7052000,0.6134000,0.4241000,0.7762000,0.5464000,0.4823000,0.2292527,0.8397134,0.1391393},
{0.2617104,0.8291883,0.1509689,0.2179968,0.7883079,0.1466062,0.6402881,0.8186875,-0.1562392,0.5450567,0.9210893,0.1010227,0.7953516,0.9126825,0.0809643,0.6448000,0.8500000,0.4604000,0.6513000,0.7383000,0.4007000,0.6630000,0.6652000,0.3346000,0.7041000,0.6132000,0.4239000,0.7754000,0.5465000,0.4824000,0.2267323,0.8403913,0.1401473},
{0.2594536,0.8297022,0.1521116,0.2155740,0.7888911,0.1475526,0.6387224,0.8183920,-0.1573107,0.5431651,0.9211503,0.1001335,0.7939088,0.9120746,0.0796623,0.6429000,0.8493000,0.4601000,0.6499000,0.7378000,0.4003000,0.6619000,0.6647000,0.3342000,0.7030000,0.6130000,0.4237000,0.7743000,0.5463000,0.4829000,0.2243496,0.8410278,0.1410877},
{0.2573762,0.8301724,0.1531551,0.2132872,0.7894385,0.1484352,0.6371575,0.8180963,-0.1583837,0.5413669,0.9212098,0.0992798,0.7928845,0.9116426,0.0787357,0.6409000,0.8487000,0.4598000,0.6485000,0.7373000,0.3998000,0.6608000,0.6644000,0.3339000,0.7020000,0.6127000,0.4235000,0.7735000,0.5466000,0.4823000,0.2221259,0.8416182,0.1419546},
{0.2554451,0.8306071,0.1541180,0.2111647,0.7899438,0.1492452,0.6359686,0.8178714,-0.1592002,0.5398121,0.9212623,0.0985350,0.7915728,0.9110889,0.0775466,0.6391000,0.8481000,0.4595000,0.6472000,0.7368000,0.3995000,0.6598000,0.6640000,0.3336000,0.7009000,0.6125000,0.4232000,0.7726000,0.5466000,0.4823000,0.2202143,0.8421228,0.1426915},
{0.2536538,0.8310082,0.1550050,0.2091793,0.7904140,0.1499950,0.6345411,0.8176011,-0.1601821,0.5382279,0.9213170,0.0977695,0.7905787,0.9106689,0.0766433,0.6370000,0.8474000,0.4591000,0.6458000,0.7364000,0.3990000,0.6587000,0.6636000,0.3333000,0.6999000,0.6123000,0.4230000,0.7716000,0.5466000,0.4822000,0.2183663,0.8426082,0.1433965},
{0.2521543,0.8313424,0.1557430,0.2073857,0.7908369,0.1506656,0.6330699,0.8173222,-0.1611960,0.5368404,0.9213658,0.0970937,0.7895463,0.9102323,0.0757035,0.6352000,0.8469000,0.4587000,0.6445000,0.7360000,0.3987000,0.6577000,0.6633000,0.3329000,0.6988000,0.6121000,0.4228000,0.7705000,0.5466000,0.4821000,0.2166668,0.8430524,0.1440386},
{0.2505802,0.8316917,0.1565131,0.2058217,0.7912041,0.1512453,0.6318865,0.8170975,-0.1620127,0.5355109,0.9214135,0.0964412,0.7886226,0.9098414,0.0748611,0.6335000,0.8464000,0.4583000,0.6431000,0.7356000,0.3983000,0.6567000,0.6629000,0.3326000,0.6977000,0.6118000,0.4225000,0.7695000,0.5466000,0.4821000,0.2151778,0.8434398,0.1445962},
{0.2492576,0.8319840,0.1571568,0.2044189,0.7915323,0.1517612,0.6305058,0.8168352,-0.1629671,0.5342680,0.9214587,0.0958270,0.7874908,0.9093621,0.0738269,0.6318000,0.8459000,0.4579000,0.6418000,0.7352000,0.3979000,0.6557000,0.6626000,0.3322000,0.6967000,0.6116000,0.4223000,0.7685000,0.5466000,0.4820000,0.2136566,0.8438340,0.1451611},
{0.2479367,0.8322748,0.1577964,0.2030799,0.7918445,0.1522501,0.6292606,0.8165983,-0.1638292,0.5330671,0.9215032,0.0952294,0.7868193,0.9090775,0.0732122,0.6302000,0.8453000,0.4575000,0.6406000,0.7348000,0.3976000,0.6547000,0.6623000,0.3319000,0.6956000,0.6114000,0.4221000,0.7674000,0.5466000,0.4820000,0.2122328,0.8442015,0.1456854},
{0.2467832,0.8325279,0.1583523,0.2019311,0.7921115,0.1526667,0.6282927,0.8164140,-0.1645003,0.5318162,0.9215502,0.0946027,0.7859630,0.9087144,0.0724271,0.6285000,0.8448000,0.4570000,0.6393000,0.7344000,0.3971000,0.6537000,0.6620000,0.3316000,0.6946000,0.6112000,0.4218000,0.7664000,0.5466000,0.4819000,0.2108369,0.8445603,0.1461953},
{0.2457493,0.8327541,0.1588485,0.2008498,0.7923621,0.1530565,0.6271552,0.8161972,-0.1652899,0.5307293,0.9215916,0.0940546,0.7849915,0.9083021,0.0715351,0.6268000,0.8441000,0.4566000,0.6381000,0.7341000,0.3967000,0.6528000,0.6616000,0.3313000,0.6935000,0.6110000,0.4216000,0.7654000,0.5466000,0.4819000,0.2096853,0.8448553,0.1466129},
{0.2447138,0.8329799,0.1593436,0.1997944,0.7926061,0.1534348,0.6259667,0.8159705,-0.1661161,0.5294676,0.9216405,0.0934141,0.7841007,0.9079238,0.0707156,0.6250000,0.8434000,0.4561000,0.6370000,0.7338000,0.3964000,0.6518000,0.6614000,0.3309000,0.6925000,0.6108000,0.4214000,0.7643000,0.5467000,0.4818000,0.2084909,0.8451603,0.1470432},
{0.2438565,0.8331664,0.1597520,0.1987894,0.7928378,0.1537930,0.6250989,0.8158048,-0.1667201,0.5283365,0.9216850,0.0928361,0.7832590,0.9075660,0.0699399,0.6235000,0.8430000,0.4556000,0.6359000,0.7335000,0.3959000,0.6509000,0.6610000,0.3306000,0.6915000,0.6106000,0.4212000,0.7633000,0.5466000,0.4818000,0.2074611,0.8454224,0.1474118},
{0.2429992,0.8333524,0.1601590,0.1978821,0.7930465,0.1541147,0.6240785,0.8156098,-0.1674311,0.5273961,0.9217225,0.0923526,0.7825920,0.9072824,0.0693244,0.6220000,0.8427000,0.4552000,0.6348000,0.7333000,0.3956000,0.6499000,0.6607000,0.3303000,0.6905000,0.6105000,0.4211000,0.7624000,0.5466000,0.4818000,0.2065074,0.8456645,0.1477512},
{0.2421534,0.8335355,0.1605593,0.1969539,0.7932595,0.1544422,0.6231257,0.8154276,-0.1680958,0.5265483,0.9217566,0.0919145,0.7817271,0.9069144,0.0685251,0.6207000,0.8423000,0.4547000,0.6338000,0.7331000,0.3952000,0.6491000,0.6604000,0.3301000,0.6895000,0.6103000,0.4209000,0.7613000,0.5466000,0.4818000,0.2055450,0.8459082,0.1480918},
{0.2413563,0.8337076,0.1609353,0.1962124,0.7934294,0.1547026,0.6222359,0.8152573,-0.1687173,0.5256486,0.9217933,0.0914473,0.7811609,0.9066733,0.0680011,0.6194000,0.8420000,0.4543000,0.6327000,0.7329000,0.3947000,0.6482000,0.6601000,0.3297000,0.6885000,0.6101000,0.4207000,0.7604000,0.5466000,0.4818000,0.2046368,0.8461375,0.1484114},
{0.2406633,0.8338570,0.1612613,0.1954946,0.7935934,0.1549537,0.6217944,0.8151728,-0.1690259,0.5249442,0.9218223,0.0910797,0.7804680,0.9063782,0.0673591,0.6181000,0.8417000,0.4539000,0.6317000,0.7326000,0.3944000,0.6473000,0.6598000,0.3295000,0.6877000,0.6099000,0.4205000,0.7594000,0.5465000,0.4818000,0.2037473,0.8463615,0.1487228},
{0.2399353,0.8340136,0.1616029,0.1947041,0.7937738,0.1552290,0.6209762,0.8150160,-0.1695982,0.5240457,0.9218596,0.0906087,0.7798535,0.9061163,0.0667890,0.6169000,0.8413000,0.4536000,0.6306000,0.7323000,0.3940000,0.6465000,0.6595000,0.3292000,0.6867000,0.6098000,0.4204000,0.7583000,0.5465000,0.4818000,0.2029976,0.8465499,0.1489840},
{0.2392846,0.8341532,0.1619074,0.1940652,0.7939193,0.1554507,0.6200734,0.8148429,-0.1702304,0.5233193,0.9218902,0.0902261,0.7794113,0.9059277,0.0663783,0.6158000,0.8410000,0.4532000,0.6297000,0.7320000,0.3937000,0.6456000,0.6593000,0.3289000,0.6858000,0.6096000,0.4201000,0.7574000,0.5464000,0.4818000,0.2022674,0.8467330,0.1492373},
{0.2387106,0.8342762,0.1621753,0.1934691,0.7940549,0.1556568,0.6195693,0.8147462,-0.1705837,0.5226634,0.9219180,0.0898793,0.7787907,0.9056630,0.0658014,0.6147000,0.8407000,0.4529000,0.6286000,0.7317000,0.3934000,0.6449000,0.6590000,0.3286000,0.6849000,0.6094000,0.4199000,0.7564000,0.5463000,0.4817000,0.2016273,0.8468932,0.1494584},
{0.2381168,0.8344032,0.1624518,0.1928688,0.7941912,0.1558636,0.6189129,0.8146202,-0.1710441,0.5219706,0.9219476,0.0895115,0.7784795,0.9055302,0.0655118,0.6137000,0.8404000,0.4526000,0.6278000,0.7314000,0.3931000,0.6439000,0.6587000,0.3283000,0.6840000,0.6093000,0.4197000,0.7554000,0.5462000,0.4817000,0.2009849,0.8470536,0.1496795},
{0.2375474,0.8345248,0.1627164,0.1922510,0.7943312,0.1560758,0.6180253,0.8144497,-0.1716672,0.5213479,0.9219744,0.0891796,0.7779605,0.9053087,0.0650286,0.6127000,0.8402000,0.4523000,0.6268000,0.7311000,0.3928000,0.6432000,0.6585000,0.3281000,0.6831000,0.6091000,0.4195000,0.7545000,0.5461000,0.4816000,0.2003818,0.8472041,0.1498862},
{0.2370813,0.8346242,0.1629326,0.1916991,0.7944562,0.1562647,0.6179275,0.8144309,-0.1717358,0.5207967,0.9219983,0.0888848,0.7774190,0.9050775,0.0645239,0.6119000,0.8399000,0.4520000,0.6260000,0.7309000,0.3925000,0.6425000,0.6583000,0.3278000,0.6824000,0.6089000,0.4193000,0.7536000,0.5459000,0.4816000,0.1998256,0.8473425,0.1500763},
{0.2366475,0.8347166,0.1631334,0.1910746,0.7945973,0.1564777,0.6174781,0.8143445,-0.1720516,0.5203651,0.9220172,0.0886534,0.7770462,0.9049182,0.0641760,0.6110000,0.8396000,0.4518000,0.6253000,0.7307000,0.3922000,0.6417000,0.6580000,0.3276000,0.6815000,0.6088000,0.4191000,0.7527000,0.5458000,0.4814000,0.1993409,0.8474630,0.1502413},
{0.2362972,0.8347911,0.1632954,0.1904011,0.7947493,0.1567066,0.6167817,0.8142106,-0.1725413,0.5200255,0.9220321,0.0884707,0.7763769,0.9046321,0.0635509,0.6102000,0.8393000,0.4514000,0.6246000,0.7306000,0.3919000,0.6410000,0.6578000,0.3273000,0.6807000,0.6086000,0.4188000,0.7518000,0.5456000,0.4813000,0.1989019,0.8475720,0.1503904},
{0.2358358,0.8348892,0.1635083,0.1897930,0.7948863,0.1569125,0.6165619,0.8141683,-0.1726960,0.5196720,0.9220477,0.0882803,0.7763769,0.9046321,0.0635509,0.6096000,0.8391000,0.4513000,0.6239000,0.7304000,0.3916000,0.6403000,0.6577000,0.3271000,0.6800000,0.6084000,0.4187000,0.7510000,0.5454000,0.4811000,0.1984025,0.8476958,0.1505596},
{0.2353521,0.8349918,0.1637311,0.1892120,0.7950170,0.1571086,0.6162375,0.8141059,-0.1729243,0.5192457,0.9220666,0.0880501,0.7760032,0.9044724,0.0632016,0.6089000,0.8389000,0.4510000,0.6233000,0.7303000,0.3914000,0.6397000,0.6575000,0.3268000,0.6792000,0.6082000,0.4185000,0.7502000,0.5452000,0.4810000,0.1978773,0.8478259,0.1507369},
{0.2349518,0.8350766,0.1639152,0.1886683,0.7951391,0.1572915,0.6159161,0.8140440,-0.1731506,0.5189148,0.9220813,0.0878710,0.7756219,0.9043093,0.0628449,0.6083000,0.8388000,0.4508000,0.6227000,0.7302000,0.3911000,0.6391000,0.6573000,0.3266000,0.6787000,0.6081000,0.4182000,0.7494000,0.5451000,0.4809000,0.1972471,0.8479816,0.1509489},
{0.2345275,0.8351664,0.1641100,0.1881716,0.7952505,0.1574581,0.6158786,0.8140368,-0.1731770,0.5186833,0.9220917,0.0877455,0.7755268,0.9042686,0.0627559,0.6078000,0.8387000,0.4506000,0.6221000,0.7302000,0.3909000,0.6386000,0.6573000,0.3264000,0.6779000,0.6080000,0.4181000,0.7487000,0.5449000,0.4808000,0.1968040,0.8480910,0.1510974},
{0.2341421,0.8352479,0.1642867,0.1877227,0.7953511,0.1576083,0.6155086,0.8139656,-0.1734376,0.5183724,0.9221056,0.0875767,0.7752586,0.9041539,0.0625048,0.6073000,0.8386000,0.4505000,0.6217000,0.7301000,0.3907000,0.6382000,0.6573000,0.3262000,0.6774000,0.6079000,0.4179000,0.7480000,0.5448000,0.4807000,0.1963507,0.8482027,0.1512490},
{0.2337638,0.8353278,0.1644598,0.1874647,0.7954089,0.1576944,0.6152760,0.8139208,-0.1736015,0.5182004,0.9221133,0.0874831,0.7748719,0.9039884,0.0621424,0.6069000,0.8386000,0.4504000,0.6212000,0.7301000,0.3905000,0.6378000,0.6572000,0.3260000,0.6770000,0.6077000,0.4177000,0.7474000,0.5446000,0.4805000,0.1958665,0.8483219,0.1514104},
{0.2334720,0.8353894,0.1645933,0.1871778,0.7954730,0.1577900,0.6152760,0.8139208,-0.1736015,0.5180175,0.9221216,0.0873836,0.7749533,0.9040232,0.0622187,0.6065000,0.8386000,0.4503000,0.6208000,0.7300000,0.3904000,0.6375000,0.6571000,0.3259000,0.6764000,0.6076000,0.4176000,0.7469000,0.5445000,0.4804000,0.1954631,0.8484210,0.1515446},
{0.2330826,0.8354715,0.1647710,0.1868528,0.7955457,0.1578982,0.6151095,0.8138887,-0.1737188,0.5178310,0.9221300,0.0872819,0.7749533,0.9040232,0.0622187,0.6063000,0.8385000,0.4503000,0.6205000,0.7300000,0.3903000,0.6371000,0.6571000,0.3257000,0.6760000,0.6075000,0.4175000,0.7464000,0.5443000,0.4803000,0.1950891,0.8485129,0.1516686},
{0.2327823,0.8355347,0.1649079,0.1866997,0.7955799,0.1579490,0.6148179,0.8138325,-0.1739244,0.5177020,0.9221358,0.0872116,0.7747665,0.9039433,0.0620437,0.6060000,0.8384000,0.4503000,0.6202000,0.7299000,0.3902000,0.6368000,0.6571000,0.3256000,0.6756000,0.6074000,0.4175000,0.7459000,0.5442000,0.4802000,0.1946020,0.8486323,0.1518298},
{0.2323920,0.8356168,0.1650856,0.1863551,0.7956568,0.1580634,0.6148179,0.8138325,-0.1739244,0.5176645,0.9221375,0.0871911,0.7747665,0.9039433,0.0620437,0.6058000,0.8384000,0.4503000,0.6199000,0.7299000,0.3901000,0.6365000,0.6570000,0.3255000,0.6752000,0.6073000,0.4174000,0.7455000,0.5441000,0.4802000,0.1942478,0.8487191,0.1519466},
{0.2319972,0.8356997,0.1652651,0.1860960,0.7957146,0.1581492,0.6148179,0.8138325,-0.1739244,0.5174798,0.9221459,0.0870902,0.7747665,0.9039433,0.0620437,0.6055000,0.8383000,0.4502000,0.6197000,0.7298000,0.3900000,0.6362000,0.6569000,0.3255000,0.6749000,0.6072000,0.4173000,0.7452000,0.5439000,0.4801000,0.1937682,0.8488364,0.1521045},
{0.2315786,0.8357876,0.1654551,0.1857322,0.7957957,0.1582694,0.6148179,0.8138325,-0.1739244,0.5173036,0.9221539,0.0869939,0.7747665,0.9039433,0.0620437,0.6053000,0.8382000,0.4502000,0.6195000,0.7298000,0.3900000,0.6360000,0.6568000,0.3254000,0.6746000,0.6072000,0.4172000,0.7449000,0.5438000,0.4801000,0.1931777,0.8489807,0.1522981},
{0.2311578,0.8358758,0.1656457,0.1853483,0.7958812,0.1583961,0.6147487,0.8138192,-0.1739732,0.5171030,0.9221631,0.0868841,0.7746792,0.9039059,0.0619618,0.6052000,0.8380000,0.4503000,0.6193000,0.7298000,0.3899000,0.6357000,0.6568000,0.3253000,0.6744000,0.6071000,0.4171000,0.7447000,0.5438000,0.4800000,0.1927042,0.8490962,0.1524529},
{0.2307490,0.8359614,0.1658307,0.1848881,0.7959836,0.1585475,0.6145975,0.8137901,-0.1740798,0.5169033,0.9221722,0.0867746,0.7746792,0.9039059,0.0619618,0.6051000,0.8379000,0.4503000,0.6192000,0.7298000,0.3899000,0.6355000,0.6567000,0.3253000,0.6742000,0.6071000,0.4171000,0.7445000,0.5437000,0.4800000,0.1922774,0.8492001,0.1525920},
{0.2303758,0.8360394,0.1659993,0.1845623,0.7960560,0.1586545,0.6145975,0.8137901,-0.1740798,0.5168829,0.9221731,0.0867635,0.7746792,0.9039059,0.0619618,0.6050000,0.8378000,0.4504000,0.6191000,0.7298000,0.3898000,0.6353000,0.6567000,0.3253000,0.6740000,0.6071000,0.4170000,0.7442000,0.5436000,0.4800000,0.1918497,0.8493042,0.1527311},
{0.2300049,0.8361169,0.1661665,0.1842361,0.7961284,0.1587613,0.6145975,0.8137901,-0.1740798,0.5167793,0.9221779,0.0867066,0.7746792,0.9039059,0.0619618,0.6050000,0.8377000,0.4505000,0.6191000,0.7299000,0.3898000,0.6351000,0.6567000,0.3253000,0.6739000,0.6070000,0.4170000,0.7441000,0.5436000,0.4799000,0.1915159,0.8493853,0.1528393}
};
