fitErrPi Mean = 0.0296609
fitErrTh Mean = 0.0413688
fitErrWr Mean = 0.0780571
fitErrLA Mean = 0.0964898
fitErrEl Mean = 0.0307742
fitErrUA Mean = 0.0272836
efPts = {
{0.6864546,1.0042568,-0.0379774,0.7784916,0.1875054,0.2889944,0.8103933,0.4256425,0.3690626,1.2636427,0.8731250,0.4326704,1.1799297,0.8377058,0.4996338,0.7184000,0.6344000,0.5837000,0.7469000,0.5800000,0.4402000,0.8241000,0.5286000,0.4284000,0.8283000,0.5137000,0.3758000,1.0180000,0.4325000,0.4901000,0.8089312,0.1749202,0.3059302},
{0.8308239,0.2797101,0.2758868,0.7786428,0.1873068,0.2889856,0.8107106,0.4253247,0.3692102,0.6348092,0.4591148,0.3700844,0.6641307,0.5514085,0.4523654,0.7186000,0.6343000,0.5838000,0.7472000,0.5796000,0.4404000,0.8243000,0.5285000,0.4284000,0.8287000,0.5134000,0.3758000,1.0180000,0.4323000,0.4899000,0.8091246,0.1746657,0.3058333},
{0.8310688,0.2794013,0.2758615,0.7788034,0.1870961,0.2889762,0.8110529,0.4249824,0.3693693,0.6349721,0.4587315,0.3703203,0.6642854,0.5509473,0.4526027,0.7188000,0.6342000,0.5839000,0.7475000,0.5791000,0.4405000,0.8244000,0.5285000,0.4284000,0.8291000,0.5132000,0.3758000,1.0180000,0.4321000,0.4899000,0.8093281,0.1743980,0.3057310},
{0.8312920,0.2791203,0.2758382,0.7789591,0.1868918,0.2889670,0.8113838,0.4246520,0.3695228,0.6352059,0.4581835,0.3706580,0.6644326,0.5505110,0.4528275,0.7190000,0.6342000,0.5840000,0.7478000,0.5787000,0.4407000,0.8244000,0.5284000,0.4285000,0.8295000,0.5129000,0.3757000,1.0180000,0.4319000,0.4898000,0.8095240,0.1741407,0.3056322},
{0.8314846,0.2788780,0.2758180,0.7790807,0.1867323,0.2889597,0.8116898,0.4243470,0.3696646,0.6355049,0.4574872,0.3710878,0.6645814,0.5500722,0.4530538,0.7192000,0.6341000,0.5842000,0.7481000,0.5782000,0.4408000,0.8245000,0.5284000,0.4285000,0.8299000,0.5126000,0.3757000,1.0180000,0.4317000,0.4897000,0.8097272,0.1738739,0.3055294},
{0.8315613,0.2787817,0.2758099,0.7791025,0.1867038,0.2889584,0.8120413,0.4239971,0.3698274,0.6358255,0.4567457,0.3715464,0.6647734,0.5495103,0.4533441,0.7195000,0.6341000,0.5844000,0.7483000,0.5777000,0.4410000,0.8245000,0.5284000,0.4285000,0.8303000,0.5124000,0.3757000,1.0180000,0.4315000,0.4897000,0.8098486,0.1737147,0.3054678},
{0.8317030,0.2786037,0.2757948,0.7791737,0.1866105,0.2889542,0.8122495,0.4237901,0.3699237,0.6360766,0.4561689,0.3719038,0.6649538,0.5489859,0.4536154,0.7198000,0.6341000,0.5846000,0.7486000,0.5773000,0.4411000,0.8245000,0.5285000,0.4286000,0.8307000,0.5121000,0.3757000,1.0180000,0.4314000,0.4897000,0.8099827,0.1735390,0.3053997},
{0.8317907,0.2784935,0.2757855,0.7791737,0.1866105,0.2889542,0.8124863,0.4235550,0.3700331,0.6362613,0.4557466,0.3721658,0.6650849,0.5486068,0.4538118,0.7200000,0.6342000,0.5848000,0.7489000,0.5768000,0.4413000,0.8245000,0.5286000,0.4286000,0.8311000,0.5119000,0.3756000,1.0180000,0.4313000,0.4897000,0.8100663,0.1734295,0.3053571},
{0.8319384,0.2783083,0.2757697,0.7791737,0.1866105,0.2889542,0.8126700,0.4233727,0.3701180,0.6364042,0.4554211,0.3723680,0.6651580,0.5483965,0.4539208,0.7201000,0.6342000,0.5849000,0.7492000,0.5764000,0.4415000,0.8245000,0.5286000,0.4287000,0.8315000,0.5116000,0.3756000,1.0180000,0.4313000,0.4897000,0.8101714,0.1732919,0.3053035},
{0.8319673,0.2782721,0.2757666,0.7792179,0.1865526,0.2889515,0.8128114,0.4232326,0.3701832,0.6364581,0.4552985,0.3724441,0.6652320,0.5481841,0.4540310,0.7203000,0.6343000,0.5851000,0.7495000,0.5759000,0.4416000,0.8245000,0.5287000,0.4288000,0.8319000,0.5114000,0.3756000,1.0180000,0.4313000,0.4898000,0.8101891,0.1732687,0.3052945},
{0.8320379,0.2781836,0.2757590,0.7793080,0.1864345,0.2889461,0.8129723,0.4230732,0.3702575,0.6365397,0.4551134,0.3725592,0.6652792,0.5480489,0.4541012,0.7203000,0.6344000,0.5852000,0.7498000,0.5755000,0.4418000,0.8245000,0.5289000,0.4289000,0.8323000,0.5111000,0.3755000,1.0180000,0.4313000,0.4898000,0.8102371,0.1732058,0.3052700},
{0.8320379,0.2781836,0.2757590,0.7794270,0.1862788,0.2889388,0.8129723,0.4230732,0.3702575,0.6365898,0.4549998,0.3726298,0.6653061,0.5479719,0.4541412,0.7204000,0.6346000,0.5853000,0.7500000,0.5750000,0.4419000,0.8245000,0.5290000,0.4290000,0.8327000,0.5108000,0.3755000,1.0180000,0.4313000,0.4899000,0.8102371,0.1732058,0.3052700},
{0.8320980,0.2781082,0.2757525,0.7795307,0.1861431,0.2889325,0.8129723,0.4230732,0.3702575,0.6366396,0.4548871,0.3726999,0.6653388,0.5478783,0.4541897,0.7204000,0.6347000,0.5854000,0.7503000,0.5746000,0.4421000,0.8245000,0.5291000,0.4291000,0.8331000,0.5106000,0.3755000,1.0180000,0.4314000,0.4900000,0.8101477,0.1733228,0.3053156},
{0.8320678,0.2781460,0.2757558,0.7796009,0.1860512,0.2889282,0.8130055,0.4230403,0.3702727,0.6366915,0.4547696,0.3727731,0.6653699,0.5477895,0.4542358,0.7205000,0.6350000,0.5855000,0.7506000,0.5741000,0.4423000,0.8245000,0.5293000,0.4291000,0.8335000,0.5103000,0.3755000,1.0180000,0.4315000,0.4901000,0.8100678,0.1734276,0.3053564},
{0.8319118,0.2783417,0.2757725,0.7795188,0.1861587,0.2889332,0.8129425,0.4231027,0.3702437,0.6366915,0.4547696,0.3727731,0.6653637,0.5478074,0.4542266,0.7206000,0.6352000,0.5856000,0.7509000,0.5737000,0.4424000,0.8245000,0.5296000,0.4293000,0.8339000,0.5101000,0.3754000,1.0180000,0.4317000,0.4902000,0.8098825,0.1736703,0.3054506},
{0.8317406,0.2785565,0.2757908,0.7793414,0.1863908,0.2889440,0.8128316,0.4232126,0.3701925,0.6366538,0.4548548,0.3727200,0.6653309,0.5479011,0.4541779,0.7207000,0.6355000,0.5857000,0.7512000,0.5732000,0.4426000,0.8245000,0.5299000,0.4294000,0.8343000,0.5098000,0.3754000,1.0170000,0.4318000,0.4904000,0.8095721,0.1740776,0.3056079},
{0.8314959,0.2788639,0.2758168,0.7790386,0.1867875,0.2889623,0.8125532,0.4234886,0.3700640,0.6365679,0.4550493,0.3725990,0.6652893,0.5480201,0.4541161,0.7207000,0.6358000,0.5857000,0.7515000,0.5728000,0.4427000,0.8245000,0.5302000,0.4295000,0.8347000,0.5095000,0.3754000,1.0170000,0.4321000,0.4905000,0.8091683,0.1746081,0.3058113},
{0.8311677,0.2792768,0.2758512,0.7785612,0.1874140,0.2889904,0.8122719,0.4237678,0.3699341,0.6363695,0.4555001,0.3723189,0.6651915,0.5483002,0.4539708,0.7206000,0.6362000,0.5856000,0.7517000,0.5723000,0.4429000,0.8245000,0.5305000,0.4295000,0.8351000,0.5093000,0.3754000,1.0170000,0.4323000,0.4906000,0.8086181,0.1753329,0.3060865},
{0.8306368,0.2799462,0.2759059,0.7779453,0.1882238,0.2890257,0.8117672,0.4242699,0.3697005,0.6361073,0.4560985,0.3719474,0.6650585,0.5486832,0.4537722,0.7206000,0.6365000,0.5856000,0.7520000,0.5719000,0.4431000,0.8244000,0.5308000,0.4296000,0.8355000,0.5090000,0.3753000,1.0170000,0.4326000,0.4907000,0.8078150,0.1763943,0.3064837},
{0.8299670,0.2807935,0.2759733,0.7771698,0.1892465,0.2890684,0.8110944,0.4249409,0.3693886,0.6357417,0.4569391,0.3714267,0.6648591,0.5492607,0.4534732,0.7205000,0.6369000,0.5855000,0.7523000,0.5714000,0.4432000,0.8244000,0.5311000,0.4296000,0.8359000,0.5088000,0.3753000,1.0170000,0.4328000,0.4908000,0.8068294,0.1777025,0.3069642},
{0.8291972,0.2817711,0.2760486,0.7762687,0.1904385,0.2891156,0.8101166,0.4259201,0.3689338,0.6352637,0.4580484,0.3707413,0.6645492,0.5501671,0.4530049,0.7203000,0.6374000,0.5854000,0.7526000,0.5710000,0.4434000,0.8244000,0.5316000,0.4296000,0.8363000,0.5085000,0.3753000,1.0170000,0.4330000,0.4909000,0.8056058,0.1793350,0.3075500},
{0.8282832,0.2829367,0.2761349,0.7752181,0.1918336,0.2891674,0.8091055,0.4269373,0.3684618,0.6346576,0.4594730,0.3698642,0.6642083,0.5511768,0.4524845,0.7201000,0.6379000,0.5852000,0.7529000,0.5705000,0.4435000,0.8244000,0.5319000,0.4297000,0.8367000,0.5082000,0.3752000,1.0170000,0.4333000,0.4911000,0.8042399,0.1811686,0.3081902},
{0.8272862,0.2842145,0.2762252,0.7739439,0.1935333,0.2892257,0.8079987,0.4280563,0.3679432,0.6339629,0.4611307,0.3688477,0.6637849,0.5524498,0.4518306,0.7198000,0.6385000,0.5849000,0.7532000,0.5700000,0.4437000,0.8243000,0.5323000,0.4297000,0.8371000,0.5080000,0.3752000,1.0170000,0.4335000,0.4911000,0.8028350,0.1830666,0.3088336},
{0.8261703,0.2856524,0.2763216,0.7725420,0.1954130,0.2892838,0.8067464,0.4293296,0.3673539,0.6331317,0.4631508,0.3676150,0.6632925,0.5539580,0.4510587,0.7196000,0.6391000,0.5846000,0.7534000,0.5696000,0.4438000,0.8242000,0.5328000,0.4297000,0.8375000,0.5077000,0.3752000,1.0170000,0.4337000,0.4912000,0.8012262,0.1852547,0.3095519},
{0.8248669,0.2873422,0.2764280,0.7709818,0.1975170,0.2893412,0.8053804,0.4307269,0.3667081,0.6322362,0.4653738,0.3662661,0.6627307,0.5557175,0.4501623,0.7193000,0.6398000,0.5843000,0.7537000,0.5691000,0.4440000,0.8241000,0.5332000,0.4297000,0.8379000,0.5075000,0.3752000,1.0170000,0.4339000,0.4913000,0.7994643,0.1876691,0.3103162},
{0.8234419,0.2892023,0.2765366,0.7693321,0.1997554,0.2893936,0.8037930,0.4323622,0.3659535,0.6313077,0.4677328,0.3648433,0.6621082,0.5577173,0.4491485,0.7190000,0.6406000,0.5840000,0.7540000,0.5687000,0.4442000,0.8239000,0.5336000,0.4297000,0.8383000,0.5072000,0.3751000,1.0160000,0.4340000,0.4914000,0.7974861,0.1904019,0.3111468},
{0.8217480,0.2914303,0.2766555,0.7675969,0.2021253,0.2894393,0.8020356,0.4341868,0.3651131,0.6302853,0.4703981,0.3632462,0.6614031,0.5600521,0.4479718,0.7187000,0.6415000,0.5836000,0.7543000,0.5682000,0.4443000,0.8237000,0.5341000,0.4297000,0.8387000,0.5069000,0.3751000,1.0160000,0.4341000,0.4914000,0.7953717,0.1933484,0.3120028},
{0.8199292,0.2938431,0.2767708,0.7656493,0.2048038,0.2894791,0.8000304,0.4362872,0.3641475,0.6291928,0.4733293,0.3615024,0.6606830,0.5625190,0.4467364,0.7186000,0.6425000,0.5832000,0.7546000,0.5678000,0.4445000,0.8235000,0.5345000,0.4297000,0.8391000,0.5067000,0.3751000,1.0160000,0.4342000,0.4914000,0.7930924,0.1965535,0.3128894},
{0.8177779,0.2967239,0.2768907,0.7636520,0.2075714,0.2895074,0.7978860,0.4385552,0.3631072,0.6279015,0.4769143,0.3593873,0.6598875,0.5653507,0.4453282,0.7185000,0.6437000,0.5827000,0.7549000,0.5673000,0.4446000,0.8232000,0.5350000,0.4298000,0.8395000,0.5064000,0.3750000,1.0150000,0.4342000,0.4915000,0.7906286,0.2000515,0.3138062},
{0.8157710,0.2994375,0.2769868,0.7612371,0.2109458,0.2895246,0.7955017,0.4411040,0.3619409,0.6266041,0.4806594,0.3571981,0.6591001,0.5682761,0.4438843,0.7184000,0.6450000,0.5822000,0.7551000,0.5669000,0.4448000,0.8229000,0.5354000,0.4299000,0.8399000,0.5062000,0.3750000,1.0150000,0.4341000,0.4915000,0.7880990,0.2036785,0.3147032},
{0.8133359,0.3027638,0.2770829,0.7587710,0.2144235,0.2895226,0.7929010,0.4439166,0.3606572,0.6252496,0.4847395,0.3548364,0.6582596,0.5715501,0.4422814,0.7183000,0.6463000,0.5818000,0.7551000,0.5669000,0.4448000,0.8225000,0.5359000,0.4300000,0.8403000,0.5059000,0.3750000,1.0140000,0.4340000,0.4916000,0.7854664,0.2074907,0.3155897},
{0.8107148,0.3063851,0.2771617,0.7562056,0.2180755,0.2894997,0.7902358,0.4468346,0.3593289,0.6238278,0.4892316,0.3522635,0.6574329,0.5749452,0.4406335,0.7182000,0.6478000,0.5813000,0.7544000,0.5684000,0.4445000,0.8222000,0.5365000,0.4301000,0.8407000,0.5057000,0.3750000,1.0140000,0.4339000,0.4916000,0.7826339,0.2116344,0.3164909},
{0.8080655,0.3100879,0.2772154,0.7534222,0.2220776,0.2894506,0.7873698,0.4500135,0.3578860,0.6223832,0.4940455,0.3495376,0.6565820,0.5786494,0.4388517,0.7182000,0.6493000,0.5809000,0.7536000,0.5699000,0.4442000,0.8218000,0.5370000,0.4302000,0.8412000,0.5054000,0.3749000,1.0130000,0.4336000,0.4917000,0.7796908,0.2159858,0.3173703},
{0.8051503,0.3142113,0.2772449,0.7506828,0.2260573,0.2893775,0.7841350,0.4536529,0.3562391,0.6209062,0.4992685,0.3466156,0.6557313,0.5826054,0.4369674,0.7182000,0.6509000,0.5804000,0.7529000,0.5712000,0.4440000,0.8213000,0.5375000,0.4303000,0.8416000,0.5051000,0.3749000,1.0130000,0.4334000,0.4918000,0.7766262,0.2205655,0.3182252},
{0.8019889,0.3187406,0.2772419,0.7474931,0.2307424,0.2892611,0.7805452,0.4577567,0.3543883,0.6194116,0.5049188,0.3434953,0.6548729,0.5869070,0.4349395,0.7181000,0.6525000,0.5799000,0.7523000,0.5717000,0.4436000,0.8208000,0.5382000,0.4305000,0.8420000,0.5049000,0.3749000,1.0120000,0.4332000,0.4919000,0.7731259,0.2258561,0.3191268},
{0.7985497,0.3237351,0.2771979,0.7440584,0.2358493,0.2890980,0.7768405,0.4620651,0.3524523,0.6179237,0.5109855,0.3401911,0.6540630,0.5913218,0.4328810,0.7180000,0.6542000,0.5794000,0.7516000,0.5743000,0.4438000,0.8204000,0.5388000,0.4306000,0.8424000,0.5046000,0.3749000,1.0110000,0.4329000,0.4921000,0.7695361,0.2313476,0.3199698},
{0.7949724,0.3290039,0.2771075,0.7403149,0.2414896,0.2888750,0.7729584,0.4666609,0.3503947,0.6164610,0.5174817,0.3367045,0.6532644,0.5961098,0.4306738,0.7179000,0.6559000,0.5789000,0.7508000,0.5760000,0.4438000,0.8200000,0.5395000,0.4307000,0.8428000,0.5044000,0.3748000,1.0110000,0.4327000,0.4923000,0.7657050,0.2372802,0.3207796},
{0.7911727,0.3346819,0.2769620,0.7363796,0.2475030,0.2885893,0.7687981,0.4716804,0.3481561,0.6150089,0.5246025,0.3329423,0.6524931,0.6012842,0.4283176,0.7176000,0.6577000,0.5782000,0.7501000,0.5775000,0.4435000,0.8195000,0.5403000,0.4309000,0.8432000,0.5041000,0.3748000,1.0100000,0.4324000,0.4925000,0.7616717,0.2436052,0.3215331},
{0.7872405,0.3406455,0.2767583,0.7322861,0.2538508,0.2882356,0.7645326,0.4769305,0.3458240,0.6136312,0.5321902,0.3290002,0.6517540,0.6069645,0.4257653,0.7173000,0.6594000,0.5776000,0.7501000,0.5775000,0.4435000,0.8191000,0.5410000,0.4310000,0.8436000,0.5038000,0.3748000,1.0090000,0.4321000,0.4927000,0.7575665,0.2501255,0.3221970},
{0.7830502,0.3470979,0.2764823,0.7279284,0.2607136,0.2877950,0.7599602,0.4826782,0.3432815,0.6123174,0.5405032,0.3247586,0.6510974,0.6129251,0.4231249,0.7171000,0.6613000,0.5770000,0.7498000,0.5810000,0.4429000,0.8186000,0.5416000,0.4311000,0.8440000,0.5036000,0.3747000,1.0090000,0.4317000,0.4929000,0.7531482,0.2572350,0.3227967},
{0.7787863,0.3537661,0.2761393,0.7233410,0.2680571,0.2872586,0.7552642,0.4887141,0.3406230,0.6111533,0.5492242,0.3203932,0.6504915,0.6197598,0.4201441,0.7167000,0.6633000,0.5764000,0.7495000,0.5844000,0.4423000,0.8181000,0.5422000,0.4313000,0.8444000,0.5033000,0.3747000,1.0080000,0.4314000,0.4930000,0.7486463,0.2645764,0.3232866},
{0.7743536,0.3608071,0.2757168,0.7185842,0.2758030,0.2866225,0.7505123,0.4949631,0.3378826,0.6101464,0.5585348,0.3158258,0.6500435,0.6265290,0.4172402,0.7164000,0.6655000,0.5756000,0.7491000,0.5879000,0.4416000,0.8177000,0.5428000,0.4315000,0.8448000,0.5031000,0.3747000,1.0070000,0.4310000,0.4931000,0.7440412,0.2721864,0.3236621},
{0.7697574,0.3682243,0.2752081,0.7135977,0.2840691,0.2858666,0.7454993,0.5017148,0.3349349,0.6093373,0.5684214,0.3110784,0.6497309,0.6337053,0.4142133,0.7160000,0.6677000,0.5747000,0.7488000,0.5914000,0.4410000,0.8172000,0.5435000,0.4316000,0.8452000,0.5028000,0.3747000,1.0060000,0.4305000,0.4932000,0.7392776,0.2801649,0.3239179},
{0.7649657,0.3760827,0.2746016,0.7084453,0.2927709,0.2849877,0.7403520,0.5088242,0.3318453,0.6087685,0.5788239,0.3061947,0.6495805,0.6411380,0.4111333,0.7157000,0.6700000,0.5737000,0.7485000,0.5948000,0.4404000,0.8167000,0.5440000,0.4317000,0.8456000,0.5025000,0.3746000,1.0060000,0.4300000,0.4933000,0.7343287,0.2885676,0.3240413},
{0.7600512,0.3842756,0.2738989,0.7030355,0.3020869,0.2839554,0.7351284,0.5162295,0.3286422,0.6084763,0.5897439,0.3011883,0.6496095,0.6489387,0.4079604,0.7154000,0.6724000,0.5726000,0.7481000,0.5983000,0.4398000,0.8162000,0.5446000,0.4318000,0.8460000,0.5023000,0.3746000,1.0050000,0.4294000,0.4933000,0.7291180,0.2975403,0.3240149},
{0.7550227,0.3927978,0.2730955,0.6975237,0.3117728,0.2827853,0.7297549,0.5240566,0.3252728,0.6084998,0.6012738,0.2960332,0.6498428,0.6571177,0.4046980,0.7151000,0.6755000,0.5718000,0.7478000,0.6017000,0.4392000,0.8156000,0.5454000,0.4318000,0.8464000,0.5020000,0.3746000,1.0040000,0.4287000,0.4932000,0.7238018,0.3068268,0.3238228},
{0.7498227,0.4017587,0.2721750,0.6919038,0.3218568,0.2814655,0.7242617,0.5322882,0.3217464,0.6088777,0.6132220,0.2908305,0.6503013,0.6655966,0.4013850,0.7148000,0.6781000,0.5707000,0.7475000,0.6052000,0.4386000,0.8151000,0.5460000,0.4318000,0.8464000,0.5020000,0.3746000,1.0030000,0.4281000,0.4931000,0.7182877,0.3166006,0.3234469},
{0.7445754,0.4109543,0.2711533,0.6860385,0.3326121,0.2799473,0.7187043,0.5408652,0.3180902,0.6096392,0.6255563,0.2856062,0.6510022,0.6743322,0.3980444,0.7146000,0.6807000,0.5694000,0.7472000,0.6086000,0.4380000,0.8145000,0.5466000,0.4317000,0.8455000,0.5025000,0.3739000,1.0020000,0.4274000,0.4931000,0.7126720,0.3267034,0.3228783},
{0.7392912,0.4203706,0.2700298,0.6802119,0.3435382,0.2782918,0.7132626,0.5495202,0.3144188,0.6108088,0.6382200,0.2803954,0.6519875,0.6835177,0.3946107,0.7144000,0.6834000,0.5680000,0.7472000,0.6086000,0.4380000,0.8139000,0.5472000,0.4316000,0.8451000,0.5030000,0.3738000,1.0010000,0.4266000,0.4930000,0.7069519,0.3371495,0.3221048},
{0.7339579,0.4300340,0.2687993,0.6742388,0.3549989,0.2764362,0.7078506,0.5583949,0.3106725,0.6124131,0.6512123,0.2752088,0.6532429,0.6928158,0.3912169,0.7143000,0.6864000,0.5665000,0.7484000,0.6126000,0.4363000,0.8132000,0.5479000,0.4315000,0.8443000,0.5034000,0.3733000,0.9993000,0.4258000,0.4929000,0.7012163,0.3477836,0.3211301},
{0.7285799,0.4399419,0.2674592,0.6683072,0.3666515,0.2744282,0.7024766,0.5674877,0.3068527,0.6144071,0.6641021,0.2702218,0.6548065,0.7023909,0.3878082,0.7142000,0.6895000,0.5649000,0.7495000,0.6159000,0.4350000,0.8125000,0.5486000,0.4314000,0.8439000,0.5037000,0.3737000,0.9979000,0.4250000,0.4928000,0.6954861,0.3585696,0.3199542},
{0.7232429,0.4499384,0.2660299,0.6622543,0.3788337,0.2722016,0.6971663,0.5767657,0.3029740,0.6168780,0.6773744,0.2652516,0.6566557,0.7120179,0.3844692,0.7143000,0.6929000,0.5633000,0.7501000,0.6187000,0.4341000,0.8118000,0.5493000,0.4313000,0.8430000,0.5044000,0.3727000,0.9963000,0.4243000,0.4927000,0.6897231,0.3695835,0.3185644},
{0.7178418,0.4602235,0.2644814,0.6562774,0.3911660,0.2698182,0.6919485,0.5861864,0.2990546,0.6197942,0.6907357,0.2604171,0.6587912,0.7216752,0.3812088,0.7146000,0.6963000,0.5617000,0.7505000,0.6211000,0.4334000,0.8110000,0.5502000,0.4312000,0.8423000,0.5049000,0.3726000,0.9947000,0.4234000,0.4927000,0.6838836,0.3809169,0.3169395},
{0.7124053,0.4707492,0.2628177,0.6501940,0.4040437,0.2671940,0.6867584,0.5958791,0.2950415,0.6232114,0.7043547,0.2556649,0.6612026,0.7313062,0.3780470,0.7150000,0.6997000,0.5602000,0.7506000,0.6232000,0.4329000,0.8102000,0.5511000,0.4310000,0.8415000,0.5056000,0.3721000,0.9930000,0.4227000,0.4927000,0.6780001,0.3925171,0.3150762},
{0.7070343,0.4813219,0.2610688,0.6442396,0.4169850,0.2644202,0.6817217,0.6056173,0.2910289,0.6270551,0.7178844,0.2511209,0.6638790,0.7408720,0.3749960,0.7154000,0.7031000,0.5589000,0.7505000,0.6252000,0.4325000,0.8093000,0.5519000,0.4308000,0.8407000,0.5062000,0.3721000,0.9912000,0.4219000,0.4928000,0.6720899,0.4043583,0.3129693},
{0.7017337,0.4919282,0.2592385,0.6383233,0.4301937,0.2614508,0.6768931,0.6152867,0.2870634,0.6313662,0.7314560,0.2467424,0.6668739,0.7505432,0.3720034,0.7160000,0.7067000,0.5577000,0.7501000,0.6271000,0.4321000,0.8085000,0.5530000,0.4306000,0.8397000,0.5070000,0.3716000,0.9892000,0.4211000,0.4928000,0.6662244,0.4163032,0.3106372},
{0.6966319,0.5023014,0.2573769,0.6326134,0.4432944,0.2583700,0.6723518,0.6247051,0.2832185,0.6359998,0.7446431,0.2426634,0.6701567,0.7601928,0.3691110,0.7170000,0.7106000,0.5566000,0.7499000,0.6292000,0.4316000,0.8074000,0.5540000,0.4304000,0.8387000,0.5077000,0.3712000,0.9870000,0.4204000,0.4929000,0.6604120,0.4283369,0.3080804},
{0.6917287,0.5124268,0.2554934,0.6270684,0.4563714,0.2551621,0.6681515,0.6337212,0.2795539,0.6408597,0.7572795,0.2389203,0.6737198,0.7697908,0.3663290,0.7179000,0.7143000,0.5558000,0.7499000,0.6318000,0.4311000,0.8063000,0.5552000,0.4303000,0.8375000,0.5084000,0.3711000,0.9847000,0.4196000,0.4930000,0.6548131,0.4401218,0.3053761},
{0.6870545,0.5222245,0.2536098,0.6218021,0.4691378,0.2519042,0.6641956,0.6425051,0.2759984,0.6459060,0.7693748,0.2354930,0.6774541,0.7790709,0.3637310,0.7190000,0.7179000,0.5550000,0.7502000,0.6349000,0.4308000,0.8053000,0.5566000,0.4301000,0.8363000,0.5094000,0.3709000,0.9821000,0.4187000,0.4932000,0.6493474,0.4518179,0.3024973},
{0.6824057,0.5321132,0.2516491,0.6167168,0.4818102,0.2485481,0.6604442,0.6511212,0.2725250,0.6512434,0.7812442,0.2322818,0.6814098,0.7881935,0.3612678,0.7200000,0.7215000,0.5543000,0.7505000,0.6382000,0.4305000,0.8041000,0.5582000,0.4300000,0.8348000,0.5105000,0.3706000,0.9792000,0.4178000,0.4933000,0.6440762,0.4632859,0.2994862},
{0.6780387,0.5415364,0.2497259,0.6119206,0.4940967,0.2451790,0.6568670,0.6596211,0.2691118,0.6565569,0.7922761,0.2294363,0.6852247,0.7964174,0.3591264,0.7209000,0.7251000,0.5535000,0.7505000,0.6411000,0.4302000,0.8028000,0.5597000,0.4299000,0.8327000,0.5114000,0.3706000,0.9764000,0.4171000,0.4933000,0.6389659,0.4745896,0.2963352},
{0.6737112,0.5510064,0.2477402,0.6073814,0.5060477,0.2417937,0.6534561,0.6680089,0.2657566,0.6619542,0.8028025,0.2268502,0.6890066,0.8040963,0.3571967,0.7219000,0.7286000,0.5526000,0.7503000,0.6440000,0.4298000,0.8015000,0.5613000,0.4297000,0.8315000,0.5129000,0.3703000,0.9732000,0.4163000,0.4934000,0.6340419,0.4856639,0.2930709},
{0.6696187,0.5600860,0.2457873,0.6030911,0.5176551,0.2384041,0.6502099,0.6762741,0.2624630,0.6674428,0.8129009,0.2244918,0.6928278,0.8114392,0.3554167,0.7230000,0.7320000,0.5517000,0.7500000,0.6468000,0.4294000,0.8001000,0.5630000,0.4294000,0.8298000,0.5142000,0.3701000,0.9701000,0.4155000,0.4936000,0.6293163,0.4964708,0.2897151},
{0.6656205,0.5690760,0.2438069,0.5989872,0.5290655,0.2349745,0.6471993,0.6842102,0.2593121,0.6730623,0.8226866,0.2223252,0.6966462,0.8184092,0.3537879,0.7241000,0.7351000,0.5507000,0.7498000,0.6496000,0.4290000,0.7987000,0.5647000,0.4290000,0.8281000,0.5156000,0.3699000,0.9668000,0.4147000,0.4937000,0.6247541,0.5070808,0.2862546},
{0.6617964,0.5777884,0.2418437,0.5951318,0.5400815,0.2315718,0.6443827,0.6918953,0.2562716,0.6787813,0.8321367,0.2203481,0.7005553,0.8252061,0.3522585,0.7252000,0.7382000,0.5498000,0.7497000,0.6524000,0.4286000,0.7973000,0.5664000,0.4286000,0.8264000,0.5171000,0.3697000,0.9635000,0.4141000,0.4938000,0.6204192,0.5173336,0.2827525},
{0.6581271,0.5862559,0.2398947,0.5913837,0.5510909,0.2280811,0.6417171,0.6994245,0.2533030,0.6844817,0.8410999,0.2185818,0.7045053,0.8317614,0.3508408,0.7264000,0.7412000,0.5489000,0.7497000,0.6549000,0.4282000,0.7959000,0.5681000,0.4283000,0.8247000,0.5186000,0.3696000,0.9604000,0.4136000,0.4940000,0.6162169,0.5274437,0.2791444},
{0.6546440,0.5943944,0.2379835,0.5878850,0.5616577,0.2246459,0.6393285,0.7064044,0.2505600,0.6901994,0.8496776,0.2169950,0.7085493,0.8381784,0.3495093,0.7275000,0.7442000,0.5482000,0.7496000,0.6576000,0.4278000,0.7946000,0.5699000,0.4279000,0.8230000,0.5199000,0.3694000,0.9574000,0.4131000,0.4942000,0.6122239,0.5372173,0.2755075},
{0.6512266,0.6024778,0.2360489,0.5844858,0.5722175,0.2211297,0.6370540,0.7132778,0.2478672,0.6959399,0.8579114,0.2155711,0.7126158,0.8443574,0.3482821,0.7287000,0.7470000,0.5475000,0.7497000,0.6600000,0.4273000,0.7935000,0.5716000,0.4276000,0.8213000,0.5212000,0.3693000,0.9545000,0.4127000,0.4944000,0.6082716,0.5470637,0.2716924},
{0.6479175,0.6104005,0.2341176,0.5812097,0.5826946,0.2175581,0.6348760,0.7200884,0.2452074,0.7016260,0.8657248,0.2143142,0.7167428,0.8503717,0.3471413,0.7299000,0.7499000,0.5469000,0.7498000,0.6623000,0.4269000,0.7925000,0.5732000,0.4273000,0.8197000,0.5223000,0.3693000,0.9519000,0.4124000,0.4946000,0.6045674,0.5564606,0.2679063},
{0.6446802,0.6182454,0.2321712,0.5780892,0.5929745,0.2139731,0.6329348,0.7263670,0.2427625,0.7072828,0.8731859,0.2132034,0.7207729,0.8560145,0.3461212,0.7311000,0.7528000,0.5464000,0.7498000,0.6646000,0.4267000,0.7914000,0.5746000,0.4272000,0.8182000,0.5233000,0.3693000,0.9493000,0.4121000,0.4948000,0.6009183,0.5658907,0.2639609},
{0.6416263,0.6257338,0.2302818,0.5750968,0.6031358,0.2103503,0.6309878,0.7328838,0.2402323,0.7128718,0.8802736,0.2122332,0.7247540,0.8613816,0.3451981,0.7322000,0.7557000,0.5459000,0.7498000,0.6668000,0.4265000,0.7906000,0.5760000,0.4272000,0.8167000,0.5243000,0.3693000,0.9470000,0.4119000,0.4950000,0.5973624,0.5752596,0.2598917},
{0.6385462,0.6333761,0.2283218,0.5722206,0.6132129,0.2066791,0.6291500,0.7392583,0.2377646,0.7184211,0.8870504,0.2113866,0.7287682,0.8665988,0.3443466,0.7334000,0.7586000,0.5455000,0.7490000,0.6688000,0.4262000,0.7896000,0.5774000,0.4272000,0.8152000,0.5253000,0.3694000,0.9447000,0.4118000,0.4953000,0.5939313,0.5844843,0.2557352},
{0.6356174,0.6407293,0.2264059,0.5695127,0.6230093,0.2030345,0.6273885,0.7455957,0.2353184,0.7238991,0.8935009,0.2106580,0.7327701,0.8716178,0.3435720,0.7345000,0.7614000,0.5450000,0.7493000,0.6709000,0.4259000,0.7889000,0.5790000,0.4273000,0.8138000,0.5263000,0.3694000,0.9425000,0.4118000,0.4955000,0.5906227,0.5935683,0.2514915},
{0.6326537,0.6482587,0.2244135,0.5670502,0.6322067,0.1995442,0.6257331,0.7517788,0.2329387,0.7292225,0.8995545,0.2100462,0.7365727,0.8762282,0.3429007,0.7355000,0.7642000,0.5446000,0.7495000,0.6730000,0.4257000,0.7879000,0.5803000,0.4273000,0.8124000,0.5273000,0.3696000,0.9404000,0.4118000,0.4957000,0.5874030,0.6026052,0.2471159},
{0.6298201,0.6555441,0.2224561,0.5645782,0.6417496,0.1958516,0.6241654,0.7578622,0.2306039,0.7344332,0.9052856,0.2095344,0.7403810,0.8806991,0.3422882,0.7365000,0.7669000,0.5440000,0.7496000,0.6751000,0.4254000,0.7871000,0.5817000,0.4273000,0.8110000,0.5283000,0.3697000,0.9383000,0.4119000,0.4960000,0.5843132,0.6114817,0.2426623},
{0.6270172,0.6628366,0.2204677,0.5622030,0.6512463,0.1921039,0.6227175,0.7637026,0.2283687,0.7394243,0.9106035,0.2091210,0.7440420,0.8848655,0.3417530,0.7374000,0.7696000,0.5434000,0.7497000,0.6771000,0.4251000,0.7862000,0.5832000,0.4272000,0.8097000,0.5294000,0.3697000,0.9363000,0.4120000,0.4961000,0.5813568,0.6201840,0.2381397},
{0.6243066,0.6699737,0.2184935,0.5599361,0.6606487,0.1883208,0.6213233,0.7695535,0.2261356,0.7444094,0.9157548,0.2087799,0.7475975,0.8887943,0.3412812,0.7383000,0.7720000,0.5428000,0.7497000,0.6791000,0.4248000,0.7853000,0.5844000,0.4272000,0.8084000,0.5305000,0.3698000,0.9343000,0.4122000,0.4964000,0.5784761,0.6288866,0.2334548},
{0.6216743,0.6769873,0.2165261,0.5577894,0.6698988,0.1845272,0.6200422,0.7751523,0.2240044,0.7490954,0.9204570,0.2085220,0.7509783,0.8924273,0.3408745,0.7392000,0.7743000,0.5422000,0.7498000,0.6809000,0.4244000,0.7846000,0.5862000,0.4271000,0.8075000,0.5317000,0.3698000,0.9324000,0.4124000,0.4966000,0.5757324,0.6374078,0.2287023},
{0.6191137,0.6838916,0.2145629,0.5557596,0.6790002,0.1807239,0.6188360,0.7806458,0.2219189,0.7536597,0.9249116,0.2083270,0.7542350,0.8958357,0.3405200,0.7401000,0.7766000,0.5416000,0.7498000,0.6827000,0.4241000,0.7801000,0.5853000,0.4279000,0.8065000,0.5329000,0.3697000,0.9305000,0.4126000,0.4969000,0.5731113,0.6457925,0.2238574},
{0.6166100,0.6907231,0.2125944,0.5538339,0.6880015,0.1768923,0.6177253,0.7859202,0.2199218,0.7580360,0.9290704,0.2081904,0.7573955,0.8990609,0.3402095,0.7408000,0.7788000,0.5411000,0.7499000,0.6844000,0.4237000,0.7796000,0.5868000,0.4278000,0.8057000,0.5341000,0.3696000,0.9287000,0.4128000,0.4971000,0.5706020,0.6540787,0.2188957},
{0.6142235,0.6973121,0.2106712,0.5520301,0.6968077,0.1730748,0.6166873,0.7910633,0.2179792,0.7621698,0.9329009,0.2081051,0.7604027,0.9020568,0.3399439,0.7417000,0.7808000,0.5405000,0.7498000,0.6860000,0.4234000,0.7792000,0.5883000,0.4276000,0.8050000,0.5353000,0.3695000,0.9269000,0.4130000,0.4973000,0.5682519,0.6621090,0.2139120},
{0.6119011,0.7037999,0.2087538,0.5503484,0.7053984,0.1692838,0.6156975,0.7961880,0.2160484,0.7660788,0.9364382,0.2080625,0.7632839,0.9048625,0.3397158,0.7425000,0.7828000,0.5399000,0.7498000,0.6877000,0.4231000,0.7786000,0.5896000,0.4275000,0.8044000,0.5366000,0.3694000,0.9251000,0.4134000,0.4975000,0.5660421,0.6699425,0.2088732},
{0.6096191,0.7102504,0.2068239,0.5487833,0.7137816,0.1655192,0.6147889,0.8011101,0.2141986,0.7697866,0.9397192,0.2080553,0.7660739,0.9075208,0.3395188,0.7433000,0.7848000,0.5394000,0.7498000,0.6893000,0.4228000,0.7781000,0.5910000,0.4274000,0.8038000,0.5378000,0.3693000,0.9233000,0.4137000,0.4977000,0.5639950,0.6774926,0.2038392},
{0.6075678,0.7161153,0.2050488,0.5473813,0.7216650,0.1619192,0.6139438,0.8059047,0.2124010,0.7731959,0.9426738,0.2080766,0.7686719,0.9099456,0.3393559,0.7438000,0.7868000,0.5389000,0.7498000,0.6910000,0.4225000,0.7775000,0.5923000,0.4274000,0.8032000,0.5390000,0.3692000,0.9216000,0.4141000,0.4980000,0.5621113,0.6847428,0.1988293},
{0.6055190,0.7220390,0.2032360,0.5460793,0.7293616,0.1583470,0.6131918,0.8103736,0.2107294,0.7764644,0.9454516,0.2081216,0.7711391,0.9122044,0.3392192,0.7444000,0.7888000,0.5385000,0.7498000,0.6926000,0.4222000,0.7770000,0.5937000,0.4273000,0.8027000,0.5403000,0.3691000,0.9198000,0.4146000,0.4982000,0.5604035,0.6916237,0.1939029},
{0.6035805,0.7277064,0.2014827,0.5449156,0.7366049,0.1549324,0.6124627,0.8149181,0.2090334,0.7794670,0.9479570,0.2081837,0.7734137,0.9142497,0.3391083,0.7449000,0.7907000,0.5379000,0.7499000,0.6941000,0.4220000,0.7763000,0.5950000,0.4273000,0.8020000,0.5415000,0.3690000,0.9181000,0.4150000,0.4984000,0.5588718,0.6981059,0.1890969},
{0.6017767,0.7330373,0.1998166,0.5438683,0.7434753,0.1516451,0.6118283,0.8190691,0.2074878,0.7822300,0.9502240,0.2082581,0.7755894,0.9161733,0.3390156,0.7456000,0.7926000,0.5374000,0.7499000,0.6956000,0.4218000,0.7756000,0.5963000,0.4272000,0.8016000,0.5427000,0.3689000,0.9165000,0.4156000,0.4987000,0.5575124,0.7041677,0.1844459},
{0.6000808,0.7381014,0.1982185,0.5429316,0.7499578,0.1484991,0.6112624,0.8229516,0.2060450,0.7848694,0.9523556,0.2083443,0.7775507,0.9178805,0.3389430,0.7464000,0.7944000,0.5369000,0.7499000,0.6970000,0.4215000,0.7751000,0.5976000,0.4272000,0.8010000,0.5438000,0.3689000,0.9149000,0.4160000,0.4990000,0.5563392,0.7096963,0.1800613},
{0.5985351,0.7427631,0.1967342,0.5421089,0.7559683,0.1455430,0.6107428,0.8266899,0.2046586,0.7872328,0.9542366,0.2084340,0.7795362,0.9195832,0.3388800,0.7468000,0.7962000,0.5364000,0.7499000,0.6985000,0.4213000,0.7745000,0.5988000,0.4272000,0.8004000,0.5449000,0.3690000,0.9133000,0.4166000,0.4993000,0.5553105,0.7148338,0.1758549},
{0.5970990,0.7471346,0.1953305,0.5413950,0.7614711,0.1428028,0.6102831,0.8301583,0.2033748,0.7894233,0.9559570,0.2085274,0.7812808,0.9210585,0.3388331,0.7474000,0.7979000,0.5360000,0.7499000,0.6999000,0.4211000,0.7740000,0.6001000,0.4272000,0.7998000,0.5460000,0.3691000,0.9119000,0.4171000,0.4997000,0.5544405,0.7194510,0.1719576},
{0.5957831,0.7511760,0.1940227,0.5407711,0.7665419,0.1402485,0.6098774,0.8333643,0.2021902,0.7914269,0.9575113,0.2086215,0.7829104,0.9224191,0.3387964,0.7479000,0.7995000,0.5355000,0.7499000,0.7013000,0.4209000,0.7734000,0.6012000,0.4273000,0.7990000,0.5469000,0.3693000,0.9105000,0.4177000,0.5001000,0.5537043,0.7236115,0.1683434},
{0.5945365,0.7550369,0.1927641,0.5402318,0.7711607,0.1378970,0.6094870,0.8365987,0.2009971,0.7931707,0.9588493,0.2087100,0.7844510,0.9236901,0.3387679,0.7484000,0.8011000,0.5351000,0.7499000,0.7026000,0.4207000,0.7730000,0.6024000,0.4274000,0.7982000,0.5478000,0.3695000,0.9092000,0.4182000,0.5004000,0.5530826,0.7273603,0.1649978},
{0.5933903,0.7586157,0.1915895,0.5397501,0.7755055,0.1356630,0.6091727,0.8393247,0.1999932,0.7947543,0.9600525,0.2087957,0.7857930,0.9247852,0.3387480,0.7490000,0.8025000,0.5348000,0.7498000,0.7038000,0.4206000,0.7725000,0.6034000,0.4275000,0.7975000,0.5487000,0.3697000,0.9080000,0.4188000,0.5008000,0.5525385,0.7308715,0.1617820},
{0.5923390,0.7619228,0.1904971,0.5393359,0.7794387,0.1336220,0.6088794,0.8419825,0.1990158,0.7961624,0.9611130,0.2088760,0.7869778,0.9257429,0.3387341,0.7495000,0.8040000,0.5344000,0.7497000,0.7050000,0.4205000,0.7721000,0.6045000,0.4276000,0.7968000,0.5496000,0.3699000,0.9068000,0.4193000,0.5012000,0.5520708,0.7341179,0.1587330},
{0.5913752,0.7649766,0.1894824,0.5389686,0.7831071,0.1317020,0.6086188,0.8444504,0.1981095,0.7974117,0.9620465,0.2089506,0.7879805,0.9265468,0.3387251,0.7499000,0.8053000,0.5341000,0.7496000,0.7060000,0.4205000,0.7716000,0.6055000,0.4278000,0.7962000,0.5503000,0.3701000,0.9057000,0.4198000,0.5016000,0.5516891,0.7369755,0.1559850},
{0.5904605,0.7678942,0.1885076,0.5386601,0.7863420,0.1299956,0.6083846,0.8467652,0.1972606,0.7985392,0.9628832,0.2090206,0.7888464,0.9272362,0.3387193,0.7503000,0.8065000,0.5337000,0.7494000,0.7070000,0.4205000,0.7713000,0.6065000,0.4280000,0.7957000,0.5511000,0.3704000,0.9047000,0.4203000,0.5020000,0.5513730,0.7395310,0.1534732},
{0.5896508,0.7704933,0.1876348,0.5383828,0.7893905,0.1283761,0.6081675,0.8490050,0.1964402,0.7995961,0.9636625,0.2090884,0.7897128,0.9279213,0.3387154,0.7507000,0.8077000,0.5333000,0.7493000,0.7079000,0.4204000,0.7709000,0.6073000,0.4281000,0.7952000,0.5518000,0.3706000,0.9038000,0.4208000,0.5024000,0.5511044,0.7418840,0.1511124},
{0.5889097,0.7728859,0.1868276,0.5381497,0.7920738,0.1269412,0.6079706,0.8511256,0.1956644,0.8005454,0.9643582,0.2091512,0.7905219,0.9285572,0.3387133,0.7509000,0.8087000,0.5330000,0.7490000,0.7087000,0.4204000,0.7706000,0.6081000,0.4282000,0.7948000,0.5525000,0.3708000,0.9030000,0.4214000,0.5027000,0.5508875,0.7439476,0.1490020}
};
