fitErrPi Mean = 0.318282
fitErrTh Mean = 0.00762132
fitErrWr Mean = 0.00848129
fitErrLA Mean = 0.763941
fitErrEl Mean = 0.0673548
fitErrUA Mean = 0.111645
efPts = {
{0.7664387,0.3676437,0.2624806,0.7816675,0.3059519,0.2614393,1.2998634,1.0715613,0.1491842,1.2404569,0.9823481,0.4638188,0.9987908,1.0687841,0.3825486,0.7404000,0.7169000,0.5458000,0.7606000,0.5779000,0.4162000,0.7606000,0.5775000,0.2874000,0.8206000,0.5161000,0.3835000,0.9586000,0.4330000,0.4550000,0.3182824,0.0000000,0.0000000},
{0.7663865,0.3677075,0.2625051,0.7813394,0.3062701,0.2616087,1.2998634,1.0715613,0.1491842,0.6810522,0.6269123,0.3242968,0.8212004,0.7673034,0.4421095,0.7403000,0.7164000,0.5458000,0.7605000,0.5773000,0.4160000,0.7607000,0.5771000,0.2872000,0.8205000,0.5157000,0.3833000,0.9583000,0.4324000,0.4550000,0.3182824,0.0000000,0.0000000},
{0.7663045,0.3678075,0.2625435,0.7808575,0.3067384,0.2618565,1.2998634,1.0715613,0.1491842,0.6810497,0.6269248,0.3242891,0.8212553,0.7671958,0.4421893,0.7403000,0.7160000,0.5457000,0.7604000,0.5767000,0.4158000,0.7607000,0.5768000,0.2871000,0.8203000,0.5153000,0.3832000,0.9581000,0.4319000,0.4550000,0.3182824,0.0000000,0.0000000},
{0.7660868,0.3680733,0.2626454,0.7803121,0.3072696,0.2621357,1.2996063,1.0718164,0.1491098,0.6810139,0.6271015,0.3241805,0.8212553,0.7671958,0.4421893,0.7403000,0.7156000,0.5456000,0.7603000,0.5761000,0.4157000,0.7608000,0.5764000,0.2869000,0.8202000,0.5150000,0.3831000,0.9580000,0.4314000,0.4550000,0.3182824,0.0000000,0.0000000},
{0.7657839,0.3684437,0.2627868,0.7796729,0.3078935,0.2624610,1.2995271,1.0718950,0.1490868,0.6809608,0.6273649,0.3240187,0.8212600,0.7671867,0.4421961,0.7405000,0.7154000,0.5454000,0.7602000,0.5755000,0.4155000,0.7609000,0.5761000,0.2868000,0.8200000,0.5146000,0.3829000,0.9578000,0.4309000,0.4550000,0.3182824,0.0000000,0.0000000},
{0.7653785,0.3689402,0.2629751,0.7788831,0.3086670,0.2628603,1.2988395,1.0725775,0.1488876,0.6808556,0.6278887,0.3236972,0.8212104,0.7672839,0.4421240,0.7403000,0.7148000,0.5452000,0.7601000,0.5749000,0.4153000,0.7610000,0.5758000,0.2866000,0.8199000,0.5143000,0.3828000,0.9577000,0.4303000,0.4550000,0.3182824,0.0000000,0.0000000},
{0.7647536,0.3697074,0.2632636,0.7780249,0.3095104,0.2632909,1.2988395,1.0725775,0.1488876,0.6807285,0.6285260,0.3233065,0.8211328,0.7674361,0.4420112,0.7402000,0.7145000,0.5449000,0.7600000,0.5742000,0.4152000,0.7610000,0.5754000,0.2865000,0.8198000,0.5139000,0.3826000,0.9575000,0.4298000,0.4550000,0.3182824,0.0000000,0.0000000},
{0.7641449,0.3704571,0.2635426,0.7770336,0.3104885,0.2637839,1.2975976,1.0738113,0.1485276,0.6805654,0.6293518,0.3228012,0.8209599,0.7677756,0.4417598,0.7403000,0.7143000,0.5446000,0.7599000,0.5736000,0.4150000,0.7611000,0.5751000,0.2863000,0.8196000,0.5136000,0.3825000,0.9574000,0.4293000,0.4550000,0.3182824,0.0000000,0.0000000},
{0.7633497,0.3714398,0.2639039,0.7759370,0.3115753,0.2643239,1.2970356,1.0743700,0.1483645,0.6803726,0.6303388,0.3221984,0.8207477,0.7681933,0.4414507,0.7402000,0.7142000,0.5443000,0.7598000,0.5730000,0.4148000,0.7612000,0.5747000,0.2862000,0.8195000,0.5132000,0.3824000,0.9572000,0.4288000,0.4549000,0.3182824,0.0000000,0.0000000},
{0.7625638,0.3724147,0.2642575,0.7748179,0.3126896,0.2648691,1.2963913,1.0750109,0.1481775,0.6801552,0.6314668,0.3215113,0.8204919,0.7686980,0.4410775,0.7400000,0.7142000,0.5439000,0.7596000,0.5724000,0.4147000,0.7612000,0.5744000,0.2860000,0.8194000,0.5129000,0.3822000,0.9569000,0.4283000,0.4549000,0.3182824,0.0000000,0.0000000},
{0.7615565,0.3736697,0.2647057,0.7734460,0.3140627,0.2655294,1.2953949,1.0760025,0.1478882,0.6799205,0.6327027,0.3207603,0.8202846,0.7691082,0.4407745,0.7403000,0.7148000,0.5435000,0.7595000,0.5718000,0.4145000,0.7613000,0.5740000,0.2859000,0.8192000,0.5125000,0.3821000,0.9566000,0.4280000,0.4550000,0.3182824,0.0000000,0.0000000},
{0.7605502,0.3749296,0.2651477,0.7720315,0.3154867,0.2662009,1.2945613,1.0768328,0.1476459,0.6796613,0.6340915,0.3199191,0.8200192,0.7696345,0.4403859,0.7400000,0.7149000,0.5430000,0.7594000,0.5712000,0.4143000,0.7614000,0.5737000,0.2857000,0.8191000,0.5121000,0.3819000,0.9561000,0.4277000,0.4550000,0.3182824,0.0000000,0.0000000},
{0.7594875,0.3762668,0.2656082,0.7705164,0.3170213,0.2669096,1.2936256,1.0777656,0.1473738,0.6794091,0.6354673,0.3190883,0.8196829,0.7703036,0.4398926,0.7397000,0.7151000,0.5425000,0.7593000,0.5706000,0.4141000,0.7614000,0.5734000,0.2856000,0.8189000,0.5118000,0.3818000,0.9556000,0.4275000,0.4551000,0.3182824,0.0000000,0.0000000},
{0.7582504,0.3778321,0.2661364,0.7689413,0.3186268,0.2676350,1.2933411,1.0780493,0.1472910,0.6791245,0.6370505,0.3181354,0.8193360,0.7709966,0.4393822,0.7394000,0.7153000,0.5420000,0.7592000,0.5700000,0.4140000,0.7615000,0.5730000,0.2854000,0.8188000,0.5114000,0.3817000,0.9551000,0.4272000,0.4552000,0.3182824,0.0000000,0.0000000},
{0.7570108,0.3794098,0.2666569,0.7673530,0.3202562,0.2683546,1.2912846,1.0801023,0.1466921,0.6788490,0.6386156,0.3171968,0.8189497,0.7717711,0.4388127,0.7391000,0.7156000,0.5414000,0.7591000,0.5694000,0.4138000,0.7616000,0.5727000,0.2853000,0.8187000,0.5111000,0.3815000,0.9545000,0.4271000,0.4554000,0.3182824,0.0000000,0.0000000},
{0.7557973,0.3809634,0.2671580,0.7657246,0.3219377,0.2690801,1.2905093,1.0808772,0.1464661,0.6785797,0.6401784,0.3162628,0.8185674,0.7725411,0.4382472,0.7387000,0.7159000,0.5407000,0.7590000,0.5687000,0.4136000,0.7616000,0.5723000,0.2851000,0.8185000,0.5107000,0.3814000,0.9539000,0.4269000,0.4557000,0.3182824,0.0000000,0.0000000},
{0.7545235,0.3826039,0.2676749,0.7641229,0.3236025,0.2697815,1.2896647,1.0817219,0.1462197,0.6782731,0.6420003,0.3151782,0.8181241,0.7734379,0.4375896,0.7383000,0.7164000,0.5401000,0.7590000,0.5687000,0.4136000,0.7617000,0.5720000,0.2850000,0.8184000,0.5104000,0.3812000,0.9533000,0.4269000,0.4561000,0.3182824,0.0000000,0.0000000},
{0.7532690,0.3842293,0.2681750,0.7625465,0.3252513,0.2704600,1.2887380,1.0826494,0.1459492,0.6779647,0.6438807,0.3140633,0.8176059,0.7744917,0.4368183,0.7379000,0.7171000,0.5394000,0.7581000,0.5691000,0.4134000,0.7618000,0.5717000,0.2848000,0.8183000,0.5100000,0.3811000,0.9525000,0.4268000,0.4565000,0.3182824,0.0000000,0.0000000},
{0.7519759,0.3859149,0.2686811,0.7609632,0.3269179,0.2711297,1.2877312,1.0836577,0.1456551,0.6776702,0.6457256,0.3129740,0.8171536,0.7754168,0.4361424,0.7375000,0.7178000,0.5387000,0.7576000,0.5699000,0.4129000,0.7618000,0.5713000,0.2847000,0.8181000,0.5097000,0.3810000,0.9517000,0.4269000,0.4570000,0.3182824,0.0000000,0.0000000},
{0.7506713,0.3876259,0.2691818,0.7593430,0.3286341,0.2718028,1.2861669,1.0852263,0.1451977,0.6773544,0.6477612,0.3117773,0.8166412,0.7764702,0.4353741,0.7372000,0.7186000,0.5380000,0.7568000,0.5703000,0.4127000,0.7619000,0.5710000,0.2845000,0.8180000,0.5093000,0.3808000,0.9508000,0.4270000,0.4576000,0.3182824,0.0000000,0.0000000},
{0.7491954,0.3895743,0.2697365,0.7575580,0.3305376,0.2725301,1.2838819,1.0875213,0.1445286,0.6770414,0.6498416,0.3105598,0.8161287,0.7775298,0.4346027,0.7368000,0.7195000,0.5373000,0.7589000,0.5731000,0.4122000,0.7620000,0.5706000,0.2844000,0.8178000,0.5089000,0.3807000,0.9498000,0.4271000,0.4581000,0.3182824,0.0000000,0.0000000},
{0.7476291,0.3916568,0.2703113,0.7555759,0.3326668,0.2733201,1.2831956,1.0882114,0.1443274,0.6766978,0.6522054,0.3091833,0.8155474,0.7787392,0.4337241,0.7365000,0.7204000,0.5365000,0.7580000,0.5737000,0.4119000,0.7621000,0.5703000,0.2842000,0.8177000,0.5086000,0.3805000,0.9488000,0.4272000,0.4587000,0.3182824,0.0000000,0.0000000},
{0.7458632,0.3940232,0.2709423,0.7535090,0.3349046,0.2741241,1.2815252,1.0898927,0.1438372,0.6763637,0.6545919,0.3078008,0.8149373,0.7800169,0.4327978,0.7361000,0.7213000,0.5358000,0.7574000,0.5746000,0.4114000,0.7621000,0.5700000,0.2841000,0.8176000,0.5082000,0.3804000,0.9478000,0.4273000,0.4594000,0.3182824,0.0000000,0.0000000},
{0.7439936,0.3965500,0.2715904,0.7512709,0.3373480,0.2749720,1.2796721,1.0917607,0.1432928,0.6759931,0.6573533,0.3062101,0.8143950,0.7811604,0.4319707,0.7357000,0.7222000,0.5350000,0.7573000,0.5758000,0.4109000,0.7622000,0.5696000,0.2839000,0.8176000,0.5082000,0.3804000,0.9468000,0.4274000,0.4599000,0.3182824,0.0000000,0.0000000},
{0.7420788,0.3991608,0.2722328,0.7489683,0.3398836,0.2758196,1.2775289,1.0939248,0.1426621,0.6756224,0.6602507,0.3045515,0.8137347,0.7825621,0.4309590,0.7353000,0.7232000,0.5344000,0.7565000,0.5768000,0.4104000,0.7623000,0.5693000,0.2838000,0.8168000,0.5087000,0.3804000,0.9458000,0.4275000,0.4606000,0.3182824,0.0000000,0.0000000},
{0.7399936,0.4020305,0.2729077,0.7465243,0.3425993,0.2766919,1.2760431,1.0954273,0.1422242,0.6752369,0.6634305,0.3027433,0.8130020,0.7841299,0.4298303,0.7349000,0.7244000,0.5336000,0.7558000,0.5778000,0.4099000,0.7623000,0.5689000,0.2836000,0.8162000,0.5091000,0.3804000,0.9448000,0.4277000,0.4612000,0.3182824,0.0000000,0.0000000},
{0.7378779,0.4049707,0.2735658,0.7440501,0.3453743,0.2775460,1.2742887,1.0972039,0.1417066,0.6748711,0.6666309,0.3009359,0.8122347,0.7857862,0.4286412,0.7344000,0.7256000,0.5329000,0.7550000,0.5789000,0.4094000,0.7624000,0.5686000,0.2835000,0.8155000,0.5095000,0.3804000,0.9437000,0.4278000,0.4618000,0.3182824,0.0000000,0.0000000},
{0.7357103,0.4080130,0.2742121,0.7414555,0.3483118,0.2784103,1.2717894,1.0997395,0.1409679,0.6744993,0.6701031,0.2989893,0.8114827,0.7874239,0.4274688,0.7340000,0.7270000,0.5321000,0.7540000,0.5801000,0.4089000,0.7625000,0.5683000,0.2833000,0.8145000,0.5098000,0.3804000,0.9425000,0.4280000,0.4625000,0.3182824,0.0000000,0.0000000},
{0.7334725,0.4111862,0.2748493,0.7387506,0.3514048,0.2792773,1.2700787,1.1014779,0.1404615,0.6741566,0.6735404,0.2970766,0.8106737,0.7892017,0.4261998,0.7336000,0.7284000,0.5313000,0.7530000,0.5811000,0.4084000,0.7625000,0.5679000,0.2832000,0.8136000,0.5102000,0.3804000,0.9412000,0.4283000,0.4632000,0.3182824,0.0000000,0.0000000},
{0.7311569,0.4145043,0.2754763,0.7359199,0.3546747,0.2801469,1.2684981,1.1030865,0.1399930,0.6738277,0.6771036,0.2951088,0.8098585,0.7910107,0.4249124,0.7333000,0.7299000,0.5304000,0.7520000,0.5822000,0.4080000,0.7626000,0.5676000,0.2830000,0.8127000,0.5108000,0.3803000,0.9399000,0.4285000,0.4638000,0.3182824,0.0000000,0.0000000},
{0.7287218,0.4180323,0.2760998,0.7330123,0.3580692,0.2810001,1.2657179,1.1059213,0.1391675,0.6735075,0.6808893,0.2930347,0.8090749,0.7927663,0.4236667,0.7331000,0.7314000,0.5295000,0.7511000,0.5836000,0.4074000,0.7627000,0.5672000,0.2829000,0.8117000,0.5114000,0.3802000,0.9385000,0.4288000,0.4645000,0.3182824,0.0000000,0.0000000},
{0.7262194,0.4216996,0.2767018,0.7298985,0.3617445,0.2818684,1.2632028,1.1084914,0.1384192,0.6732094,0.6847796,0.2909209,0.8081885,0.7947722,0.4222479,0.7328000,0.7330000,0.5286000,0.7501000,0.5850000,0.4069000,0.7627000,0.5669000,0.2827000,0.8109000,0.5120000,0.3801000,0.9370000,0.4290000,0.4652000,0.3182824,0.0000000,0.0000000},
{0.7235479,0.4256616,0.2773006,0.7265910,0.3656944,0.2827391,1.2608601,1.1108903,0.1377209,0.6729297,0.6888675,0.2887187,0.8073827,0.7966146,0.4209488,0.7325000,0.7346000,0.5276000,0.7490000,0.5864000,0.4063000,0.7628000,0.5666000,0.2826000,0.8099000,0.5127000,0.3801000,0.9356000,0.4293000,0.4659000,0.3182824,0.0000000,0.0000000},
{0.7207481,0.4298670,0.2778788,0.7231340,0.3698734,0.2835918,1.2582134,1.1136064,0.1369304,0.6726744,0.6931282,0.2864439,0.8064694,0.7987248,0.4194656,0.7323000,0.7363000,0.5265000,0.7477000,0.5877000,0.4057000,0.7629000,0.5662000,0.2824000,0.8090000,0.5132000,0.3800000,0.9341000,0.4295000,0.4666000,0.3182824,0.0000000,0.0000000},
{0.7179092,0.4341874,0.2784127,0.7196936,0.3740845,0.2843819,1.2555857,1.1163091,0.1361439,0.6724411,0.6976993,0.2840265,0.8055371,0.8009040,0.4179394,0.7320000,0.7381000,0.5255000,0.7466000,0.5893000,0.4050000,0.7629000,0.5659000,0.2823000,0.8080000,0.5138000,0.3800000,0.9326000,0.4297000,0.4673000,0.3182824,0.0000000,0.0000000},
{0.7149955,0.4386815,0.2789050,0.7160064,0.3786554,0.2851632,1.2524096,1.1195840,0.1351911,0.6722432,0.7024412,0.2815437,0.8045345,0.8032760,0.4162841,0.7317000,0.7399000,0.5244000,0.7456000,0.5910000,0.4042000,0.7630000,0.5655000,0.2821000,0.8070000,0.5143000,0.3799000,0.9311000,0.4300000,0.4681000,0.3182824,0.0000000,0.0000000},
{0.7118948,0.4435317,0.2793657,0.7123516,0.3832461,0.2858702,1.2502863,1.1217784,0.1345528,0.6720844,0.7073702,0.2789896,0.8035705,0.8055855,0.4146785,0.7314000,0.7419000,0.5233000,0.7444000,0.5927000,0.4035000,0.7631000,0.5652000,0.2820000,0.8058000,0.5148000,0.3799000,0.9296000,0.4304000,0.4689000,0.3182824,0.0000000,0.0000000},
{0.7090235,0.4480867,0.2797333,0.7084761,0.3881799,0.2865457,1.2471655,1.1250110,0.1336127,0.6719706,0.7124484,0.2763863,0.8025536,0.8080532,0.4129694,0.7313000,0.7439000,0.5222000,0.7434000,0.5945000,0.4027000,0.7632000,0.5649000,0.2818000,0.8046000,0.5154000,0.3799000,0.9279000,0.4307000,0.4697000,0.3182824,0.0000000,0.0000000},
{0.7059897,0.4529671,0.2800586,0.7045895,0.3931966,0.2871454,1.2442498,1.1280392,0.1327322,0.6719053,0.7176976,0.2737252,0.8015066,0.8106285,0.4111928,0.7311000,0.7460000,0.5211000,0.7423000,0.5964000,0.4020000,0.7632000,0.5645000,0.2817000,0.8035000,0.5161000,0.3799000,0.9262000,0.4311000,0.4706000,0.3182824,0.0000000,0.0000000},
{0.7028579,0.4580797,0.2803250,0.7006055,0.3984116,0.2876784,1.2411329,1.1312849,0.1317886,0.6718929,0.7229309,0.2711020,0.8004851,0.8131761,0.4094423,0.7311000,0.7482000,0.5200000,0.7412000,0.5983000,0.4013000,0.7633000,0.5642000,0.2815000,0.8023000,0.5168000,0.3798000,0.9244000,0.4314000,0.4715000,0.3182824,0.0000000,0.0000000},
{0.6996889,0.4633320,0.2805211,0.6965693,0.4037708,0.2881325,1.2383808,1.1341581,0.1309536,0.6719353,0.7283830,0.2684004,0.7994484,0.8157976,0.4076482,0.7311000,0.7503000,0.5189000,0.7401000,0.6003000,0.4005000,0.7634000,0.5638000,0.2814000,0.8011000,0.5175000,0.3798000,0.9226000,0.4317000,0.4723000,0.3182824,0.0000000,0.0000000},
{0.6964390,0.4688031,0.2806435,0.6923569,0.4094469,0.2885130,1.2353222,1.1373595,0.1300233,0.6720369,0.7339683,0.2656659,0.7984705,0.8183048,0.4059391,0.7310000,0.7525000,0.5178000,0.7390000,0.6024000,0.3998000,0.7634000,0.5635000,0.2812000,0.7999000,0.5183000,0.3798000,0.9207000,0.4320000,0.4732000,0.3182824,0.0000000,0.0000000},
{0.6931585,0.4744148,0.2806841,0.6880832,0.4152939,0.2887996,1.2318584,1.1409954,0.1289670,0.6722067,0.7398446,0.2628245,0.7973850,0.8211286,0.4040219,0.7310000,0.7546000,0.5168000,0.7379000,0.6044000,0.3989000,0.7634000,0.5635000,0.2812000,0.7987000,0.5190000,0.3799000,0.9188000,0.4323000,0.4741000,0.3182824,0.0000000,0.0000000},
{0.6898442,0.4801780,0.2806378,0.6837647,0.4212941,0.2889854,1.2287028,1.1443176,0.1280021,0.6724421,0.7457525,0.2600045,0.7963658,0.8238200,0.4022024,0.7310000,0.7568000,0.5157000,0.7368000,0.6064000,0.3980000,0.7624000,0.5643000,0.2807000,0.7976000,0.5197000,0.3799000,0.9169000,0.4326000,0.4751000,0.3182824,0.0000000,0.0000000},
{0.6864611,0.4861609,0.2804973,0.6793297,0.4275545,0.2890652,1.2256706,1.1475188,0.1270725,0.6727464,0.7517443,0.2571817,0.7953823,0.8264547,0.4004281,0.7311000,0.7590000,0.5147000,0.7358000,0.6085000,0.3971000,0.7623000,0.5658000,0.2803000,0.7963000,0.5204000,0.3799000,0.9149000,0.4330000,0.4761000,0.3182824,0.0000000,0.0000000},
{0.6831385,0.4921386,0.2802646,0.6748538,0.4339761,0.2890291,1.2226214,1.1507466,0.1261354,0.6731282,0.7579094,0.2543162,0.7943758,0.8291914,0.3985927,0.7311000,0.7612000,0.5136000,0.7348000,0.6107000,0.3963000,0.7623000,0.5674000,0.2795000,0.7951000,0.5212000,0.3800000,0.9129000,0.4334000,0.4773000,0.3182824,0.0000000,0.0000000},
{0.6797855,0.4982771,0.2799312,0.6703247,0.4405828,0.2888700,1.2197348,1.1538105,0.1252461,0.6735780,0.7640602,0.2514964,0.7933661,0.8319789,0.3967308,0.7312000,0.7634000,0.5126000,0.7339000,0.6130000,0.3954000,0.7617000,0.5686000,0.2791000,0.7939000,0.5219000,0.3801000,0.9108000,0.4338000,0.4784000,0.3182824,0.0000000,0.0000000},
{0.6764415,0.5045088,0.2794965,0.6657966,0.4473001,0.2885843,1.2161528,1.1576237,0.1241396,0.6741079,0.7703394,0.2486578,0.7923873,0.8347226,0.3949056,0.7314000,0.7657000,0.5116000,0.7330000,0.6152000,0.3945000,0.7611000,0.5696000,0.2789000,0.7926000,0.5228000,0.3802000,0.9086000,0.4343000,0.4796000,0.3182824,0.0000000,0.0000000},
{0.6730358,0.5109730,0.2789445,0.6611842,0.4542615,0.2881592,1.2130669,1.1609188,0.1231836,0.6747019,0.7765503,0.2458897,0.7914042,0.8375213,0.3930513,0.7316000,0.7680000,0.5107000,0.7322000,0.6175000,0.3937000,0.7604000,0.5706000,0.2787000,0.7914000,0.5237000,0.3803000,0.9063000,0.4347000,0.4808000,0.3182824,0.0000000,0.0000000},
{0.6696263,0.5175678,0.2782768,0.6565796,0.4613348,0.2875952,1.2099280,1.1642799,0.1222087,0.6753882,0.7829655,0.2430718,0.7904321,0.8403327,0.3911964,0.7319000,0.7703000,0.5097000,0.7315000,0.6197000,0.3929000,0.7596000,0.5714000,0.2786000,0.7900000,0.5246000,0.3805000,0.9039000,0.4351000,0.4820000,0.3182824,0.0000000,0.0000000},
{0.6662276,0.5242705,0.2774914,0.6519833,0.4685230,0.2868884,1.2062601,1.1682198,0.1210662,0.6761573,0.7894538,0.2402643,0.7894904,0.8430993,0.3893783,0.7322000,0.7727000,0.5087000,0.7307000,0.6220000,0.3920000,0.7587000,0.5724000,0.2785000,0.7886000,0.5255000,0.3806000,0.9016000,0.4357000,0.4832000,0.3182824,0.0000000,0.0000000},
{0.6628717,0.5310209,0.2765929,0.6474175,0.4757943,0.2860386,1.2033851,1.1713173,0.1201682,0.6769999,0.7959300,0.2375046,0.7884809,0.8461144,0.3874053,0.7325000,0.7751000,0.5077000,0.7298000,0.6243000,0.3912000,0.7577000,0.5734000,0.2784000,0.7872000,0.5265000,0.3808000,0.8992000,0.4363000,0.4844000,0.3182824,0.0000000,0.0000000},
{0.6595072,0.5379272,0.2755632,0.6428204,0.4832527,0.2850282,1.2004946,1.1744398,0.1192631,0.6779354,0.8025290,0.2347362,0.7875540,0.8489292,0.3855710,0.7329000,0.7776000,0.5066000,0.7288000,0.6267000,0.3904000,0.7564000,0.5747000,0.2783000,0.7858000,0.5273000,0.3809000,0.8968000,0.4369000,0.4856000,0.3182824,0.0000000,0.0000000},
{0.6561246,0.5450181,0.2743908,0.6382569,0.4907986,0.2838650,1.1969486,1.1782820,0.1181497,0.6789535,0.8091587,0.2319992,0.7865910,0.8519030,0.3836411,0.7334000,0.7801000,0.5055000,0.7278000,0.6291000,0.3895000,0.7551000,0.5758000,0.2782000,0.7844000,0.5283000,0.3811000,0.8944000,0.4376000,0.4868000,0.3182824,0.0000000,0.0000000},
{0.6527886,0.5521642,0.2730920,0.6336326,0.4985959,0.2825159,1.1940493,1.1814328,0.1172368,0.6801392,0.8163081,0.2290975,0.7856203,0.8549541,0.3816696,0.7339000,0.7828000,0.5044000,0.7268000,0.6316000,0.3887000,0.7537000,0.5769000,0.2781000,0.7829000,0.5293000,0.3813000,0.8919000,0.4383000,0.4879000,0.3182824,0.0000000,0.0000000},
{0.6494524,0.5594720,0.2716430,0.6291203,0.5063583,0.2810261,1.1907683,1.1850089,0.1162010,0.6813500,0.8230997,0.2263888,0.7846501,0.8580591,0.3796721,0.7343000,0.7854000,0.5033000,0.7257000,0.6341000,0.3879000,0.7522000,0.5782000,0.2781000,0.7815000,0.5302000,0.3815000,0.8894000,0.4391000,0.4890000,0.3182824,0.0000000,0.0000000},
{0.6461632,0.5668453,0.2700578,0.6245889,0.5143145,0.2793485,1.1872677,1.1888365,0.1150926,0.6826626,0.8299895,0.2236888,0.7836712,0.8612515,0.3776275,0.7349000,0.7882000,0.5022000,0.7247000,0.6367000,0.3871000,0.7506000,0.5794000,0.2780000,0.7800000,0.5314000,0.3817000,0.8868000,0.4399000,0.4901000,0.3182824,0.0000000,0.0000000},
{0.6429792,0.5741526,0.2683652,0.6201684,0.5222399,0.2775269,1.1845384,1.1918297,0.1142260,0.6840431,0.8367967,0.2210686,0.7827180,0.8644207,0.3756070,0.7354000,0.7909000,0.5011000,0.7235000,0.6393000,0.3862000,0.7489000,0.5807000,0.2780000,0.7783000,0.5325000,0.3819000,0.8843000,0.4409000,0.4912000,0.3182824,0.0000000,0.0000000},
{0.6398129,0.5815971,0.2665164,0.6156668,0.5304871,0.2754729,1.1813263,1.1953622,0.1132035,0.6855502,0.8437988,0.2184227,0.7818273,0.8674383,0.3736914,0.7359000,0.7936000,0.5000000,0.7226000,0.6419000,0.3854000,0.7473000,0.5821000,0.2779000,0.7768000,0.5337000,0.3821000,0.8817000,0.4418000,0.4922000,0.3182824,0.0000000,0.0000000},
{0.6366568,0.5892075,0.2644968,0.6113064,0.5386561,0.2732797,1.1781606,1.1988543,0.1121930,0.6871137,0.8506635,0.2158776,0.7808895,0.8706775,0.3716443,0.7365000,0.7963000,0.4989000,0.7216000,0.6445000,0.3845000,0.7457000,0.5835000,0.2778000,0.7752000,0.5350000,0.3822000,0.8791000,0.4427000,0.4931000,0.3182824,0.0000000,0.0000000},
{0.6335685,0.5968530,0.2623358,0.6069153,0.5470746,0.2708546,1.1749818,1.2023716,0.1111753,0.6887789,0.8575924,0.2133580,0.7800701,0.8735629,0.3698286,0.7371000,0.7990000,0.4978000,0.7206000,0.6472000,0.3836000,0.7442000,0.5851000,0.2776000,0.7736000,0.5362000,0.3824000,0.8765000,0.4436000,0.4940000,0.3182824,0.0000000,0.0000000},
{0.6305502,0.6045313,0.2600318,0.6026819,0.5553862,0.2682962,1.1721738,1.2054877,0.1102740,0.6905400,0.8645527,0.2108771,0.7792552,0.8764858,0.3679969,0.7378000,0.8016000,0.4969000,0.7196000,0.6497000,0.3828000,0.7427000,0.5866000,0.2775000,0.7720000,0.5375000,0.3825000,0.8739000,0.4447000,0.4948000,0.3182824,0.0000000,0.0000000},
{0.6276272,0.6121796,0.2576031,0.5984656,0.5638694,0.2655164,1.1693645,1.2086137,0.1093700,0.6923909,0.8715142,0.2084464,0.7784920,0.8792740,0.3662566,0.7385000,0.8043000,0.4959000,0.7186000,0.6524000,0.3820000,0.7412000,0.5882000,0.2773000,0.7703000,0.5387000,0.3825000,0.8713000,0.4456000,0.4955000,0.3182824,0.0000000,0.0000000},
{0.6247498,0.6199320,0.2550042,0.5943774,0.5723067,0.2625823,1.1666519,1.2116402,0.1084949,0.6943146,0.8784152,0.2060874,0.7777499,0.8820352,0.3645398,0.7391000,0.8068000,0.4950000,0.7177000,0.6549000,0.3812000,0.7399000,0.5897000,0.2770000,0.7687000,0.5401000,0.3825000,0.8687000,0.4465000,0.4961000,0.3182824,0.0000000,0.0000000},
{0.6219396,0.6277393,0.2522461,0.5903186,0.5809075,0.2594164,1.1635791,1.2150784,0.1075011,0.6963139,0.8852694,0.2037946,0.7770912,0.8845290,0.3629951,0.7398000,0.8094000,0.4942000,0.7167000,0.6575000,0.3805000,0.7387000,0.5913000,0.2767000,0.7670000,0.5414000,0.3825000,0.8660000,0.4474000,0.4966000,0.3182824,0.0000000,0.0000000},
{0.6192318,0.6355073,0.2493605,0.5863087,0.5896447,0.2560181,1.1608196,1.2181748,0.1066062,0.6983411,0.8919268,0.2016160,0.7764556,0.8869757,0.3614847,0.7404000,0.8118000,0.4934000,0.7145000,0.6596000,0.3796000,0.7376000,0.5929000,0.2764000,0.7653000,0.5428000,0.3824000,0.8633000,0.4484000,0.4970000,0.3182824,0.0000000,0.0000000},
{0.6165540,0.6434534,0.2462609,0.5824128,0.5983846,0.2524330,1.1581930,1.2211301,0.1057522,0.7004430,0.8985518,0.1994959,0.7758698,0.8892670,0.3600751,0.7411000,0.8142000,0.4928000,0.7138000,0.6620000,0.3790000,0.7368000,0.5945000,0.2760000,0.7636000,0.5442000,0.3822000,0.8606000,0.4492000,0.4975000,0.3182824,0.0000000,0.0000000},
{0.6140786,0.6510619,0.2431510,0.5786133,0.6071724,0.2486386,1.1553395,1.2243492,0.1048223,0.7025653,0.9049843,0.1974836,0.7753275,0.8914215,0.3587536,0.7418000,0.8165000,0.4923000,0.7132000,0.6643000,0.3784000,0.7358000,0.5962000,0.2757000,0.7620000,0.5457000,0.3821000,0.8577000,0.4501000,0.4979000,0.3182824,0.0000000,0.0000000},
{0.6116571,0.6587804,0.2398518,0.5749088,0.6160206,0.2446230,1.1528738,1.2271384,0.1040166,0.7047089,0.9112446,0.1955695,0.7748189,0.8934719,0.3574999,0.7425000,0.8187000,0.4919000,0.7125000,0.6665000,0.3778000,0.7349000,0.5980000,0.2754000,0.7603000,0.5472000,0.3819000,0.8549000,0.4511000,0.4983000,0.3182824,0.0000000,0.0000000},
{0.6093412,0.6664540,0.2364254,0.5713448,0.6248268,0.2404287,1.1503225,1.2300317,0.1031811,0.7068379,0.9172480,0.1937756,0.7743263,0.8954865,0.3562715,0.7432000,0.8209000,0.4915000,0.7117000,0.6686000,0.3773000,0.7339000,0.5997000,0.2751000,0.7586000,0.5487000,0.3817000,0.8520000,0.4520000,0.4987000,0.3182824,0.0000000,0.0000000},
{0.6071802,0.6739083,0.2329542,0.5679429,0.6335363,0.2360825,1.1478399,1.2328540,0.1023663,0.7090284,0.9232212,0.1920317,0.7738747,0.8973593,0.3551327,0.7439000,0.8231000,0.4911000,0.7110000,0.6707000,0.3769000,0.7330000,0.6013000,0.2748000,0.7569000,0.5502000,0.3815000,0.8491000,0.4530000,0.4991000,0.3182824,0.0000000,0.0000000},
{0.6050562,0.6815561,0.2292436,0.5646859,0.6421917,0.2315637,1.1458166,1.2351596,0.1017007,0.7111611,0.9288540,0.1904251,0.7734286,0.8992347,0.3539954,0.7447000,0.8252000,0.4906000,0.7102000,0.6726000,0.3764000,0.7315000,0.6029000,0.2743000,0.7551000,0.5517000,0.3813000,0.8462000,0.4539000,0.4994000,0.3182824,0.0000000,0.0000000},
{0.6031422,0.6887657,0.2256041,0.5616025,0.6507149,0.2269146,1.1435691,1.2377261,0.1009599,0.7133174,0.9343799,0.1888853,0.7730124,0.9010083,0.3529226,0.7454000,0.8274000,0.4902000,0.7093000,0.6745000,0.3760000,0.7304000,0.6046000,0.2740000,0.7533000,0.5531000,0.3812000,0.8433000,0.4549000,0.4997000,0.3182824,0.0000000,0.0000000},
{0.6013384,0.6958849,0.2218718,0.5587497,0.6589309,0.2222408,1.1413305,1.2402884,0.1002205,0.7154554,0.9397030,0.1874366,0.7725999,0.9027890,0.3518482,0.7461000,0.8295000,0.4896000,0.7083000,0.6764000,0.3756000,0.7296000,0.6064000,0.2737000,0.7516000,0.5545000,0.3810000,0.8403000,0.4558000,0.5000000,0.3182824,0.0000000,0.0000000},
{0.5996584,0.7028512,0.2180831,0.5560928,0.6669160,0.2175120,1.1389324,1.2430398,0.0994266,0.7175587,0.9447981,0.1860822,0.7722095,0.9044969,0.3508202,0.7468000,0.8316000,0.4890000,0.7072000,0.6784000,0.3751000,0.7287000,0.6080000,0.2733000,0.7498000,0.5560000,0.3808000,0.8374000,0.4568000,0.5004000,0.3182824,0.0000000,0.0000000},
{0.5981435,0.7094647,0.2143579,0.5535744,0.6748339,0.2126360,1.1368705,1.2454108,0.0987427,0.7196112,0.9496432,0.1848239,0.7718499,0.9060899,0.3498637,0.7474000,0.8337000,0.4884000,0.7059000,0.6803000,0.3746000,0.7278000,0.6096000,0.2729000,0.7480000,0.5574000,0.3806000,0.8345000,0.4578000,0.5007000,0.3182824,0.0000000,0.0000000},
{0.5967189,0.7160307,0.2105321,0.5513154,0.6822791,0.2078754,1.1352620,1.2472639,0.0982081,0.7216295,0.9542929,0.1836439,0.7714861,0.9077217,0.3488862,0.7479000,0.8357000,0.4877000,0.7046000,0.6823000,0.3741000,0.7268000,0.6113000,0.2727000,0.7461000,0.5589000,0.3803000,0.8315000,0.4587000,0.5011000,0.3182824,0.0000000,0.0000000},
{0.5954274,0.7223369,0.2067345,0.5492061,0.6895815,0.2030349,1.1333020,1.2495262,0.0975557,0.7235159,0.9585410,0.1825899,0.7711742,0.9091377,0.3480397,0.7483000,0.8377000,0.4870000,0.7033000,0.6843000,0.3735000,0.7258000,0.6129000,0.2723000,0.7443000,0.5603000,0.3801000,0.8285000,0.4597000,0.5015000,0.3182824,0.0000000,0.0000000},
{0.5942645,0.7283695,0.2029852,0.5473007,0.6965280,0.1982673,1.1318837,1.2511661,0.0970828,0.7253624,0.9626127,0.1816014,0.7708407,0.9106689,0.3471264,0.7487000,0.8396000,0.4863000,0.7021000,0.6862000,0.3730000,0.7247000,0.6144000,0.2720000,0.7426000,0.5618000,0.3800000,0.8256000,0.4608000,0.5021000,0.3182824,0.0000000,0.0000000},
{0.5932421,0.7340178,0.1993682,0.5456015,0.7030643,0.1936307,1.1305835,1.2526716,0.0966487,0.7270927,0.9663540,0.1807123,0.7705540,0.9120007,0.3463335,0.7490000,0.8414000,0.4857000,0.7008000,0.6882000,0.3724000,0.7236000,0.6158000,0.2718000,0.7409000,0.5631000,0.3798000,0.8227000,0.4618000,0.5026000,0.3182824,0.0000000,0.0000000},
{0.5923255,0.7394243,0.1958065,0.5440870,0.7092209,0.1891247,1.1290480,1.2544522,0.0961354,0.7287555,0.9698844,0.1798903,0.7702600,0.9133814,0.3455132,0.7493000,0.8432000,0.4849000,0.6995000,0.6901000,0.3718000,0.7224000,0.6173000,0.2715000,0.7391000,0.5645000,0.3797000,0.8197000,0.4629000,0.5032000,0.3182824,0.0000000,0.0000000},
{0.5915241,0.7444859,0.1923808,0.5427507,0.7149717,0.1847895,1.1276976,1.2560206,0.0956833,0.7302734,0.9730539,0.1791665,0.7699993,0.9146187,0.3447794,0.7495000,0.8450000,0.4842000,0.6983000,0.6920000,0.3712000,0.7213000,0.6188000,0.2713000,0.7372000,0.5660000,0.3797000,0.8168000,0.4641000,0.5039000,0.3182824,0.0000000,0.0000000},
{0.5908345,0.7491601,0.1891365,0.5415699,0.7203602,0.1806128,1.1262598,1.2576927,0.0952013,0.7317131,0.9760147,0.1785028,0.7697242,0.9159380,0.3439985,0.7497000,0.8468000,0.4833000,0.6970000,0.6938000,0.3706000,0.7202000,0.6201000,0.2711000,0.7353000,0.5674000,0.3797000,0.8138000,0.4653000,0.5046000,0.3182824,0.0000000,0.0000000},
{0.5902282,0.7535801,0.1859951,0.5405236,0.7254331,0.1765754,1.1255563,1.2585118,0.0949652,0.7330391,0.9787039,0.1779103,0.7694777,0.9171329,0.3432926,0.7498000,0.8485000,0.4824000,0.6957000,0.6956000,0.3700000,0.7191000,0.6215000,0.2709000,0.7334000,0.5689000,0.3797000,0.8108000,0.4666000,0.5054000,0.3182824,0.0000000,0.0000000},
{0.5896973,0.7577587,0.1829574,0.5396077,0.7301609,0.1727173,1.1242516,1.2600327,0.0945269,0.7343334,0.9812946,0.1773491,0.7692254,0.9183683,0.3425639,0.7499000,0.8503000,0.4815000,0.6944000,0.6972000,0.3694000,0.7178000,0.6229000,0.2707000,0.7314000,0.5702000,0.3797000,0.8078000,0.4678000,0.5062000,0.3182824,0.0000000,0.0000000},
{0.5892276,0.7617689,0.1799783,0.5388209,0.7344905,0.1691005,1.1234097,1.2610151,0.0942438,0.7354767,0.9835560,0.1768669,0.7689650,0.9196572,0.3418050,0.7499000,0.8520000,0.4804000,0.6930000,0.6989000,0.3688000,0.7167000,0.6242000,0.2706000,0.7294000,0.5717000,0.3798000,0.8049000,0.4691000,0.5070000,0.3182824,0.0000000,0.0000000},
{0.5888298,0.7654693,0.1771722,0.5381102,0.7386693,0.1655311,1.1223599,1.2622414,0.0938905,0.7365838,0.9857223,0.1764118,0.7686986,0.9209906,0.3410215,0.7498000,0.8538000,0.4794000,0.6917000,0.7005000,0.3682000,0.7154000,0.6255000,0.2704000,0.7274000,0.5730000,0.3799000,0.8021000,0.4703000,0.5079000,0.3182824,0.0000000,0.0000000},
{0.5884768,0.7690669,0.1743898,0.5374901,0.7425803,0.1621181,1.1219002,1.2627787,0.0937356,0.7376010,0.9876923,0.1760037,0.7684866,0.9220628,0.3403926,0.7496000,0.8554000,0.4783000,0.6903000,0.7020000,0.3675000,0.7141000,0.6266000,0.2704000,0.7254000,0.5742000,0.3800000,0.7996000,0.4717000,0.5089000,0.3182824,0.0000000,0.0000000},
{0.5881737,0.7724790,0.1717001,0.5369522,0.7462278,0.1588698,1.1207411,1.2641349,0.0933449,0.7385650,0.9895419,0.1756257,0.7682469,0.9232875,0.3396754,0.7492000,0.8571000,0.4771000,0.6889000,0.7034000,0.3668000,0.7129000,0.6276000,0.2703000,0.7235000,0.5755000,0.3803000,0.7971000,0.4730000,0.5098000,0.3182824,0.0000000,0.0000000},
{0.5879220,0.7756306,0.1691705,0.5364936,0.7495799,0.1558271,1.1200691,1.2649220,0.0931181,0.7394357,0.9911982,0.1752914,0.7679836,0.9246487,0.3388797,0.7486000,0.8587000,0.4759000,0.6875000,0.7048000,0.3661000,0.7115000,0.6286000,0.2704000,0.7215000,0.5764000,0.3805000,0.7947000,0.4743000,0.5108000,0.3182824,0.0000000,0.0000000},
{0.5877112,0.7785853,0.1667584,0.5360981,0.7527020,0.1529422,1.1192858,1.2658400,0.0928537,0.7401619,0.9925694,0.1750177,0.7677648,0.9257923,0.3382125,0.7479000,0.8603000,0.4747000,0.6862000,0.7061000,0.3653000,0.7101000,0.6294000,0.2704000,0.7196000,0.5775000,0.3808000,0.7923000,0.4757000,0.5117000,0.3182824,0.0000000,0.0000000},
{0.5875394,0.7813051,0.1645025,0.5357534,0.7556523,0.1501693,1.1187864,1.2664257,0.0926850,0.7408703,0.9938983,0.1747551,0.7675338,0.9270127,0.3375017,0.7470000,0.8618000,0.4735000,0.6850000,0.7071000,0.3645000,0.7088000,0.6303000,0.2704000,0.7165000,0.5784000,0.3808000,0.7899000,0.4770000,0.5125000,0.3182824,0.0000000,0.0000000},
{0.5874015,0.7837898,0.1624109,0.5354612,0.7583732,0.1475706,1.1182911,1.2670070,0.0925175,0.7414928,0.9950589,0.1745279,0.7673204,0.9281521,0.3368393,0.7460000,0.8632000,0.4724000,0.6837000,0.7083000,0.3637000,0.7075000,0.6311000,0.2704000,0.7147000,0.5794000,0.3810000,0.7876000,0.4783000,0.5133000,0.3182824,0.0000000,0.0000000},
{0.5872928,0.7860377,0.1604929,0.5352140,0.7608853,0.1451350,1.1179993,1.2673495,0.0924189,0.7419579,0.9959216,0.1743603,0.7671181,0.9292437,0.3362056,0.7450000,0.8646000,0.4712000,0.6825000,0.7093000,0.3629000,0.7063000,0.6317000,0.2704000,0.7130000,0.5804000,0.3811000,0.7853000,0.4796000,0.5141000,0.3182824,0.0000000,0.0000000},
{0.5872038,0.7881779,0.1586434,0.5350114,0.7631357,0.1429229,1.1174514,1.2679931,0.0922335,0.7424405,0.9968132,0.1741883,0.7669226,0.9303095,0.3355879,0.7438000,0.8659000,0.4700000,0.6813000,0.7103000,0.3622000,0.7051000,0.6324000,0.2702000,0.7113000,0.5815000,0.3812000,0.7831000,0.4809000,0.5149000,0.3182824,0.0000000,0.0000000},
{0.5871346,0.7901528,0.1569162,0.5348434,0.7651780,0.1408896,1.1168578,1.2686906,0.0920326,0.7428306,0.9975310,0.1740506,0.7667400,0.9313146,0.3350063,0.7426000,0.8672000,0.4688000,0.6801000,0.7113000,0.3614000,0.7039000,0.6330000,0.2701000,0.7095000,0.5824000,0.3812000,0.7808000,0.4822000,0.5157000,0.3182824,0.0000000,0.0000000},
{0.5870835,0.7919116,0.1553610,0.5347020,0.7670638,0.1389902,1.1165649,1.2690350,0.0919334,0.7431784,0.9981689,0.1739290,0.7665516,0.9323619,0.3344012,0.7413000,0.8685000,0.4677000,0.6787000,0.7122000,0.3608000,0.7026000,0.6336000,0.2699000,0.7079000,0.5833000,0.3813000,0.7788000,0.4835000,0.5164000,0.3182824,0.0000000,0.0000000},
{0.5870460,0.7935038,0.1539391,0.5345907,0.7686917,0.1373330,1.1164929,1.2691197,0.0919090,0.7434701,0.9987022,0.1738277,0.7663802,0.9333241,0.3338461,0.7399000,0.8697000,0.4666000,0.6773000,0.7130000,0.3601000,0.7014000,0.6340000,0.2697000,0.7063000,0.5841000,0.3813000,0.7767000,0.4848000,0.5171000,0.3182824,0.0000000,0.0000000},
{0.5870206,0.7948705,0.1527078,0.5345015,0.7701207,0.1358649,1.1157488,1.2699952,0.0916568,0.7437320,0.9991799,0.1737374,0.7662095,0.9342909,0.3332891,0.7383000,0.8708000,0.4655000,0.6758000,0.7137000,0.3595000,0.7002000,0.6344000,0.2695000,0.7046000,0.5849000,0.3814000,0.7747000,0.4860000,0.5179000,0.3182824,0.0000000,0.0000000},
{0.5870026,0.7961415,0.1515535,0.5344311,0.7713505,0.1345909,1.1158422,1.2698852,0.0916885,0.7439234,0.9995284,0.1736718,0.7660437,0.9352395,0.3327434,0.7366000,0.8719000,0.4645000,0.6744000,0.7144000,0.3588000,0.6989000,0.6348000,0.2693000,0.7031000,0.5855000,0.3814000,0.7728000,0.4872000,0.5185000,0.3182824,0.0000000,0.0000000},
{0.5869919,0.7971972,0.1505879,0.5343736,0.7724427,0.1334515,1.1157371,1.2700090,0.0916529,0.7440891,0.9998296,0.1736152,0.7658965,0.9360890,0.3322554,0.7348000,0.8728000,0.4635000,0.6729000,0.7149000,0.3581000,0.6977000,0.6351000,0.2692000,0.7015000,0.5862000,0.3814000,0.7708000,0.4883000,0.5191000,0.3182824,0.0000000,0.0000000},
{0.5869857,0.7981393,0.1497210,0.5343235,0.7734797,0.1323623,1.1157371,1.2700090,0.0916529,0.7441665,0.9999701,0.1735888,0.7657428,0.9369838,0.3317420,0.7330000,0.8736000,0.4625000,0.6713000,0.7155000,0.3574000,0.6965000,0.6353000,0.2688000,0.6999000,0.5867000,0.3813000,0.7689000,0.4894000,0.5197000,0.3182824,0.0000000,0.0000000}
};
