fitErrPi Mean = 0.318282
fitErrTh Mean = 0.0119921
fitErrWr Mean = 0.0130679
fitErrLA Mean = 0.0139163
fitErrEl Mean = 0.0346273
fitErrUA Mean = 0.032014
efPts = {
{0.5924247,0.8051772,0.1397049,0.7694681,0.2918681,0.2598360,0.8668784,0.9315802,0.1896762,0.6352676,0.6192268,0.2912400,0.6246798,0.6897207,0.3734497,0.7253000,0.7360000,0.5283000,0.7479000,0.5901000,0.4061000,0.7570000,0.5823000,0.2776000,0.8072000,0.5248000,0.3830000,0.9286000,0.4386000,0.4682000,0.3182824,0.0000000,0.0000000},
{0.7560459,0.3585272,0.2596012,0.7693385,0.2918776,0.2599011,0.6461415,0.4687114,0.2778883,0.6352814,0.6191697,0.2912727,0.6245712,0.6893358,0.3735709,0.7252000,0.7353000,0.5284000,0.7481000,0.5898000,0.4059000,0.7571000,0.5819000,0.2774000,0.8070000,0.5242000,0.3828000,0.9285000,0.4378000,0.4681000,0.3182824,0.0000000,0.0000000},
{0.7563347,0.3586088,0.2594043,0.7687781,0.2919214,0.2601815,0.6458621,0.4690555,0.2777934,0.6352026,0.6194964,0.2910856,0.6245363,0.6892114,0.3736102,0.7252000,0.7348000,0.5283000,0.7481000,0.5894000,0.4056000,0.7572000,0.5814000,0.2772000,0.8070000,0.5238000,0.3826000,0.9282000,0.4370000,0.4679000,0.3182824,0.0000000,0.0000000},
{0.7564315,0.3586368,0.2593380,0.7683299,0.2919592,0.2604042,0.6454516,0.4695636,0.2776533,0.6350491,0.6201383,0.2907185,0.6245550,0.6892779,0.3735892,0.7251000,0.7343000,0.5282000,0.7478000,0.5890000,0.4052000,0.7573000,0.5810000,0.2769000,0.8068000,0.5233000,0.3823000,0.9279000,0.4363000,0.4678000,0.3182824,0.0000000,0.0000000},
{0.7558310,0.3584683,0.2597469,0.7675484,0.2920311,0.2607893,0.6448526,0.4703110,0.2774476,0.6348743,0.6208767,0.2902975,0.6246306,0.6895464,0.3735045,0.7249000,0.7340000,0.5279000,0.7476000,0.5888000,0.4048000,0.7574000,0.5806000,0.2767000,0.8066000,0.5229000,0.3820000,0.9275000,0.4356000,0.4677000,0.3182824,0.0000000,0.0000000},
{0.7549012,0.3582308,0.2603690,0.7663077,0.2921605,0.2613925,0.6442324,0.4710921,0.2772331,0.6346599,0.6217955,0.2897753,0.6247354,0.6899169,0.3733882,0.7248000,0.7337000,0.5276000,0.7472000,0.5887000,0.4043000,0.7575000,0.5802000,0.2765000,0.8064000,0.5225000,0.3817000,0.9271000,0.4350000,0.4677000,0.3182824,0.0000000,0.0000000},
{0.7531860,0.3578652,0.2614826,0.7648448,0.2923368,0.2620909,0.6434519,0.4720859,0.2769607,0.6344320,0.6227878,0.2892136,0.6248452,0.6903023,0.3732676,0.7246000,0.7334000,0.5272000,0.7467000,0.5885000,0.4038000,0.7576000,0.5798000,0.2763000,0.8062000,0.5221000,0.3813000,0.9266000,0.4344000,0.4676000,0.3182824,0.0000000,0.0000000},
{0.7511626,0.3575491,0.2627422,0.7628955,0.2926110,0.2630006,0.6426547,0.4731132,0.2766797,0.6342026,0.6238033,0.2886410,0.6249879,0.6907994,0.3731127,0.7244000,0.7331000,0.5267000,0.7465000,0.5885000,0.4032000,0.7577000,0.5793000,0.2761000,0.8057000,0.5217000,0.3811000,0.9260000,0.4338000,0.4676000,0.3182824,0.0000000,0.0000000},
{0.7484367,0.3573082,0.2643523,0.7603008,0.2930438,0.2641751,0.6417277,0.4743241,0.2763494,0.6339470,0.6249558,0.2879940,0.6250609,0.6910521,0.3730343,0.7242000,0.7328000,0.5263000,0.7462000,0.5884000,0.4026000,0.7578000,0.5789000,0.2758000,0.8055000,0.5215000,0.3807000,0.9255000,0.4333000,0.4677000,0.3182824,0.0000000,0.0000000},
{0.7453229,0.3572751,0.2660777,0.7572023,0.2936589,0.2655248,0.6407016,0.4756847,0.2759792,0.6336793,0.6261876,0.2873057,0.6251725,0.6914365,0.3729154,0.7240000,0.7325000,0.5258000,0.7459000,0.5883000,0.4020000,0.7579000,0.5785000,0.2756000,0.8050000,0.5212000,0.3804000,0.9249000,0.4329000,0.4677000,0.3182824,0.0000000,0.0000000},
{0.7414780,0.3575632,0.2680539,0.7529430,0.2946729,0.2672899,0.6394902,0.4773194,0.2755359,0.6334049,0.6274783,0.2865881,0.6252890,0.6918348,0.3727927,0.7238000,0.7323000,0.5253000,0.7454000,0.5883000,0.4014000,0.7580000,0.5781000,0.2754000,0.8046000,0.5211000,0.3802000,0.9242000,0.4327000,0.4678000,0.3182824,0.0000000,0.0000000},
{0.7373576,0.3582432,0.2699972,0.7485269,0.2959216,0.2690140,0.6382477,0.4790285,0.2750740,0.6331089,0.6289039,0.2857997,0.6254556,0.6924004,0.3726194,0.7235000,0.7322000,0.5249000,0.7449000,0.5883000,0.4009000,0.7581000,0.5777000,0.2752000,0.8043000,0.5210000,0.3798000,0.9234000,0.4324000,0.4678000,0.3182824,0.0000000,0.0000000},
{0.7331818,0.3592940,0.2717969,0.7452376,0.2969775,0.2702308,0.6369677,0.4808246,0.2745903,0.6327932,0.6304648,0.2849415,0.6256805,0.6931554,0.3723897,0.7232000,0.7322000,0.5245000,0.7445000,0.5884000,0.4003000,0.7582000,0.5772000,0.2750000,0.8039000,0.5209000,0.3794000,0.9227000,0.4322000,0.4679000,0.3182824,0.0000000,0.0000000},
{0.7292556,0.3605906,0.2733441,0.7411283,0.2984421,0.2716727,0.6356702,0.4826825,0.2740917,0.6324854,0.6320306,0.2840858,0.6258915,0.6938556,0.3721782,0.7229000,0.7322000,0.5241000,0.7438000,0.5884000,0.3999000,0.7583000,0.5768000,0.2747000,0.8036000,0.5210000,0.3790000,0.9219000,0.4320000,0.4679000,0.3182824,0.0000000,0.0000000},
{0.7254368,0.3621209,0.2747226,0.7369770,0.3000808,0.2730441,0.6343326,0.4846387,0.2735686,0.6321615,0.6337281,0.2831639,0.6261975,0.6948579,0.3718781,0.7226000,0.7323000,0.5237000,0.7436000,0.5887000,0.3993000,0.7585000,0.5764000,0.2745000,0.8029000,0.5208000,0.3787000,0.9210000,0.4318000,0.4679000,0.3182824,0.0000000,0.0000000},
{0.7218058,0.3638093,0.2759237,0.7328508,0.3018631,0.2743248,0.6329945,0.4866381,0.2730359,0.6318159,0.6356007,0.2821540,0.6264304,0.6956104,0.3716549,0.7224000,0.7325000,0.5232000,0.7430000,0.5890000,0.3987000,0.7586000,0.5760000,0.2743000,0.8024000,0.5208000,0.3782000,0.9202000,0.4316000,0.4680000,0.3182824,0.0000000,0.0000000},
{0.7182906,0.3656505,0.2769894,0.7286122,0.3038488,0.2755573,0.6316414,0.4887045,0.2724873,0.6314920,0.6374185,0.2811805,0.6267767,0.6967141,0.3713306,0.7221000,0.7326000,0.5228000,0.7422000,0.5892000,0.3982000,0.7587000,0.5756000,0.2741000,0.8022000,0.5210000,0.3778000,0.9193000,0.4315000,0.4681000,0.3182824,0.0000000,0.0000000},
{0.7147584,0.3676971,0.2779680,0.7243342,0.3060079,0.2767181,0.6302147,0.4909333,0.2718978,0.6311481,0.6394223,0.2801151,0.6271254,0.6978080,0.3710129,0.7219000,0.7328000,0.5224000,0.7417000,0.5896000,0.3975000,0.7588000,0.5751000,0.2739000,0.8016000,0.5211000,0.3775000,0.9184000,0.4313000,0.4682000,0.3182824,0.0000000,0.0000000},
{0.7113774,0.3698340,0.2788212,0.7203481,0.3081565,0.2777264,0.6286919,0.4933709,0.2712555,0.6307946,0.6415697,0.2789823,0.6274938,0.6989451,0.3706865,0.7217000,0.7331000,0.5219000,0.7411000,0.5901000,0.3969000,0.7589000,0.5747000,0.2736000,0.8010000,0.5211000,0.3772000,0.9175000,0.4312000,0.4683000,0.3182824,0.0000000,0.0000000},
{0.7079718,0.3721569,0.2796006,0.7162811,0.3104819,0.2786836,0.6271764,0.4958591,0.2706025,0.6304425,0.6438069,0.2778117,0.6279336,0.7002801,0.3703082,0.7216000,0.7334000,0.5214000,0.7403000,0.5907000,0.3962000,0.7590000,0.5743000,0.2734000,0.8004000,0.5212000,0.3769000,0.9165000,0.4311000,0.4684000,0.3182824,0.0000000,0.0000000},
{0.7045526,0.3746562,0.2803046,0.7120740,0.3130262,0.2795993,0.6254426,0.4987854,0.2698377,0.6300603,0.6463633,0.2764860,0.6284669,0.7018671,0.3698653,0.7214000,0.7338000,0.5209000,0.7397000,0.5914000,0.3955000,0.7591000,0.5739000,0.2732000,0.7999000,0.5213000,0.3766000,0.9156000,0.4310000,0.4686000,0.3182824,0.0000000,0.0000000},
{0.7009257,0.3774856,0.2809675,0.7079688,0.3156429,0.2804210,0.6236862,0.5018403,0.2690428,0.6296690,0.6491397,0.2750604,0.6290132,0.7034600,0.3694282,0.7211000,0.7343000,0.5204000,0.7390000,0.5922000,0.3948000,0.7592000,0.5735000,0.2730000,0.7991000,0.5215000,0.3763000,0.9146000,0.4309000,0.4687000,0.3182824,0.0000000,0.0000000},
{0.6976642,0.3801834,0.2814917,0.7037552,0.3184641,0.2811917,0.6218372,0.5051595,0.2681831,0.6292612,0.6522376,0.2734867,0.6296823,0.7053682,0.3689141,0.7208000,0.7349000,0.5199000,0.7382000,0.5930000,0.3941000,0.7593000,0.5730000,0.2728000,0.7985000,0.5216000,0.3761000,0.9137000,0.4309000,0.4689000,0.3182824,0.0000000,0.0000000},
{0.6942583,0.3831526,0.2819677,0.6996405,0.3213499,0.2818741,0.6199600,0.5086437,0.2672849,0.6288770,0.6553884,0.2719043,0.6304003,0.7073683,0.3683864,0.7205000,0.7356000,0.5193000,0.7375000,0.5939000,0.3935000,0.7594000,0.5726000,0.2725000,0.7978000,0.5218000,0.3758000,0.9127000,0.4309000,0.4692000,0.3182824,0.0000000,0.0000000},
{0.6907819,0.3863408,0.2823795,0.6954593,0.3244132,0.2824973,0.6180937,0.5122288,0.2663649,0.6284951,0.6588003,0.2702110,0.6311970,0.7095348,0.3678273,0.7202000,0.7364000,0.5187000,0.7368000,0.5949000,0.3928000,0.7595000,0.5722000,0.2723000,0.7972000,0.5220000,0.3756000,0.9117000,0.4309000,0.4694000,0.3182824,0.0000000,0.0000000},
{0.6873443,0.3896478,0.2827143,0.6912746,0.3276101,0.2830508,0.6161093,0.5161817,0.2653555,0.6281393,0.6623037,0.2684938,0.6320200,0.7117191,0.3672768,0.7199000,0.7371000,0.5180000,0.7360000,0.5958000,0.3921000,0.7596000,0.5718000,0.2721000,0.7965000,0.5222000,0.3754000,0.9108000,0.4310000,0.4697000,0.3182824,0.0000000,0.0000000},
{0.6838279,0.3931875,0.2829831,0.6869954,0.3310137,0.2835446,0.6141216,0.5202968,0.2643098,0.6277974,0.6660628,0.2666750,0.6329368,0.7140935,0.3666930,0.7197000,0.7379000,0.5174000,0.7352000,0.5968000,0.3913000,0.7597000,0.5714000,0.2719000,0.7959000,0.5225000,0.3752000,0.9098000,0.4310000,0.4700000,0.3182824,0.0000000,0.0000000},
{0.6802839,0.3969143,0.2831792,0.6827023,0.3345645,0.2839670,0.6121615,0.5245187,0.2632422,0.6274819,0.6700155,0.2647885,0.6338531,0.7164096,0.3661381,0.7194000,0.7387000,0.5166000,0.7345000,0.5979000,0.3904000,0.7598000,0.5709000,0.2717000,0.7953000,0.5227000,0.3750000,0.9089000,0.4311000,0.4703000,0.3182824,0.0000000,0.0000000},
{0.6766623,0.4008868,0.2833025,0.6782070,0.3384280,0.2843312,0.6100617,0.5292370,0.2620551,0.6271964,0.6741901,0.2628244,0.6348652,0.7189077,0.3655553,0.7191000,0.7395000,0.5159000,0.7336000,0.5990000,0.3896000,0.7599000,0.5705000,0.2715000,0.7946000,0.5229000,0.3747000,0.9079000,0.4311000,0.4705000,0.3182824,0.0000000,0.0000000},
{0.6729209,0.4051642,0.2833484,0.6736709,0.3424772,0.2846178,0.6080539,0.5339543,0.2608743,0.6269472,0.6786012,0.2607801,0.6359163,0.7214404,0.3649811,0.7187000,0.7404000,0.5151000,0.7328000,0.6003000,0.3887000,0.7600000,0.5701000,0.2712000,0.7940000,0.5230000,0.3744000,0.9070000,0.4312000,0.4707000,0.3182824,0.0000000,0.0000000},
{0.6692023,0.4095903,0.2833119,0.6689915,0.3468133,0.2848283,0.6059400,0.5391594,0.2595782,0.6267395,0.6833035,0.2586353,0.6370684,0.7241500,0.3643850,0.7184000,0.7414000,0.5144000,0.7321000,0.6016000,0.3876000,0.7601000,0.5697000,0.2710000,0.7933000,0.5232000,0.3741000,0.9059000,0.4312000,0.4709000,0.3182824,0.0000000,0.0000000},
{0.6653304,0.4143843,0.2831869,0.6641741,0.3514463,0.2849542,0.6038803,0.5444913,0.2582574,0.6265887,0.6880722,0.2564957,0.6383013,0.7269793,0.3637824,0.7180000,0.7425000,0.5137000,0.7313000,0.6030000,0.3866000,0.7602000,0.5693000,0.2708000,0.7927000,0.5234000,0.3737000,0.9049000,0.4311000,0.4710000,0.3182824,0.0000000,0.0000000},
{0.6614901,0.4193271,0.2829746,0.6593295,0.3562796,0.2849875,0.6019018,0.5498825,0.2569289,0.6264946,0.6930397,0.2543041,0.6396062,0.7299008,0.3631812,0.7176000,0.7437000,0.5129000,0.7306000,0.6044000,0.3856000,0.7603000,0.5688000,0.2706000,0.7920000,0.5236000,0.3733000,0.9039000,0.4313000,0.4711000,0.3182824,0.0000000,0.0000000},
{0.6576432,0.4244677,0.2826731,0.6545053,0.3612673,0.2849269,0.5998202,0.5558753,0.2554598,0.6264634,0.6982033,0.2520656,0.6410069,0.7329604,0.3625741,0.7174000,0.7449000,0.5120000,0.7299000,0.6060000,0.3846000,0.7604000,0.5684000,0.2704000,0.7913000,0.5239000,0.3729000,0.9028000,0.4314000,0.4712000,0.3182824,0.0000000,0.0000000},
{0.6537707,0.4298362,0.2822786,0.6496002,0.3665196,0.2847681,0.5979074,0.5617107,0.2540370,0.6265013,0.7035429,0.2497924,0.6424150,0.7359628,0.3620007,0.7171000,0.7461000,0.5111000,0.7292000,0.6075000,0.3836000,0.7605000,0.5680000,0.2701000,0.7906000,0.5243000,0.3726000,0.9017000,0.4315000,0.4712000,0.3182824,0.0000000,0.0000000},
{0.6498857,0.4354202,0.2817898,0.6445777,0.3720893,0.2845027,0.5959886,0.5679281,0.2525288,0.6266123,0.7089986,0.2475125,0.6438990,0.7390537,0.3614333,0.7170000,0.7473000,0.5102000,0.7286000,0.6091000,0.3825000,0.7606000,0.5676000,0.2699000,0.7899000,0.5246000,0.3722000,0.9005000,0.4316000,0.4713000,0.3182824,0.0000000,0.0000000},
{0.6459445,0.4412917,0.2811968,0.6394838,0.3779398,0.2841254,0.5941427,0.5743071,0.2509896,0.6268002,0.7145835,0.2452227,0.6454551,0.7422196,0.3608758,0.7168000,0.7484000,0.5092000,0.7280000,0.6106000,0.3814000,0.7607000,0.5672000,0.2697000,0.7892000,0.5250000,0.3719000,0.8992000,0.4317000,0.4713000,0.3182824,0.0000000,0.0000000},
{0.6419595,0.4474451,0.2804955,0.6343277,0.3840729,0.2836302,0.5923426,0.5809700,0.2493904,0.6270808,0.7205174,0.2428378,0.6470621,0.7454145,0.3603376,0.7167000,0.7497000,0.5083000,0.7276000,0.6122000,0.3803000,0.7607000,0.5672000,0.2697000,0.7884000,0.5255000,0.3716000,0.8980000,0.4318000,0.4714000,0.3182824,0.0000000,0.0000000},
{0.6379353,0.4538861,0.2796807,0.6291708,0.3904243,0.2830182,0.5906032,0.5879042,0.2477349,0.6274483,0.7265235,0.2404734,0.6487500,0.7486947,0.3598101,0.7166000,0.7511000,0.5073000,0.7271000,0.6137000,0.3793000,0.7605000,0.5683000,0.2689000,0.7876000,0.5260000,0.3713000,0.8966000,0.4318000,0.4714000,0.3182824,0.0000000,0.0000000},
{0.6340312,0.4603600,0.2787845,0.6238708,0.3971852,0.2822642,0.5889500,0.5950451,0.2460392,0.6279179,0.7327667,0.2380676,0.6505865,0.7521818,0.3592773,0.7165000,0.7526000,0.5064000,0.7267000,0.6153000,0.3781000,0.7605000,0.5697000,0.2682000,0.7868000,0.5265000,0.3708000,0.8952000,0.4319000,0.4715000,0.3182824,0.0000000,0.0000000},
{0.6301064,0.4670995,0.2777749,0.6186323,0.4041074,0.2813903,0.5873852,0.6024176,0.2442979,0.6284921,0.7391830,0.2356493,0.6525092,0.7557475,0.3587621,0.7164000,0.7543000,0.5054000,0.7261000,0.6170000,0.3770000,0.7604000,0.5709000,0.2677000,0.7859000,0.5270000,0.3704000,0.8937000,0.4320000,0.4717000,0.3182824,0.0000000,0.0000000},
{0.6260855,0.4742546,0.2766229,0.6133283,0.4113680,0.2803703,0.5859010,0.6101142,0.2424899,0.6291792,0.7457905,0.2332158,0.6546019,0.7595369,0.3582474,0.7165000,0.7560000,0.5044000,0.7256000,0.6188000,0.3759000,0.7601000,0.5720000,0.2671000,0.7850000,0.5276000,0.3700000,0.8921000,0.4322000,0.4718000,0.3182824,0.0000000,0.0000000},
{0.6221706,0.4814759,0.2753816,0.6079498,0.4190003,0.2791913,0.5845789,0.6177262,0.2407115,0.6299902,0.7526213,0.2307597,0.6568471,0.7635036,0.3577447,0.7165000,0.7579000,0.5034000,0.7251000,0.6206000,0.3748000,0.7595000,0.5730000,0.2665000,0.7840000,0.5282000,0.3696000,0.8904000,0.4323000,0.4720000,0.3182824,0.0000000,0.0000000},
{0.6182340,0.4890042,0.2740081,0.6026180,0.4268469,0.2778720,0.5833476,0.6256857,0.2388619,0.6309135,0.7595312,0.2283361,0.6590992,0.7673865,0.3572886,0.7167000,0.7597000,0.5024000,0.7245000,0.6224000,0.3738000,0.7588000,0.5740000,0.2659000,0.7830000,0.5289000,0.3692000,0.8886000,0.4326000,0.4723000,0.3182824,0.0000000,0.0000000},
{0.6143247,0.4967603,0.2725126,0.5972596,0.4350291,0.2763870,0.5822442,0.6338247,0.2369808,0.6319804,0.7667049,0.2258843,0.6614217,0.7712971,0.3568652,0.7168000,0.7616000,0.5013000,0.7240000,0.6242000,0.3730000,0.7581000,0.5749000,0.2654000,0.7819000,0.5296000,0.3688000,0.8868000,0.4329000,0.4726000,0.3182824,0.0000000,0.0000000},
{0.6105131,0.5046086,0.2709201,0.5918913,0.4435420,0.2747300,0.5812798,0.6421060,0.2350774,0.6331748,0.7739851,0.2234622,0.6638467,0.7752851,0.3564710,0.7170000,0.7635000,0.5003000,0.7235000,0.6259000,0.3720000,0.7573000,0.5759000,0.2649000,0.7808000,0.5302000,0.3685000,0.8849000,0.4331000,0.4729000,0.3182824,0.0000000,0.0000000},
{0.6066804,0.5128051,0.2691757,0.5865513,0.4523442,0.2729025,0.5804445,0.6507001,0.2331130,0.6345961,0.7818803,0.2209103,0.6663199,0.7792581,0.3561161,0.7172000,0.7654000,0.4994000,0.7230000,0.6277000,0.3711000,0.7566000,0.5769000,0.2644000,0.7797000,0.5310000,0.3682000,0.8830000,0.4334000,0.4733000,0.3182824,0.0000000,0.0000000},
{0.6029801,0.5210314,0.2673446,0.5812810,0.4613822,0.2709107,0.5797671,0.6594062,0.2311342,0.6360942,0.7895134,0.2185166,0.6688779,0.7832732,0.3557963,0.7173000,0.7674000,0.4984000,0.7225000,0.6294000,0.3701000,0.7558000,0.5779000,0.2640000,0.7786000,0.5317000,0.3680000,0.8811000,0.4337000,0.4737000,0.3182824,0.0000000,0.0000000},
{0.5993028,0.5295376,0.2653694,0.5760884,0.4706552,0.2687506,0.5792445,0.6683751,0.2291073,0.6377253,0.7972004,0.2161785,0.6714979,0.7872917,0.3555158,0.7175000,0.7695000,0.4975000,0.7221000,0.6313000,0.3692000,0.7547000,0.5789000,0.2636000,0.7775000,0.5324000,0.3678000,0.8791000,0.4341000,0.4741000,0.3182824,0.0000000,0.0000000},
{0.5956554,0.5383316,0.2632427,0.5709600,0.4802046,0.2664075,0.5788979,0.6773372,0.2270935,0.6394918,0.8049431,0.2138968,0.6741680,0.7912945,0.3552764,0.7177000,0.7715000,0.4966000,0.7216000,0.6331000,0.3682000,0.7538000,0.5801000,0.2631000,0.7763000,0.5332000,0.3675000,0.8771000,0.4346000,0.4745000,0.3182824,0.0000000,0.0000000},
{0.5920883,0.5473120,0.2609843,0.5659266,0.4899921,0.2638850,0.5787219,0.6866406,0.2250152,0.6413960,0.8127398,0.2116734,0.6769298,0.7953416,0.3550755,0.7180000,0.7737000,0.4956000,0.7211000,0.6351000,0.3673000,0.7527000,0.5813000,0.2626000,0.7751000,0.5340000,0.3673000,0.8749000,0.4350000,0.4749000,0.3182824,0.0000000,0.0000000},
{0.5886452,0.5563790,0.2586172,0.5610418,0.4999270,0.2612030,0.5787309,0.6958200,0.2229767,0.6434434,0.8206022,0.2095067,0.6797840,0.7994292,0.3549156,0.7183000,0.7758000,0.4946000,0.7206000,0.6369000,0.3664000,0.7515000,0.5823000,0.2622000,0.7739000,0.5347000,0.3670000,0.8728000,0.4355000,0.4754000,0.3182824,0.0000000,0.0000000},
{0.5852801,0.5656676,0.2561033,0.5562339,0.5101756,0.2583110,0.5789242,0.7051179,0.2209240,0.6456043,0.8284139,0.2074291,0.6827205,0.8035385,0.3547992,0.7187000,0.7779000,0.4936000,0.7201000,0.6388000,0.3656000,0.7503000,0.5835000,0.2616000,0.7727000,0.5355000,0.3667000,0.8707000,0.4360000,0.4758000,0.3182824,0.0000000,0.0000000},
{0.5820436,0.5750563,0.2534716,0.5516082,0.5205349,0.2552608,0.5793026,0.7144064,0.2188857,0.6478959,0.8362388,0.2054233,0.6857148,0.8076326,0.3547287,0.7191000,0.7801000,0.4926000,0.7197000,0.6406000,0.3647000,0.7492000,0.5846000,0.2611000,0.7715000,0.5364000,0.3663000,0.8686000,0.4366000,0.4762000,0.3182824,0.0000000,0.0000000},
{0.5789019,0.5846648,0.2506846,0.5471780,0.5309824,0.2520573,0.5798705,0.7237491,0.2168479,0.6503367,0.8441313,0.2034769,0.6887248,0.8116545,0.3547048,0.7196000,0.7822000,0.4917000,0.7192000,0.6424000,0.3638000,0.7480000,0.5858000,0.2604000,0.7704000,0.5371000,0.3659000,0.8665000,0.4372000,0.4767000,0.3182824,0.0000000,0.0000000},
{0.5760279,0.5939561,0.2478997,0.5429260,0.5415723,0.2486808,0.5806232,0.7330442,0.2148329,0.6528715,0.8519131,0.2016338,0.6918884,0.8157844,0.3547286,0.7202000,0.7844000,0.4907000,0.7187000,0.6441000,0.3629000,0.7468000,0.5870000,0.2597000,0.7692000,0.5380000,0.3655000,0.8643000,0.4378000,0.4771000,0.3182824,0.0000000,0.0000000},
{0.5732411,0.6035112,0.2449429,0.5389738,0.5519974,0.2452301,0.5815595,0.7422908,0.2128408,0.6554863,0.8595569,0.1998974,0.6949571,0.8196982,0.3547978,0.7208000,0.7866000,0.4898000,0.7182000,0.6459000,0.3620000,0.7456000,0.5881000,0.2591000,0.7681000,0.5387000,0.3650000,0.8622000,0.4384000,0.4775000,0.3182824,0.0000000,0.0000000},
{0.5706231,0.6130816,0.2418863,0.5350241,0.5630886,0.2414208,0.5826674,0.7514019,0.2108902,0.6582138,0.8671668,0.1982425,0.6981730,0.8237059,0.3549174,0.7214000,0.7889000,0.4889000,0.7177000,0.6476000,0.3611000,0.7442000,0.5893000,0.2584000,0.7670000,0.5395000,0.3646000,0.8601000,0.4390000,0.4780000,0.3182824,0.0000000,0.0000000},
{0.5681573,0.6227493,0.2387004,0.5313735,0.5740720,0.2375071,0.5839530,0.7604531,0.2089647,0.6609960,0.8745917,0.1966994,0.7013837,0.8276139,0.3550836,0.7222000,0.7912000,0.4880000,0.7171000,0.6494000,0.3603000,0.7431000,0.5905000,0.2578000,0.7658000,0.5403000,0.3640000,0.8580000,0.4397000,0.4783000,0.3182824,0.0000000,0.0000000},
{0.5659064,0.6322786,0.2354615,0.5280025,0.5849989,0.2334721,0.5854004,0.7693531,0.2070834,0.6638878,0.8819879,0.1952338,0.7045009,0.8313216,0.3552883,0.7229000,0.7935000,0.4872000,0.7166000,0.6511000,0.3596000,0.7420000,0.5917000,0.2572000,0.7647000,0.5412000,0.3635000,0.8559000,0.4403000,0.4787000,0.3182824,0.0000000,0.0000000},
{0.5638369,0.6418172,0.2321186,0.5249109,0.5958728,0.2293142,0.5870269,0.7782191,0.2052216,0.6667696,0.8890661,0.1938988,0.7076719,0.8350081,0.3555394,0.7237000,0.7958000,0.4865000,0.7159000,0.6528000,0.3590000,0.7412000,0.5928000,0.2566000,0.7636000,0.5420000,0.3631000,0.8537000,0.4409000,0.4790000,0.3182824,0.0000000,0.0000000},
{0.5619941,0.6511589,0.2287437,0.5220959,0.6067160,0.2250227,0.5887877,0.7868301,0.2034253,0.6697946,0.8962131,0.1926192,0.7107201,0.8384724,0.3558205,0.7245000,0.7980000,0.4858000,0.7152000,0.6545000,0.3584000,0.7402000,0.5940000,0.2562000,0.7625000,0.5431000,0.3626000,0.8517000,0.4416000,0.4793000,0.3182824,0.0000000,0.0000000},
{0.5603499,0.6604454,0.2252856,0.5196077,0.6173283,0.2206780,0.5906802,0.7952224,0.2016862,0.6728189,0.9030952,0.1914531,0.7137986,0.8418937,0.3561433,0.7253000,0.8002000,0.4852000,0.7144000,0.6562000,0.3579000,0.7395000,0.5953000,0.2557000,0.7615000,0.5440000,0.3623000,0.8496000,0.4422000,0.4796000,0.3182824,0.0000000,0.0000000},
{0.5589634,0.6693079,0.2218851,0.5174629,0.6275863,0.2163372,0.5927090,0.8034467,0.1999936,0.6759352,0.9099351,0.1903596,0.7167567,0.8451090,0.3564897,0.7261000,0.8024000,0.4846000,0.7136000,0.6578000,0.3574000,0.7388000,0.5966000,0.2554000,0.7604000,0.5451000,0.3619000,0.8475000,0.4429000,0.4799000,0.3182824,0.0000000,0.0000000},
{0.5577791,0.6780557,0.2184274,0.5156395,0.6375238,0.2119941,0.5948518,0.8114400,0.1983598,0.6790366,0.9165099,0.1893713,0.7196825,0.8482206,0.3568666,0.7269000,0.8045000,0.4842000,0.7116000,0.6592000,0.3566000,0.7381000,0.5980000,0.2551000,0.7593000,0.5462000,0.3616000,0.8454000,0.4436000,0.4802000,0.3182824,0.0000000,0.0000000},
{0.5568185,0.6865107,0.2149844,0.5141137,0.6472174,0.2076205,0.5971045,0.8192175,0.1967812,0.6821181,0.9228304,0.1884806,0.7225242,0.8511783,0.3572651,0.7276000,0.8066000,0.4838000,0.7110000,0.6610000,0.3563000,0.7375000,0.5993000,0.2549000,0.7580000,0.5473000,0.3615000,0.8433000,0.4444000,0.4806000,0.3182824,0.0000000,0.0000000},
{0.5560796,0.6946044,0.2115893,0.5128944,0.6565415,0.2032789,0.5993922,0.8265706,0.1952992,0.6852439,0.9290413,0.1876632,0.7252717,0.8539781,0.3576804,0.7284000,0.8086000,0.4835000,0.7104000,0.6625000,0.3560000,0.7370000,0.6007000,0.2548000,0.7568000,0.5484000,0.3614000,0.8412000,0.4452000,0.4809000,0.3182824,0.0000000,0.0000000},
{0.5555489,0.7023635,0.2082371,0.5119719,0.6654337,0.1990083,0.6017788,0.8337461,0.1938632,0.6883451,0.9350173,0.1869323,0.7279787,0.8566794,0.3581182,0.7291000,0.8106000,0.4832000,0.7097000,0.6641000,0.3558000,0.7362000,0.6020000,0.2546000,0.7556000,0.5496000,0.3613000,0.8391000,0.4461000,0.4812000,0.3182824,0.0000000,0.0000000},
{0.5552129,0.7098947,0.2048849,0.5113210,0.6739721,0.1947802,0.6042080,0.8406035,0.1925006,0.6914711,0.9408654,0.1862710,0.7305867,0.8592288,0.3585668,0.7297000,0.8127000,0.4829000,0.7090000,0.6658000,0.3556000,0.7356000,0.6033000,0.2544000,0.7542000,0.5507000,0.3612000,0.8369000,0.4470000,0.4816000,0.3182824,0.0000000,0.0000000},
{0.5550707,0.7170550,0.2016005,0.5109333,0.6820046,0.1906808,0.6067177,0.8472770,0.1911843,0.6946018,0.9465561,0.1856801,0.7331380,0.8616722,0.3590309,0.7304000,0.8146000,0.4827000,0.7082000,0.6673000,0.3555000,0.7347000,0.6047000,0.2544000,0.7529000,0.5520000,0.3612000,0.8348000,0.4479000,0.4820000,0.3182824,0.0000000,0.0000000},
{0.5551129,0.7240054,0.1983134,0.5107817,0.6895614,0.1867086,0.6092507,0.8536401,0.1899384,0.6977211,0.9520704,0.1851584,0.7356229,0.8640043,0.3595069,0.7310000,0.8166000,0.4824000,0.7073000,0.6689000,0.3554000,0.7338000,0.6061000,0.2543000,0.7517000,0.5531000,0.3611000,0.8327000,0.4489000,0.4825000,0.3182824,0.0000000,0.0000000},
{0.5553230,0.7303904,0.1951996,0.5108438,0.6967462,0.1828202,0.6118171,0.8597483,0.1887514,0.7008245,0.9574105,0.1847021,0.7379676,0.8661616,0.3599777,0.7315000,0.8185000,0.4822000,0.7064000,0.6705000,0.3552000,0.7325000,0.6074000,0.2541000,0.7504000,0.5544000,0.3612000,0.8306000,0.4500000,0.4829000,0.3182824,0.0000000,0.0000000},
{0.5556912,0.7364736,0.1921406,0.5110969,0.7034347,0.1790945,0.6144313,0.8656562,0.1876121,0.7038793,0.9625317,0.1843112,0.7403021,0.8682678,0.3604673,0.7320000,0.8204000,0.4819000,0.7053000,0.6720000,0.3551000,0.7315000,0.6086000,0.2539000,0.7491000,0.5557000,0.3612000,0.8285000,0.4510000,0.4834000,0.3182824,0.0000000,0.0000000},
{0.5562000,0.7421646,0.1891887,0.5115084,0.7095743,0.1755775,0.6170102,0.8712030,0.1865506,0.7069439,0.9675410,0.1839741,0.7426233,0.8703208,0.3609749,0.7325000,0.8223000,0.4817000,0.7042000,0.6736000,0.3550000,0.7308000,0.6100000,0.2538000,0.7478000,0.5570000,0.3612000,0.8264000,0.4522000,0.4839000,0.3182824,0.0000000,0.0000000},
{0.5568388,0.7475116,0.1863270,0.5120669,0.7153659,0.1721674,0.6195596,0.8764368,0.1855567,0.7099014,0.9722590,0.1836989,0.7448251,0.8722300,0.3614755,0.7330000,0.8242000,0.4814000,0.7031000,0.6753000,0.3548000,0.7300000,0.6113000,0.2536000,0.7465000,0.5583000,0.3613000,0.8244000,0.4533000,0.4843000,0.3182824,0.0000000,0.0000000},
{0.5575784,0.7524225,0.1836146,0.5127374,0.7206800,0.1689528,0.6221212,0.8814656,0.1846091,0.7127786,0.9767436,0.1834763,0.7469430,0.8740313,0.3619746,0.7334000,0.8261000,0.4811000,0.7020000,0.6769000,0.3547000,0.7293000,0.6125000,0.2535000,0.7451000,0.5595000,0.3613000,0.8223000,0.4545000,0.4848000,0.3182824,0.0000000,0.0000000},
{0.5584187,0.7570156,0.1809962,0.5135003,0.7255761,0.1659123,0.6245533,0.8860429,0.1837533,0.7155668,0.9809943,0.1833016,0.7490269,0.8757700,0.3624827,0.7339000,0.8280000,0.4807000,0.7009000,0.6787000,0.3545000,0.7286000,0.6138000,0.2534000,0.7438000,0.5609000,0.3614000,0.8204000,0.4557000,0.4853000,0.3182824,0.0000000,0.0000000},
{0.5593419,0.7612748,0.1784891,0.5143374,0.7300880,0.1630378,0.6269016,0.8902926,0.1829647,0.7181931,0.9849157,0.1831725,0.7509112,0.8773131,0.3629566,0.7343000,0.8299000,0.4804000,0.6999000,0.6805000,0.3543000,0.7279000,0.6151000,0.2534000,0.7424000,0.5622000,0.3615000,0.8183000,0.4570000,0.4857000,0.3182824,0.0000000,0.0000000},
{0.5603211,0.7651633,0.1761253,0.5152692,0.7344049,0.1602167,0.6291591,0.8942302,0.1822394,0.7207207,0.9886165,0.1830797,0.7526805,0.8787369,0.3634143,0.7347000,0.8317000,0.4800000,0.6990000,0.6824000,0.3540000,0.7272000,0.6164000,0.2533000,0.7411000,0.5635000,0.3615000,0.8163000,0.4582000,0.4862000,0.3182824,0.0000000,0.0000000},
{0.5613693,0.7687980,0.1738428,0.5162178,0.7382562,0.1576361,0.6313640,0.8979443,0.1815603,0.7230980,0.9920335,0.1830197,0.7543887,0.8800882,0.3638678,0.7351000,0.8336000,0.4796000,0.6982000,0.6843000,0.3538000,0.7265000,0.6176000,0.2533000,0.7397000,0.5647000,0.3617000,0.8144000,0.4595000,0.4867000,0.3182824,0.0000000,0.0000000},
{0.5624743,0.7721765,0.1716494,0.5172175,0.7418706,0.1551549,0.6335035,0.9014301,0.1809275,0.7254169,0.9953090,0.1829861,0.7559935,0.8813367,0.3643044,0.7354000,0.8355000,0.4791000,0.6974000,0.6861000,0.3535000,0.7257000,0.6189000,0.2532000,0.7383000,0.5660000,0.3618000,0.8125000,0.4608000,0.4872000,0.3182824,0.0000000,0.0000000},
{0.5636259,0.7753067,0.1695471,0.5182074,0.7450974,0.1528870,0.6355151,0.9046064,0.1803551,0.7275451,0.9982663,0.1829762,0.7574135,0.8824245,0.3646993,0.7357000,0.8373000,0.4785000,0.6966000,0.6880000,0.3533000,0.7250000,0.6201000,0.2531000,0.7369000,0.5674000,0.3619000,0.8106000,0.4622000,0.4877000,0.3182824,0.0000000,0.0000000},
{0.5648378,0.7782520,0.1674985,0.5192518,0.7481969,0.1506579,0.6374011,0.9074994,0.1798373,0.7296096,1.0010913,0.1829855,0.7587810,0.8834567,0.3650872,0.7359000,0.8392000,0.4779000,0.6958000,0.6897000,0.3530000,0.7243000,0.6213000,0.2530000,0.7355000,0.5688000,0.3620000,0.8087000,0.4635000,0.4882000,0.3182824,0.0000000,0.0000000},
{0.5660534,0.7809084,0.1655834,0.5203009,0.7510487,0.1485591,0.6392478,0.9102553,0.1793473,0.7314160,1.0035286,0.1830084,0.7599650,0.8843383,0.3654291,0.7361000,0.8410000,0.4773000,0.6951000,0.6914000,0.3526000,0.7236000,0.6226000,0.2529000,0.7343000,0.5701000,0.3621000,0.8068000,0.4649000,0.4888000,0.3182824,0.0000000,0.0000000},
{0.5673185,0.7834062,0.1637157,0.5213716,0.7537319,0.1465391,0.6409416,0.9127187,0.1789122,0.7331304,1.0058126,0.1830427,0.7611253,0.8851912,0.3657697,0.7362000,0.8427000,0.4766000,0.6943000,0.6931000,0.3523000,0.7228000,0.6238000,0.2528000,0.7331000,0.5714000,0.3621000,0.8050000,0.4663000,0.4893000,0.3182824,0.0000000,0.0000000},
{0.5685981,0.7856951,0.1619382,0.5224193,0.7561670,0.1446646,0.6425394,0.9149881,0.1785138,0.7346221,1.0077769,0.1830824,0.7621326,0.8859228,0.3660699,0.7362000,0.8445000,0.4758000,0.6936000,0.6947000,0.3519000,0.7222000,0.6250000,0.2527000,0.7319000,0.5729000,0.3622000,0.8032000,0.4677000,0.4898000,0.3182824,0.0000000,0.0000000},
{0.5699635,0.7879092,0.1601486,0.5235504,0.7586122,0.1427395,0.6439643,0.9169683,0.1781682,0.7359641,1.0095263,0.1831258,0.7629246,0.8864923,0.3663089,0.7363000,0.8463000,0.4750000,0.6930000,0.6963000,0.3515000,0.7215000,0.6262000,0.2526000,0.7307000,0.5742000,0.3623000,0.8013000,0.4691000,0.4903000,0.3182824,0.0000000,0.0000000},
{0.5713876,0.7899990,0.1583852,0.5246402,0.7608092,0.1409700,0.6452634,0.9187391,0.1778609,0.7370876,1.0109780,0.1831676,0.7637456,0.8870770,0.3665593,0.7362000,0.8480000,0.4740000,0.6923000,0.6978000,0.3510000,0.7210000,0.6273000,0.2525000,0.7295000,0.5755000,0.3623000,0.7995000,0.4705000,0.4909000,0.3182824,0.0000000,0.0000000},
{0.5728007,0.7918773,0.1567271,0.5257545,0.7629132,0.1392371,0.6464150,0.9202817,0.1775944,0.7380973,1.0122729,0.1832095,0.7642993,0.8874683,0.3667297,0.7361000,0.8496000,0.4730000,0.6916000,0.6991000,0.3505000,0.7204000,0.6284000,0.2523000,0.7284000,0.5769000,0.3623000,0.7977000,0.4718000,0.4914000,0.3182824,0.0000000,0.0000000},
{0.5743027,0.7936841,0.1550538,0.5268646,0.7648807,0.1375797,0.6475059,0.9217200,0.1773471,0.7388678,1.0132546,0.1832441,0.7648216,0.8878351,0.3668917,0.7359000,0.8513000,0.4719000,0.6910000,0.7005000,0.3499000,0.7198000,0.6295000,0.2522000,0.7273000,0.5782000,0.3623000,0.7959000,0.4733000,0.4919000,0.3182824,0.0000000,0.0000000},
{0.5758182,0.7953295,0.1534489,0.5280091,0.7667882,0.1359358,0.6484491,0.9229458,0.1771372,0.7394371,1.0139766,0.1832712,0.7651364,0.8880550,0.3669899,0.7356000,0.8529000,0.4707000,0.6903000,0.7019000,0.3493000,0.7193000,0.6305000,0.2520000,0.7263000,0.5795000,0.3622000,0.7941000,0.4747000,0.4925000,0.3182824,0.0000000,0.0000000},
{0.5774151,0.7968897,0.1518393,0.5290915,0.7684892,0.1344364,0.6491828,0.9238882,0.1769765,0.7399101,1.0145743,0.1832946,0.7654457,0.8882703,0.3670867,0.7353000,0.8544000,0.4694000,0.6897000,0.7031000,0.3486000,0.7187000,0.6315000,0.2518000,0.7251000,0.5808000,0.3621000,0.7924000,0.4761000,0.4930000,0.3182824,0.0000000,0.0000000},
{0.5791097,0.7983690,0.1502140,0.5302066,0.7701461,0.1329429,0.6498387,0.9247225,0.1768345,0.7402209,1.0149659,0.1833105,0.7655081,0.8883136,0.3671063,0.7348000,0.8559000,0.4681000,0.6891000,0.7042000,0.3479000,0.7181000,0.6324000,0.2515000,0.7242000,0.5819000,0.3621000,0.7906000,0.4775000,0.4936000,0.3182824,0.0000000,0.0000000},
{0.5808157,0.7996916,0.1486561,0.5312764,0.7716514,0.1315554,0.6503286,0.9253405,0.1767297,0.7403529,1.0151319,0.1833173,0.7655081,0.8883136,0.3671063,0.7342000,0.8574000,0.4666000,0.6884000,0.7053000,0.3470000,0.7176000,0.6333000,0.2513000,0.7232000,0.5832000,0.3620000,0.7889000,0.4790000,0.4942000,0.3182824,0.0000000,0.0000000},
{0.5826178,0.8009232,0.1470880,0.5323564,0.7730938,0.1301960,0.6507744,0.9258995,0.1766350,0.7403529,1.0151319,0.1833173,0.7654400,0.8882663,0.3670849,0.7336000,0.8588000,0.4651000,0.6878000,0.7063000,0.3462000,0.7170000,0.6341000,0.2511000,0.7223000,0.5843000,0.3620000,0.7872000,0.4804000,0.4948000,0.3182824,0.0000000,0.0000000},
{0.5846353,0.8021177,0.1454192,0.5334498,0.7744804,0.1288593,0.6510436,0.9262352,0.1765783,0.7402375,1.0149868,0.1833114,0.7652856,0.8881589,0.3670365,0.7328000,0.8601000,0.4636000,0.6872000,0.7073000,0.3452000,0.7165000,0.6349000,0.2508000,0.7214000,0.5854000,0.3619000,0.7855000,0.4819000,0.4954000,0.3182824,0.0000000,0.0000000},
{0.5866737,0.8031436,0.1438180,0.5345582,0.7758154,0.1275421,0.6512273,0.9264636,0.1765397,0.7400583,1.0147612,0.1833022,0.7650441,0.8879906,0.3669610,0.7320000,0.8614000,0.4620000,0.6866000,0.7082000,0.3443000,0.7159000,0.6356000,0.2507000,0.7204000,0.5866000,0.3618000,0.7839000,0.4834000,0.4961000,0.3182824,0.0000000,0.0000000},
{0.5888922,0.8040705,0.1421645,0.5356205,0.7770324,0.1263133,0.6513588,0.9266266,0.1765122,0.7397407,1.0143605,0.1832861,0.7646918,0.8877441,0.3668513,0.7311000,0.8626000,0.4604000,0.6860000,0.7089000,0.3433000,0.7154000,0.6364000,0.2505000,0.7196000,0.5877000,0.3618000,0.7822000,0.4849000,0.4969000,0.3182824,0.0000000,0.0000000},
{0.5914092,0.8049030,0.1403913,0.5367718,0.7782864,0.1250163,0.6513058,0.9265610,0.1765232,0.7393319,1.0138434,0.1832661,0.7643655,0.8875149,0.3667502,0.7301000,0.8638000,0.4588000,0.6855000,0.7097000,0.3424000,0.7149000,0.6370000,0.2504000,0.7188000,0.5886000,0.3618000,0.7805000,0.4863000,0.4976000,0.3182824,0.0000000,0.0000000},
{0.5941680,0.8055702,0.1385630,0.5381112,0.7796656,0.1235502,0.6512536,0.9264962,0.1765342,0.7388466,1.0132277,0.1832431,0.7639408,0.8872153,0.3666192,0.7290000,0.8650000,0.4573000,0.6851000,0.7105000,0.3415000,0.7143000,0.6376000,0.2504000,0.7179000,0.5897000,0.3618000,0.7789000,0.4878000,0.4983000,0.3182824,0.0000000,0.0000000},
{0.5971740,0.8060300,0.1366963,0.5392979,0.7808203,0.1222874,0.6511640,0.9263849,0.1765530,0.7383584,1.0126061,0.1832210,0.7634506,0.8868675,0.3664690,0.7280000,0.8661000,0.4558000,0.6846000,0.7111000,0.3407000,0.7138000,0.6381000,0.2503000,0.7170000,0.5905000,0.3619000,0.7774000,0.4892000,0.4991000,0.3182824,0.0000000,0.0000000},
{0.6001182,0.8062324,0.1349845,0.5402658,0.7817180,0.1212810,0.6510101,0.9261934,0.1765853,0.7378278,1.0119281,0.1831979,0.7630498,0.8865818,0.3663469,0.7270000,0.8672000,0.4543000,0.6842000,0.7119000,0.3398000,0.7132000,0.6386000,0.2503000,0.7162000,0.5914000,0.3620000,0.7759000,0.4906000,0.4999000,0.3182824,0.0000000,0.0000000}
};
