fitErrPi Mean = 0.452286
fitErrTh Mean = 0.450791
fitErrWr Mean = 0.478118
fitErrLA Mean = 0.42769
fitErrEl Mean = 0.0274176
fitErrUA Mean = 0.133822
efPts = {
{0.7989577,0.8240595,-0.0569046,0.7211034,0.8426742,-0.0966651,0.8526035,0.8695947,0.0160858,0.7959203,1.0123829,0.2030389,0.4038630,0.3404649,0.1438601,0.7315000,0.8465000,0.5218000,0.7206000,0.7417000,0.4168000,0.7244000,0.6415000,0.4291000,0.7446000,0.5785000,0.3741000,0.8239000,0.4447000,0.5175000,0.7177855,0.7916807,-0.0638179},
{0.7988490,0.8239858,-0.0570158,0.7205371,0.8423958,-0.0971982,0.8525037,0.8694776,0.0159935,0.7926424,1.0119202,0.2035381,0.7094573,0.7531688,0.2543190,0.7301000,0.8457000,0.5218000,0.7199000,0.7412000,0.4167000,0.7240000,0.6409000,0.4288000,0.7444000,0.5780000,0.3739000,0.8238000,0.4443000,0.5173000,0.7171823,0.7913880,-0.0643983},
{0.7985548,0.8237861,-0.0573169,0.7197584,0.8420129,-0.0979319,0.8522280,0.8691538,0.0157384,0.7891349,1.0113847,0.2040619,0.7074518,0.7537016,0.2550273,0.7287000,0.8449000,0.5219000,0.7194000,0.7405000,0.4164000,0.7235000,0.6404000,0.4286000,0.7441000,0.5776000,0.3737000,0.8236000,0.4440000,0.5171000,0.7165932,0.7911020,-0.0649655},
{0.7981288,0.8234970,-0.0577529,0.7191851,0.8417310,-0.0984725,0.8519903,0.8688746,0.0155183,0.7852503,1.0107436,0.2046297,0.7051272,0.7543127,0.2558455,0.7273000,0.8440000,0.5221000,0.7186000,0.7400000,0.4163000,0.7230000,0.6398000,0.4282000,0.7439000,0.5771000,0.3734000,0.8234000,0.4436000,0.5168000,0.7159934,0.7908108,-0.0655435},
{0.7975689,0.8231168,-0.0583265,0.7181051,0.8411998,-0.0994919,0.8514231,0.8682080,0.0149928,0.7810026,1.0099858,0.2052360,0.7026086,0.7549671,0.2567285,0.7260000,0.8431000,0.5223000,0.7181000,0.7394000,0.4161000,0.7226000,0.6393000,0.4280000,0.7436000,0.5766000,0.3732000,0.8232000,0.4432000,0.5166000,0.7151284,0.7903907,-0.0663779},
{0.7967024,0.8225282,-0.0592149,0.7170628,0.8406869,-0.1004770,0.8507661,0.8674354,0.0143833,0.7761557,1.0090498,0.2059095,0.6999181,0.7556573,0.2576680,0.7246000,0.8422000,0.5224000,0.7173000,0.7388000,0.4160000,0.7221000,0.6387000,0.4276000,0.7433000,0.5762000,0.3728000,0.8229000,0.4429000,0.5162000,0.7143926,0.7900333,-0.0670883},
{0.7957512,0.8218818,-0.0601914,0.7157792,0.8400550,-0.1016919,0.8497145,0.8661975,0.0134061,0.7708724,1.0079447,0.2066219,0.6970976,0.7563713,0.2586485,0.7232000,0.8413000,0.5226000,0.7168000,0.7380000,0.4156000,0.7215000,0.6382000,0.4273000,0.7431000,0.5758000,0.3724000,0.8226000,0.4424000,0.5159000,0.7134823,0.7895909,-0.0679682},
{0.7945734,0.8210809,-0.0614022,0.7144577,0.8394042,-0.1029447,0.8485642,0.8648416,0.0123348,0.7649402,1.0066001,0.2073952,0.6941637,0.7571034,0.2596638,0.7217000,0.8404000,0.5229000,0.7159000,0.7375000,0.4155000,0.7210000,0.6376000,0.4269000,0.7429000,0.5754000,0.3720000,0.8223000,0.4420000,0.5155000,0.7123801,0.7890551,-0.0690350},
{0.7932164,0.8201575,-0.0627995,0.7128806,0.8386272,-0.1044424,0.8472623,0.8633052,0.0111194,0.7586273,1.0050510,0.2081878,0.6908037,0.7579289,0.2608208,0.7202000,0.8396000,0.5231000,0.7152000,0.7369000,0.4154000,0.7205000,0.6371000,0.4265000,0.7426000,0.5750000,0.3715000,0.8220000,0.4416000,0.5150000,0.7109747,0.7883716,-0.0703975},
{0.7916233,0.8190725,-0.0644433,0.7110374,0.8377186,-0.1061964,0.8457629,0.8615328,0.0097157,0.7519839,1.0032915,0.2089887,0.6876228,0.7586977,0.2619105,0.7187000,0.8387000,0.5233000,0.7143000,0.7363000,0.4153000,0.7199000,0.6366000,0.4261000,0.7424000,0.5747000,0.3710000,0.8216000,0.4412000,0.5146000,0.7096620,0.7877328,-0.0716723},
{0.7899453,0.8179288,-0.0661783,0.7091709,0.8367978,-0.1079767,0.8442291,0.8597167,0.0082754,0.7450878,1.0013271,0.2097846,0.6839188,0.7595773,0.2631726,0.7172000,0.8377000,0.5234000,0.7135000,0.7355000,0.4150000,0.7194000,0.6361000,0.4258000,0.7421000,0.5743000,0.3706000,0.8212000,0.4408000,0.5141000,0.7079043,0.7868770,-0.0733828},
{0.7882196,0.8167513,-0.0679669,0.7069529,0.8357031,-0.1100975,0.8425045,0.8576709,0.0066506,0.7378982,0.9991315,0.2105766,0.6802590,0.7604302,0.2644124,0.7157000,0.8368000,0.5235000,0.7125000,0.7348000,0.4148000,0.7188000,0.6355000,0.4254000,0.7418000,0.5739000,0.3701000,0.8208000,0.4404000,0.5137000,0.7061011,0.7859985,-0.0751416},
{0.7863569,0.8154791,-0.0699019,0.7048002,0.8346398,-0.1121613,0.8407594,0.8555969,0.0050009,0.7303921,0.9966805,0.2113627,0.6765736,0.7612728,0.2656537,0.7141000,0.8358000,0.5235000,0.7114000,0.7340000,0.4146000,0.7182000,0.6350000,0.4249000,0.7414000,0.5736000,0.3697000,0.8210000,0.4401000,0.5136000,0.7042285,0.7850855,-0.0769725},
{0.7842435,0.8140341,-0.0721033,0.7023477,0.8334274,-0.1145192,0.8386023,0.8530274,0.0029536,0.7227037,0.9940036,0.2121253,0.6725659,0.7621708,0.2669954,0.7124000,0.8347000,0.5235000,0.7098000,0.7332000,0.4144000,0.7175000,0.6345000,0.4245000,0.7413000,0.5731000,0.3694000,0.8206000,0.4397000,0.5131000,0.7023354,0.7841619,-0.0788278},
{0.7823666,0.8127494,-0.0740634,0.6997699,0.8321521,-0.1170051,0.8365416,0.8505670,0.0009896,0.7148714,0.9911049,0.2128580,0.6685909,0.7630426,0.2683179,0.7106000,0.8336000,0.5234000,0.7093000,0.7324000,0.4141000,0.7168000,0.6338000,0.4241000,0.7409000,0.5726000,0.3690000,0.8203000,0.4393000,0.5127000,0.7000411,0.7830417,-0.0810826},
{0.7800784,0.8111813,-0.0764598,0.6973380,0.8309480,-0.1193575,0.8342883,0.8478700,-0.0011674,0.7067823,0.9879301,0.2135683,0.6645710,0.7639054,0.2696470,0.7088000,0.8325000,0.5233000,0.7081000,0.7315000,0.4139000,0.7162000,0.6331000,0.4236000,0.7405000,0.5720000,0.3686000,0.8201000,0.4390000,0.5124000,0.6980211,0.7820547,-0.0830732},
{0.7776901,0.8095424,-0.0789689,0.6947051,0.8296433,-0.1219122,0.8320193,0.8451472,-0.0033494,0.6986341,0.9845465,0.2142362,0.6604300,0.7647744,0.2710073,0.7068000,0.8313000,0.5232000,0.7063000,0.7305000,0.4136000,0.7155000,0.6323000,0.4232000,0.7402000,0.5714000,0.3682000,0.8199000,0.4386000,0.5121000,0.6957612,0.7809495,-0.0853065},
{0.7755724,0.8080874,-0.0812003,0.6918400,0.8282222,-0.1247015,0.8296891,0.8423437,-0.0056005,0.6903654,0.9809222,0.2148651,0.6562301,0.7656355,0.2723781,0.7049000,0.8300000,0.5231000,0.7051000,0.7295000,0.4134000,0.7148000,0.6315000,0.4228000,0.7399000,0.5708000,0.3678000,0.8199000,0.4382000,0.5118000,0.6937475,0.7799639,-0.0873020},
{0.7731451,0.8064175,-0.0837658,0.6890967,0.8268603,-0.1273813,0.8272789,0.8394360,-0.0079401,0.6819140,0.9770187,0.2154568,0.6520508,0.7664722,0.2737332,0.7028000,0.8288000,0.5230000,0.7037000,0.7285000,0.4129000,0.7142000,0.6307000,0.4224000,0.7395000,0.5700000,0.3675000,0.8198000,0.4378000,0.5117000,0.6915400,0.7788826,-0.0894955},
{0.7706806,0.8047196,-0.0863791,0.6861174,0.8253798,-0.1303018,0.8249687,0.8366414,-0.0101935,0.6735167,0.9729391,0.2159931,0.6477138,0.7673192,0.2751300,0.7008000,0.8275000,0.5228000,0.7025000,0.7275000,0.4124000,0.7135000,0.6299000,0.4221000,0.7392000,0.5693000,0.3672000,0.8198000,0.4374000,0.5115000,0.6890095,0.7776420,-0.0920176},
{0.7681691,0.8029871,-0.0890510,0.6830297,0.8238439,-0.1333398,0.8224197,0.8335493,-0.0126919,0.6650518,0.9686217,0.2164812,0.6433426,0.7681512,0.2765283,0.6986000,0.8262000,0.5228000,0.7014000,0.7264000,0.4121000,0.7127000,0.6289000,0.4218000,0.7389000,0.5685000,0.3669000,0.8199000,0.4370000,0.5114000,0.6867530,0.7765348,-0.0942736},
{0.7655757,0.8011952,-0.0918197,0.6801684,0.8224192,-0.1361652,0.8197318,0.8302788,-0.0153406,0.6566874,0.9641503,0.2169108,0.6387825,0.7689960,0.2779767,0.6965000,0.8248000,0.5228000,0.7002000,0.7253000,0.4117000,0.7120000,0.6280000,0.4214000,0.7386000,0.5677000,0.3666000,0.8199000,0.4367000,0.5113000,0.6838655,0.7751165,-0.0971700},
{0.7627640,0.7992497,-0.0948320,0.6768936,0.8207870,-0.1394112,0.8170419,0.8269956,-0.0180058,0.6483347,0.9594781,0.2172866,0.6344970,0.7697686,0.2793285,0.6941000,0.8234000,0.5227000,0.6989000,0.7242000,0.4114000,0.7112000,0.6270000,0.4211000,0.7382000,0.5669000,0.3665000,0.8200000,0.4363000,0.5113000,0.6814051,0.7739069,-0.0996465},
{0.7600630,0.7973778,-0.0977366,0.6742046,0.8194453,-0.1420861,0.8142757,0.8236085,-0.0207618,0.6400821,0.9546539,0.2176047,0.6296378,0.7706197,0.2808502,0.6916000,0.8220000,0.5225000,0.6977000,0.7230000,0.4111000,0.7105000,0.6261000,0.4207000,0.7378000,0.5660000,0.3662000,0.8200000,0.4360000,0.5112000,0.6787510,0.7726007,-0.1023268},
{0.7573168,0.7954716,-0.1007005,0.6708453,0.8177676,-0.1454402,0.8116511,0.8203845,-0.0233913,0.6318398,0.9496244,0.2178680,0.6250805,0.7713940,0.2822668,0.6894000,0.8203000,0.5224000,0.6960000,0.7217000,0.4108000,0.7097000,0.6251000,0.4204000,0.7374000,0.5652000,0.3659000,0.8200000,0.4356000,0.5112000,0.6758884,0.7711904,-0.1052280},
{0.7544334,0.7934669,-0.1038243,0.6678059,0.8162480,-0.1484868,0.8089007,0.8169952,-0.0261621,0.6237023,0.9444454,0.2180733,0.6203174,0.7721785,0.2837365,0.6868000,0.8187000,0.5220000,0.6941000,0.7203000,0.4107000,0.7089000,0.6241000,0.4199000,0.7370000,0.5643000,0.3656000,0.8200000,0.4353000,0.5112000,0.6727441,0.7696396,-0.1084269},
{0.7512858,0.7912747,-0.1072481,0.6645171,0.8146019,-0.1517960,0.8058289,0.8131969,-0.0292752,0.6155818,0.9390588,0.2182222,0.6155167,0.7729438,0.2852065,0.6846000,0.8168000,0.5216000,0.6936000,0.7194000,0.4101000,0.7081000,0.6231000,0.4196000,0.7365000,0.5635000,0.3654000,0.8201000,0.4351000,0.5112000,0.6698795,0.7682251,-0.1113525},
{0.7482156,0.7891325,-0.1106018,0.6611169,0.8128982,-0.1552315,0.8032374,0.8099814,-0.0319171,0.6076403,0.9335720,0.2183116,0.6107795,0.7736741,0.2866460,0.6820000,0.8151000,0.5213000,0.6923000,0.7181000,0.4097000,0.7073000,0.6221000,0.4192000,0.7361000,0.5626000,0.3650000,0.8201000,0.4347000,0.5112000,0.6668264,0.7667158,-0.1144826},
{0.7452755,0.7870775,-0.1138263,0.6578886,0.8112787,-0.1585065,0.8002036,0.8062046,-0.0350278,0.5997676,0.9279100,0.2183431,0.6058447,0.7744087,0.2881340,0.6793000,0.8134000,0.5211000,0.6909000,0.7168000,0.4094000,0.7064000,0.6210000,0.4188000,0.7357000,0.5617000,0.3648000,0.8201000,0.4345000,0.5111000,0.6636107,0.7651243,-0.1177927},
{0.7418659,0.7846900,-0.1175818,0.6542643,0.8094585,-0.1621987,0.7975593,0.8029012,-0.0377554,0.5922058,0.9222535,0.2183173,0.6009426,0.7751119,0.2896005,0.6767000,0.8116000,0.5207000,0.6896000,0.7155000,0.4089000,0.7050000,0.6198000,0.4185000,0.7353000,0.5608000,0.3645000,0.8201000,0.4342000,0.5111000,0.6602961,0.7634817,-0.1212190},
{0.7388677,0.7825866,-0.1208985,0.6509275,0.8077806,-0.1656126,0.7945525,0.7991320,-0.0408752,0.5849292,0.9165987,0.2182383,0.5962045,0.7757668,0.2910069,0.6741000,0.8098000,0.5205000,0.6882000,0.7141000,0.4085000,0.7049000,0.6190000,0.4181000,0.7348000,0.5599000,0.3643000,0.8201000,0.4340000,0.5111000,0.6568313,0.7617625,-0.1248161},
{0.7354003,0.7801493,-0.1247510,0.6474518,0.8060308,-0.1691835,0.7919996,0.7959209,-0.0435395,0.5778880,0.9109186,0.2181084,0.5914356,0.7764012,0.2924115,0.6715000,0.8079000,0.5204000,0.6868000,0.7129000,0.4080000,0.7041000,0.6179000,0.4177000,0.7344000,0.5589000,0.3640000,0.8201000,0.4337000,0.5111000,0.6535805,0.7601474,-0.1282057},
{0.7323314,0.7779880,-0.1281759,0.6438276,0.8042041,-0.1729233,0.7891848,0.7923687,-0.0464937,0.5711666,0.9052952,0.2179327,0.5866159,0.7770173,0.2938200,0.6687000,0.8061000,0.5202000,0.6854000,0.7117000,0.4077000,0.7033000,0.6169000,0.4174000,0.7340000,0.5581000,0.3637000,0.8201000,0.4335000,0.5111000,0.6499913,0.7583618,-0.1319646},
{0.7292513,0.7758149,-0.1316277,0.6406161,0.8025834,-0.1762513,0.7865263,0.7890022,-0.0493003,0.5647623,0.8997433,0.2177157,0.5818297,0.7776042,0.2952077,0.6660000,0.8042000,0.5200000,0.6841000,0.7106000,0.4072000,0.7024000,0.6158000,0.4170000,0.7336000,0.5572000,0.3634000,0.8201000,0.4332000,0.5112000,0.6465545,0.7566497,-0.1355802},
{0.7261728,0.7736389,-0.1350923,0.6373505,0.8009335,-0.1796489,0.7836684,0.7853707,-0.0523350,0.5586496,0.8942572,0.2174605,0.5773158,0.7781350,0.2965064,0.6632000,0.8023000,0.5198000,0.6828000,0.7094000,0.4067000,0.7015000,0.6148000,0.4165000,0.7332000,0.5562000,0.3632000,0.8201000,0.4330000,0.5112000,0.6433214,0.7550369,-0.1389962},
{0.7233330,0.7716280,-0.1383012,0.6340500,0.7992641,-0.1830968,0.7812409,0.7822759,-0.0549273,0.5528447,0.8888676,0.2171721,0.5726936,0.7786557,0.2978262,0.6604000,0.8003000,0.5196000,0.6814000,0.7082000,0.4062000,0.7007000,0.6137000,0.4161000,0.7328000,0.5553000,0.3629000,0.8201000,0.4328000,0.5113000,0.6396469,0.7532015,-0.1428958},
{0.7201858,0.7693953,-0.1418720,0.6307267,0.7975811,-0.1865828,0.7786658,0.7789823,-0.0576921,0.5473222,0.8835671,0.2168533,0.5682740,0.7791321,0.2990786,0.6575000,0.7983000,0.5194000,0.6799000,0.7069000,0.4057000,0.6999000,0.6126000,0.4156000,0.7324000,0.5545000,0.3627000,0.8201000,0.4325000,0.5114000,0.6363371,0.7515460,-0.1464244},
{0.7171128,0.7672113,-0.1453736,0.6277412,0.7960675,-0.1897270,0.7762399,0.7758697,-0.0603107,0.5421651,0.8784548,0.2165139,0.5638756,0.7795852,0.3003158,0.6546000,0.7963000,0.5191000,0.6783000,0.7055000,0.4053000,0.6990000,0.6115000,0.4152000,0.7320000,0.5535000,0.3623000,0.8202000,0.4323000,0.5114000,0.6332235,0.7499866,-0.1497576},
{0.7145054,0.7653549,-0.1483562,0.6248053,0.7945775,-0.1928302,0.7738260,0.7727629,-0.0629300,0.5374470,0.8736310,0.2161657,0.5597507,0.7799913,0.3014677,0.6516000,0.7942000,0.5188000,0.6767000,0.7040000,0.4048000,0.6982000,0.6104000,0.4147000,0.7316000,0.5527000,0.3620000,0.8202000,0.4321000,0.5114000,0.6298149,0.7482774,-0.1534219},
{0.7117122,0.7633630,-0.1515634,0.6218661,0.7930842,-0.1959485,0.7715630,0.7698414,-0.0653982,0.5329562,0.8689004,0.2157987,0.5556909,0.7803731,0.3025934,0.6487000,0.7921000,0.5185000,0.6750000,0.7026000,0.4044000,0.6974000,0.6093000,0.4142000,0.7312000,0.5518000,0.3617000,0.8202000,0.4320000,0.5115000,0.6266950,0.7467108,-0.1567901},
{0.7088521,0.7613198,-0.1548602,0.6190106,0.7916320,-0.1989888,0.7695758,0.7672689,-0.0675757,0.5288030,0.8643967,0.2154262,0.5517461,0.7807270,0.3036798,0.6459000,0.7900000,0.5180000,0.6734000,0.7011000,0.4040000,0.6966000,0.6082000,0.4139000,0.7308000,0.5509000,0.3614000,0.8202000,0.4318000,0.5114000,0.6237981,0.7452544,-0.1599299},
{0.7063227,0.7595099,-0.1577867,0.6159632,0.7900804,-0.2022457,0.7672220,0.7642130,-0.0701671,0.5248867,0.8600286,0.2150438,0.5480142,0.7810464,0.3047006,0.6431000,0.7880000,0.5176000,0.6718000,0.6996000,0.4035000,0.6958000,0.6071000,0.4133000,0.7305000,0.5500000,0.3610000,0.8202000,0.4316000,0.5114000,0.6211524,0.7439229,-0.1628078},
{0.7038140,0.7577119,-0.1606996,0.6133180,0.7887323,-0.2050829,0.7654482,0.7619039,-0.0721290,0.5213282,0.8559510,0.2146685,0.5445001,0.7813334,0.3056559,0.6403000,0.7859000,0.5171000,0.6702000,0.6982000,0.4030000,0.6949000,0.6059000,0.4129000,0.7301000,0.5491000,0.3606000,0.8203000,0.4314000,0.5114000,0.6180338,0.7423515,-0.1662127},
{0.7015621,0.7560955,-0.1633229,0.6106016,0.7873464,-0.2080064,0.7634203,0.7592573,-0.0743814,0.5179257,0.8519487,0.2142831,0.5410806,0.7816000,0.3065798,0.6377000,0.7840000,0.5167000,0.6686000,0.6967000,0.4024000,0.6941000,0.6047000,0.4123000,0.7297000,0.5482000,0.3603000,0.8203000,0.4313000,0.5113000,0.6149733,0.7408075,-0.1695678},
{0.6989997,0.7542536,-0.1663180,0.6082304,0.7861356,-0.2105665,0.7617087,0.7570178,-0.0762904,0.5148612,0.8482517,0.2139124,0.5378832,0.7818378,0.3074386,0.6352000,0.7820000,0.5162000,0.6671000,0.6952000,0.4019000,0.6933000,0.6035000,0.4118000,0.7293000,0.5472000,0.3598000,0.8203000,0.4311000,0.5113000,0.6122275,0.7394206,-0.1725893},
{0.6968460,0.7527031,-0.1688438,0.6060502,0.7850213,-0.2129272,0.7599913,0.7547657,-0.0782131,0.5120430,0.8447699,0.2135504,0.5349244,0.7820480,0.3082290,0.6327000,0.7802000,0.5156000,0.6656000,0.6938000,0.4013000,0.6925000,0.6023000,0.4113000,0.7290000,0.5464000,0.3594000,0.8203000,0.4309000,0.5112000,0.6097377,0.7381617,-0.1753384},
{0.6945050,0.7510154,-0.1715980,0.6035910,0.7837634,-0.2155980,0.7581751,0.7523783,-0.0802546,0.5095076,0.8415661,0.2132064,0.5320457,0.7822435,0.3089940,0.6303000,0.7786000,0.5151000,0.6642000,0.6925000,0.4007000,0.6916000,0.6012000,0.4107000,0.7287000,0.5454000,0.3590000,0.8203000,0.4307000,0.5110000,0.6070661,0.7368094,-0.1782984},
{0.6924644,0.7495422,-0.1740060,0.6013990,0.7826411,-0.2179858,0.7565843,0.7502824,-0.0820495,0.5071658,0.8385434,0.2128724,0.5294547,0.7824117,0.3096791,0.6279000,0.7769000,0.5145000,0.6628000,0.6910000,0.4001000,0.6908000,0.6001000,0.4102000,0.7283000,0.5445000,0.3585000,0.8202000,0.4306000,0.5109000,0.6045896,0.7355545,-0.1810515},
{0.6905069,0.7481272,-0.1763227,0.5990143,0.7814192,-0.2205910,0.7551124,0.7483389,-0.0837162,0.5050216,0.8357191,0.2125520,0.5269110,0.7825698,0.3103486,0.6256000,0.7753000,0.5140000,0.6614000,0.6897000,0.3995000,0.6900000,0.5990000,0.4096000,0.7279000,0.5437000,0.3580000,0.8201000,0.4303000,0.5107000,0.6024582,0.7344735,-0.1834281},
{0.6885922,0.7467414,-0.1785949,0.5970960,0.7804354,-0.2226925,0.7537345,0.7465160,-0.0852814,0.5030491,0.8330705,0.2122443,0.5245494,0.7827103,0.3109674,0.6233000,0.7737000,0.5135000,0.6599000,0.6884000,0.3989000,0.6891000,0.5979000,0.4091000,0.7274000,0.5429000,0.3576000,0.8200000,0.4301000,0.5106000,0.6001732,0.7333134,-0.1859835},
{0.6867063,0.7453748,-0.1808390,0.5954757,0.7796039,-0.2244715,0.7522295,0.7445211,-0.0869967,0.5012636,0.8306291,0.2119546,0.5224729,0.7828289,0.3115093,0.6211000,0.7723000,0.5129000,0.6585000,0.6870000,0.3983000,0.6882000,0.5969000,0.4086000,0.7270000,0.5422000,0.3571000,0.8198000,0.4299000,0.5104000,0.5981656,0.7322933,-0.1882350},
{0.6851276,0.7442295,-0.1827222,0.5935791,0.7786300,-0.2265587,0.7511252,0.7430546,-0.0882590,0.4996753,0.8284207,0.2116875,0.5205124,0.7829365,0.3120190,0.6190000,0.7707000,0.5123000,0.6570000,0.6858000,0.3978000,0.6873000,0.5960000,0.4080000,0.7266000,0.5415000,0.3566000,0.8195000,0.4297000,0.5101000,0.5960768,0.7312311,-0.1905839},
{0.6834319,0.7429981,-0.1847497,0.5919861,0.7778114,-0.2283158,0.7496637,0.7411103,-0.0899346,0.4982075,0.8263477,0.2114323,0.5186514,0.7830348,0.3125011,0.6169000,0.7693000,0.5116000,0.6556000,0.6845000,0.3972000,0.6865000,0.5951000,0.4074000,0.7261000,0.5408000,0.3562000,0.8192000,0.4295000,0.5099000,0.5944626,0.7304095,-0.1924036},
{0.6821141,0.7420401,-0.1863287,0.5904193,0.7770058,-0.2300475,0.7486312,0.7397344,-0.0911217,0.4969466,0.8245411,0.2112065,0.5169994,0.7831189,0.3129277,0.6150000,0.7679000,0.5109000,0.6543000,0.6833000,0.3966000,0.6857000,0.5942000,0.4067000,0.7256000,0.5401000,0.3557000,0.8189000,0.4292000,0.5096000,0.5925490,0.7294349,-0.1945658},
{0.6805999,0.7409383,-0.1881469,0.5888633,0.7762053,-0.2317707,0.7472481,0.7378881,-0.0927163,0.4958252,0.8229136,0.2110004,0.5155575,0.7831899,0.3132990,0.6131000,0.7665000,0.5102000,0.6530000,0.6823000,0.3959000,0.6849000,0.5934000,0.4062000,0.7251000,0.5395000,0.3552000,0.8185000,0.4290000,0.5094000,0.5909426,0.7286161,-0.1963852},
{0.6788166,0.7396393,-0.1902932,0.5874232,0.7754639,-0.2333688,0.7463794,0.7367266,-0.0937205,0.4948211,0.8214392,0.2108114,0.5140955,0.7832595,0.3136744,0.6112000,0.7653000,0.5095000,0.6519000,0.6813000,0.3953000,0.6841000,0.5925000,0.4055000,0.7247000,0.5389000,0.3548000,0.8181000,0.4287000,0.5091000,0.5895080,0.7278844,-0.1980134},
{0.6778089,0.7389046,-0.1915085,0.5859393,0.7746996,-0.2350185,0.7454684,0.7355071,-0.0947758,0.4938586,0.8200100,0.2106262,0.5128125,0.7833187,0.3140030,0.6094000,0.7641000,0.5087000,0.6508000,0.6803000,0.3946000,0.6834000,0.5918000,0.4050000,0.7242000,0.5383000,0.3543000,0.8177000,0.4284000,0.5089000,0.5878132,0.7270194,-0.1999408},
{0.6764465,0.7379106,-0.1931543,0.5846859,0.7740536,-0.2364145,0.7446973,0.7344735,-0.0956707,0.4929979,0.8187185,0.2104571,0.5117344,0.7833671,0.3142785,0.6078000,0.7631000,0.5079000,0.6498000,0.6796000,0.3940000,0.6826000,0.5910000,0.4043000,0.7237000,0.5377000,0.3538000,0.8172000,0.4280000,0.5085000,0.5867694,0.7264864,-0.2011301},
{0.6756235,0.7373096,-0.1941501,0.5834477,0.7734152,-0.2377958,0.7439024,0.7334069,-0.0965950,0.4920805,0.8173274,0.2102732,0.5106241,0.7834156,0.3145617,0.6062000,0.7621000,0.5070000,0.6489000,0.6787000,0.3933000,0.6819000,0.5903000,0.4038000,0.7233000,0.5371000,0.3533000,0.8167000,0.4277000,0.5081000,0.5851701,0.7256692,-0.2029554},
{0.6742168,0.7362817,-0.1958549,0.5823589,0.7728536,-0.2390123,0.7427996,0.7319250,-0.0978803,0.4913478,0.8162055,0.2101235,0.5097148,0.7834542,0.3147931,0.6047000,0.7612000,0.5062000,0.6480000,0.6781000,0.3926000,0.6811000,0.5896000,0.4031000,0.7228000,0.5365000,0.3529000,0.8162000,0.4273000,0.5078000,0.5841134,0.7251290,-0.2041637},
{0.6733118,0.7356199,-0.1969535,0.5812106,0.7722610,-0.2402972,0.7421396,0.7310371,-0.0986510,0.4906273,0.8150923,0.2099737,0.5089767,0.7834850,0.3149807,0.6033000,0.7604000,0.5055000,0.6472000,0.6774000,0.3919000,0.6804000,0.5889000,0.4026000,0.7222000,0.5359000,0.3524000,0.8156000,0.4269000,0.5075000,0.5829354,0.7245264,-0.2055126},
{0.6725142,0.7350363,-0.1979230,0.5804545,0.7718706,-0.2411443,0.7414784,0.7301467,-0.0994244,0.4901206,0.8143036,0.2098669,0.5083014,0.7835126,0.3151521,0.6020000,0.7595000,0.5047000,0.6465000,0.6768000,0.3914000,0.6797000,0.5882000,0.4020000,0.7218000,0.5354000,0.3519000,0.8150000,0.4265000,0.5071000,0.5821406,0.7241197,-0.2064239},
{0.6720990,0.7347324,-0.1984281,0.5799730,0.7716220,-0.2416842,0.7408754,0.7293340,-0.1001306,0.4897474,0.8137194,0.2097874,0.5077413,0.7835351,0.3152941,0.6007000,0.7587000,0.5041000,0.6457000,0.6762000,0.3908000,0.6791000,0.5876000,0.4015000,0.7214000,0.5349000,0.3515000,0.8144000,0.4261000,0.5068000,0.5815379,0.7238112,-0.2071157},
{0.6711886,0.7340657,-0.1995368,0.5793889,0.7713203,-0.2423395,0.7403783,0.7286634,-0.1007137,0.4894026,0.8131771,0.2097133,0.5074601,0.7835463,0.3153653,0.5995000,0.7578000,0.5034000,0.6450000,0.6757000,0.3903000,0.6785000,0.5870000,0.4010000,0.7209000,0.5343000,0.3510000,0.8138000,0.4257000,0.5065000,0.5812401,0.7236587,-0.2074577},
{0.6710597,0.7339713,-0.1996938,0.5788978,0.7710666,-0.2428910,0.7400258,0.7281876,-0.1011275,0.4891534,0.8127838,0.2096593,0.5072588,0.7835542,0.3154162,0.5984000,0.7570000,0.5026000,0.6444000,0.6752000,0.3897000,0.6779000,0.5864000,0.4004000,0.7205000,0.5338000,0.3506000,0.8132000,0.4252000,0.5062000,0.5806541,0.7233587,-0.2081310},
{0.6706335,0.7336590,-0.2002133,0.5788582,0.7710462,-0.2429354,0.7396904,0.7277347,-0.1015216,0.4889025,0.8123864,0.2096047,0.5072299,0.7835554,0.3154236,0.5974000,0.7565000,0.5020000,0.6437000,0.6747000,0.3892000,0.6773000,0.5858000,0.3999000,0.7200000,0.5333000,0.3502000,0.8126000,0.4248000,0.5059000,0.5806541,0.7233587,-0.2081310},
{0.6704942,0.7335569,-0.2003833,0.5784455,0.7708329,-0.2433991,0.7394589,0.7274219,-0.1017938,0.4886497,0.8119849,0.2095493,0.5072299,0.7835554,0.3154236,0.5965000,0.7559000,0.5014000,0.6432000,0.6742000,0.3887000,0.6768000,0.5853000,0.3994000,0.7197000,0.5329000,0.3497000,0.8119000,0.4243000,0.5056000,0.5804120,0.7232347,-0.2084094},
{0.6701204,0.7332829,-0.2008394,0.5783596,0.7707885,-0.2434957,0.7392812,0.7271818,-0.1020028,0.4883843,0.8115617,0.2094908,0.5072895,0.7835530,0.3154085,0.5957000,0.7554000,0.5009000,0.6426000,0.6738000,0.3882000,0.6763000,0.5848000,0.3989000,0.7191000,0.5324000,0.3494000,0.8113000,0.4238000,0.5053000,0.5801056,0.7230778,-0.2087617},
{0.6701204,0.7332829,-0.2008394,0.5780326,0.7706195,-0.2438633,0.7392812,0.7271818,-0.1020028,0.4882116,0.8112856,0.2094525,0.5074637,0.7835461,0.3153644,0.5950000,0.7549000,0.5005000,0.6421000,0.6734000,0.3878000,0.6757000,0.5843000,0.3985000,0.7188000,0.5320000,0.3490000,0.8107000,0.4233000,0.5050000,0.5799916,0.7230193,-0.2088929},
{0.6698120,0.7330568,-0.2012159,0.5778984,0.7705502,-0.2440142,0.7389111,0.7266814,-0.1024385,0.4881238,0.8111451,0.2094330,0.5076074,0.7835404,0.3153280,0.5944000,0.7545000,0.5001000,0.6417000,0.6730000,0.3874000,0.6753000,0.5840000,0.3982000,0.7183000,0.5315000,0.3486000,0.8101000,0.4228000,0.5047000,0.5798879,0.7229662,-0.2090122},
{0.6697624,0.7330205,-0.2012763,0.5778984,0.7705502,-0.2440142,0.7389111,0.7266814,-0.1024385,0.4880583,0.8110401,0.2094184,0.5077496,0.7835348,0.3152920,0.5939000,0.7541000,0.4998000,0.6413000,0.6726000,0.3870000,0.6748000,0.5836000,0.3977000,0.7179000,0.5312000,0.3483000,0.8094000,0.4223000,0.5043000,0.5795039,0.7227695,-0.2094542},
{0.6697444,0.7330073,-0.2012983,0.5774192,0.7703025,-0.2445534,0.7389011,0.7266679,-0.1024502,0.4880913,0.8110929,0.2094258,0.5078519,0.7835307,0.3152660,0.5935000,0.7537000,0.4995000,0.6409000,0.6723000,0.3867000,0.6744000,0.5832000,0.3974000,0.7175000,0.5308000,0.3480000,0.8088000,0.4218000,0.5040000,0.5795039,0.7227695,-0.2094542}
};
