fitErrPi Mean = 0.0229443
fitErrTh Mean = 0.0100199
fitErrWr Mean = 0.00390395
fitErrLA Mean = 0.0333787
fitErrEl Mean = 0.0363592
fitErrUA Mean = 0.167974
efPts = {
{0.7168739,0.3714708,0.2708498,0.7281879,0.2941767,0.2703182,1.1165292,0.9594166,0.1520316,0.9799247,0.9533150,0.4391742,0.8613816,0.4672213,0.6946407,0.7079000,0.7119000,0.4931000,0.7084000,0.6399000,0.3797000,0.7973000,0.5904000,0.3731000,0.8368000,0.5367000,0.3995000,0.9364000,0.5034000,0.4705000,0.6638879,0.2917679,0.2788978},
{0.7164313,0.3718728,0.2711166,0.7275453,0.2947059,0.2708415,0.6829136,0.5355426,0.2713770,0.6469795,0.6538162,0.2782502,0.6770743,0.6444447,0.4525109,0.7090000,0.7121000,0.4933000,0.7096000,0.6397000,0.3801000,0.7979000,0.5905000,0.3732000,0.8374000,0.5366000,0.3994000,0.9369000,0.5031000,0.4702000,0.6631166,0.2926104,0.2791655},
{0.7159023,0.3723552,0.2714340,0.7265992,0.2954898,0.2716066,0.6824795,0.5362310,0.2712563,0.6468189,0.6547035,0.2777524,0.6778056,0.6451295,0.4528589,0.7100000,0.7124000,0.4937000,0.7108000,0.6396000,0.3805000,0.7983000,0.5905000,0.3733000,0.8377000,0.5366000,0.3994000,0.9374000,0.5027000,0.4699000,0.6622458,0.2935671,0.2794638},
{0.7149824,0.3731990,0.2719818,0.7252893,0.2965840,0.2726548,0.6819430,0.5370859,0.2711061,0.6466626,0.6555827,0.2772614,0.6785385,0.6458147,0.4532082,0.7110000,0.7127000,0.4940000,0.7120000,0.6394000,0.3809000,0.7987000,0.5906000,0.3734000,0.8380000,0.5366000,0.3993000,0.9377000,0.5023000,0.4696000,0.6611495,0.2947800,0.2798332},
{0.7138320,0.3742630,0.2726596,0.7237893,0.2978500,0.2738399,0.6812031,0.5382724,0.2708975,0.6464915,0.6565627,0.2767169,0.6793188,0.6465427,0.4535806,0.7119000,0.7130000,0.4943000,0.7131000,0.6393000,0.3813000,0.7991000,0.5907000,0.3735000,0.8383000,0.5366000,0.3993000,0.9380000,0.5020000,0.4694000,0.6598763,0.2962003,0.2802536},
{0.7125009,0.3755063,0.2734340,0.7220839,0.2993060,0.2751675,0.6803213,0.5396979,0.2706463,0.6462986,0.6576912,0.2760934,0.6800006,0.6471778,0.4539065,0.7128000,0.7134000,0.4945000,0.7143000,0.6391000,0.3817000,0.7994000,0.5910000,0.3735000,0.8386000,0.5367000,0.3992000,0.9383000,0.5016000,0.4691000,0.6582659,0.2980151,0.2807723},
{0.7108779,0.3770398,0.2743637,0.7200966,0.3010250,0.2766880,0.6792739,0.5414077,0.2703444,0.6460673,0.6590800,0.2753312,0.6805974,0.6477329,0.4541922,0.7136000,0.7138000,0.4948000,0.7155000,0.6390000,0.3820000,0.7997000,0.5912000,0.3736000,0.8387000,0.5366000,0.3991000,0.9384000,0.5012000,0.4688000,0.6565823,0.2999343,0.2812988},
{0.7089394,0.3788970,0.2754531,0.7177808,0.3030581,0.2784242,0.6781045,0.5433384,0.2700026,0.6458111,0.6606664,0.2744673,0.6812909,0.6483769,0.4545246,0.7143000,0.7142000,0.4950000,0.7167000,0.6388000,0.3824000,0.7998000,0.5915000,0.3736000,0.8388000,0.5366000,0.3990000,0.9384000,0.5008000,0.4686000,0.6545787,0.3022474,0.2819042},
{0.7069073,0.3808738,0.2765706,0.7152622,0.3053057,0.2802690,0.6768382,0.5454554,0.2696269,0.6455387,0.6624139,0.2735241,0.6820685,0.6490976,0.4548978,0.7150000,0.7147000,0.4952000,0.7179000,0.6386000,0.3828000,0.8000000,0.5917000,0.3736000,0.8388000,0.5366000,0.3989000,0.9384000,0.5004000,0.4683000,0.6523526,0.3048551,0.2825498},
{0.7044328,0.3833223,0.2778974,0.7123988,0.3079069,0.2823119,0.6754875,0.5477444,0.2692194,0.6452377,0.6644253,0.2724492,0.6828487,0.6498195,0.4552730,0.7157000,0.7152000,0.4953000,0.7190000,0.6385000,0.3832000,0.8000000,0.5919000,0.3737000,0.8387000,0.5366000,0.3987000,0.9382000,0.5000000,0.4680000,0.6500589,0.3075836,0.2831849},
{0.7018505,0.3859262,0.2792419,0.7093026,0.3107742,0.2844558,0.6740174,0.5502733,0.2687678,0.6449383,0.6665207,0.2713413,0.6836753,0.6505828,0.4556710,0.7163000,0.7159000,0.4954000,0.7202000,0.6383000,0.3836000,0.7999000,0.5921000,0.3736000,0.8385000,0.5367000,0.3985000,0.9379000,0.4995000,0.4677000,0.6474859,0.3106949,0.2838607},
{0.6989074,0.3889550,0.2807244,0.7058507,0.3140374,0.2867670,0.6723848,0.5531289,0.2682560,0.6446112,0.6689325,0.2700811,0.6845316,0.6513720,0.4560841,0.7168000,0.7166000,0.4955000,0.7214000,0.6382000,0.3839000,0.7998000,0.5924000,0.3736000,0.8386000,0.5376000,0.3982000,0.9376000,0.4990000,0.4675000,0.6447203,0.3140997,0.2845434},
{0.6956098,0.3924262,0.2823214,0.7017846,0.3179706,0.2893830,0.6706867,0.5561534,0.2677121,0.6442868,0.6714723,0.2687710,0.6854859,0.6522496,0.4565453,0.7173000,0.7173000,0.4956000,0.7226000,0.6380000,0.3843000,0.7997000,0.5926000,0.3736000,0.8382000,0.5373000,0.3981000,0.9371000,0.4986000,0.4672000,0.6416897,0.3179035,0.2852391},
{0.6921419,0.3961662,0.2839277,0.6974478,0.3222720,0.2920470,0.6689205,0.5593606,0.2671330,0.6439540,0.6742586,0.2673534,0.6863911,0.6530801,0.4569835,0.7178000,0.7182000,0.4956000,0.7238000,0.6379000,0.3847000,0.7994000,0.5929000,0.3735000,0.8377000,0.5370000,0.3979000,0.9366000,0.4981000,0.4669000,0.6384228,0.3220901,0.2859267},
{0.6886432,0.4000333,0.2854711,0.6926763,0.3271305,0.2948277,0.6670972,0.5627397,0.2665205,0.6436264,0.6772201,0.2658689,0.6874310,0.6540320,0.4574879,0.7182000,0.7190000,0.4956000,0.7249000,0.6377000,0.3851000,0.7992000,0.5933000,0.3734000,0.8371000,0.5367000,0.3976000,0.9359000,0.4977000,0.4666000,0.6351104,0.3264280,0.2865568},
{0.6851342,0.4040075,0.2869404,0.6877490,0.3322865,0.2975344,0.6652466,0.5662436,0.2658828,0.6433116,0.6803228,0.2643376,0.6885437,0.6550480,0.4580289,0.7186000,0.7200000,0.4957000,0.7261000,0.6376000,0.3855000,0.7988000,0.5936000,0.3733000,0.8363000,0.5364000,0.3974000,0.9351000,0.4972000,0.4662000,0.6316418,0.3310725,0.2871429},
{0.6814879,0.4082403,0.2883825,0.6828821,0.3375177,0.3000433,0.6634283,0.5697622,0.2652399,0.6430125,0.6835701,0.2627609,0.6896160,0.6560246,0.4585513,0.7190000,0.7211000,0.4957000,0.7273000,0.6374000,0.3858000,0.7981000,0.5939000,0.3733000,0.8354000,0.5362000,0.3972000,0.9342000,0.4967000,0.4660000,0.6281191,0.3358984,0.2876596},
{0.6778720,0.4125434,0.2897260,0.6781681,0.3427160,0.3023168,0.6615258,0.5735286,0.2645489,0.6427384,0.6868888,0.2611763,0.6907459,0.6570509,0.4591029,0.7194000,0.7223000,0.4958000,0.7285000,0.6373000,0.3862000,0.7976000,0.5945000,0.3732000,0.8345000,0.5359000,0.3969000,0.9332000,0.4962000,0.4657000,0.6244551,0.3410368,0.2881110},
{0.6741239,0.4171166,0.2910260,0.6735608,0.3479226,0.3043892,0.6595377,0.5775621,0.2638057,0.6424892,0.6903006,0.2595751,0.6919051,0.6581010,0.4596702,0.7197000,0.7233000,0.4958000,0.7296000,0.6371000,0.3866000,0.7970000,0.5949000,0.3731000,0.8344000,0.5373000,0.3964000,0.9321000,0.4958000,0.4654000,0.6207079,0.3464204,0.2884800},
{0.6701665,0.4220724,0.2922941,0.6687085,0.3535416,0.3064107,0.6575030,0.5817991,0.2630215,0.6422687,0.6937797,0.2579707,0.6928677,0.6589708,0.4601422,0.7199000,0.7244000,0.4957000,0.7308000,0.6370000,0.3870000,0.7963000,0.5954000,0.3731000,0.8336000,0.5375000,0.3960000,0.9309000,0.4953000,0.4651000,0.6168388,0.3521192,0.2887598},
{0.6660232,0.4274043,0.2935042,0.6636525,0.3595459,0.3083392,0.6553782,0.5863490,0.2621756,0.6420673,0.6975472,0.2562650,0.6938220,0.6598310,0.4606109,0.7201000,0.7256000,0.4956000,0.7320000,0.6368000,0.3874000,0.7956000,0.5958000,0.3730000,0.8325000,0.5377000,0.3957000,0.9296000,0.4949000,0.4649000,0.6128976,0.3580749,0.2889362},
{0.6616968,0.4331327,0.2946357,0.6583290,0.3660349,0.3101711,0.6532435,0.5910578,0.2612960,0.6418989,0.7014509,0.2545320,0.6949011,0.6608016,0.4611421,0.7202000,0.7266000,0.4955000,0.7332000,0.6366000,0.3878000,0.7948000,0.5964000,0.3729000,0.8316000,0.5379000,0.3955000,0.9283000,0.4944000,0.4647000,0.6088558,0.3643455,0.2889994},
{0.6572329,0.4392206,0.2956575,0.6529254,0.3727998,0.3118185,0.6510535,0.5960421,0.2603605,0.6417599,0.7057562,0.2526604,0.6957940,0.6616027,0.4615824,0.7202000,0.7278000,0.4953000,0.7332000,0.6366000,0.3878000,0.7939000,0.5969000,0.3729000,0.8305000,0.5382000,0.3953000,0.9268000,0.4939000,0.4645000,0.6048424,0.3707411,0.2889400},
{0.6526927,0.4456041,0.2965395,0.6473999,0.3799069,0.3132777,0.6487559,0.6014526,0.2593399,0.6416648,0.7103372,0.2507138,0.6967967,0.6625003,0.4620778,0.7202000,0.7289000,0.4950000,0.7325000,0.6384000,0.3873000,0.7931000,0.5974000,0.3728000,0.8294000,0.5386000,0.3950000,0.9253000,0.4935000,0.4644000,0.6006810,0.3775576,0.2887450},
{0.6480986,0.4522680,0.2972640,0.6418460,0.3872483,0.3145090,0.6465181,0.6069157,0.2583040,0.6416220,0.7152382,0.2486814,0.6977555,0.6633566,0.4625523,0.7200000,0.7301000,0.4947000,0.7316000,0.6399000,0.3868000,0.7922000,0.5980000,0.3727000,0.8282000,0.5388000,0.3948000,0.9239000,0.4931000,0.4642000,0.5964177,0.3847446,0.2883982},
{0.6434964,0.4591590,0.2978129,0.6362731,0.3948200,0.3155005,0.6441393,0.6129525,0.2571534,0.6416404,0.7202591,0.2466520,0.6987371,0.6642313,0.4630390,0.7197000,0.7313000,0.4943000,0.7309000,0.6417000,0.3867000,0.7912000,0.5984000,0.3726000,0.8270000,0.5390000,0.3947000,0.9224000,0.4927000,0.4640000,0.5919142,0.3925714,0.2878623},
{0.6388581,0.4663331,0.2981782,0.6307107,0.4025891,0.3162384,0.6416702,0.6194957,0.2558992,0.6417270,0.7255661,0.2445641,0.6998352,0.6652074,0.4635846,0.7194000,0.7325000,0.4939000,0.7302000,0.6435000,0.3861000,0.7902000,0.5989000,0.3725000,0.8258000,0.5393000,0.3944000,0.9205000,0.4919000,0.4639000,0.5874137,0.4006470,0.2871435},
{0.6342213,0.4737470,0.2983445,0.6250974,0.4106517,0.3167187,0.6393288,0.6259920,0.2546470,0.6418861,0.7310101,0.2424820,0.7010179,0.6662558,0.4641735,0.7189000,0.7337000,0.4934000,0.7293000,0.6454000,0.3853000,0.7885000,0.5985000,0.3727000,0.8245000,0.5395000,0.3941000,0.9189000,0.4917000,0.4638000,0.5827870,0.4092296,0.2862018},
{0.6295869,0.4814139,0.2983000,0.6194227,0.4190390,0.3169228,0.6370186,0.6327149,0.2533439,0.6421561,0.7372800,0.2401578,0.7022134,0.6673126,0.4647700,0.7184000,0.7350000,0.4929000,0.7283000,0.6465000,0.3850000,0.7876000,0.5993000,0.3724000,0.8232000,0.5397000,0.3938000,0.9172000,0.4914000,0.4638000,0.5781371,0.4181614,0.2850346},
{0.6249086,0.4894306,0.2980273,0.6137535,0.4276670,0.3168307,0.6347103,0.6397863,0.2519653,0.6424923,0.7431599,0.2380486,0.7034895,0.6684373,0.4654082,0.7179000,0.7363000,0.4924000,0.7274000,0.6483000,0.3843000,0.7866000,0.6001000,0.3722000,0.8217000,0.5400000,0.3935000,0.9153000,0.4910000,0.4636000,0.5734338,0.4275309,0.2836119},
{0.6202637,0.4976862,0.2975136,0.6080532,0.4366066,0.3164238,0.6324321,0.6471647,0.2505186,0.6429276,0.7492981,0.2359185,0.7048378,0.6696221,0.4660841,0.7174000,0.7377000,0.4920000,0.7262000,0.6500000,0.3833000,0.7856000,0.6009000,0.3720000,0.8203000,0.5403000,0.3932000,0.9134000,0.4906000,0.4635000,0.5687018,0.4373260,0.2819147},
{0.6155959,0.5063040,0.2967334,0.6024452,0.4456756,0.3156975,0.6302311,0.6547330,0.2490259,0.6434766,0.7557489,0.2337576,0.7062871,0.6708913,0.4668126,0.7170000,0.7392000,0.4916000,0.7252000,0.6516000,0.3829000,0.7842000,0.6013000,0.3719000,0.8188000,0.5406000,0.3929000,0.9114000,0.4901000,0.4634000,0.5640030,0.4474515,0.2799413},
{0.6110124,0.5151078,0.2956869,0.5967719,0.4551453,0.3146116,0.6280957,0.6625644,0.2474722,0.6441519,0.7625153,0.2315755,0.7076061,0.6720426,0.4674772,0.7166000,0.7407000,0.4912000,0.7243000,0.6535000,0.3824000,0.7831000,0.6022000,0.3717000,0.8172000,0.5408000,0.3926000,0.9093000,0.4898000,0.4633000,0.5593666,0.4578717,0.2776842},
{0.6065378,0.5240613,0.2943705,0.5911593,0.4648276,0.3131641,0.6260293,0.6706950,0.2458495,0.6449473,0.7694408,0.2294307,0.7093072,0.6735221,0.4683367,0.7161000,0.7423000,0.4908000,0.7232000,0.6552000,0.3819000,0.7821000,0.6032000,0.3714000,0.8155000,0.5411000,0.3923000,0.9071000,0.4894000,0.4633000,0.5547619,0.4686901,0.2751037},
{0.6021670,0.5331866,0.2927733,0.5855876,0.4747738,0.3113292,0.6240823,0.6789657,0.2441889,0.6458777,0.7765888,0.2273099,0.7109942,0.6749835,0.4691917,0.7156000,0.7439000,0.4904000,0.7220000,0.6567000,0.3813000,0.7810000,0.6041000,0.3712000,0.8138000,0.5414000,0.3921000,0.9049000,0.4890000,0.4633000,0.5502266,0.4798594,0.2721910},
{0.5979080,0.5424815,0.2908859,0.5800814,0.4849610,0.3090903,0.6222499,0.6874265,0.2424798,0.6469625,0.7840246,0.2252032,0.7126666,0.6764264,0.4700418,0.7150000,0.7456000,0.4901000,0.7210000,0.6585000,0.3808000,0.7784000,0.6035000,0.3715000,0.8120000,0.5415000,0.3919000,0.9026000,0.4886000,0.4632000,0.5458080,0.4912996,0.2689503},
{0.5937503,0.5519895,0.2886871,0.5747176,0.4952617,0.3064609,0.6205658,0.6959460,0.2407486,0.6481804,0.7915460,0.2231746,0.7144432,0.6779530,0.4709476,0.7145000,0.7473000,0.4897000,0.7207000,0.6620000,0.3799000,0.7770000,0.6042000,0.3715000,0.8102000,0.5420000,0.3916000,0.9001000,0.4883000,0.4633000,0.5415513,0.5029218,0.2653944},
{0.5897831,0.5615185,0.2862140,0.5695021,0.5056751,0.3034315,0.6190396,0.7044767,0.2390048,0.6495667,0.7993242,0.2211847,0.7164163,0.6796410,0.4719571,0.7140000,0.7489000,0.4892000,0.7188000,0.6621000,0.3796000,0.7755000,0.6049000,0.3715000,0.8083000,0.5423000,0.3914000,0.8977000,0.4879000,0.4633000,0.5374376,0.5148094,0.2614845},
{0.5859742,0.5711527,0.2834411,0.5644057,0.5162766,0.2999646,0.6176482,0.7131660,0.2372182,0.6511025,0.8072040,0.2192803,0.7183980,0.6813283,0.4729743,0.7135000,0.7506000,0.4887000,0.7177000,0.6639000,0.3790000,0.7740000,0.6057000,0.3714000,0.8064000,0.5427000,0.3911000,0.8951000,0.4876000,0.4633000,0.5335520,0.5267414,0.2572835},
{0.5823012,0.5809718,0.2803333,0.5595820,0.5267522,0.2961583,0.6164238,0.7218279,0.2354267,0.6527767,0.8151120,0.2174820,0.7204574,0.6830734,0.4740352,0.7130000,0.7522000,0.4881000,0.7166000,0.6658000,0.3784000,0.7724000,0.6062000,0.3713000,0.8044000,0.5430000,0.3910000,0.8925000,0.4873000,0.4634000,0.5298496,0.5388806,0.2527248},
{0.5789571,0.5904478,0.2770634,0.5549238,0.5373375,0.2919246,0.6153570,0.7305240,0.2336177,0.6546081,0.8231206,0.2157764,0.7225017,0.6847972,0.4750921,0.7125000,0.7539000,0.4875000,0.7156000,0.6678000,0.3776000,0.7708000,0.6070000,0.3712000,0.8024000,0.5434000,0.3907000,0.8899000,0.4870000,0.4635000,0.5264392,0.5508837,0.2479329},
{0.5757654,0.6000677,0.2734700,0.5505294,0.5478166,0.2873441,0.6144548,0.7391938,0.2318039,0.6565515,0.8310283,0.2142069,0.7245326,0.6865015,0.4761457,0.7120000,0.7557000,0.4872000,0.7147000,0.6698000,0.3769000,0.7691000,0.6077000,0.3711000,0.8003000,0.5438000,0.3905000,0.8873000,0.4868000,0.4635000,0.5232787,0.5628938,0.2428521},
{0.5727376,0.6098329,0.2695363,0.5463571,0.5582903,0.2823713,0.6137229,0.7477383,0.2300061,0.6586121,0.8388704,0.2127639,0.7266955,0.6883073,0.4772717,0.7111000,0.7577000,0.4874000,0.7137000,0.6716000,0.3763000,0.7676000,0.6085000,0.3710000,0.7982000,0.5440000,0.3904000,0.8846000,0.4865000,0.4637000,0.5204175,0.5747182,0.2375656},
{0.5700066,0.6193112,0.2654379,0.5424562,0.5686388,0.2770608,0.6131512,0.7562099,0.2282138,0.6607641,0.8465639,0.2114589,0.7288915,0.6901313,0.4784193,0.7105000,0.7594000,0.4871000,0.7128000,0.6734000,0.3757000,0.7658000,0.6092000,0.3710000,0.7962000,0.5445000,0.3902000,0.8819000,0.4863000,0.4638000,0.5177916,0.5866302,0.2319484},
{0.5676015,0.6283328,0.2612749,0.5387752,0.5790080,0.2713313,0.6127384,0.7645477,0.2264402,0.6630026,0.8541125,0.2102866,0.7310922,0.6919496,0.4795735,0.7099000,0.7612000,0.4866000,0.7115000,0.6748000,0.3751000,0.7641000,0.6101000,0.3709000,0.7942000,0.5451000,0.3900000,0.8792000,0.4862000,0.4639000,0.5154891,0.5982285,0.2261906},
{0.5652716,0.6378660,0.2565905,0.5353679,0.5892609,0.2652490,0.6124757,0.7728403,0.2246667,0.6653497,0.8616018,0.2092306,0.7329949,0.6935139,0.4805748,0.7092000,0.7628000,0.4860000,0.7105000,0.6766000,0.3743000,0.7624000,0.6108000,0.3708000,0.7920000,0.5455000,0.3900000,0.8764000,0.4861000,0.4640000,0.5134596,0.6097413,0.2201845},
{0.5631840,0.6473133,0.2516499,0.5322154,0.5994681,0.2587637,0.6123619,0.7809751,0.2229178,0.6678112,0.8690517,0.2082879,0.7349289,0.6950966,0.4815958,0.7085000,0.7644000,0.4854000,0.7097000,0.6784000,0.3736000,0.7607000,0.6117000,0.3707000,0.7901000,0.5462000,0.3897000,0.8738000,0.4861000,0.4641000,0.5117160,0.6211040,0.2139621},
{0.5613352,0.6567053,0.2464326,0.5293624,0.6094987,0.2519515,0.6123893,0.7889548,0.2211933,0.6703231,0.8762810,0.2074778,0.7367370,0.6965696,0.4825534,0.7077000,0.7660000,0.4848000,0.7088000,0.6802000,0.3729000,0.7590000,0.6124000,0.3705000,0.7880000,0.5467000,0.3895000,0.8711000,0.4861000,0.4643000,0.5102841,0.6321045,0.2076471},
{0.5597650,0.6658298,0.2410593,0.5268367,0.6192429,0.2448928,0.6125520,0.7968152,0.2194858,0.6728717,0.8832769,0.2067941,0.7385581,0.6980467,0.4835207,0.7069000,0.7675000,0.4841000,0.7080000,0.6819000,0.3723000,0.7572000,0.6134000,0.3702000,0.7859000,0.5474000,0.3894000,0.8683000,0.4862000,0.4644000,0.5091267,0.6429957,0.2010993},
{0.5584642,0.6746868,0.2355423,0.5246288,0.6287145,0.2375881,0.6128332,0.8043036,0.2178510,0.6754577,0.8900636,0.2062272,0.7404560,0.6995791,0.4845318,0.7061000,0.7690000,0.4834000,0.7071000,0.6836000,0.3717000,0.7555000,0.6141000,0.3701000,0.7835000,0.5478000,0.3891000,0.8655000,0.4863000,0.4646000,0.5082645,0.6535656,0.1944484},
{0.5574353,0.6831729,0.2299630,0.5227371,0.6378993,0.2300573,0.6132298,0.8116484,0.2162398,0.6780139,0.8964950,0.2057798,0.7422283,0.7010038,0.4854789,0.7058000,0.7699000,0.4823000,0.7058000,0.6851000,0.3711000,0.7533000,0.6143000,0.3705000,0.7815000,0.5485000,0.3889000,0.8627000,0.4864000,0.4648000,0.5076958,0.6636489,0.1878153},
{0.5566642,0.6912632,0.2243611,0.5212163,0.6464347,0.2226336,0.6137158,0.8185905,0.2147099,0.6805536,0.9026376,0.2054361,0.7439359,0.7023706,0.4863939,0.7050000,0.7716000,0.4817000,0.7044000,0.6863000,0.3707000,0.7520000,0.6163000,0.3693000,0.7793000,0.5493000,0.3888000,0.8598000,0.4865000,0.4650000,0.5073995,0.6732459,0.1812240},
{0.5561319,0.6989692,0.2187527,0.5199981,0.6545622,0.2151521,0.6142883,0.8252910,0.2132265,0.6830673,0.9084946,0.2051865,0.7454938,0.7036127,0.4872310,0.7043000,0.7731000,0.4811000,0.7035000,0.6878000,0.3702000,0.7500000,0.6165000,0.3699000,0.7772000,0.5500000,0.3887000,0.8570000,0.4868000,0.4651000,0.5073538,0.6823036,0.1747372},
{0.5558213,0.7062853,0.2131653,0.5190810,0.6621501,0.2077724,0.6149248,0.8316322,0.2118166,0.6855537,0.9140874,0.2050213,0.7470768,0.7048698,0.4880836,0.7035000,0.7746000,0.4805000,0.7026000,0.6894000,0.3696000,0.7482000,0.6174000,0.3699000,0.7752000,0.5508000,0.3886000,0.8542000,0.4870000,0.4654000,0.5075304,0.6907439,0.1684439},
{0.5557142,0.7131587,0.2076670,0.5184339,0.6692394,0.2005013,0.6156237,0.8377203,0.2104574,0.6880532,0.9195233,0.2049311,0.7485380,0.7060259,0.4888725,0.7028000,0.7762000,0.4799000,0.7017000,0.6908000,0.3691000,0.7467000,0.6184000,0.3697000,0.7732000,0.5515000,0.3887000,0.8515000,0.4873000,0.4656000,0.5079102,0.6987898,0.1622045},
{0.5557917,0.7197419,0.2021581,0.5180317,0.6758228,0.1933925,0.6163719,0.8435306,0.2091549,0.6905359,0.9247502,0.2049118,0.7498955,0.7070963,0.4896071,0.7021000,0.7777000,0.4792000,0.7008000,0.6922000,0.3684000,0.7453000,0.6198000,0.3692000,0.7711000,0.5524000,0.3886000,0.8488000,0.4876000,0.4659000,0.5084645,0.7062916,0.1561597},
{0.5560489,0.7261433,0.1965559,0.5178440,0.6821193,0.1862403,0.6171440,0.8489630,0.2079326,0.6929762,0.9297309,0.2049568,0.7512314,0.7081461,0.4903316,0.7014000,0.7792000,0.4786000,0.6995000,0.6935000,0.3679000,0.7438000,0.6210000,0.3690000,0.7692000,0.5531000,0.3886000,0.8462000,0.4880000,0.4662000,0.5091711,0.7133029,0.1502960},
{0.5564590,0.7320620,0.1911439,0.5178575,0.6878358,0.1794170,0.6179464,0.8541420,0.2067629,0.6953394,0.9344147,0.2050572,0.7525102,0.7091478,0.4910266,0.7009000,0.7808000,0.4780000,0.6981000,0.6946000,0.3676000,0.7424000,0.6220000,0.3688000,0.7673000,0.5540000,0.3887000,0.8437000,0.4884000,0.4666000,0.5100074,0.7198402,0.1446272},
{0.5569905,0.7374699,0.1859876,0.5180407,0.6930937,0.1728345,0.6187731,0.8590839,0.2056429,0.6978934,0.9393307,0.2052251,0.7538778,0.7102155,0.4917713,0.7004000,0.7823000,0.4774000,0.6965000,0.6955000,0.3672000,0.7411000,0.6232000,0.3685000,0.7655000,0.5547000,0.3888000,0.8413000,0.4888000,0.4670000,0.5109483,0.7259009,0.1391836},
{0.5576211,0.7424352,0.1810609,0.5183640,0.6978693,0.1665746,0.6196099,0.8637544,0.2045809,0.7000430,0.9433571,0.2054118,0.7551545,0.7112090,0.4924680,0.7000000,0.7838000,0.4768000,0.6950000,0.6965000,0.3667000,0.7397000,0.6243000,0.3683000,0.7638000,0.5555000,0.3888000,0.8389000,0.4891000,0.4674000,0.5119582,0.7314351,0.1340419},
{0.5583057,0.7468497,0.1765136,0.5187919,0.7021302,0.1607391,0.6204177,0.8679979,0.2036129,0.7020677,0.9470604,0.2056238,0.7562332,0.7120459,0.4930577,0.6996000,0.7853000,0.4762000,0.6950000,0.6965000,0.3667000,0.7384000,0.6251000,0.3683000,0.7621000,0.5564000,0.3889000,0.8366000,0.4896000,0.4678000,0.5129934,0.7363853,0.1292928},
{0.5590391,0.7508711,0.1722232,0.5192990,0.7059511,0.1552848,0.6212366,0.8720736,0.2026804,0.7040593,0.9506227,0.2058653,0.7571121,0.7127262,0.4935390,0.6990000,0.7867000,0.4755000,0.6941000,0.6980000,0.3664000,0.7371000,0.6260000,0.3682000,0.7603000,0.5570000,0.3891000,0.8343000,0.4900000,0.4683000,0.5140294,0.7407974,0.1249315},
{0.5598077,0.7545449,0.1681707,0.5198582,0.7093510,0.1502379,0.6220186,0.8757812,0.2018297,0.7059332,0.9539039,0.2061211,0.7580306,0.7134355,0.4940426,0.6985000,0.7880000,0.4748000,0.6931000,0.6996000,0.3660000,0.7351000,0.6255000,0.3689000,0.7586000,0.5578000,0.3892000,0.8321000,0.4905000,0.4687000,0.5150431,0.7447056,0.1209591},
{0.5605785,0.7578216,0.1644413,0.5204567,0.7124094,0.1455266,0.6227711,0.8791985,0.2010436,0.7077458,0.9570152,0.2063941,0.7587331,0.7139769,0.4944282,0.6979000,0.7892000,0.4742000,0.6921000,0.7011000,0.3657000,0.7347000,0.6276000,0.3678000,0.7570000,0.5586000,0.3892000,0.8298000,0.4910000,0.4691000,0.5160365,0.7482177,0.1172958},
{0.5613668,0.7608465,0.1608949,0.5210640,0.7150960,0.1412419,0.6234868,0.8823263,0.2003224,0.7094337,0.9598586,0.2066702,0.7592778,0.7143960,0.4947276,0.6973000,0.7905000,0.4736000,0.6911000,0.7027000,0.3653000,0.7336000,0.6285000,0.3676000,0.7554000,0.5593000,0.3892000,0.8276000,0.4915000,0.4695000,0.5170029,0.7513818,0.1139142},
{0.5621375,0.7635485,0.1576374,0.5216779,0.7175003,0.1372809,0.6241391,0.8850829,0.1996854,0.7110081,0.9624655,0.2069462,0.7599282,0.7148958,0.4950854,0.6967000,0.7918000,0.4730000,0.6901000,0.7042000,0.3650000,0.7323000,0.6294000,0.3674000,0.7541000,0.5604000,0.3890000,0.8253000,0.4921000,0.4698000,0.5179249,0.7542013,0.1108318},
{0.5628959,0.7660034,0.1545993,0.5222881,0.7196505,0.1336288,0.6247398,0.8875484,0.1991146,0.7123518,0.9646566,0.2071956,0.7604988,0.7153334,0.4953995,0.6962000,0.7931000,0.4724000,0.6901000,0.7042000,0.3650000,0.7306000,0.6295000,0.3677000,0.7527000,0.5615000,0.3888000,0.8230000,0.4927000,0.4701000,0.5188265,0.7567943,0.1079362},
{0.5636352,0.7682313,0.1517734,0.5229088,0.7216415,0.1301472,0.6252101,0.8894329,0.1986775,0.7135261,0.9665465,0.2074236,0.7609955,0.7157139,0.4956732,0.6957000,0.7943000,0.4719000,0.6895000,0.7055000,0.3645000,0.7294000,0.6304000,0.3675000,0.7509000,0.5620000,0.3889000,0.8207000,0.4933000,0.4703000,0.5197175,0.7592153,0.1051768},
{0.5643701,0.7703060,0.1490791,0.5235287,0.7234667,0.1268644,0.6256511,0.8911657,0.1982751,0.7146094,0.9682698,0.2076423,0.7615458,0.7161350,0.4959766,0.6953000,0.7956000,0.4713000,0.6890000,0.7069000,0.3639000,0.7286000,0.6316000,0.3671000,0.7494000,0.5630000,0.3887000,0.8185000,0.4939000,0.4705000,0.5205781,0.7614337,0.1025980},
{0.5650798,0.7721933,0.1465727,0.5241651,0.7251980,0.1236634,0.6261819,0.8932098,0.1977997,0.7155315,0.9697215,0.2078345,0.7619850,0.7164706,0.4962191,0.6950000,0.7969000,0.4708000,0.6885000,0.7081000,0.3634000,0.7278000,0.6329000,0.3667000,0.7478000,0.5640000,0.3886000,0.8162000,0.4945000,0.4706000,0.5214126,0.7634826,0.1001714},
{0.5658101,0.7740297,0.1440803,0.5248301,0.7268752,0.1204757,0.6266000,0.8947892,0.1974319,0.7163174,0.9709480,0.2080027,0.7623246,0.7167298,0.4964066,0.6947000,0.7984000,0.4703000,0.6881000,0.7094000,0.3628000,0.7268000,0.6337000,0.3664000,0.7463000,0.5650000,0.3885000,0.8140000,0.4951000,0.4707000,0.5222309,0.7654026,0.0978561},
{0.5665440,0.7757776,0.1416556,0.5255201,0.7284923,0.1173146,0.6269477,0.8960832,0.1971302,0.7169586,0.9719416,0.2081429,0.7628257,0.7171119,0.4966835,0.6945000,0.7998000,0.4698000,0.6877000,0.7109000,0.3623000,0.7255000,0.6346000,0.3663000,0.7449000,0.5659000,0.3884000,0.8119000,0.4958000,0.4709000,0.5230453,0.7672327,0.0956101},
{0.5672864,0.7774564,0.1392763,0.5262216,0.7300243,0.1142339,0.6272177,0.8970762,0.1968985,0.7174892,0.9727588,0.2082609,0.7632343,0.7174232,0.4969095,0.6943000,0.8011000,0.4693000,0.6873000,0.7123000,0.3618000,0.7244000,0.6355000,0.3663000,0.7435000,0.5670000,0.3882000,0.8098000,0.4963000,0.4711000,0.5238742,0.7690185,0.0933797}
};
