fitErrPi Mean = inf
fitErrTh Mean = 0.0412738
fitErrWr Mean = 0.0346632
fitErrLA Mean = 0.0697201
fitErrEl Mean = 0.279964
fitErrUA Mean = 0.1379
efPts = {
{0.5853408,0.8221511,0.1537672,0.5418961,0.7965823,0.1543435,0.6313491,0.9374228,0.1345232,0.8563953,0.9447041,0.2029807,0.5284195,0.3424766,0.6078691,0.6646000,0.9088000,0.4241000,0.6114000,0.7461000,0.3229000,0.6438000,0.6607000,0.2509000,0.6300000,0.6238000,0.3677000,0.6772000,0.5387000,0.5247000,-8314453278982594188960768054579838813370939578310851199539289541289930429909572138951994776080519474359839350689000081053412394164759974900449552659817443605050362001084121088.0000000,-0.0000000,-0.0000000},
{0.5825925,0.8214364,0.1545804,0.5387438,0.7957453,0.1554778,0.6298400,0.9364987,0.1347369,0.8557618,0.9438600,0.2033530,0.6412313,0.7892272,0.3716246,0.6626000,0.9083000,0.4238000,0.6100000,0.7454000,0.3225000,0.6428000,0.6600000,0.2508000,0.6289000,0.6231000,0.3675000,0.6761000,0.5384000,0.5246000,-8314453278979406286764165961517956658350258964603042750096867792550694191390541719666315838972410591623670421776941504283143172717981264043174292245897185227496420826383646720.0000000,-0.0000000,-0.0000000},
{0.5794651,0.8206022,0.1554784,0.5352859,0.7948017,0.1566742,0.6281304,0.9354447,0.1349780,0.8550662,0.9429313,0.2037628,0.6399219,0.7895099,0.3712199,0.6607000,0.9078000,0.4234000,0.6086000,0.7446000,0.3221000,0.6418000,0.6592000,0.2506000,0.6279000,0.6224000,0.3673000,0.6752000,0.5381000,0.5247000,-8314453278979406286764165961517956658350258964603042750096867792550694191390541719666315838972410591623670421776941504283143172717981264043174292245897185227496420826383646720.0000000,-0.0000000,-0.0000000},
{0.5760422,0.8196640,0.1564281,0.5313744,0.7937031,0.1579688,0.6260801,0.9341702,0.1352661,0.8543160,0.9419274,0.2042059,0.6382884,0.7898594,0.3707168,0.6587000,0.9072000,0.4231000,0.6073000,0.7437000,0.3218000,0.6408000,0.6584000,0.2504000,0.6268000,0.6217000,0.3672000,0.6742000,0.5377000,0.5247000,-8314453278979406286764165961517956658350258964603042750096867792550694191390541719666315838972410591623670421776941504283143172717981264043174292245897185227496420826383646720.0000000,-0.0000000,-0.0000000},
{0.5723656,0.8186274,0.1574105,0.5271458,0.7924789,0.1593002,0.6237996,0.9327395,0.1355850,0.8537886,0.9412203,0.2045182,0.6367042,0.7901951,0.3702309,0.6567000,0.9066000,0.4228000,0.6060000,0.7429000,0.3215000,0.6398000,0.6576000,0.2502000,0.6258000,0.6209000,0.3671000,0.6732000,0.5373000,0.5247000,-8314453278979406286764165961517956658350258964603042750096867792550694191390541719666315838972410591623670421776941504283143172717981264043174292245897185227496420826383646720.0000000,-0.0000000,-0.0000000},
{0.5682636,0.8174362,0.1584610,0.5224803,0.7910857,0.1606892,0.6211742,0.9310750,0.1359501,0.8529854,0.9401411,0.2049951,0.6348811,0.7905773,0.3696740,0.6547000,0.9060000,0.4225000,0.6047000,0.7420000,0.3212000,0.6388000,0.6569000,0.2501000,0.6248000,0.6202000,0.3669000,0.6722000,0.5370000,0.5247000,-8314453278979406286764165961517956658350258964603042750096867792550694191390541719666315838972410591623670421776941504283143172717981264043174292245897185227496420826383646720.0000000,-0.0000000,-0.0000000},
{0.5636899,0.8160656,0.1595768,0.5174749,0.7895427,0.1620890,0.6184631,0.9293368,0.1363249,0.8519339,0.9387242,0.2056216,0.6332399,0.7909176,0.3691747,0.6526000,0.9054000,0.4222000,0.6034000,0.7411000,0.3209000,0.6379000,0.6561000,0.2499000,0.6238000,0.6196000,0.3667000,0.6712000,0.5367000,0.5247000,-8314453278979406286764165961517956658350258964603042750096867792550694191390541719666315838972410591623670421776941504283143172717981264043174292245897185227496420826383646720.0000000,-0.0000000,-0.0000000},
{0.5589166,0.8145883,0.1606799,0.5122388,0.7878767,0.1634561,0.6154270,0.9273664,0.1367419,0.8509412,0.9373823,0.2062153,0.6313057,0.7913143,0.3685890,0.6506000,0.9048000,0.4219000,0.6021000,0.7404000,0.3205000,0.6370000,0.6554000,0.2497000,0.6228000,0.6189000,0.3665000,0.6703000,0.5363000,0.5246000,-8314453278979406286764165961517956658350258964603042750096867792550694191390541719666315838972410591623670421776941504283143172717981264043174292245897185227496420826383646720.0000000,-0.0000000,-0.0000000},
{0.5538670,0.8129744,0.1617798,0.5065750,0.7860167,0.1648261,0.6121619,0.9252194,0.1371872,0.8494874,0.9354094,0.2070890,0.6291844,0.7917437,0.3679498,0.6486000,0.9042000,0.4217000,0.6009000,0.7394000,0.3203000,0.6361000,0.6547000,0.2495000,0.6219000,0.6183000,0.3664000,0.6693000,0.5360000,0.5246000,-8314453278979406286764165961517956658350258964603042750096867792550694191390541719666315838972410591623670421776941504283143172717981264043174292245897185227496420826383646720.0000000,-0.0000000,-0.0000000},
{0.5485652,0.8112242,0.1628616,0.5008640,0.7840819,0.1660964,0.6086419,0.9228719,0.1376635,0.8482920,0.9337805,0.2078109,0.6269702,0.7921858,0.3672861,0.6466000,0.9035000,0.4214000,0.5996000,0.7386000,0.3199000,0.6352000,0.6541000,0.2494000,0.6210000,0.6177000,0.3662000,0.6685000,0.5357000,0.5246000,-8314453278979406286764165961517956658350258964603042750096867792550694191390541719666315838972410591623670421776941504283143172717981264043174292245897185227496420826383646720.0000000,-0.0000000,-0.0000000},
{0.5431067,0.8093637,0.1638987,0.4948159,0.7819698,0.1673233,0.6050290,0.9204267,0.1381482,0.8470860,0.9321308,0.2085427,0.6246497,0.7926423,0.3665946,0.6445000,0.9027000,0.4211000,0.5984000,0.7377000,0.3196000,0.6343000,0.6534000,0.2492000,0.6201000,0.6171000,0.3660000,0.6677000,0.5354000,0.5246000,-8314453278979406286764165961517956658350258964603042750096867792550694191390541719666315838972410591623670421776941504283143172717981264043174292245897185227496420826383646720.0000000,-0.0000000,-0.0000000},
{0.5373356,0.8073330,0.1649118,0.4887616,0.7797922,0.1684327,0.6011041,0.9177290,0.1386701,0.8453948,0.9298069,0.2095746,0.6222105,0.7931146,0.3658719,0.6424000,0.9020000,0.4208000,0.5972000,0.7367000,0.3193000,0.6334000,0.6526000,0.2490000,0.6193000,0.6164000,0.3659000,0.6669000,0.5351000,0.5246000,-8314453278979406286764165961517956658350258964603042750096867792550694191390541719666315838972410591623670421776941504283143172717981264043174292245897185227496420826383646720.0000000,-0.0000000,-0.0000000},
{0.5315085,0.8052172,0.1658490,0.4825252,0.7774844,0.1694542,0.5970594,0.9149035,0.1392027,0.8440882,0.9280029,0.2103764,0.6197102,0.7935908,0.3651357,0.6403000,0.9012000,0.4205000,0.5959000,0.7357000,0.3189000,0.6326000,0.6519000,0.2489000,0.6185000,0.6159000,0.3657000,0.6661000,0.5348000,0.5246000,-8314453278979406286764165961517956658350258964603042750096867792550694191390541719666315838972410591623670421776941504283143172717981264043174292245897185227496420826383646720.0000000,-0.0000000,-0.0000000},
{0.5254413,0.8029455,0.1667346,0.4760855,0.7750340,0.1703827,0.5927592,0.9118483,0.1397631,0.8422600,0.9254664,0.2115050,0.6169888,0.7941000,0.3643397,0.6382000,0.9003000,0.4202000,0.5947000,0.7347000,0.3186000,0.6318000,0.6512000,0.2488000,0.6177000,0.6153000,0.3656000,0.6653000,0.5345000,0.5246000,-8314453278979406286764165961517956658350258964603042750096867792550694191390541719666315838972410591623670421776941504283143172717981264043174292245897185227496420826383646720.0000000,-0.0000000,-0.0000000},
{0.5191891,0.8005318,0.1675520,0.4695360,0.7724730,0.1711980,0.5884192,0.9087110,0.1403225,0.8404369,0.9229223,0.2126384,0.6142511,0.7946026,0.3635445,0.6361000,0.8994000,0.4199000,0.5935000,0.7337000,0.3182000,0.6310000,0.6505000,0.2486000,0.6170000,0.6146000,0.3654000,0.6646000,0.5342000,0.5245000,-8314453278979406286764165961517956658350258964603042750096867792550694191390541719666315838972410591623670421776941504283143172717981264043174292245897185227496420826383646720.0000000,-0.0000000,-0.0000000},
{0.5129031,0.7980316,0.1682775,0.4629285,0.7698203,0.1718911,0.5838443,0.9053443,0.1409054,0.8385485,0.9202713,0.2138208,0.6113856,0.7951184,0.3627180,0.6339000,0.8985000,0.4196000,0.5923000,0.7326000,0.3178000,0.6303000,0.6498000,0.2485000,0.6163000,0.6140000,0.3653000,0.6639000,0.5339000,0.5245000,-8314453278979406286764165961517956658350258964603042750096867792550694191390541719666315838972410591623670421776941504283143172717981264043174292245897185227496420826383646720.0000000,-0.0000000,-0.0000000},
{0.5063652,0.7953537,0.1689305,0.4562329,0.7670627,0.1724631,0.5791414,0.9018191,0.1414971,0.8365786,0.9174890,0.2150634,0.6083171,0.7956591,0.3618397,0.6318000,0.8975000,0.4194000,0.5910000,0.7315000,0.3175000,0.6295000,0.6492000,0.2483000,0.6156000,0.6134000,0.3651000,0.6632000,0.5336000,0.5244000,-8314453278979406286764165961517956658350258964603042750096867792550694191390541719666315838972410591623670421776941504283143172717981264043174292245897185227496420826383646720.0000000,-0.0000000,-0.0000000},
{0.4997662,0.7925713,0.1694854,0.4494270,0.7641889,0.1729118,0.5743363,0.8981488,0.1420940,0.8345884,0.9146601,0.2163285,0.6051668,0.7962016,0.3609453,0.6296000,0.8964000,0.4191000,0.5897000,0.7303000,0.3171000,0.6288000,0.6484000,0.2482000,0.6149000,0.6127000,0.3650000,0.6626000,0.5333000,0.5244000,-8314453278979406286764165961517956658350258964603042750096867792550694191390541719666315838972410591623670421776941504283143172717981264043174292245897185227496420826383646720.0000000,-0.0000000,-0.0000000},
{0.4931126,0.7896855,0.1699396,0.4426311,0.7612490,0.1732280,0.5694830,0.8943706,0.1426886,0.8325296,0.9117148,0.2176474,0.6019846,0.7967368,0.3600491,0.6274000,0.8953000,0.4190000,0.5885000,0.7292000,0.3168000,0.6281000,0.6478000,0.2481000,0.6143000,0.6121000,0.3649000,0.6621000,0.5330000,0.5244000,-8314453278979406286764165961517956658350258964603042750096867792550694191390541719666315838972410591623670421776941504283143172717981264043174292245897185227496420826383646720.0000000,-0.0000000,-0.0000000},
{0.4863849,0.7866858,0.1702916,0.4357912,0.7582198,0.1734144,0.5645646,0.8904676,0.1432828,0.8302098,0.9083726,0.2191461,0.5986309,0.7972868,0.3591127,0.6252000,0.8941000,0.4187000,0.5871000,0.7279000,0.3164000,0.6275000,0.6471000,0.2480000,0.6137000,0.6115000,0.3648000,0.6616000,0.5327000,0.5244000,-8314453278979406286764165961517956658350258964603042750096867792550694191390541719666315838972410591623670421776941504283143172717981264043174292245897185227496420826383646720.0000000,-0.0000000,-0.0000000},
{0.4797735,0.7836581,0.1705329,0.4290509,0.7551661,0.1734697,0.5596694,0.8865077,0.1438655,0.8280844,0.9052885,0.2205311,0.5951258,0.7978463,0.3581429,0.6229000,0.8929000,0.4185000,0.5858000,0.7266000,0.3160000,0.6267000,0.6465000,0.2479000,0.6132000,0.6108000,0.3646000,0.6611000,0.5323000,0.5244000,-8314453278979406286764165961517956658350258964603042750096867792550694191390541719666315838972410591623670421776941504283143172717981264043174292245897185227496420826383646720.0000000,-0.0000000,-0.0000000},
{0.4730596,0.7805024,0.1706717,0.4223242,0.7520512,0.1733984,0.5546687,0.8823836,0.1444517,0.8256827,0.9017779,0.2221099,0.5916958,0.7983787,0.3572026,0.6205000,0.8916000,0.4183000,0.5845000,0.7253000,0.3157000,0.6260000,0.6458000,0.2477000,0.6126000,0.6102000,0.3645000,0.6606000,0.5319000,0.5244000,-8314453278979406286764165961517956658350258964603042750096867792550694191390541719666315838972410591623670421776941504283143172717981264043174292245897185227496420826383646720.0000000,-0.0000000,-0.0000000},
{0.4663282,0.7772563,0.1707033,0.4157355,0.7489350,0.1732063,0.5496936,0.8782000,0.1450257,0.8232871,0.8982488,0.2236995,0.5881256,0.7989169,0.3562330,0.6182000,0.8903000,0.4181000,0.5832000,0.7240000,0.3153000,0.6254000,0.6450000,0.2478000,0.6121000,0.6096000,0.3643000,0.6601000,0.5316000,0.5243000,-8314453278979406286764165961517956658350258964603042750096867792550694191390541719666315838972410591623670421776941504283143172717981264043174292245897185227496420826383646720.0000000,-0.0000000,-0.0000000},
{0.4595815,0.7739201,0.1706264,0.4091481,0.7457550,0.1728934,0.5446668,0.8738897,0.1455962,0.8209035,0.8947100,0.2252959,0.5846287,0.7994283,0.3552924,0.6158000,0.8889000,0.4180000,0.5819000,0.7226000,0.3149000,0.6249000,0.6442000,0.2480000,0.6116000,0.6088000,0.3641000,0.6597000,0.5312000,0.5242000,-8314453278979406286764165961517956658350258964603042750096867792550694191390541719666315838972410591623670421776941504283143172717981264043174292245897185227496420826383646720.0000000,-0.0000000,-0.0000000},
{0.4528945,0.7705312,0.1704423,0.4026047,0.7425322,0.1724628,0.5395697,0.8694322,0.1461646,0.8183549,0.8908954,0.2270195,0.5807508,0.7999772,0.3542597,0.6135000,0.8875000,0.4179000,0.5806000,0.7213000,0.3145000,0.6244000,0.6435000,0.2477000,0.6112000,0.6082000,0.3640000,0.6593000,0.5308000,0.5242000,-8314453278979406286764165961517956658350258964603042750096867792550694191390541719666315838972410591623670421776941504283143172717981264043174292245897185227496420826383646720.0000000,-0.0000000,-0.0000000},
{0.4461486,0.7670288,0.1701471,0.3959357,0.7391818,0.1719005,0.5345016,0.8649113,0.1467197,0.8158434,0.8871050,0.2287348,0.5771595,0.8004684,0.3533133,0.6112000,0.8860000,0.4178000,0.5793000,0.7200000,0.3142000,0.6239000,0.6429000,0.2476000,0.6108000,0.6076000,0.3638000,0.6589000,0.5304000,0.5240000,-8314453278979406286764165961517956658350258964603042750096867792550694191390541719666315838972410591623670421776941504283143172717981264043174292245897185227496420826383646720.0000000,-0.0000000,-0.0000000},
{0.4394195,0.7634507,0.1697420,0.3892983,0.7357810,0.1712165,0.5294347,0.8603010,0.1472643,0.8133658,0.8833350,0.2304436,0.5734587,0.8009574,0.3523478,0.6089000,0.8845000,0.4179000,0.5780000,0.7186000,0.3140000,0.6233000,0.6422000,0.2475000,0.6103000,0.6069000,0.3636000,0.6586000,0.5300000,0.5239000,-8314453278979406286764165961517956658350258964603042750096867792550694191390541719666315838972410591623670421776941504283143172717981264043174292245897185227496420826383646720.0000000,-0.0000000,-0.0000000},
{0.4327140,0.7598003,0.1692271,0.3828158,0.7323951,0.1704277,0.5244264,0.8556532,0.1477921,0.8107069,0.8792543,0.2322962,0.5697830,0.8014258,0.3513989,0.6067000,0.8830000,0.4180000,0.5766000,0.7173000,0.3138000,0.6227000,0.6416000,0.2473000,0.6099000,0.6063000,0.3634000,0.6583000,0.5296000,0.5239000,-8314453278979406286764165961517956658350258964603042750096867792550694191390541719666315838972410591623670421776941504283143172717981264043174292245897185227496420826383646720.0000000,-0.0000000,-0.0000000},
{0.4260867,0.7561082,0.1686076,0.3763925,0.7289767,0.1695271,0.5195051,0.8509961,0.1483005,0.8080637,0.8751615,0.2341574,0.5662299,0.8018622,0.3504911,0.6046000,0.8815000,0.4182000,0.5753000,0.7160000,0.3137000,0.6221000,0.6410000,0.2473000,0.6095000,0.6058000,0.3633000,0.6580000,0.5293000,0.5238000,-8314453278979406286764165961517956658350258964603042750096867792550694191390541719666315838972410591623670421776941504283143172717981264043174292245897185227496420826383646720.0000000,-0.0000000,-0.0000000},
{0.4194754,0.7523400,0.1678783,0.3699900,0.7255057,0.1685101,0.5145212,0.8461866,0.1488047,0.8054918,0.8711442,0.2359872,0.5629457,0.8022513,0.3496602,0.6025000,0.8801000,0.4185000,0.5740000,0.7149000,0.3137000,0.6214000,0.6404000,0.2472000,0.6091000,0.6052000,0.3633000,0.6578000,0.5290000,0.5238000,-8314453278979406286764165961517956658350258964603042750096867792550694191390541719666315838972410591623670421776941504283143172717981264043174292245897185227496420826383646720.0000000,-0.0000000,-0.0000000},
{0.4129235,0.7485206,0.1670441,0.3636171,0.7219867,0.1673778,0.5096021,0.8413454,0.1492915,0.8028292,0.8669484,0.2379014,0.5594699,0.8026480,0.3487895,0.6004000,0.8786000,0.4188000,0.5727000,0.7138000,0.3138000,0.6208000,0.6398000,0.2470000,0.6088000,0.6046000,0.3632000,0.6576000,0.5286000,0.5237000,-8314453278979406286764165961517956658350258964603042750096867792550694191390541719666315838972410591623670421776941504283143172717981264043174292245897185227496420826383646720.0000000,-0.0000000,-0.0000000},
{0.4065055,0.7446955,0.1661171,0.3572742,0.7184198,0.1661299,0.5048611,0.8365884,0.1497503,0.8002172,0.8627951,0.2397992,0.5560882,0.8030190,0.3479509,0.5984000,0.8773000,0.4191000,0.5715000,0.7127000,0.3138000,0.6201000,0.6392000,0.2470000,0.6085000,0.6041000,0.3631000,0.6574000,0.5283000,0.5237000,-8314453278979406286764165961517956658350258964603042750096867792550694191390541719666315838972410591623670421776941504283143172717981264043174292245897185227496420826383646720.0000000,-0.0000000,-0.0000000},
{0.4000634,0.7407709,0.1650750,0.3510415,0.7148511,0.1647840,0.5000923,0.8317113,0.1502012,0.7976411,0.8586626,0.2416906,0.5530296,0.8033421,0.3471997,0.5963000,0.8759000,0.4195000,0.5705000,0.7117000,0.3138000,0.6194000,0.6385000,0.2469000,0.6081000,0.6035000,0.3631000,0.6572000,0.5279000,0.5236000,-8314453278979406286764165961517956658350258964603042750096867792550694191390541719666315838972410591623670421776941504283143172717981264043174292245897185227496420826383646720.0000000,-0.0000000,-0.0000000},
{0.3937663,0.7368501,0.1639457,0.3447939,0.7112090,0.1633133,0.4953860,0.8268045,0.1506355,0.7950333,0.8544415,0.2436256,0.5497241,0.8036776,0.3463956,0.5943000,0.8745000,0.4198000,0.5694000,0.7106000,0.3139000,0.6187000,0.6378000,0.2468000,0.6078000,0.6029000,0.3629000,0.6570000,0.5276000,0.5236000,-8314453278979406286764165961517956658350258964603042750096867792550694191390541719666315838972410591623670421776941504283143172717981264043174292245897185227496420826383646720.0000000,-0.0000000,-0.0000000},
{0.3875281,0.7328817,0.1627163,0.3387457,0.7076197,0.1617708,0.4907833,0.8219136,0.1510497,0.7924876,0.8502842,0.2455344,0.5465920,0.8039826,0.3456412,0.5923000,0.8731000,0.4201000,0.5685000,0.7096000,0.3140000,0.6179000,0.6371000,0.2467000,0.6074000,0.6023000,0.3628000,0.6568000,0.5273000,0.5235000,-8314453278979406286764165961517956658350258964603042750096867792550694191390541719666315838972410591623670421776941504283143172717981264043174292245897185227496420826383646720.0000000,-0.0000000,-0.0000000},
{0.3814688,0.7289443,0.1614138,0.3327529,0.7040005,0.1601244,0.4862576,0.8170130,0.1514464,0.7899593,0.8461185,0.2474499,0.5433839,0.8042819,0.3448760,0.5904000,0.8718000,0.4204000,0.5675000,0.7085000,0.3140000,0.6172000,0.6364000,0.2465000,0.6071000,0.6017000,0.3627000,0.6566000,0.5270000,0.5234000,-8314453278979406286764165961517956658350258964603042750096867792550694191390541719666315838972410591623670421776941504283143172717981264043174292245897185227496420826383646720.0000000,-0.0000000,-0.0000000},
{0.3755327,0.7250056,0.1600311,0.3268745,0.7003877,0.1583921,0.4817662,0.8120572,0.1518296,0.7873751,0.8418223,0.2494285,0.5403482,0.8045528,0.3441590,0.5884000,0.8705000,0.4206000,0.5664000,0.7075000,0.3141000,0.6165000,0.6357000,0.2463000,0.6067000,0.6012000,0.3625000,0.6564000,0.5267000,0.5234000,-8314453278979406286764165961517956658350258964603042750096867792550694191390541719666315838972410591623670421776941504283143172717981264043174292245897185227496420826383646720.0000000,-0.0000000,-0.0000000},
{0.3697024,0.7210564,0.1585672,0.3211421,0.6968032,0.1565877,0.4774829,0.8072427,0.1521849,0.7849791,0.8378037,0.2512820,0.5372825,0.8048143,0.3434419,0.5865000,0.8692000,0.4209000,0.5653000,0.7065000,0.3142000,0.6157000,0.6351000,0.2461000,0.6064000,0.6006000,0.3624000,0.6562000,0.5264000,0.5233000,-8314453278979406286764165961517956658350258964603042750096867792550694191390541719666315838972410591623670421776941504283143172717981264043174292245897185227496420826383646720.0000000,-0.0000000,-0.0000000},
{0.3640921,0.7171780,0.1570560,0.3156726,0.6933248,0.1547566,0.4732873,0.8024406,0.1525230,0.7823641,0.8333786,0.2533261,0.5344490,0.8050451,0.3427854,0.5846000,0.8679000,0.4213000,0.5642000,0.7054000,0.3143000,0.6150000,0.6344000,0.2460000,0.6062000,0.6001000,0.3623000,0.6560000,0.5262000,0.5233000,-8314453278979406286764165961517956658350258964603042750096867792550694191390541719666315838972410591623670421776941504283143172717981264043174292245897185227496420826383646720.0000000,-0.0000000,-0.0000000},
{0.3586259,0.7133230,0.1554838,0.3103278,0.6898689,0.1528609,0.4692160,0.7976970,0.1528416,0.7799420,0.8292425,0.2552395,0.5315667,0.8052692,0.3421237,0.5829000,0.8665000,0.4218000,0.5630000,0.7045000,0.3144000,0.6142000,0.6338000,0.2459000,0.6059000,0.5995000,0.3623000,0.6559000,0.5260000,0.5233000,-8314453278979406286764165961517956658350258964603042750096867792550694191390541719666315838972410591623670421776941504283143172717981264043174292245897185227496420826383646720.0000000,-0.0000000,-0.0000000},
{0.3533217,0.7095078,0.1538606,0.3051294,0.6864520,0.1509126,0.4651573,0.7928832,0.1531494,0.7776261,0.8252538,0.2570874,0.5286444,0.8054853,0.3414592,0.5811000,0.8651000,0.4223000,0.5618000,0.7034000,0.3146000,0.6135000,0.6332000,0.2458000,0.6056000,0.5990000,0.3622000,0.6557000,0.5257000,0.5233000,-8314453278979406286764165961517956658350258964603042750096867792550694191390541719666315838972410591623670421776941504283143172717981264043174292245897185227496420826383646720.0000000,-0.0000000,-0.0000000},
{0.3482301,0.7057739,0.1522085,0.3000646,0.6830682,0.1489119,0.4613319,0.7882661,0.1534304,0.7752074,0.8210519,0.2590368,0.5258827,0.8056793,0.3408371,0.5795000,0.8637000,0.4227000,0.5617000,0.7026000,0.3149000,0.6128000,0.6326000,0.2458000,0.6053000,0.5985000,0.3622000,0.6556000,0.5255000,0.5234000,-8314453278979406286764165961517956658350258964603042750096867792550694191390541719666315838972410591623670421776941504283143172717981264043174292245897185227496420826383646720.0000000,-0.0000000,-0.0000000},
{0.3432542,0.7020544,0.1505018,0.2951541,0.6797341,0.1468719,0.4576212,0.7837110,0.1536942,0.7729270,0.8170559,0.2608933,0.5231952,0.8058585,0.3402373,0.5778000,0.8623000,0.4232000,0.5607000,0.7016000,0.3151000,0.6121000,0.6319000,0.2458000,0.6050000,0.5980000,0.3621000,0.6555000,0.5252000,0.5234000,-8314453278979406286764165961517956658350258964603042750096867792550694191390541719666315838972410591623670421776941504283143172717981264043174292245897185227496420826383646720.0000000,-0.0000000,-0.0000000},
{0.3385605,0.6984796,0.1488050,0.2905887,0.6765853,0.1448835,0.4539914,0.7791800,0.1539436,0.7707083,0.8131355,0.2627170,0.5205770,0.8060239,0.3396582,0.5762000,0.8608000,0.4236000,0.5598000,0.7007000,0.3153000,0.6114000,0.6313000,0.2457000,0.6047000,0.5975000,0.3622000,0.6554000,0.5250000,0.5234000,-8314453278979406286764165961517956658350258964603042750096867792550694191390541719666315838972410591623670421776941504283143172717981264043174292245897185227496420826383646720.0000000,-0.0000000,-0.0000000},
{0.3338585,0.6948313,0.1470171,0.2860925,0.6734363,0.1428352,0.4505186,0.7747733,0.1541741,0.7684654,0.8091393,0.2645785,0.5181269,0.8061705,0.3391210,0.5745000,0.8594000,0.4240000,0.5590000,0.6996000,0.3154000,0.6108000,0.6307000,0.2457000,0.6046000,0.5970000,0.3621000,0.6553000,0.5247000,0.5234000,-8314453278979406286764165961517956658350258964603042750096867792550694191390541719666315838972410591623670421776941504283143172717981264043174292245897185227496420826383646720.0000000,-0.0000000,-0.0000000},
{0.3295458,0.6914236,0.1452966,0.2818404,0.6704127,0.1408129,0.4471947,0.7704876,0.1543869,0.7664425,0.8055059,0.2662731,0.5156203,0.8063123,0.3385761,0.5730000,0.8580000,0.4243000,0.5580000,0.6987000,0.3156000,0.6101000,0.6302000,0.2456000,0.6043000,0.5966000,0.3621000,0.6551000,0.5245000,0.5234000,-8314453278979406286764165961517956658350258964603042750096867792550694191390541719666315838972410591623670421776941504283143172717981264043174292245897185227496420826383646720.0000000,-0.0000000,-0.0000000},
{0.3252368,0.6879575,0.1434973,0.2777338,0.6674489,0.1387778,0.4440439,0.7663622,0.1545813,0.7643866,0.8017847,0.2680108,0.5132389,0.8064392,0.3380629,0.5714000,0.8566000,0.4247000,0.5571000,0.6976000,0.3158000,0.6095000,0.6297000,0.2455000,0.6042000,0.5962000,0.3620000,0.6551000,0.5242000,0.5234000,-8314453278979406286764165961517956658350258964603042750096867792550694191390541719666315838972410591623670421776941504283143172717981264043174292245897185227496420826383646720.0000000,-0.0000000,-0.0000000},
{0.3212139,0.6846638,0.1417418,0.2739337,0.6646665,0.1368200,0.4409192,0.7622084,0.1547670,0.7624516,0.7982554,0.2696607,0.5110766,0.8065480,0.3376007,0.5699000,0.8553000,0.4251000,0.5562000,0.6967000,0.3159000,0.6088000,0.6291000,0.2454000,0.6040000,0.5957000,0.3620000,0.6549000,0.5240000,0.5234000,-8314453278979406286764165961517956658350258964603042750096867792550694191390541719666315838972410591623670421776941504283143172717981264043174292245897185227496420826383646720.0000000,-0.0000000,-0.0000000},
{0.3174226,0.6815066,0.1400177,0.2701930,0.6618887,0.1348199,0.4379854,0.7582499,0.1549347,0.7604729,0.7946193,0.2713626,0.5089049,0.8066509,0.3371400,0.5684000,0.8539000,0.4254000,0.5553000,0.6956000,0.3161000,0.6082000,0.6286000,0.2453000,0.6038000,0.5953000,0.3619000,0.6547000,0.5237000,0.5233000,-8314453278979406286764165961517956658350258964603042750096867792550694191390541719666315838972410591623670421776941504283143172717981264043174292245897185227496420826383646720.0000000,-0.0000000,-0.0000000},
{0.3136618,0.6783216,0.1382377,0.2665448,0.6591409,0.1327967,0.4352218,0.7544678,0.1550866,0.7586044,0.7911599,0.2729836,0.5068525,0.8067424,0.3367080,0.5669000,0.8525000,0.4257000,0.5544000,0.6947000,0.3162000,0.6077000,0.6280000,0.2452000,0.6036000,0.5949000,0.3619000,0.6546000,0.5235000,0.5233000,-8314453278979406286764165961517956658350258964603042750096867792550694191390541719666315838972410591623670421776941504283143172717981264043174292245897185227496420826383646720.0000000,-0.0000000,-0.0000000},
{0.3100773,0.6752344,0.1364737,0.2630471,0.6564690,0.1307868,0.4325836,0.7508077,0.1552258,0.7568115,0.7878164,0.2745520,0.5047077,0.8068320,0.3362601,0.5656000,0.8512000,0.4260000,0.5536000,0.6937000,0.3163000,0.6071000,0.6275000,0.2451000,0.6033000,0.5945000,0.3618000,0.6544000,0.5232000,0.5233000,-8314453278979406286764165961517956658350258964603042750096867792550694191390541719666315838972410591623670421776941504283143172717981264043174292245897185227496420826383646720.0000000,-0.0000000,-0.0000000},
{0.3066557,0.6722385,0.1347256,0.2596616,0.6538464,0.1287730,0.4300621,0.7472629,0.1553536,0.7551483,0.7846938,0.2760182,0.5029001,0.8069027,0.3358853,0.5642000,0.8499000,0.4262000,0.5529000,0.6928000,0.3164000,0.6066000,0.6269000,0.2450000,0.6032000,0.5940000,0.3618000,0.6543000,0.5229000,0.5233000,-8314453278979406286764165961517956658350258964603042750096867792550694191390541719666315838972410591623670421776941504283143172717981264043174292245897185227496420826383646720.0000000,-0.0000000,-0.0000000},
{0.3033020,0.6692534,0.1329485,0.2563660,0.6512575,0.1267454,0.4276287,0.7437975,0.1554718,0.7534055,0.7813996,0.2775666,0.5010418,0.8069707,0.3355026,0.5629000,0.8486000,0.4264000,0.5522000,0.6919000,0.3164000,0.6060000,0.6262000,0.2449000,0.6029000,0.5935000,0.3618000,0.6541000,0.5227000,0.5234000,-8314453278979406286764165961517956658350258964603042750096867792550694191390541719666315838972410591623670421776941504283143172717981264043174292245897185227496420826383646720.0000000,-0.0000000,-0.0000000},
{0.3000919,0.6663491,0.1311859,0.2531255,0.6486759,0.1246840,0.4253775,0.7405516,0.1555766,0.7519195,0.7785727,0.2788966,0.4994108,0.8070266,0.3351690,0.5616000,0.8473000,0.4267000,0.5515000,0.6910000,0.3165000,0.6055000,0.6256000,0.2448000,0.6027000,0.5931000,0.3617000,0.6540000,0.5224000,0.5234000,-8314453278979406286764165961517956658350258964603042750096867792550694191390541719666315838972410591623670421776941504283143172717981264043174292245897185227496420826383646720.0000000,-0.0000000,-0.0000000},
{0.2969817,0.6634891,0.1294177,0.2499446,0.6461052,0.1225921,0.4232800,0.7374921,0.1556702,0.7504686,0.7757961,0.2802040,0.4977655,0.8070794,0.3348346,0.5605000,0.8460000,0.4269000,0.5510000,0.6901000,0.3167000,0.6051000,0.6250000,0.2447000,0.6024000,0.5926000,0.3617000,0.6539000,0.5222000,0.5235000,-8314453278979406286764165961517956658350258964603042750096867792550694191390541719666315838972410591623670421776941504283143172717981264043174292245897185227496420826383646720.0000000,-0.0000000,-0.0000000},
{0.2939583,0.6606636,0.1276393,0.2468716,0.6435857,0.1205037,0.4212862,0.7345510,0.1557554,0.7491291,0.7732181,0.2814189,0.4961879,0.8071265,0.3345159,0.5594000,0.8448000,0.4272000,0.5505000,0.6893000,0.3168000,0.6046000,0.6244000,0.2447000,0.6022000,0.5921000,0.3617000,0.6537000,0.5219000,0.5235000,-8314453278979406286764165961517956658350258964603042750096867792550694191390541719666315838972410591623670421776941504283143172717981264043174292245897185227496420826383646720.0000000,-0.0000000,-0.0000000},
{0.2911026,0.6579516,0.1259030,0.2437939,0.6410251,0.1183423,0.4193979,0.7317359,0.1558327,0.7478141,0.7706737,0.2826189,0.4947771,0.8071658,0.3342325,0.5583000,0.8436000,0.4273000,0.5501000,0.6884000,0.3168000,0.6043000,0.6239000,0.2447000,0.6018000,0.5916000,0.3618000,0.6536000,0.5217000,0.5236000,-8314453278979406286764165961517956658350258964603042750096867792550694191390541719666315838972410591623670421776941504283143172717981264043174292245897185227496420826383646720.0000000,-0.0000000,-0.0000000},
{0.2884664,0.6554092,0.1242492,0.2408141,0.6385088,0.1161798,0.4176707,0.7291348,0.1559004,0.7464867,0.7680912,0.2838378,0.4934951,0.8071991,0.3339764,0.5573000,0.8425000,0.4274000,0.5497000,0.6876000,0.3168000,0.6040000,0.6234000,0.2446000,0.6015000,0.5912000,0.3618000,0.6535000,0.5214000,0.5236000,-8314453278979406286764165961517956658350258964603042750096867792550694191390541719666315838972410591623670421776941504283143172717981264043174292245897185227496420826383646720.0000000,-0.0000000,-0.0000000},
{0.2858307,0.6528279,0.1225442,0.2379314,0.6360377,0.1140190,0.4160636,0.7266917,0.1559608,0.7453687,0.7659051,0.2848704,0.4922166,0.8072301,0.3337223,0.5563000,0.8414000,0.4275000,0.5494000,0.6868000,0.3168000,0.6038000,0.6229000,0.2446000,0.6012000,0.5907000,0.3619000,0.6535000,0.5210000,0.5236000,-8314453278979406286764165961517956658350258964603042750096867792550694191390541719666315838972410591623670421776941504283143172717981264043174292245897185227496420826383646720.0000000,-0.0000000,-0.0000000},
{0.2833594,0.6503705,0.1208968,0.2350482,0.6335281,0.1117862,0.4146152,0.7244706,0.1560130,0.7442988,0.7638036,0.2858636,0.4911425,0.8072544,0.3335098,0.5554000,0.8404000,0.4276000,0.5490000,0.6860000,0.3168000,0.6035000,0.6224000,0.2447000,0.6010000,0.5902000,0.3619000,0.6534000,0.5207000,0.5237000,-8314453278979406286764165961517956658350258964603042750096867792550694191390541719666315838972410591623670421776941504283143172717981264043174292245897185227496420826383646720.0000000,-0.0000000,-0.0000000},
{0.2810221,0.6480116,0.1192932,0.2321352,0.6309515,0.1094536,0.4133150,0.7224608,0.1560581,0.7432671,0.7617683,0.2868262,0.4900268,0.8072780,0.3332900,0.5546000,0.8394000,0.4277000,0.5487000,0.6853000,0.3168000,0.6034000,0.6219000,0.2447000,0.6009000,0.5896000,0.3619000,0.6534000,0.5204000,0.5237000,-8314453278979406286764165961517956658350258964603042750096867792550694191390541719666315838972410591623670421776941504283143172717981264043174292245897185227496420826383646720.0000000,-0.0000000,-0.0000000},
{0.2788396,0.6457770,0.1177540,0.2294256,0.6285158,0.1072105,0.4120782,0.7205347,0.1560993,0.7424329,0.7601162,0.2876079,0.4890960,0.8072963,0.3331074,0.5537000,0.8386000,0.4278000,0.5484000,0.6845000,0.3168000,0.6031000,0.6214000,0.2447000,0.6008000,0.5892000,0.3619000,0.6533000,0.5200000,0.5237000,-8314453278979406286764165961517956658350258964603042750096867792550694191390541719666315838972410591623670421776941504283143172717981264043174292245897185227496420826383646720.0000000,-0.0000000,-0.0000000},
{0.2767406,0.6435973,0.1162337,0.2267543,0.6260753,0.1049257,0.4110433,0.7189124,0.1561326,0.7415525,0.7583662,0.2884364,0.4881350,0.8073140,0.3329195,0.5530000,0.8376000,0.4279000,0.5481000,0.6838000,0.3169000,0.6030000,0.6211000,0.2448000,0.6007000,0.5888000,0.3619000,0.6533000,0.5197000,0.5237000,-8314453278979406286764165961517956658350258964603042750096867792550694191390541719666315838972410591623670421776941504283143172717981264043174292245897185227496420826383646720.0000000,-0.0000000,-0.0000000},
{0.2749898,0.6417555,0.1149344,0.2248961,0.6243535,0.1032910,0.4101365,0.7174827,0.1561608,0.7410014,0.7572675,0.2889568,0.4872339,0.8073295,0.3327441,0.5523000,0.8368000,0.4279000,0.5478000,0.6831000,0.3169000,0.6027000,0.6205000,0.2448000,0.6005000,0.5883000,0.3620000,0.6534000,0.5193000,0.5238000,-8314453278979406286764165961517956658350258964603042750096867792550694191390541719666315838972410591623670421776941504283143172717981264043174292245897185227496420826383646720.0000000,-0.0000000,-0.0000000},
{0.2737821,0.6404720,0.1140210,0.2240940,0.6236039,0.1025735,0.4094103,0.7163320,0.1561827,0.7403379,0.7559411,0.2895852,0.4865543,0.8073404,0.3326123,0.5516000,0.8359000,0.4280000,0.5475000,0.6823000,0.3170000,0.6026000,0.6201000,0.2448000,0.6009000,0.5878000,0.3619000,0.6534000,0.5188000,0.5238000,-8314453278979406286764165961517956658350258964603042750096867792550694191390541719666315838972410591623670421776941504283143172717981264043174292245897185227496420826383646720.0000000,-0.0000000,-0.0000000},
{0.2731471,0.6397926,0.1135350,0.2238462,0.6233715,0.1023502,0.4088824,0.7154924,0.1561983,0.7398369,0.7549374,0.2900609,0.4858308,0.8073513,0.3324722,0.5510000,0.8351000,0.4281000,0.5472000,0.6817000,0.3169000,0.6024000,0.6196000,0.2448000,0.6009000,0.5873000,0.3620000,0.6534000,0.5184000,0.5237000,-8314453278979406286764165961517956658350258964603042750096867792550694191390541719666315838972410591623670421776941504283143172717981264043174292245897185227496420826383646720.0000000,-0.0000000,-0.0000000},
{0.2728542,0.6394782,0.1133094,0.2238529,0.6233778,0.1023563,0.4087737,0.7153192,0.1562015,0.7396758,0.7546140,0.2902142,0.4853000,0.8073588,0.3323698,0.5504000,0.8343000,0.4281000,0.5470000,0.6809000,0.3168000,0.6023000,0.6192000,0.2448000,0.6007000,0.5868000,0.3621000,0.6536000,0.5179000,0.5237000,-8314453278979406286764165961517956658350258964603042750096867792550694191390541719666315838972410591623670421776941504283143172717981264043174292245897185227496420826383646720.0000000,-0.0000000,-0.0000000},
{0.2728542,0.6394782,0.1133094,0.2238712,0.6233950,0.1023728,0.4086920,0.7151890,0.1562039,0.7396758,0.7546140,0.2902142,0.4850175,0.8073627,0.3323154,0.5498000,0.8337000,0.4279000,0.5469000,0.6802000,0.3167000,0.6023000,0.6187000,0.2447000,0.6004000,0.5862000,0.3621000,0.6537000,0.5174000,0.5237000,-8314453278979406286764165961517956658350258964603042750096867792550694191390541719666315838972410591623670421776941504283143172717981264043174292245897185227496420826383646720.0000000,-0.0000000,-0.0000000},
{0.2729276,0.6395571,0.1133661,0.2239811,0.6234981,0.1024719,0.4088793,0.7154876,0.1561984,0.7399265,0.7551169,0.2899759,0.4848657,0.8073647,0.3322861,0.5494000,0.8333000,0.4277000,0.5467000,0.6795000,0.3166000,0.6023000,0.6182000,0.2448000,0.6003000,0.5857000,0.3620000,0.6538000,0.5169000,0.5236000,-8314453278979406286764165961517956658350258964603042750096867792550694191390541719666315838972410591623670421776941504283143172717981264043174292245897185227496420826383646720.0000000,-0.0000000,-0.0000000}
};
