fitErrPi Mean = 0.318282
fitErrTh Mean = 0.0189142
fitErrWr Mean = 0.0142661
fitErrLA Mean = 0.0195168
fitErrEl Mean = 0.0512839
fitErrUA Mean = 0.0306274
efPts = {
{0.6929699,0.3747263,0.2695284,0.6936461,0.3062511,0.2740418,0.7391897,0.8853968,0.1263264,0.8713988,0.8434326,0.3863465,0.6756738,0.7033338,0.4397878,0.7468000,0.7340000,0.5369000,0.7438000,0.6147000,0.4010000,0.7566000,0.6024000,0.2815000,0.7970000,0.5383000,0.3816000,0.8846000,0.4205000,0.4675000,0.3182823,-0.0000000,0.0000000},
{0.6930234,0.3746445,0.2694772,0.6932072,0.3068125,0.2744451,0.6079812,0.5153414,0.2855376,0.5509902,0.6598863,0.2623832,0.6758358,0.7035810,0.4399036,0.7477000,0.7334000,0.5372000,0.7446000,0.6139000,0.4012000,0.7573000,0.6019000,0.2813000,0.7973000,0.5379000,0.3815000,0.8848000,0.4198000,0.4672000,0.3182823,-0.0000000,0.0000000},
{0.6929777,0.3747143,0.2695209,0.6927950,0.3073426,0.2748211,0.6079703,0.5153793,0.2855442,0.5511683,0.6602927,0.2622750,0.6759970,0.7038273,0.4400184,0.7486000,0.7328000,0.5375000,0.7454000,0.6130000,0.4013000,0.7580000,0.6014000,0.2811000,0.7977000,0.5376000,0.3815000,0.8849000,0.4191000,0.4670000,0.3182823,-0.0000000,0.0000000},
{0.6929184,0.3748051,0.2695776,0.6921544,0.3081718,0.2753998,0.6079703,0.5153793,0.2855442,0.5514193,0.6608632,0.2621239,0.6762546,0.7042216,0.4402007,0.7494000,0.7323000,0.5377000,0.7462000,0.6122000,0.4015000,0.7587000,0.6008000,0.2809000,0.7980000,0.5373000,0.3814000,0.8850000,0.4183000,0.4669000,0.3182823,-0.0000000,0.0000000},
{0.6927578,0.3750510,0.2697307,0.6913310,0.3092470,0.2761337,0.6079314,0.5155142,0.2855676,0.5516262,0.6613317,0.2620003,0.6763931,0.7044338,0.4402982,0.7502000,0.7318000,0.5378000,0.7470000,0.6113000,0.4016000,0.7594000,0.6003000,0.2807000,0.7984000,0.5369000,0.3813000,0.8851000,0.4177000,0.4667000,0.3182823,-0.0000000,0.0000000},
{0.6924741,0.3754870,0.2699997,0.6904533,0.3104049,0.2769040,0.6078232,0.5158918,0.2856326,0.5519689,0.6621043,0.2617977,0.6766108,0.7047680,0.4404507,0.7509000,0.7314000,0.5378000,0.7478000,0.6105000,0.4018000,0.7600000,0.5998000,0.2805000,0.7987000,0.5365000,0.3811000,0.8852000,0.4171000,0.4665000,0.3182823,-0.0000000,0.0000000},
{0.6920697,0.3761122,0.2703805,0.6894362,0.3117619,0.2777813,0.6076464,0.5165154,0.2857383,0.5524133,0.6630998,0.2615386,0.6768230,0.7050942,0.4405984,0.7516000,0.7310000,0.5378000,0.7486000,0.6096000,0.4020000,0.7607000,0.5992000,0.2803000,0.7990000,0.5363000,0.3809000,0.8853000,0.4164000,0.4662000,0.3182823,-0.0000000,0.0000000},
{0.6914561,0.3770688,0.2709520,0.6881990,0.3134338,0.2788263,0.6073981,0.5174059,0.2858852,0.5529428,0.6642766,0.2612353,0.6770891,0.7055041,0.4407824,0.7522000,0.7307000,0.5377000,0.7486000,0.6096000,0.4020000,0.7614000,0.5987000,0.2801000,0.7993000,0.5360000,0.3806000,0.8853000,0.4160000,0.4659000,0.3182823,-0.0000000,0.0000000},
{0.6906908,0.3782752,0.2716540,0.6868683,0.3152582,0.2799236,0.6071427,0.5183403,0.2860346,0.5536551,0.6658450,0.2608360,0.6773934,0.7059738,0.4409913,0.7529000,0.7305000,0.5376000,0.7491000,0.6096000,0.4017000,0.7621000,0.5982000,0.2799000,0.7995000,0.5356000,0.3803000,0.8854000,0.4153000,0.4657000,0.3182823,-0.0000000,0.0000000},
{0.6897858,0.3797206,0.2724690,0.6854487,0.3172336,0.2810640,0.6067662,0.5197523,0.2862514,0.5544339,0.6675405,0.2604105,0.6776957,0.7064413,0.4411970,0.7534000,0.7303000,0.5374000,0.7495000,0.6096000,0.4013000,0.7628000,0.5976000,0.2797000,0.7997000,0.5354000,0.3800000,0.8855000,0.4149000,0.4654000,0.3182823,-0.0000000,0.0000000},
{0.6886949,0.3814904,0.2734298,0.6839214,0.3193925,0.2822567,0.6063543,0.5213470,0.2864837,0.5553574,0.6695266,0.2599202,0.6781037,0.7070741,0.4414719,0.7540000,0.7301000,0.5372000,0.7499000,0.6097000,0.4010000,0.7635000,0.5971000,0.2795000,0.8000000,0.5352000,0.3796000,0.8855000,0.4145000,0.4650000,0.3182823,-0.0000000,0.0000000},
{0.6875487,0.3833815,0.2744140,0.6824326,0.3215297,0.2833854,0.6058832,0.5232398,0.2867428,0.5563786,0.6716931,0.2593952,0.6785738,0.7078055,0.4417850,0.7546000,0.7301000,0.5369000,0.7503000,0.6100000,0.4005000,0.7642000,0.5966000,0.2793000,0.8002000,0.5351000,0.3793000,0.8857000,0.4142000,0.4649000,0.3182823,-0.0000000,0.0000000},
{0.6863865,0.3853319,0.2753856,0.6807160,0.3240337,0.2846460,0.6053997,0.5252634,0.2870008,0.5575447,0.6741314,0.2588165,0.6791121,0.7086459,0.4421387,0.7552000,0.7301000,0.5366000,0.7506000,0.6103000,0.4000000,0.7649000,0.5960000,0.2791000,0.8004000,0.5349000,0.3789000,0.8856000,0.4140000,0.4644000,0.3182823,-0.0000000,0.0000000},
{0.6850795,0.3875649,0.2764470,0.6789590,0.3266402,0.2858915,0.6048972,0.5274610,0.2872598,0.5587657,0.6766461,0.2582330,0.6796868,0.7095464,0.4425106,0.7558000,0.7302000,0.5362000,0.7510000,0.6107000,0.3994000,0.7656000,0.5955000,0.2789000,0.8005000,0.5349000,0.3786000,0.8856000,0.4137000,0.4642000,0.3182823,-0.0000000,0.0000000},
{0.6836142,0.3901174,0.2775977,0.6769530,0.3296693,0.2872588,0.6043110,0.5301580,0.2875490,0.5601680,0.6794882,0.2575895,0.6802742,0.7104706,0.4428849,0.7564000,0.7303000,0.5357000,0.7512000,0.6112000,0.3989000,0.7663000,0.5950000,0.2787000,0.8006000,0.5348000,0.3782000,0.8856000,0.4134000,0.4640000,0.3182823,-0.0000000,0.0000000},
{0.6820862,0.3928340,0.2787537,0.6749829,0.3326988,0.2885455,0.6037249,0.5330138,0.2878227,0.5616983,0.6825374,0.2569178,0.6675224,0.7240930,0.3789475,0.7570000,0.7305000,0.5351000,0.7514000,0.6117000,0.3982000,0.7669000,0.5944000,0.2785000,0.8005000,0.5347000,0.3778000,0.8855000,0.4131000,0.4637000,0.3182823,-0.0000000,0.0000000},
{0.6802658,0.3961432,0.2800730,0.6727794,0.3361502,0.2899198,0.6031058,0.5362255,0.2880929,0.5633710,0.6858121,0.2562174,0.6683259,0.7258765,0.3785987,0.7576000,0.7307000,0.5345000,0.7515000,0.6123000,0.3975000,0.7676000,0.5939000,0.2783000,0.8004000,0.5346000,0.3775000,0.8854000,0.4128000,0.4636000,0.3182823,-0.0000000,0.0000000},
{0.6783827,0.3996493,0.2813718,0.6703242,0.3400738,0.2913711,0.6023925,0.5402127,0.2883763,0.5653404,0.6895949,0.2554351,0.6692233,0.7278543,0.3782324,0.7582000,0.7310000,0.5338000,0.7513000,0.6129000,0.3968000,0.7683000,0.5934000,0.2781000,0.8002000,0.5346000,0.3772000,0.8853000,0.4127000,0.4634000,0.3182823,-0.0000000,0.0000000},
{0.6763191,0.4035876,0.2827185,0.6677695,0.3442421,0.2927929,0.6016612,0.5446795,0.2886302,0.5674936,0.6936474,0.2546283,0.6701993,0.7299894,0.3778604,0.7586000,0.7314000,0.5331000,0.7513000,0.6136000,0.3960000,0.7690000,0.5928000,0.2779000,0.7999000,0.5345000,0.3768000,0.8852000,0.4125000,0.4633000,0.3182823,-0.0000000,0.0000000},
{0.6741709,0.4077934,0.2840356,0.6651291,0.3486415,0.2941687,0.6009786,0.5492736,0.2888260,0.5699009,0.6980828,0.2537816,0.6712889,0.7323549,0.3774755,0.7589000,0.7320000,0.5323000,0.7510000,0.6144000,0.3952000,0.7697000,0.5923000,0.2777000,0.7996000,0.5345000,0.3765000,0.8850000,0.4124000,0.4632000,0.3182823,-0.0000000,0.0000000},
{0.6718375,0.4124847,0.2853684,0.6622704,0.3535081,0.2955518,0.6002864,0.5544608,0.2889731,0.5725240,0.7028105,0.2529204,0.6724910,0.7349434,0.3770857,0.7591000,0.7327000,0.5315000,0.7507000,0.6153000,0.3943000,0.7704000,0.5918000,0.2775000,0.7993000,0.5345000,0.3762000,0.8848000,0.4123000,0.4632000,0.3182823,-0.0000000,0.0000000},
{0.6694226,0.4174743,0.2866407,0.6592948,0.3586873,0.2968749,0.5996096,0.5602110,0.2890512,0.5753697,0.7078253,0.2520526,0.6737866,0.7377102,0.3767038,0.7592000,0.7335000,0.5306000,0.7503000,0.6163000,0.3933000,0.7711000,0.5912000,0.2773000,0.7990000,0.5344000,0.3759000,0.8845000,0.4121000,0.4631000,0.3182823,-0.0000000,0.0000000},
{0.6668134,0.4230193,0.2878924,0.6561646,0.3642594,0.2981391,0.5989959,0.5662291,0.2890440,0.5784304,0.7130966,0.2511902,0.6751621,0.7406230,0.3763390,0.7592000,0.7345000,0.5297000,0.7500000,0.6174000,0.3924000,0.7718000,0.5907000,0.2770000,0.7988000,0.5344000,0.3755000,0.8842000,0.4120000,0.4631000,0.3182823,-0.0000000,0.0000000},
{0.6641127,0.4289284,0.2890530,0.6528627,0.3702748,0.2993313,0.5984116,0.5730174,0.2889345,0.5817597,0.7186986,0.2503289,0.6766104,0.7436646,0.3759971,0.7592000,0.7354000,0.5287000,0.7496000,0.6185000,0.3913000,0.7725000,0.5902000,0.2768000,0.7985000,0.5343000,0.3752000,0.8838000,0.4118000,0.4631000,0.3182823,-0.0000000,0.0000000},
{0.6612833,0.4353055,0.2901202,0.6493953,0.3767435,0.3004274,0.5979166,0.5800794,0.2887144,0.5852766,0.7244788,0.2494991,0.6781354,0.7468407,0.3756811,0.7591000,0.7364000,0.5277000,0.7492000,0.6197000,0.3901000,0.7732000,0.5897000,0.2766000,0.7981000,0.5343000,0.3748000,0.8833000,0.4117000,0.4631000,0.3182823,-0.0000000,0.0000000},
{0.6583426,0.4421384,0.2910660,0.6457480,0.3837156,0.3014076,0.5975043,0.5876678,0.2883655,0.5890825,0.7305874,0.2486863,0.6796323,0.7499335,0.3754121,0.7590000,0.7375000,0.5267000,0.7488000,0.6210000,0.3891000,0.7738000,0.5891000,0.2764000,0.7977000,0.5342000,0.3745000,0.8828000,0.4117000,0.4633000,0.3182823,-0.0000000,0.0000000},
{0.6553405,0.4493329,0.2918570,0.6419928,0.3910746,0.3022310,0.5971933,0.5957314,0.2878754,0.5931538,0.7369666,0.2479073,0.6813917,0.7535389,0.3751451,0.7588000,0.7387000,0.5257000,0.7482000,0.6222000,0.3879000,0.7745000,0.5886000,0.2762000,0.7973000,0.5343000,0.3741000,0.8821000,0.4119000,0.4634000,0.3182823,-0.0000000,0.0000000},
{0.6522636,0.4569412,0.2924806,0.6381048,0.3988889,0.3028833,0.5970022,0.6039852,0.2872542,0.5974337,0.7435127,0.2471814,0.6831082,0.7570270,0.3749329,0.7587000,0.7400000,0.5248000,0.7477000,0.6237000,0.3866000,0.7752000,0.5881000,0.2760000,0.7968000,0.5345000,0.3738000,0.8815000,0.4121000,0.4637000,0.3182823,-0.0000000,0.0000000},
{0.6491751,0.4648237,0.2929111,0.6341536,0.4070358,0.3033347,0.5969322,0.6128886,0.2864561,0.6020114,0.7503464,0.2465026,0.6850068,0.7608537,0.3747509,0.7585000,0.7414000,0.5237000,0.7473000,0.6250000,0.3853000,0.7752000,0.5881000,0.2760000,0.7962000,0.5347000,0.3734000,0.8808000,0.4124000,0.4640000,0.3182823,-0.0000000,0.0000000},
{0.6460478,0.4730634,0.2931410,0.6300739,0.4156687,0.3035735,0.5969972,0.6218780,0.2855227,0.6066771,0.7571456,0.2459073,0.6869458,0.7647290,0.3746191,0.7583000,0.7429000,0.5227000,0.7466000,0.6264000,0.3841000,0.7767000,0.5903000,0.2753000,0.7955000,0.5350000,0.3732000,0.8799000,0.4126000,0.4643000,0.3182823,-0.0000000,0.0000000},
{0.6429762,0.4814191,0.2931574,0.6259698,0.4245850,0.3035755,0.5971952,0.6309694,0.2844545,0.6117816,0.7644059,0.2453598,0.6889990,0.7687985,0.3745361,0.7582000,0.7444000,0.5216000,0.7461000,0.6279000,0.3828000,0.7766000,0.5915000,0.2747000,0.7948000,0.5352000,0.3729000,0.8789000,0.4129000,0.4646000,0.3182823,-0.0000000,0.0000000},
{0.6397313,0.4905416,0.2929392,0.6217959,0.4338975,0.3033260,0.5975361,0.6404226,0.2832169,0.6167284,0.7712755,0.2449260,0.6910872,0.7729030,0.3745088,0.7581000,0.7460000,0.5206000,0.7455000,0.6294000,0.3815000,0.7760000,0.5923000,0.2744000,0.7940000,0.5355000,0.3727000,0.8778000,0.4131000,0.4650000,0.3182823,-0.0000000,0.0000000},
{0.6365639,0.4997538,0.2924811,0.6176191,0.4434716,0.3028141,0.5980195,0.6500472,0.2818288,0.6218914,0.7782814,0.2445685,0.6932253,0.7770709,0.3745380,0.7580000,0.7477000,0.5196000,0.7450000,0.6309000,0.3804000,0.7754000,0.5933000,0.2741000,0.7931000,0.5359000,0.3725000,0.8767000,0.4134000,0.4653000,0.3182823,-0.0000000,0.0000000},
{0.6333792,0.5093409,0.2917617,0.6133923,0.4534301,0.3020188,0.5986488,0.6598506,0.2802862,0.6271775,0.7852907,0.2442978,0.6953736,0.7812251,0.3746233,0.7579000,0.7494000,0.5186000,0.7443000,0.6323000,0.3793000,0.7747000,0.5943000,0.2738000,0.7920000,0.5362000,0.3724000,0.8756000,0.4137000,0.4657000,0.3182823,-0.0000000,0.0000000},
{0.6303013,0.5189361,0.2908035,0.6091894,0.4636131,0.3009392,0.5994239,0.6697869,0.2785936,0.6326564,0.7923901,0.2441134,0.6976688,0.7856270,0.3747744,0.7579000,0.7512000,0.5177000,0.7438000,0.6338000,0.3782000,0.7739000,0.5953000,0.2736000,0.7909000,0.5365000,0.3723000,0.8744000,0.4140000,0.4661000,0.3182823,-0.0000000,0.0000000},
{0.6272089,0.5289280,0.2895609,0.6049246,0.4742475,0.2995338,0.6003503,0.6798822,0.2767435,0.6383602,0.7996111,0.2440203,0.6999559,0.7899774,0.3749847,0.7578000,0.7530000,0.5168000,0.7433000,0.6353000,0.3771000,0.7730000,0.5963000,0.2734000,0.7898000,0.5370000,0.3723000,0.8732000,0.4144000,0.4666000,0.3182823,-0.0000000,0.0000000},
{0.6241703,0.5391175,0.2880436,0.6006979,0.4851040,0.2978149,0.6014348,0.6901589,0.2747272,0.6441281,0.8067450,0.2440239,0.7022376,0.7942826,0.3752525,0.7578000,0.7548000,0.5159000,0.7427000,0.6368000,0.3760000,0.7721000,0.5973000,0.2731000,0.7887000,0.5374000,0.3722000,0.8720000,0.4149000,0.4671000,0.3182823,-0.0000000,0.0000000},
{0.6212002,0.5494667,0.2862501,0.5964686,0.4963050,0.2957477,0.6026603,0.7004313,0.2725788,0.6501028,0.8139642,0.2441270,0.7046198,0.7987408,0.3755924,0.7577000,0.7566000,0.5150000,0.7421000,0.6383000,0.3750000,0.7712000,0.5984000,0.2727000,0.7876000,0.5379000,0.3721000,0.8709000,0.4154000,0.4676000,0.3182823,-0.0000000,0.0000000},
{0.6182910,0.5600167,0.2841642,0.5922499,0.5078407,0.2933129,0.6040103,0.7105855,0.2703249,0.6560824,0.8210221,0.2443273,0.7069103,0.8029931,0.3759764,0.7576000,0.7584000,0.5140000,0.7417000,0.6399000,0.3739000,0.7700000,0.5995000,0.2724000,0.7865000,0.5383000,0.3720000,0.8694000,0.4157000,0.4682000,0.3182823,-0.0000000,0.0000000},
{0.6154883,0.5706118,0.2818107,0.5882713,0.5190803,0.2906459,0.6055151,0.7208487,0.2679148,0.6621511,0.8280203,0.2446266,0.7092940,0.8073827,0.3764349,0.7574000,0.7601000,0.5131000,0.7412000,0.6412000,0.3727000,0.7688000,0.6006000,0.2721000,0.7855000,0.5387000,0.3718000,0.8694000,0.4157000,0.4682000,0.3182823,-0.0000000,0.0000000},
{0.6127932,0.5812519,0.2791875,0.5841949,0.5309947,0.2875037,0.6071270,0.7309008,0.2654246,0.6682343,0.8348735,0.2450206,0.7115421,0.8114899,0.3769218,0.7572000,0.7617000,0.5123000,0.7407000,0.6425000,0.3715000,0.7674000,0.6017000,0.2719000,0.7844000,0.5390000,0.3717000,0.8671000,0.4168000,0.4692000,0.3182823,-0.0000000,0.0000000},
{0.6102386,0.5918041,0.2763289,0.5803442,0.5426601,0.2841132,0.6088867,0.7410034,0.2627907,0.6744169,0.8416776,0.2455149,0.7138807,0.8157286,0.3774843,0.7571000,0.7633000,0.5115000,0.7403000,0.6438000,0.3703000,0.7659000,0.6026000,0.2718000,0.7834000,0.5393000,0.3715000,0.8658000,0.4171000,0.4696000,0.3182823,-0.0000000,0.0000000},
{0.6078307,0.6022317,0.2732506,0.5766459,0.5542847,0.2804242,0.6107243,0.7507726,0.2601159,0.6805977,0.8483209,0.2461013,0.7162377,0.8199658,0.3781089,0.7569000,0.7650000,0.5107000,0.7388000,0.6448000,0.3687000,0.7644000,0.6036000,0.2716000,0.7823000,0.5395000,0.3712000,0.8644000,0.4175000,0.4701000,0.3182823,-0.0000000,0.0000000},
{0.6055399,0.6126609,0.2699166,0.5731026,0.5658601,0.2764395,0.6127147,0.7606161,0.2572903,0.6867992,0.8548302,0.2467806,0.7186407,0.8242494,0.3788056,0.7567000,0.7667000,0.5099000,0.7386000,0.6460000,0.3676000,0.7631000,0.6044000,0.2713000,0.7812000,0.5399000,0.3709000,0.8631000,0.4179000,0.4705000,0.3182823,-0.0000000,0.0000000},
{0.6034099,0.6228870,0.2663949,0.5697960,0.5771051,0.2722657,0.6147577,0.7700522,0.2544548,0.6930147,0.8611995,0.2475514,0.7210405,0.8284906,0.3795625,0.7565000,0.7685000,0.5090000,0.7384000,0.6473000,0.3665000,0.7620000,0.6052000,0.2709000,0.7800000,0.5404000,0.3705000,0.8616000,0.4184000,0.4709000,0.3182823,-0.0000000,0.0000000},
{0.6014245,0.6329737,0.2626700,0.5666678,0.5881990,0.2678488,0.6169157,0.7793944,0.2515203,0.6991504,0.8673370,0.2483996,0.7234580,0.8327253,0.3803874,0.7563000,0.7704000,0.5081000,0.7379000,0.6487000,0.3656000,0.7612000,0.6060000,0.2704000,0.7788000,0.5410000,0.3701000,0.8602000,0.4189000,0.4713000,0.3182823,-0.0000000,0.0000000},
{0.5996116,0.6427588,0.2588104,0.5636648,0.5993373,0.2631064,0.6191359,0.7884268,0.2485575,0.7051950,0.8732388,0.2493193,0.7258429,0.8368651,0.3812639,0.7560000,0.7724000,0.5072000,0.7372000,0.6501000,0.3646000,0.7604000,0.6070000,0.2699000,0.7774000,0.5417000,0.3697000,0.8588000,0.4195000,0.4717000,0.3182823,-0.0000000,0.0000000},
{0.5979520,0.6523192,0.2547969,0.5609373,0.6099476,0.2582915,0.6214197,0.7971822,0.2455617,0.7111676,0.8789302,0.2503096,0.7281391,0.8408147,0.3821680,0.7558000,0.7744000,0.5062000,0.7364000,0.6515000,0.3636000,0.7597000,0.6079000,0.2695000,0.7762000,0.5424000,0.3693000,0.8573000,0.4201000,0.4722000,0.3182823,-0.0000000,0.0000000},
{0.5964455,0.6616350,0.2506454,0.5583965,0.6203417,0.2532817,0.6237217,0.8055197,0.2425893,0.7169137,0.8842745,0.2513387,0.7304189,0.8446996,0.3831257,0.7555000,0.7763000,0.5052000,0.7353000,0.6528000,0.3627000,0.7591000,0.6089000,0.2689000,0.7750000,0.5432000,0.3689000,0.8558000,0.4208000,0.4727000,0.3182823,-0.0000000,0.0000000},
{0.5950949,0.6706625,0.2463847,0.5560806,0.6303408,0.2481756,0.6260488,0.8135007,0.2396281,0.7226060,0.8894415,0.2524321,0.7325844,0.8483554,0.3840927,0.7552000,0.7783000,0.5043000,0.7339000,0.6540000,0.3618000,0.7585000,0.6098000,0.2685000,0.7738000,0.5439000,0.3686000,0.8543000,0.4215000,0.4732000,0.3182823,-0.0000000,0.0000000},
{0.5939211,0.6792079,0.2421243,0.5539686,0.6400035,0.2429597,0.6284112,0.8211865,0.2366622,0.7280921,0.8943010,0.2535558,0.7346947,0.8518843,0.3850907,0.7549000,0.7803000,0.5034000,0.7322000,0.6551000,0.3610000,0.7577000,0.6107000,0.2682000,0.7725000,0.5445000,0.3683000,0.8527000,0.4222000,0.4737000,0.3182823,-0.0000000,0.0000000},
{0.5928839,0.6875090,0.2377615,0.5520775,0.6492137,0.2377155,0.6307721,0.8284827,0.2337356,0.7333663,0.8988609,0.2547015,0.7366946,0.8551967,0.3860892,0.7545000,0.7822000,0.5026000,0.7304000,0.6562000,0.3603000,0.7560000,0.6115000,0.2680000,0.7713000,0.5453000,0.3681000,0.8510000,0.4230000,0.4742000,0.3182823,-0.0000000,0.0000000},
{0.5920046,0.6953392,0.2334307,0.5504077,0.6579131,0.2325023,0.6331150,0.8353725,0.2308653,0.7384605,0.9031596,0.2558692,0.7386015,0.8583251,0.3870911,0.7542000,0.7842000,0.5018000,0.7285000,0.6574000,0.3597000,0.7561000,0.6127000,0.2676000,0.7699000,0.5460000,0.3679000,0.8494000,0.4238000,0.4748000,0.3182823,-0.0000000,0.0000000},
{0.5912379,0.7030661,0.2289376,0.5489373,0.6661535,0.2273155,0.6354247,0.8418462,0.2280665,0.7433396,0.9071787,0.2570449,0.7403975,0.8612433,0.3880814,0.7539000,0.7862000,0.5010000,0.7268000,0.6587000,0.3591000,0.7558000,0.6139000,0.2673000,0.7686000,0.5469000,0.3679000,0.8477000,0.4248000,0.4753000,0.3182823,-0.0000000,0.0000000},
{0.5906644,0.7097127,0.2248858,0.5476294,0.6740986,0.2220689,0.6377048,0.8479451,0.2253321,0.7479891,0.9109180,0.2582179,0.7420499,0.8639031,0.3890344,0.7536000,0.7882000,0.5002000,0.7254000,0.6603000,0.3585000,0.7550000,0.6149000,0.2671000,0.7672000,0.5478000,0.3677000,0.8460000,0.4257000,0.4760000,0.3182823,-0.0000000,0.0000000},
{0.5901811,0.7162902,0.2206929,0.5465159,0.6814987,0.2169488,0.6399490,0.8536808,0.2226665,0.7524079,0.9143885,0.2593811,0.7436284,0.8664201,0.3899840,0.7533000,0.7903000,0.4995000,0.7243000,0.6620000,0.3579000,0.7542000,0.6159000,0.2669000,0.7659000,0.5488000,0.3677000,0.8444000,0.4268000,0.4766000,0.3182823,-0.0000000,0.0000000},
{0.5898008,0.7226290,0.2164662,0.5455451,0.6886358,0.2117800,0.6421109,0.8589677,0.2201219,0.7564611,0.9174993,0.2604903,0.7450292,0.8686334,0.3908605,0.7530000,0.7923000,0.4988000,0.7233000,0.6637000,0.3575000,0.7533000,0.6169000,0.2668000,0.7646000,0.5498000,0.3677000,0.8427000,0.4280000,0.4774000,0.3182823,-0.0000000,0.0000000},
{0.5895245,0.7286364,0.2122780,0.5447345,0.6953287,0.2067099,0.6442529,0.8639850,0.2176221,0.7603495,0.9204173,0.2615930,0.7463567,0.8707122,0.3917219,0.7527000,0.7944000,0.4981000,0.7223000,0.6653000,0.3571000,0.7524000,0.6180000,0.2667000,0.7633000,0.5509000,0.3678000,0.8409000,0.4291000,0.4781000,0.3182823,-0.0000000,0.0000000},
{0.5893403,0.7345080,0.2079974,0.5440684,0.7016208,0.2017291,0.6463220,0.8686311,0.2152268,0.7639054,0.9230279,0.2626351,0.7476014,0.8726443,0.3925581,0.7524000,0.7964000,0.4975000,0.7214000,0.6670000,0.3567000,0.7514000,0.6189000,0.2666000,0.7620000,0.5519000,0.3679000,0.8391000,0.4304000,0.4789000,0.3182823,-0.0000000,0.0000000},
{0.5892573,0.7394435,0.2042434,0.5435442,0.7074227,0.1969356,0.6483761,0.8730551,0.2128671,0.7671845,0.9253853,0.2636252,0.7487051,0.8743427,0.3933239,0.7520000,0.7984000,0.4968000,0.7203000,0.6685000,0.3563000,0.7505000,0.6199000,0.2665000,0.7607000,0.5530000,0.3679000,0.8372000,0.4317000,0.4796000,0.3182823,-0.0000000,0.0000000},
{0.5892460,0.7443999,0.2003168,0.5431427,0.7127953,0.1923089,0.6503397,0.8771138,0.2106281,0.7703847,0.9276390,0.2646187,0.7497431,0.8759270,0.3940660,0.7516000,0.8005000,0.4961000,0.7194000,0.6700000,0.3559000,0.7496000,0.6210000,0.2664000,0.7594000,0.5542000,0.3680000,0.8353000,0.4330000,0.4804000,0.3182823,-0.0000000,0.0000000},
{0.5893021,0.7488002,0.1966869,0.5428524,0.7177206,0.1878938,0.6522085,0.8808265,0.2085116,0.7731761,0.9295661,0.2655079,0.7506848,0.8773526,0.3947583,0.7511000,0.8025000,0.4954000,0.7183000,0.6716000,0.3556000,0.7487000,0.6221000,0.2662000,0.7581000,0.5554000,0.3680000,0.8334000,0.4342000,0.4814000,0.3182823,-0.0000000,0.0000000},
{0.5894137,0.7528466,0.1932184,0.5426601,0.7221670,0.1837522,0.6540723,0.8843866,0.2064146,0.7758915,0.9314056,0.2663932,0.7515540,0.8786582,0.3954143,0.7507000,0.8046000,0.4946000,0.7172000,0.6731000,0.3552000,0.7478000,0.6231000,0.2661000,0.7568000,0.5566000,0.3680000,0.8316000,0.4357000,0.4821000,0.3182823,-0.0000000,0.0000000},
{0.5895702,0.7565332,0.1899393,0.5425497,0.7261288,0.1799257,0.6557808,0.8875275,0.2045042,0.7783196,0.9330205,0.2672023,0.7523515,0.8798472,0.3960311,0.7502000,0.8066000,0.4938000,0.7162000,0.6747000,0.3547000,0.7469000,0.6242000,0.2659000,0.7556000,0.5578000,0.3680000,0.8297000,0.4372000,0.4827000,0.3182823,-0.0000000,0.0000000},
{0.5897629,0.7599002,0.1868361,0.5425037,0.7297308,0.1763254,0.6574633,0.8905080,0.2026339,0.7804822,0.9344347,0.2679370,0.7530371,0.8808621,0.3965733,0.7497000,0.8086000,0.4929000,0.7151000,0.6762000,0.3543000,0.7459000,0.6252000,0.2658000,0.7544000,0.5591000,0.3681000,0.8278000,0.4385000,0.4839000,0.3182823,-0.0000000,0.0000000},
{0.5899842,0.7629736,0.1839051,0.5425110,0.7330457,0.1729010,0.6590105,0.8931518,0.2009233,0.7824016,0.9356704,0.2686004,0.7536789,0.8818061,0.3970912,0.7492000,0.8106000,0.4921000,0.7141000,0.6777000,0.3538000,0.7449000,0.6262000,0.2656000,0.7532000,0.5603000,0.3681000,0.8261000,0.4400000,0.4848000,0.3182823,-0.0000000,0.0000000},
{0.5902298,0.7658068,0.1811123,0.5425610,0.7359929,0.1697593,0.6605238,0.8956488,0.1992589,0.7841079,0.9367535,0.2691991,0.7542342,0.8826176,0.3975477,0.7487000,0.8126000,0.4912000,0.7131000,0.6793000,0.3533000,0.7440000,0.6272000,0.2654000,0.7520000,0.5615000,0.3681000,0.8243000,0.4415000,0.4856000,0.3182823,-0.0000000,0.0000000},
{0.5904960,0.7684284,0.1784437,0.5426483,0.7387598,0.1667197,0.6619225,0.8978793,0.1977281,0.7855507,0.9376577,0.2697121,0.7547034,0.8832996,0.3979397,0.7482000,0.8147000,0.4903000,0.7121000,0.6809000,0.3528000,0.7429000,0.6283000,0.2652000,0.7507000,0.5628000,0.3681000,0.8225000,0.4431000,0.4864000,0.3182823,-0.0000000,0.0000000},
{0.5907773,0.7708448,0.1759059,0.5427660,0.7413075,0.1638375,0.6632641,0.8999496,0.1962664,0.7868246,0.9384471,0.2701702,0.7551000,0.8838732,0.3982756,0.7477000,0.8167000,0.4894000,0.7112000,0.6825000,0.3524000,0.7420000,0.6294000,0.2650000,0.7495000,0.5641000,0.3681000,0.8207000,0.4446000,0.4871000,0.3182823,-0.0000000,0.0000000},
{0.5910712,0.7730825,0.1734830,0.5429123,0.7437074,0.1610433,0.6645411,0.9018579,0.1948812,0.7878367,0.9390683,0.2705377,0.7554291,0.8843472,0.3985577,0.7473000,0.8187000,0.4885000,0.7104000,0.6841000,0.3519000,0.7410000,0.6304000,0.2648000,0.7482000,0.5654000,0.3681000,0.8190000,0.4462000,0.4878000,0.3182823,-0.0000000,0.0000000},
{0.5913824,0.7752060,0.1711136,0.5430861,0.7459909,0.1583075,0.6657719,0.9036399,0.1935516,0.7885764,0.9395189,0.2708083,0.7556560,0.8846731,0.3987540,0.7467000,0.8207000,0.4875000,0.7095000,0.6857000,0.3514000,0.7401000,0.6315000,0.2646000,0.7470000,0.5667000,0.3682000,0.8173000,0.4478000,0.4886000,0.3182823,-0.0000000,0.0000000},
{0.5917220,0.7772947,0.1687104,0.5432781,0.7480915,0.1557190,0.6669476,0.9052901,0.1922866,0.7891299,0.9398542,0.2710118,0.7558792,0.8849925,0.3989484,0.7462000,0.8226000,0.4864000,0.7087000,0.6872000,0.3509000,0.7392000,0.6325000,0.2645000,0.7458000,0.5682000,0.3682000,0.8156000,0.4494000,0.4893000,0.3182823,-0.0000000,0.0000000},
{0.5920595,0.7791804,0.1664734,0.5434972,0.7501382,0.1531252,0.6680288,0.9067627,0.1911276,0.7895711,0.9401203,0.2711748,0.7559718,0.8851249,0.3990295,0.7456000,0.8245000,0.4853000,0.7080000,0.6887000,0.3504000,0.7383000,0.6336000,0.2643000,0.7447000,0.5695000,0.3683000,0.8139000,0.4511000,0.4900000,0.3182823,-0.0000000,0.0000000},
{0.5924208,0.7810257,0.1642168,0.5437360,0.7520737,0.1506019,0.6691223,0.9082086,0.1899597,0.7897698,0.9402398,0.2712483,0.7560257,0.8852019,0.3990768,0.7450000,0.8263000,0.4842000,0.7072000,0.6901000,0.3498000,0.7375000,0.6347000,0.2641000,0.7436000,0.5708000,0.3684000,0.8123000,0.4527000,0.4908000,0.3182823,-0.0000000,0.0000000},
{0.5927948,0.7827772,0.1620075,0.5439993,0.7539502,0.1480846,0.6701182,0.9094876,0.1888997,0.7897744,0.9402426,0.2712500,0.7560257,0.8852019,0.3990768,0.7443000,0.8281000,0.4831000,0.7065000,0.6914000,0.3493000,0.7366000,0.6356000,0.2640000,0.7425000,0.5721000,0.3685000,0.8108000,0.4543000,0.4916000,0.3182823,-0.0000000,0.0000000},
{0.5931997,0.7845196,0.1597381,0.5442752,0.7556992,0.1456700,0.6710859,0.9106956,0.1878730,0.7896240,0.9401521,0.2711943,0.7559896,0.8851503,0.3990451,0.7436000,0.8298000,0.4819000,0.7057000,0.6927000,0.3487000,0.7358000,0.6366000,0.2638000,0.7415000,0.5734000,0.3685000,0.8092000,0.4560000,0.4923000,0.3182823,-0.0000000,0.0000000},
{0.5936126,0.7861554,0.1575365,0.5445733,0.7573946,0.1432610,0.6719666,0.9117655,0.1869416,0.7892244,0.9399113,0.2710467,0.7558789,0.8849921,0.3989481,0.7429000,0.8315000,0.4807000,0.7050000,0.6940000,0.3480000,0.7351000,0.6375000,0.2636000,0.7404000,0.5748000,0.3686000,0.8077000,0.4576000,0.4931000,0.3182823,-0.0000000,0.0000000},
{0.5940427,0.7877281,0.1553477,0.5449013,0.7590755,0.1408001,0.6728215,0.9127770,0.1860401,0.7887413,0.9396190,0.2708688,0.7557268,0.8847745,0.3988155,0.7421000,0.8331000,0.4795000,0.7042000,0.6951000,0.3474000,0.7343000,0.6384000,0.2635000,0.7394000,0.5759000,0.3687000,0.8061000,0.4592000,0.4938000,0.3182823,-0.0000000,0.0000000},
{0.5944899,0.7892403,0.1531699,0.5452440,0.7606650,0.1384004,0.6735799,0.9136522,0.1852424,0.7881179,0.9392400,0.2706404,0.7555531,0.8845254,0.3986647,0.7413000,0.8346000,0.4782000,0.7035000,0.6961000,0.3468000,0.7336000,0.6392000,0.2632000,0.7384000,0.5771000,0.3687000,0.8047000,0.4608000,0.4945000,0.3182823,-0.0000000,0.0000000},
{0.5949178,0.7905832,0.1511691,0.5455950,0.7621483,0.1360912,0.6742423,0.9143995,0.1845475,0.7874026,0.9388025,0.2703797,0.7552803,0.8841332,0.3984298,0.7404000,0.8361000,0.4770000,0.7028000,0.6973000,0.3462000,0.7329000,0.6399000,0.2630000,0.7375000,0.5784000,0.3688000,0.8033000,0.4624000,0.4952000,0.3182823,-0.0000000,0.0000000},
{0.5953691,0.7919016,0.1491369,0.5459516,0.7635292,0.1338749,0.6748409,0.9150611,0.1839207,0.7865339,0.9382678,0.2700653,0.7550908,0.8838600,0.3982678,0.7395000,0.8375000,0.4758000,0.7021000,0.6982000,0.3456000,0.7322000,0.6406000,0.2628000,0.7365000,0.5795000,0.3688000,0.8020000,0.4640000,0.4959000,0.3182823,-0.0000000,0.0000000},
{0.5958219,0.7931339,0.1471702,0.5463184,0.7648377,0.1317103,0.6753965,0.9156636,0.1833401,0.7856693,0.9377316,0.2697546,0.7548046,0.8834462,0.3980250,0.7386000,0.8389000,0.4746000,0.7014000,0.6992000,0.3449000,0.7315000,0.6413000,0.2627000,0.7357000,0.5806000,0.3689000,0.8007000,0.4656000,0.4965000,0.3182823,-0.0000000,0.0000000},
{0.5962874,0.7943154,0.1452163,0.5466841,0.7660447,0.1296522,0.6759058,0.9162060,0.1828088,0.7848195,0.9372008,0.2694514,0.7545410,0.8830639,0.3978033,0.7376000,0.8402000,0.4734000,0.7008000,0.7000000,0.3443000,0.7308000,0.6420000,0.2625000,0.7350000,0.5817000,0.3689000,0.7995000,0.4671000,0.4972000,0.3182823,-0.0000000,0.0000000},
{0.5967616,0.7954384,0.1432903,0.5470684,0.7672210,0.1275844,0.6764373,0.9167619,0.1822555,0.7839532,0.9366559,0.2691445,0.7542030,0.8825721,0.3975218,0.7365000,0.8415000,0.4722000,0.7002000,0.7009000,0.3437000,0.7302000,0.6425000,0.2622000,0.7342000,0.5827000,0.3690000,0.7984000,0.4685000,0.4978000,0.3182823,-0.0000000,0.0000000},
{0.5972297,0.7964744,0.1414467,0.5474536,0.7683172,0.1255969,0.6768507,0.9171873,0.1818257,0.7830332,0.9360731,0.2688210,0.7539174,0.8821552,0.3972863,0.7354000,0.8427000,0.4711000,0.6995000,0.7015000,0.3430000,0.7296000,0.6430000,0.2620000,0.7335000,0.5836000,0.3689000,0.7973000,0.4699000,0.4984000,0.3182823,-0.0000000,0.0000000},
{0.5977096,0.7974679,0.1396113,0.5478578,0.7693883,0.1235927,0.6773124,0.9176549,0.1813464,0.7821870,0.9355332,0.2685257,0.7536387,0.8817470,0.3970584,0.7343000,0.8439000,0.4700000,0.6989000,0.7022000,0.3424000,0.7290000,0.6435000,0.2618000,0.7328000,0.5845000,0.3690000,0.7962000,0.4713000,0.4990000,0.3182823,-0.0000000,0.0000000},
{0.5982048,0.7984258,0.1377712,0.5482491,0.7703561,0.1217237,0.6776843,0.9180261,0.1809609,0.7813384,0.9349882,0.2682316,0.7534168,0.8814213,0.3968784,0.7331000,0.8450000,0.4689000,0.6982000,0.7029000,0.3418000,0.7284000,0.6439000,0.2616000,0.7321000,0.5854000,0.3689000,0.7952000,0.4727000,0.4994000,0.3182823,-0.0000000,0.0000000},
{0.5986867,0.7992975,0.1360287,0.5486664,0.7713210,0.1197992,0.6780343,0.9183706,0.1805986,0.7805335,0.9344680,0.2679546,0.7531615,0.8810456,0.3966729,0.7320000,0.8461000,0.4680000,0.6976000,0.7035000,0.3413000,0.7279000,0.6443000,0.2613000,0.7314000,0.5862000,0.3689000,0.7941000,0.4739000,0.4999000,0.3182823,-0.0000000,0.0000000}
};
