fitErrPi Mean = 0.0375443
fitErrTh Mean = 0.0156741
fitErrWr Mean = 0.025115
fitErrLA Mean = 0.181293
fitErrEl Mean = 0.0409165
fitErrUA Mean = 0.157988
efPts = {
{0.7064350,0.6645082,-0.1142856,0.6293383,0.6838106,-0.0933961,1.6751180,0.1396969,0.0886862,0.8986717,0.8162486,0.3710990,0.7083719,0.5711383,0.7055338,0.7281000,0.7366000,0.4912000,0.7343000,0.6513000,0.3791000,0.7998000,0.6124000,0.3646000,0.8322000,0.5524000,0.3884000,0.9305000,0.5060000,0.4561000,0.6606109,0.6684043,-0.1304099},
{0.6238030,0.3560153,0.3022542,0.6202775,0.2941432,0.2733283,0.6658122,0.4955314,0.2923216,0.5696241,0.6534987,0.2458542,0.6564092,0.6982251,0.4557545,0.7297000,0.7373000,0.4911000,0.7360000,0.6517000,0.3794000,0.8011000,0.6129000,0.3646000,0.8334000,0.5530000,0.3884000,0.9318000,0.5064000,0.4560000,0.5574947,0.3112620,0.2967979},
{0.6231818,0.3579369,0.3028229,0.6192477,0.2962856,0.2746813,0.6665013,0.4965404,0.2918730,0.5703713,0.6554413,0.2451431,0.6574307,0.6990437,0.4563283,0.7312000,0.7380000,0.4910000,0.7378000,0.6520000,0.3797000,0.8024000,0.6135000,0.3646000,0.8346000,0.5536000,0.3884000,0.9331000,0.5068000,0.4558000,0.5567106,0.3137148,0.2971988},
{0.6223193,0.3606412,0.3035908,0.6179640,0.2989949,0.2763343,0.6674608,0.4979398,0.2912498,0.5712861,0.6577649,0.2443072,0.6583037,0.6997423,0.4568201,0.7326000,0.7386000,0.4908000,0.7395000,0.6524000,0.3800000,0.8036000,0.6140000,0.3645000,0.8359000,0.5541000,0.3885000,0.9344000,0.5071000,0.4557000,0.5557561,0.3167521,0.2976587},
{0.6213199,0.3638278,0.3044482,0.6164684,0.3022059,0.2782129,0.6686635,0.4996857,0.2904706,0.5723725,0.6604524,0.2433599,0.6592489,0.7004976,0.4573539,0.7335000,0.7398000,0.4908000,0.7413000,0.6528000,0.3803000,0.8049000,0.6144000,0.3644000,0.8370000,0.5544000,0.3886000,0.9357000,0.5075000,0.4556000,0.5546756,0.3202602,0.2981408},
{0.6201808,0.3675318,0.3053820,0.6148550,0.3057354,0.2801822,0.6700967,0.5017540,0.2895451,0.5737131,0.6636719,0.2422523,0.6601730,0.7012350,0.4578773,0.7347000,0.7407000,0.4906000,0.7430000,0.6531000,0.3806000,0.8060000,0.6147000,0.3644000,0.8381000,0.5548000,0.3886000,0.9370000,0.5078000,0.4554000,0.5535003,0.3241631,0.2986173},
{0.6189147,0.3717417,0.3063638,0.6130918,0.3096715,0.2822662,0.6716803,0.5040242,0.2885262,0.5752275,0.6671941,0.2410738,0.6612680,0.7021074,0.4584992,0.7358000,0.7417000,0.4903000,0.7448000,0.6535000,0.3810000,0.8071000,0.6151000,0.3644000,0.8393000,0.5554000,0.3885000,0.9382000,0.5081000,0.4552000,0.5522255,0.3285026,0.2990756},
{0.6175207,0.3764942,0.3073740,0.6111651,0.3140674,0.2844612,0.6734101,0.5064862,0.2874177,0.5769537,0.6710773,0.2398136,0.6623489,0.7029671,0.4591150,0.7370000,0.7427000,0.4900000,0.7465000,0.6538000,0.3813000,0.8079000,0.6155000,0.3644000,0.8404000,0.5558000,0.3885000,0.9393000,0.5083000,0.4550000,0.5508967,0.3331489,0.2994855},
{0.6159749,0.3819139,0.3084035,0.6090899,0.3189134,0.2867282,0.6751995,0.5090139,0.2862757,0.5788217,0.6751395,0.2385386,0.6634621,0.7038509,0.4597513,0.7389000,0.7429000,0.4890000,0.7483000,0.6542000,0.3816000,0.8089000,0.6160000,0.3644000,0.8414000,0.5562000,0.3883000,0.9404000,0.5085000,0.4548000,0.5494219,0.3384595,0.2998556},
{0.6143302,0.3878631,0.3093888,0.6068221,0.3243435,0.2890892,0.6771864,0.5117981,0.2850132,0.5808491,0.6794030,0.2372467,0.6645823,0.7047387,0.4603936,0.7402000,0.7439000,0.4886000,0.7500000,0.6545000,0.3819000,0.8099000,0.6165000,0.3644000,0.8423000,0.5565000,0.3882000,0.9413000,0.5087000,0.4545000,0.5478917,0.3441504,0.3001401},
{0.6125560,0.3945035,0.3103167,0.6043402,0.3304492,0.2915316,0.6792857,0.5147145,0.2836856,0.5831231,0.6840256,0.2358985,0.6657521,0.7056642,0.4610664,0.7414000,0.7451000,0.4883000,0.7518000,0.6549000,0.3822000,0.8106000,0.6169000,0.3644000,0.8432000,0.5569000,0.3881000,0.9422000,0.5088000,0.4542000,0.5462163,0.3506060,0.3003279},
{0.6107179,0.4016443,0.3111202,0.6017112,0.3371063,0.2939541,0.6816277,0.5179383,0.2822118,0.5855803,0.6888535,0.2345476,0.6669926,0.7066438,0.4617824,0.7427000,0.7462000,0.4880000,0.7535000,0.6552000,0.3825000,0.8114000,0.6174000,0.3645000,0.8440000,0.5573000,0.3879000,0.9430000,0.5089000,0.4539000,0.5445233,0.3573848,0.3003769},
{0.6087849,0.4094633,0.3117781,0.5989135,0.3444098,0.2963417,0.6842462,0.5215060,0.2805731,0.5883038,0.6940246,0.2331642,0.6682482,0.7076333,0.4625097,0.7439000,0.7474000,0.4877000,0.7553000,0.6556000,0.3828000,0.8120000,0.6178000,0.3645000,0.8449000,0.5577000,0.3877000,0.9438000,0.5090000,0.4536000,0.5427277,0.3648781,0.3002616},
{0.6068265,0.4177379,0.3122317,0.5960078,0.3522417,0.2986075,0.6871089,0.5253634,0.2787922,0.5912600,0.6994479,0.2317825,0.6695842,0.7086840,0.4632863,0.7451000,0.7486000,0.4873000,0.7553000,0.6556000,0.3828000,0.8128000,0.6185000,0.3645000,0.8456000,0.5580000,0.3876000,0.9446000,0.5091000,0.4533000,0.5408763,0.3729617,0.2999457},
{0.6048706,0.4263914,0.3124490,0.5930501,0.3604800,0.3006822,0.6901884,0.5294640,0.2768886,0.5944411,0.7050883,0.2304196,0.6709640,0.7097669,0.4640914,0.7463000,0.7497000,0.4870000,0.7559000,0.6570000,0.3824000,0.8134000,0.6188000,0.3645000,0.8463000,0.5584000,0.3874000,0.9453000,0.5091000,0.4530000,0.5390685,0.3812419,0.2994240},
{0.6029438,0.4353409,0.3124068,0.5900570,0.3691022,0.3025344,0.6934960,0.5338132,0.2748575,0.5978585,0.7109464,0.2290826,0.6724934,0.7109644,0.4649874,0.7474000,0.7509000,0.4867000,0.7564000,0.6588000,0.3815000,0.8140000,0.6192000,0.3646000,0.8469000,0.5587000,0.3872000,0.9459000,0.5091000,0.4527000,0.5372656,0.3899241,0.2986700},
{0.6010415,0.4446403,0.3120847,0.5870673,0.3780134,0.3041246,0.6969661,0.5383168,0.2727414,0.6014843,0.7169584,0.2277929,0.6739347,0.7120904,0.4658353,0.7485000,0.7522000,0.4863000,0.7571000,0.6609000,0.3810000,0.8144000,0.6196000,0.3647000,0.8475000,0.5589000,0.3871000,0.9465000,0.5092000,0.4523000,0.5354731,0.3990299,0.2976594},
{0.5991730,0.4542853,0.3114594,0.5840294,0.3873906,0.3054607,0.7005830,0.5429479,0.2705513,0.6053391,0.7231440,0.2265522,0.6755417,0.7133426,0.4667846,0.7496000,0.7535000,0.4860000,0.7578000,0.6627000,0.3805000,0.8150000,0.6200000,0.3647000,0.8481000,0.5592000,0.3869000,0.9470000,0.5092000,0.4520000,0.5336879,0.4086345,0.2963576},
{0.5973460,0.4642820,0.3105064,0.5809172,0.3973540,0.3065196,0.7044194,0.5477920,0.2682451,0.6093106,0.7293168,0.2254005,0.6771643,0.7146039,0.4677474,0.7507000,0.7549000,0.4857000,0.7584000,0.6645000,0.3801000,0.8154000,0.6204000,0.3647000,0.8486000,0.5595000,0.3867000,0.9474000,0.5091000,0.4517000,0.5319409,0.4186339,0.2947531},
{0.5956025,0.4744322,0.3092280,0.5777994,0.4077216,0.3072446,0.7083771,0.5527179,0.2658837,0.6135399,0.7356877,0.2243022,0.6788728,0.7159283,0.4687657,0.7518000,0.7563000,0.4853000,0.7590000,0.6663000,0.3796000,0.8158000,0.6209000,0.3647000,0.8489000,0.5598000,0.3866000,0.9478000,0.5091000,0.4514000,0.5302471,0.4289969,0.2928294},
{0.5938932,0.4850740,0.3075572,0.5746607,0.4185801,0.3076087,0.7126851,0.5580001,0.2633329,0.6179752,0.7421651,0.2232796,0.6807308,0.7173646,0.4698784,0.7529000,0.7576000,0.4850000,0.7596000,0.6681000,0.3792000,0.8158000,0.6206000,0.3653000,0.8493000,0.5601000,0.3864000,0.9481000,0.5090000,0.4511000,0.5285775,0.4399861,0.2905064},
{0.5923097,0.4956742,0.3055610,0.5715777,0.4296934,0.3075778,0.7169233,0.5631182,0.2608429,0.6228350,0.7490432,0.2222976,0.6825658,0.7187788,0.4709829,0.7541000,0.7590000,0.4847000,0.7597000,0.6696000,0.3785000,0.8166000,0.6216000,0.3651000,0.8496000,0.5605000,0.3862000,0.9483000,0.5090000,0.4508000,0.5270223,0.4510726,0.2878741},
{0.5908098,0.5065341,0.3031755,0.5685607,0.4410397,0.3071383,0.7213248,0.5683536,0.2582767,0.6278108,0.7558682,0.2214298,0.6844402,0.7202193,0.4721167,0.7551000,0.7605000,0.4843000,0.7597000,0.6696000,0.3785000,0.8172000,0.6227000,0.3649000,0.8498000,0.5608000,0.3860000,0.9484000,0.5089000,0.4505000,0.5255499,0.4625247,0.2848555},
{0.5894473,0.5172771,0.3004778,0.5656208,0.4525933,0.3062782,0.7258749,0.5736827,0.2556444,0.6329196,0.7626648,0.2206722,0.6864765,0.7217791,0.4733549,0.7561000,0.7620000,0.4840000,0.7605000,0.6729000,0.3776000,0.8175000,0.6234000,0.3648000,0.8499000,0.5610000,0.3858000,0.9484000,0.5088000,0.4502000,0.5241871,0.4742002,0.2814688},
{0.5882032,0.5280413,0.2974374,0.5627869,0.4642509,0.3049969,0.7305001,0.5790160,0.2529893,0.6383345,0.7696529,0.2200058,0.6886518,0.7234398,0.4746850,0.7572000,0.7636000,0.4836000,0.7612000,0.6763000,0.3768000,0.8169000,0.6231000,0.3649000,0.8498000,0.5614000,0.3856000,0.9483000,0.5087000,0.4499000,0.5229518,0.4859871,0.2777358},
{0.5870832,0.5387838,0.2940646,0.5600398,0.4761043,0.3032747,0.7350524,0.5841853,0.2503959,0.6439675,0.7767035,0.2194511,0.6908637,0.7251224,0.4760453,0.7582000,0.7653000,0.4835000,0.7620000,0.6797000,0.3760000,0.8168000,0.6234000,0.3650000,0.8497000,0.5616000,0.3854000,0.9479000,0.5086000,0.4496000,0.5218534,0.4978184,0.2736726},
{0.5860931,0.5494458,0.2903789,0.5573857,0.4881498,0.3010952,0.7397157,0.5894008,0.2477590,0.6497629,0.7837396,0.2190181,0.6934269,0.7270647,0.4776316,0.7594000,0.7672000,0.4833000,0.7620000,0.6797000,0.3760000,0.8167000,0.6240000,0.3650000,0.8494000,0.5620000,0.3851000,0.9475000,0.5084000,0.4493000,0.5208783,0.5098973,0.2691972},
{0.5852217,0.5601615,0.2863299,0.5548251,0.5004166,0.2984321,0.7443775,0.5945362,0.2451423,0.6557914,0.7908389,0.2187070,0.6960347,0.7290324,0.4792563,0.7605000,0.7691000,0.4834000,0.7615000,0.6805000,0.3762000,0.8165000,0.6247000,0.3649000,0.8491000,0.5625000,0.3849000,0.9469000,0.5083000,0.4490000,0.5200591,0.5218617,0.2644363},
{0.5844820,0.5708001,0.2819608,0.5523946,0.5127549,0.2953005,0.7489657,0.5995161,0.2425854,0.6619193,0.7978385,0.2185278,0.6984493,0.7308468,0.4807706,0.7619000,0.7708000,0.4831000,0.7622000,0.6830000,0.3755000,0.8162000,0.6253000,0.3650000,0.8487000,0.5629000,0.3847000,0.9461000,0.5081000,0.4486000,0.5193721,0.5341399,0.2592074},
{0.5838834,0.5811905,0.2773491,0.5501203,0.5250423,0.2917260,0.7537009,0.6045802,0.2399651,0.6683241,0.8049332,0.2184805,0.7009928,0.7327503,0.4823760,0.7632000,0.7726000,0.4830000,0.7626000,0.6848000,0.3751000,0.8160000,0.6262000,0.3650000,0.8483000,0.5634000,0.3845000,0.9453000,0.5078000,0.4483000,0.5188482,0.5462867,0.2536864},
{0.5834186,0.5913818,0.2724846,0.5480031,0.5372754,0.2877081,0.7584519,0.6095864,0.2373546,0.6748559,0.8119468,0.2185727,0.7034111,0.7345526,0.4839121,0.7643000,0.7743000,0.4829000,0.7629000,0.6872000,0.3746000,0.8156000,0.6269000,0.3651000,0.8475000,0.5639000,0.3842000,0.9443000,0.5077000,0.4479000,0.5184874,0.5582312,0.2479122},
{0.5830915,0.6011372,0.2675003,0.5460652,0.5493213,0.2832936,0.7631407,0.6144555,0.2347959,0.6814662,0.8188266,0.2188039,0.7059093,0.7364067,0.4855089,0.7654000,0.7762000,0.4829000,0.7631000,0.6892000,0.3744000,0.8152000,0.6279000,0.3650000,0.8468000,0.5645000,0.3839000,0.9432000,0.5075000,0.4477000,0.5182854,0.5700514,0.2418516},
{0.5828885,0.6106167,0.2623373,0.5443216,0.5610550,0.2785436,0.7677630,0.6191877,0.2322903,0.6880353,0.8254544,0.2191661,0.7085642,0.7383686,0.4872171,0.7663000,0.7783000,0.4832000,0.7627000,0.6902000,0.3743000,0.8146000,0.6288000,0.3650000,0.8458000,0.5651000,0.3837000,0.9418000,0.5074000,0.4473000,0.5182418,0.5815157,0.2356331},
{0.5828051,0.6195924,0.2571454,0.5427679,0.5724615,0.2734852,0.7721422,0.6236103,0.2299316,0.6944133,0.8316966,0.2196398,0.7112994,0.7403806,0.4889891,0.7674000,0.7804000,0.4835000,0.7630000,0.6922000,0.3740000,0.8141000,0.6300000,0.3650000,0.8448000,0.5658000,0.3834000,0.9403000,0.5072000,0.4470000,0.5183518,0.5928488,0.2291435},
{0.5828314,0.6284157,0.2517400,0.5413656,0.5838155,0.2680000,0.7765523,0.6280059,0.2275705,0.7005661,0.8375431,0.2202076,0.7139449,0.7423176,0.4907147,0.7686000,0.7823000,0.4836000,0.7635000,0.6944000,0.3737000,0.8135000,0.6310000,0.3649000,0.8439000,0.5666000,0.3831000,0.9387000,0.5071000,0.4468000,0.5186085,0.6037740,0.2225509},
{0.5829621,0.6368450,0.2462822,0.5401667,0.5946636,0.2623190,0.7808607,0.6322450,0.2252775,0.7066295,0.8431400,0.2208714,0.7165104,0.7441876,0.4923991,0.7698000,0.7842000,0.4837000,0.7639000,0.6966000,0.3734000,0.8129000,0.6323000,0.3649000,0.8428000,0.5675000,0.3827000,0.9370000,0.5069000,0.4465000,0.5190083,0.6144275,0.2157881},
{0.5831895,0.6449185,0.2407702,0.5391627,0.6049676,0.2565027,0.7852526,0.6365111,0.2229538,0.7125603,0.8484594,0.2216189,0.7188757,0.7459043,0.4939618,0.7708000,0.7859000,0.4836000,0.7643000,0.6989000,0.3731000,0.8115000,0.6327000,0.3650000,0.8415000,0.5683000,0.3825000,0.9352000,0.5068000,0.4462000,0.5195304,0.6245160,0.2090633},
{0.5835218,0.6529686,0.2349801,0.5383262,0.6149069,0.2504807,0.7895763,0.6406579,0.2206792,0.7183018,0.8534647,0.2224337,0.7211205,0.7475270,0.4954535,0.7718000,0.7876000,0.4834000,0.7646000,0.7013000,0.3728000,0.8111000,0.6341000,0.3650000,0.8405000,0.5693000,0.3823000,0.9334000,0.5068000,0.4461000,0.5201692,0.6341779,0.2023127},
{0.5839327,0.6604740,0.2293001,0.5376497,0.6245009,0.2442590,0.7937668,0.6446276,0.2184870,0.7239018,0.8582114,0.2233141,0.7230153,0.7488916,0.4967192,0.7726000,0.7894000,0.4831000,0.7646000,0.7031000,0.3724000,0.8107000,0.6355000,0.3649000,0.8393000,0.5702000,0.3821000,0.9317000,0.5067000,0.4459000,0.5209132,0.6433969,0.1955710},
{0.5844326,0.6677745,0.2234963,0.5371391,0.6335285,0.2380112,0.7979183,0.6485134,0.2163267,0.7293747,0.8627223,0.2242557,0.7249431,0.7502752,0.4980130,0.7734000,0.7911000,0.4827000,0.7646000,0.7053000,0.3720000,0.8103000,0.6370000,0.3648000,0.8381000,0.5711000,0.3819000,0.9299000,0.5068000,0.4459000,0.5217620,0.6522711,0.1887851},
{0.5849984,0.6746286,0.2177788,0.5367746,0.6421487,0.2316619,0.8019432,0.6522368,0.2142431,0.7346745,0.8669702,0.2252436,0.7268414,0.7516331,0.4992932,0.7741000,0.7929000,0.4822000,0.7645000,0.7073000,0.3716000,0.8097000,0.6384000,0.3647000,0.8370000,0.5721000,0.3817000,0.9282000,0.5069000,0.4459000,0.5226696,0.6604669,0.1822415},
{0.5856279,0.6811305,0.2120965,0.5365481,0.6503611,0.2252358,0.8056179,0.6555994,0.2123500,0.7397537,0.8709301,0.2262606,0.7288870,0.7530910,0.5006796,0.7747000,0.7947000,0.4818000,0.7644000,0.7092000,0.3713000,0.8091000,0.6396000,0.3647000,0.8358000,0.5729000,0.3817000,0.9265000,0.5070000,0.4460000,0.5236360,0.6681474,0.1758502},
{0.5863118,0.6872699,0.2064818,0.5364527,0.6579752,0.2189202,0.8091463,0.6587952,0.2105403,0.7446491,0.8746439,0.2273060,0.7308985,0.7545194,0.5020498,0.7754000,0.7964000,0.4815000,0.7644000,0.7112000,0.3709000,0.8084000,0.6408000,0.3647000,0.8347000,0.5739000,0.3818000,0.9247000,0.5072000,0.4461000,0.5247040,0.6756987,0.1693032},
{0.5870449,0.6930746,0.2009326,0.5364766,0.6654862,0.2123218,0.8125716,0.6618675,0.2087910,0.7492833,0.8780662,0.2283547,0.7329682,0.7559836,0.5034668,0.7763000,0.7981000,0.4811000,0.7643000,0.7130000,0.3707000,0.8076000,0.6421000,0.3648000,0.8335000,0.5747000,0.3819000,0.9229000,0.5075000,0.4463000,0.5258294,0.6828348,0.1628566},
{0.5878091,0.6984781,0.1955391,0.5366079,0.6722356,0.2060501,0.8158072,0.6647427,0.2071453,0.7535919,0.8811659,0.2293817,0.7349747,0.7573977,0.5048475,0.7772000,0.7996000,0.4807000,0.7641000,0.7147000,0.3704000,0.8068000,0.6433000,0.3649000,0.8323000,0.5756000,0.3818000,0.9212000,0.5078000,0.4464000,0.5269855,0.6894687,0.1566183},
{0.5886225,0.7036610,0.1901417,0.5368363,0.6786001,0.1998091,0.8190993,0.6676415,0.2054773,0.7576910,0.8840409,0.2304055,0.7368466,0.7587122,0.5061419,0.7774000,0.8019000,0.4805000,0.7641000,0.7164000,0.3702000,0.8060000,0.6443000,0.3650000,0.8311000,0.5766000,0.3818000,0.9194000,0.5081000,0.4466000,0.5281634,0.6956356,0.1505883},
{0.5894158,0.7082590,0.1851539,0.5371465,0.6844706,0.1937422,0.8219615,0.6701403,0.2040325,0.7615457,0.8866783,0.2314102,0.7384805,0.7598557,0.5072766,0.7779000,0.8036000,0.4800000,0.7640000,0.7180000,0.3700000,0.8052000,0.6455000,0.3649000,0.8301000,0.5776000,0.3818000,0.9177000,0.5084000,0.4468000,0.5293694,0.7014320,0.1446998},
{0.5902404,0.7126430,0.1802083,0.5375292,0.6899232,0.1878120,0.8246325,0.6724543,0.2026886,0.7650963,0.8890501,0.2323720,0.7400057,0.7609201,0.5083401,0.7783000,0.8053000,0.4797000,0.7639000,0.7197000,0.3696000,0.8044000,0.6465000,0.3649000,0.8290000,0.5785000,0.3819000,0.9159000,0.5087000,0.4470000,0.5305813,0.7068087,0.1390291},
{0.5910827,0.7167694,0.1753691,0.5379721,0.6949561,0.1820585,0.8274129,0.6748450,0.2012942,0.7683571,0.8911793,0.2332863,0.7413472,0.7618536,0.5092788,0.7789000,0.8067000,0.4795000,0.7638000,0.7213000,0.3694000,0.8037000,0.6476000,0.3649000,0.8278000,0.5794000,0.3819000,0.9142000,0.5092000,0.4473000,0.5317902,0.7117836,0.1335867},
{0.5919066,0.7205103,0.1708140,0.5384673,0.6996163,0.1764653,0.8298339,0.6769118,0.2000837,0.7714663,0.8931654,0.2341861,0.7425203,0.7626680,0.5101023,0.7797000,0.8076000,0.4790000,0.7640000,0.7234000,0.3688000,0.8029000,0.6487000,0.3648000,0.8266000,0.5803000,0.3819000,0.9124000,0.5096000,0.4475000,0.5329843,0.7163640,0.1283945},
{0.5927355,0.7240163,0.1663870,0.5389988,0.7038690,0.1711132,0.8320162,0.6787631,0.1989954,0.7741203,0.8948263,0.2349760,0.7436097,0.7634226,0.5108691,0.7795000,0.8097000,0.4789000,0.7637000,0.7245000,0.3687000,0.8022000,0.6498000,0.3647000,0.8253000,0.5813000,0.3820000,0.9106000,0.5101000,0.4478000,0.5341750,0.7206374,0.1233791},
{0.5935275,0.7271529,0.1622859,0.5395482,0.7076901,0.1660797,0.8339038,0.6803554,0.1980563,0.7764860,0.8962797,0.2356972,0.7447924,0.7642400,0.5117040,0.7798000,0.8112000,0.4786000,0.7633000,0.7256000,0.3686000,0.8013000,0.6510000,0.3646000,0.8239000,0.5821000,0.3818000,0.9087000,0.5106000,0.4480000,0.5353221,0.7245038,0.1186855},
{0.5942898,0.7299946,0.1584457,0.5401102,0.7111461,0.1613240,0.8358149,0.6819593,0.1971076,0.7785058,0.8975002,0.2363258,0.7456372,0.7648227,0.5123019,0.7800000,0.8127000,0.4784000,0.7628000,0.7270000,0.3684000,0.8006000,0.6522000,0.3645000,0.8228000,0.5833000,0.3819000,0.9068000,0.5111000,0.4483000,0.5364025,0.7279414,0.1143771},
{0.5950077,0.7325266,0.1549164,0.5406629,0.7141952,0.1569508,0.8374410,0.6833173,0.1963020,0.7803094,0.8985740,0.2368973,0.7465339,0.7654402,0.5129379,0.7806000,0.8135000,0.4780000,0.7623000,0.7281000,0.3681000,0.7998000,0.6533000,0.3644000,0.8214000,0.5842000,0.3818000,0.9048000,0.5116000,0.4485000,0.5374318,0.7310466,0.1103659},
{0.5956994,0.7348446,0.1515893,0.5412059,0.7169159,0.1528933,0.8387816,0.6844324,0.1956389,0.7817111,0.8993981,0.2373480,0.7473730,0.7660170,0.5135343,0.7807000,0.8150000,0.4776000,0.7618000,0.7298000,0.3677000,0.7990000,0.6545000,0.3643000,0.8202000,0.5854000,0.3819000,0.9029000,0.5122000,0.4487000,0.5383909,0.7338014,0.1067049},
{0.5963393,0.7368903,0.1485712,0.5417339,0.7193438,0.1491365,0.8400042,0.6854458,0.1950351,0.7829202,0.9001014,0.2377416,0.7476889,0.7662339,0.5137592,0.7805000,0.8167000,0.4773000,0.7611000,0.7307000,0.3674000,0.7982000,0.6557000,0.3642000,0.8188000,0.5864000,0.3818000,0.9010000,0.5127000,0.4491000,0.5392579,0.7361838,0.1034547},
{0.5969754,0.7388364,0.1456236,0.5422655,0.7216021,0.1455161,0.8411206,0.6863681,0.1944845,0.7838313,0.9006269,0.2380410,0.7483129,0.7666620,0.5142039,0.7804000,0.8182000,0.4769000,0.7618000,0.7325000,0.3667000,0.7975000,0.6568000,0.3640000,0.8177000,0.5875000,0.3819000,0.8992000,0.5133000,0.4493000,0.5400992,0.7384030,0.1003520},
{0.5975860,0.7406270,0.1428412,0.5427913,0.7236756,0.1420745,0.8419917,0.6870859,0.1940553,0.7845601,0.9010443,0.2382824,0.7486331,0.7668815,0.5144324,0.7803000,0.8194000,0.4765000,0.7618000,0.7341000,0.3664000,0.7967000,0.6579000,0.3639000,0.8164000,0.5885000,0.3819000,0.8973000,0.5139000,0.4496000,0.5409134,0.7404683,0.0973946},
{0.5981782,0.7422954,0.1401837,0.5433046,0.7255649,0.1388314,0.8428146,0.6877624,0.1936503,0.7851000,0.9013519,0.2384622,0.7488995,0.7670639,0.5146226,0.7798000,0.8211000,0.4762000,0.7613000,0.7355000,0.3662000,0.7959000,0.6590000,0.3638000,0.8152000,0.5895000,0.3818000,0.8955000,0.5146000,0.4500000,0.5416507,0.7422717,0.0947533},
{0.5987756,0.7439138,0.1375422,0.5438103,0.7273096,0.1357378,0.8435051,0.6883289,0.1933107,0.7853818,0.9015120,0.2385564,0.7492352,0.7672937,0.5148625,0.7796000,0.8222000,0.4756000,0.7603000,0.7363000,0.3660000,0.7951000,0.6599000,0.3636000,0.8141000,0.5905000,0.3819000,0.8938000,0.5153000,0.4503000,0.5423673,0.7439661,0.0922184},
{0.5993444,0.7453973,0.1350617,0.5443418,0.7290307,0.1325841,0.8439814,0.6887191,0.1930766,0.7855629,0.9016146,0.2386171,0.7492352,0.7672937,0.5148625,0.7792000,0.8235000,0.4750000,0.7595000,0.7373000,0.3656000,0.7940000,0.6609000,0.3635000,0.8132000,0.5916000,0.3818000,0.8921000,0.5159000,0.4507000,0.5430270,0.7454772,0.0899115},
{0.5999186,0.7468411,0.1325902,0.5448733,0.7306473,0.1295215,0.8443787,0.6890440,0.1928815,0.7855661,0.9016164,0.2386181,0.7493215,0.7673528,0.5149242,0.7787000,0.8246000,0.4745000,0.7587000,0.7383000,0.3656000,0.7932000,0.6618000,0.3634000,0.8121000,0.5925000,0.3819000,0.8904000,0.5166000,0.4511000,0.5436840,0.7469370,0.0876389},
{0.6005108,0.7482757,0.1300740,0.5454409,0.7322688,0.1263417,0.8447305,0.6893316,0.1927088,0.7854439,0.9015472,0.2385772,0.7491606,0.7672426,0.5148091,0.7780000,0.8257000,0.4739000,0.7575000,0.7387000,0.3652000,0.7923000,0.6626000,0.3632000,0.8109000,0.5932000,0.3820000,0.8888000,0.5173000,0.4516000,0.5443512,0.7483750,0.0853555},
{0.6011045,0.7496607,0.1275837,0.5460561,0.7339149,0.1229920,0.8450942,0.6896286,0.1925302,0.7851665,0.9013897,0.2384844,0.7490738,0.7671832,0.5147471,0.7772000,0.8267000,0.4734000,0.7563000,0.7393000,0.3649000,0.7915000,0.6633000,0.3630000,0.8098000,0.5939000,0.3820000,0.8874000,0.5180000,0.4520000,0.5450448,0.7498238,0.0830073},
{0.6017404,0.7510881,0.1249502,0.5467392,0.7356191,0.1193800,0.8451190,0.6896488,0.1925181,0.7848693,0.9012206,0.2383852,0.7485880,0.7668506,0.5144002,0.7763000,0.8276000,0.4727000,0.7548000,0.7396000,0.3648000,0.7907000,0.6640000,0.3628000,0.8089000,0.5947000,0.3822000,0.8860000,0.5187000,0.4525000,0.5458069,0.7513634,0.0804558},
{0.6024061,0.7525227,0.1222294,0.5474802,0.7373343,0.1155777,0.8452591,0.6897631,0.1924494,0.7844307,0.9009704,0.2382394,0.7482088,0.7665906,0.5141296,0.7753000,0.8284000,0.4721000,0.7543000,0.7403000,0.3643000,0.7898000,0.6645000,0.3627000,0.8077000,0.5952000,0.3822000,0.8847000,0.5194000,0.4530000,0.5466322,0.7529711,0.0777258},
{0.6031721,0.7541013,0.1191421,0.5483013,0.7390875,0.1114926,0.8453142,0.6898081,0.1924223,0.7839344,0.9006861,0.2380751,0.7477459,0.7662731,0.5137998,0.7741000,0.8294000,0.4718000,0.7534000,0.7409000,0.3639000,0.7891000,0.6651000,0.3624000,0.8067000,0.5957000,0.3823000,0.8835000,0.5201000,0.4534000,0.5475502,0.7546890,0.0747278},
{0.6039561,0.7556408,0.1160286,0.5489648,0.7404011,0.1082812,0.8455466,0.6899975,0.1923083,0.7833126,0.9003282,0.2378702,0.7472165,0.7659095,0.5134230,0.7729000,0.8298000,0.4709000,0.7534000,0.7409000,0.3639000,0.7882000,0.6656000,0.3622000,0.8059000,0.5964000,0.3822000,0.8823000,0.5208000,0.4539000,0.5485643,0.7565041,0.0714615},
{0.6046538,0.7569489,0.1132952,0.5494639,0.7413331,0.1059139,0.8455558,0.6900050,0.1923038,0.7826853,0.8999654,0.2376648,0.7467951,0.7656198,0.5131234,0.7716000,0.8304000,0.4704000,0.7524000,0.7415000,0.3634000,0.7874000,0.6660000,0.3620000,0.8049000,0.5967000,0.3825000,0.8811000,0.5214000,0.4544000,0.5494180,0.7579672,0.0687475},
{0.6052318,0.7579903,0.1110562,0.5499149,0.7421359,0.1038091,0.8458365,0.6902337,0.1921661,0.7821394,0.8996480,0.2374869,0.7461998,0.7652103,0.5127007,0.7701000,0.8310000,0.4698000,0.7514000,0.7421000,0.3630000,0.7864000,0.6663000,0.3618000,0.8040000,0.5973000,0.3824000,0.8800000,0.5221000,0.4548000,0.5501444,0.7591671,0.0664629}
};
