fitErrPi Mean = 0.318282
fitErrTh Mean = 0.0116429
fitErrWr Mean = 0.010128
fitErrLA Mean = 0.0294645
fitErrEl Mean = 0.0204211
fitErrUA Mean = 0.130251
efPts = {
{0.7894934,0.3579769,0.2695294,0.8110682,0.2867886,0.2803338,0.7182573,0.4773362,0.3105332,0.9441574,0.9986120,0.3665074,0.9878290,1.1570971,0.4166681,0.7678000,0.6806000,0.5514000,0.7611000,0.5872000,0.3982000,0.7534000,0.5930000,0.2728000,0.8190000,0.5063000,0.3572000,0.9625000,0.4003000,0.4208000,0.3182824,0.0000000,0.0000000},
{0.7890968,0.3584691,0.2697865,0.8103380,0.2875224,0.2809303,0.7178250,0.4780989,0.3104233,0.6183740,0.5803434,0.3425765,0.8448040,0.7770255,0.4859206,0.7683000,0.6809000,0.5514000,0.7617000,0.5867000,0.3981000,0.7539000,0.5927000,0.2726000,0.8196000,0.5059000,0.3570000,0.9624000,0.4001000,0.4209000,0.3182824,0.0000000,0.0000000},
{0.7885561,0.3591417,0.2701346,0.8093745,0.2884970,0.2817043,0.7172268,0.4791583,0.3102702,0.6180960,0.5812261,0.3420481,0.8446192,0.7773728,0.4856668,0.7688000,0.6814000,0.5514000,0.7623000,0.5862000,0.3981000,0.7544000,0.5924000,0.2725000,0.8201000,0.5055000,0.3569000,0.9622000,0.4000000,0.4211000,0.3182824,0.0000000,0.0000000},
{0.7878363,0.3600399,0.2705934,0.8082107,0.2896832,0.2826197,0.7167636,0.4799817,0.3101508,0.6177333,0.5823991,0.3413499,0.8444431,0.7777042,0.4854247,0.7692000,0.6818000,0.5515000,0.7629000,0.5857000,0.3981000,0.7549000,0.5922000,0.2724000,0.8207000,0.5051000,0.3567000,0.9619000,0.3999000,0.4213000,0.3182824,0.0000000,0.0000000},
{0.7869482,0.3611525,0.2711523,0.8068114,0.2911225,0.2836931,0.7160722,0.4812155,0.3099714,0.6173150,0.5837821,0.3405322,0.8442493,0.7780693,0.4851582,0.7696000,0.6824000,0.5515000,0.7635000,0.5852000,0.3980000,0.7555000,0.5919000,0.2723000,0.8213000,0.5047000,0.3566000,0.9617000,0.3998000,0.4215000,0.3182824,0.0000000,0.0000000},
{0.7859032,0.3624679,0.2718000,0.8053353,0.2926556,0.2847938,0.7151592,0.4828538,0.3097321,0.6168790,0.5852604,0.3396650,0.8439183,0.7786947,0.4847023,0.7700000,0.6829000,0.5515000,0.7641000,0.5847000,0.3980000,0.7560000,0.5916000,0.2722000,0.8219000,0.5044000,0.3565000,0.9613000,0.3997000,0.4217000,0.3182824,0.0000000,0.0000000},
{0.7847171,0.3639690,0.2725221,0.8036659,0.2944072,0.2860010,0.7142457,0.4845037,0.3094900,0.6163884,0.5869710,0.3386698,0.8437144,0.7790807,0.4844212,0.7704000,0.6836000,0.5514000,0.7648000,0.5842000,0.3979000,0.7565000,0.5913000,0.2720000,0.8224000,0.5040000,0.3563000,0.9610000,0.3996000,0.4219000,0.3182824,0.0000000,0.0000000},
{0.7834801,0.3655434,0.2732606,0.8018254,0.2963596,0.2872869,0.7132236,0.4863621,0.3092158,0.6158603,0.5888728,0.3375737,0.8432908,0.7798850,0.4838361,0.7708000,0.6843000,0.5514000,0.7654000,0.5836000,0.3979000,0.7570000,0.5910000,0.2719000,0.8230000,0.5036000,0.3562000,0.9606000,0.3996000,0.4221000,0.3182824,0.0000000,0.0000000},
{0.7821229,0.3672813,0.2740540,0.7998829,0.2984434,0.2885949,0.7121057,0.4884102,0.3089118,0.6153190,0.5908914,0.3364219,0.8429662,0.7805033,0.4833869,0.7712000,0.6851000,0.5513000,0.7660000,0.5831000,0.3978000,0.7576000,0.5907000,0.2718000,0.8236000,0.5032000,0.3561000,0.9601000,0.3995000,0.4223000,0.3182824,0.0000000,0.0000000},
{0.7806607,0.3691659,0.2748891,0.7978658,0.3006314,0.2899015,0.7109471,0.4905502,0.3085923,0.6147229,0.5932034,0.3351170,0.8425359,0.7813256,0.4827904,0.7715000,0.6859000,0.5511000,0.7666000,0.5826000,0.3978000,0.7581000,0.5904000,0.2717000,0.8241000,0.5028000,0.3559000,0.9595000,0.3995000,0.4225000,0.3182824,0.0000000,0.0000000},
{0.7790506,0.3712553,0.2757855,0.7957377,0.3029660,0.2912250,0.7096980,0.4928773,0.3082426,0.6141211,0.5956412,0.3337571,0.8421139,0.7821349,0.4822043,0.7718000,0.6869000,0.5509000,0.7672000,0.5821000,0.3977000,0.7586000,0.5901000,0.2716000,0.8247000,0.5025000,0.3558000,0.9589000,0.3995000,0.4228000,0.3182824,0.0000000,0.0000000},
{0.7774348,0.3733672,0.2766608,0.7935007,0.3054476,0.2925576,0.7083585,0.4953962,0.3078615,0.6134893,0.5983257,0.3322780,0.8415847,0.7831543,0.4814674,0.7721000,0.6879000,0.5506000,0.7678000,0.5816000,0.3977000,0.7591000,0.5898000,0.2714000,0.8253000,0.5021000,0.3557000,0.9583000,0.3995000,0.4231000,0.3182824,0.0000000,0.0000000},
{0.7757651,0.3755651,0.2775403,0.7911642,0.3080688,0.2938875,0.7069971,0.4979816,0.3074676,0.6128487,0.6011942,0.3307184,0.8410764,0.7841378,0.4807578,0.7725000,0.6890000,0.5503000,0.7684000,0.5811000,0.3976000,0.7597000,0.5895000,0.2713000,0.8259000,0.5017000,0.3555000,0.9577000,0.3996000,0.4234000,0.3182824,0.0000000,0.0000000},
{0.7739077,0.3780285,0.2784889,0.7887800,0.3107731,0.2951818,0.7055890,0.5006832,0.3070530,0.6122013,0.6042644,0.3290720,0.8404759,0.7853054,0.4799172,0.7728000,0.6902000,0.5499000,0.7690000,0.5806000,0.3976000,0.7602000,0.5892000,0.2712000,0.8264000,0.5013000,0.3554000,0.9570000,0.3996000,0.4238000,0.3182824,0.0000000,0.0000000},
{0.7720329,0.3805342,0.2794151,0.7862540,0.3136698,0.2964861,0.7040902,0.5035898,0.3066036,0.6115595,0.6075053,0.3273590,0.8398255,0.7865769,0.4790038,0.7730000,0.6915000,0.5494000,0.7697000,0.5801000,0.3975000,0.7607000,0.5889000,0.2711000,0.8270000,0.5009000,0.3552000,0.9563000,0.3998000,0.4242000,0.3182824,0.0000000,0.0000000},
{0.7700358,0.3832246,0.2803676,0.7835772,0.3167737,0.2977960,0.7025184,0.5066734,0.3061231,0.6109258,0.6109318,0.3255747,0.8391338,0.7879373,0.4780291,0.7732000,0.6929000,0.5489000,0.7703000,0.5796000,0.3975000,0.7613000,0.5887000,0.2710000,0.8276000,0.5006000,0.3551000,0.9556000,0.3999000,0.4247000,0.3182824,0.0000000,0.0000000},
{0.7679690,0.3860315,0.2813167,0.7807824,0.3200505,0.2990869,0.7008938,0.5098994,0.3056164,0.6102979,0.6145918,0.3236983,0.8384079,0.7893737,0.4770027,0.7733000,0.6945000,0.5485000,0.7709000,0.5790000,0.3974000,0.7618000,0.5884000,0.2708000,0.8282000,0.5002000,0.3550000,0.9547000,0.4000000,0.4251000,0.3182824,0.0000000,0.0000000},
{0.7657735,0.3890381,0.2822846,0.7779054,0.3234610,0.3003367,0.6992509,0.5132029,0.3050932,0.6096782,0.6185224,0.3217158,0.8376839,0.7908157,0.4759751,0.7733000,0.6960000,0.5481000,0.7715000,0.5785000,0.3974000,0.7623000,0.5881000,0.2707000,0.8287000,0.4998000,0.3548000,0.9538000,0.4002000,0.4257000,0.3182824,0.0000000,0.0000000},
{0.7635319,0.3921340,0.2832306,0.7748542,0.3271179,0.3015776,0.6975060,0.5167582,0.3045253,0.6090937,0.6225927,0.3196973,0.8368527,0.7924825,0.4747909,0.7731000,0.6977000,0.5477000,0.7721000,0.5780000,0.3974000,0.7628000,0.5878000,0.2706000,0.8287000,0.4998000,0.3548000,0.9529000,0.4004000,0.4263000,0.3182824,0.0000000,0.0000000},
{0.7612811,0.3952688,0.2841379,0.7718383,0.3307715,0.3027213,0.6957737,0.5203366,0.3039489,0.6085477,0.6268094,0.3176418,0.8360798,0.7940436,0.4736850,0.7729000,0.6992000,0.5473000,0.7727000,0.5775000,0.3973000,0.7634000,0.5875000,0.2705000,0.8284000,0.5005000,0.3549000,0.9518000,0.4007000,0.4269000,0.3182824,0.0000000,0.0000000},
{0.7589863,0.3984919,0.2850196,0.7689609,0.3342923,0.3037383,0.6940441,0.5239593,0.3033603,0.6080516,0.6311025,0.3155849,0.8352699,0.7956910,0.4725215,0.7727000,0.7007000,0.5469000,0.7733000,0.5770000,0.3973000,0.7639000,0.5872000,0.2704000,0.8278000,0.5012000,0.3550000,0.9507000,0.4011000,0.4275000,0.3182824,0.0000000,0.0000000},
{0.7567204,0.4017006,0.2858477,0.7660367,0.3379045,0.3046996,0.6922546,0.5277613,0.3027373,0.6076002,0.6355396,0.3134959,0.8344550,0.7973606,0.4713458,0.7724000,0.7022000,0.5464000,0.7740000,0.5765000,0.3972000,0.7644000,0.5869000,0.2702000,0.8272000,0.5020000,0.3551000,0.9495000,0.4015000,0.4281000,0.3182824,0.0000000,0.0000000},
{0.7543963,0.4050187,0.2866537,0.7632460,0.3413829,0.3055510,0.6904630,0.5316247,0.3020988,0.6072040,0.6400401,0.3114139,0.8337083,0.7989011,0.4702643,0.7722000,0.7036000,0.5459000,0.7746000,0.5760000,0.3972000,0.7649000,0.5866000,0.2701000,0.8265000,0.5025000,0.3552000,0.9484000,0.4018000,0.4287000,0.3182824,0.0000000,0.0000000},
{0.7520773,0.4083562,0.2874145,0.7603974,0.3449641,0.3063552,0.6886876,0.5355109,0.3014510,0.6068602,0.6446515,0.3093179,0.8329070,0.8005661,0.4690987,0.7719000,0.7050000,0.5452000,0.7746000,0.5760000,0.3972000,0.7655000,0.5863000,0.2700000,0.8258000,0.5033000,0.3552000,0.9472000,0.4023000,0.4294000,0.3182824,0.0000000,0.0000000},
{0.7496882,0.4118225,0.2881533,0.7575061,0.3486299,0.3071060,0.6868710,0.5395487,0.3007721,0.6065746,0.6493145,0.3072356,0.8321586,0.8021319,0.4680057,0.7716000,0.7065000,0.5445000,0.7743000,0.5778000,0.3966000,0.7660000,0.5860000,0.2699000,0.8251000,0.5040000,0.3554000,0.9460000,0.4027000,0.4301000,0.3182824,0.0000000,0.0000000},
{0.7471435,0.4155453,0.2888904,0.7543972,0.3526054,0.3078414,0.6849720,0.5438387,0.3000445,0.6063450,0.6540845,0.3051432,0.8313752,0.8037824,0.4668569,0.7712000,0.7079000,0.5438000,0.7738000,0.5796000,0.3961000,0.7665000,0.5857000,0.2698000,0.8244000,0.5045000,0.3556000,0.9449000,0.4032000,0.4308000,0.3182824,0.0000000,0.0000000},
{0.7445678,0.4193457,0.2895847,0.7511601,0.3567814,0.3085297,0.6830531,0.5482478,0.2992899,0.6061707,0.6590743,0.3029937,0.8305380,0.8055594,0.4656239,0.7708000,0.7093000,0.5430000,0.7734000,0.5815000,0.3955000,0.7670000,0.5855000,0.2696000,0.8237000,0.5054000,0.3558000,0.9439000,0.4038000,0.4316000,0.3182824,0.0000000,0.0000000},
{0.7418920,0.4233277,0.2902510,0.7478078,0.3611443,0.3091612,0.6811094,0.5527929,0.2985050,0.6060558,0.6644576,0.3007186,0.8297062,0.8073383,0.4643933,0.7704000,0.7109000,0.5422000,0.7727000,0.5832000,0.3948000,0.7676000,0.5852000,0.2695000,0.8231000,0.5060000,0.3561000,0.9429000,0.4043000,0.4325000,0.3182824,0.0000000,0.0000000},
{0.7391240,0.4274831,0.2908818,0.7443318,0.3657087,0.3097303,0.6791059,0.5575643,0.2976734,0.6060146,0.6699723,0.2984339,0.8287629,0.8093724,0.4629909,0.7699000,0.7127000,0.5414000,0.7717000,0.5849000,0.3943000,0.7681000,0.5849000,0.2694000,0.8227000,0.5066000,0.3563000,0.9420000,0.4049000,0.4333000,0.3182824,0.0000000,0.0000000},
{0.7362540,0.4318303,0.2914734,0.7409319,0.3702120,0.3102043,0.6770594,0.5625332,0.2967992,0.6060514,0.6757025,0.2961076,0.8277820,0.8115064,0.4615249,0.7694000,0.7146000,0.5406000,0.7705000,0.5866000,0.3937000,0.7686000,0.5846000,0.2693000,0.8222000,0.5073000,0.3565000,0.9411000,0.4055000,0.4342000,0.3182824,0.0000000,0.0000000},
{0.7333328,0.4362951,0.2920105,0.7375063,0.3747878,0.3106007,0.6749257,0.5678202,0.2958600,0.6061771,0.6817888,0.2936887,0.8267007,0.8138813,0.4598996,0.7689000,0.7166000,0.5397000,0.7693000,0.5885000,0.3931000,0.7691000,0.5843000,0.2692000,0.8217000,0.5079000,0.3566000,0.9402000,0.4060000,0.4350000,0.3182824,0.0000000,0.0000000},
{0.7303681,0.4408678,0.2924890,0.7339940,0.3795185,0.3109240,0.6728637,0.5730382,0.2949240,0.6063956,0.6880213,0.2912655,0.8256155,0.8162893,0.4582584,0.7684000,0.7187000,0.5388000,0.7680000,0.5904000,0.3925000,0.7697000,0.5840000,0.2690000,0.8212000,0.5085000,0.3567000,0.9392000,0.4065000,0.4357000,0.3182824,0.0000000,0.0000000},
{0.7272661,0.4456966,0.2929177,0.7303382,0.3844842,0.3111723,0.6706531,0.5787571,0.2938880,0.6067095,0.6943740,0.2888503,0.8244795,0.8188364,0.4565296,0.7678000,0.7208000,0.5378000,0.7668000,0.5924000,0.3919000,0.7702000,0.5837000,0.2689000,0.8206000,0.5092000,0.3567000,0.9381000,0.4071000,0.4365000,0.3182824,0.0000000,0.0000000},
{0.7241163,0.4506464,0.2932782,0.7264257,0.3898447,0.3113400,0.6684587,0.5845691,0.2928245,0.6071267,0.7009189,0.2864182,0.8234366,0.8211991,0.4549325,0.7672000,0.7229000,0.5369000,0.7655000,0.5944000,0.3913000,0.7707000,0.5834000,0.2688000,0.8199000,0.5098000,0.3568000,0.9370000,0.4077000,0.4373000,0.3182824,0.0000000,0.0000000},
{0.7208363,0.4558501,0.2935733,0.7224072,0.3953997,0.3114080,0.6663203,0.5903697,0.2917524,0.6076374,0.7074674,0.2840407,0.8223204,0.8237542,0.4532124,0.7667000,0.7249000,0.5360000,0.7644000,0.5963000,0.3907000,0.7712000,0.5831000,0.2687000,0.8192000,0.5106000,0.3569000,0.9357000,0.4083000,0.4381000,0.3182824,0.0000000,0.0000000},
{0.7174716,0.4612412,0.2937910,0.7182740,0.4011646,0.3113692,0.6641304,0.5964584,0.2906158,0.6082634,0.7142601,0.2816323,0.8212426,0.8262476,0.4515408,0.7661000,0.7270000,0.5351000,0.7632000,0.5984000,0.3901000,0.7718000,0.5828000,0.2686000,0.8183000,0.5113000,0.3571000,0.9344000,0.4090000,0.4389000,0.3182824,0.0000000,0.0000000},
{0.7139916,0.4668729,0.2939253,0.7140485,0.4071114,0.3112166,0.6620814,0.6023006,0.2895145,0.6089849,0.7210461,0.2792839,0.8201509,0.8287999,0.4498366,0.7656000,0.7290000,0.5343000,0.7619000,0.6005000,0.3895000,0.7723000,0.5825000,0.2684000,0.8175000,0.5121000,0.3573000,0.9331000,0.4097000,0.4398000,0.3182824,0.0000000,0.0000000},
{0.7105054,0.4725724,0.2939670,0.7097743,0.4131811,0.3109471,0.6598190,0.6089246,0.2882533,0.6098354,0.7281046,0.2769011,0.8190853,0.8313179,0.4481622,0.7652000,0.7311000,0.5335000,0.7608000,0.6025000,0.3889000,0.7728000,0.5822000,0.2683000,0.8166000,0.5128000,0.3575000,0.9318000,0.4104000,0.4407000,0.3182824,0.0000000,0.0000000},
{0.7069521,0.4784408,0.2939133,0.7053563,0.4195120,0.3105476,0.6576477,0.6154658,0.2869950,0.6108012,0.7352693,0.2745440,0.8180298,0.8338385,0.4464928,0.7648000,0.7332000,0.5326000,0.7596000,0.6046000,0.3883000,0.7733000,0.5820000,0.2682000,0.8157000,0.5136000,0.3577000,0.9304000,0.4112000,0.4416000,0.3182824,0.0000000,0.0000000},
{0.7033167,0.4845076,0.2937572,0.7009275,0.4259163,0.3100242,0.6554874,0.6221662,0.2856929,0.6118788,0.7424983,0.2722276,0.8169408,0.8364668,0.4447592,0.7644000,0.7354000,0.5318000,0.7584000,0.6066000,0.3877000,0.7739000,0.5817000,0.2681000,0.8148000,0.5145000,0.3579000,0.9289000,0.4120000,0.4426000,0.3182824,0.0000000,0.0000000},
{0.6996786,0.4906426,0.2934978,0.6964316,0.4324768,0.3093675,0.6533626,0.6289584,0.2843596,0.6130986,0.7499613,0.2699005,0.8158299,0.8391784,0.4429782,0.7641000,0.7377000,0.5310000,0.7572000,0.6088000,0.3872000,0.7744000,0.5814000,0.2680000,0.8138000,0.5153000,0.3582000,0.9275000,0.4128000,0.4436000,0.3182824,0.0000000,0.0000000},
{0.6960575,0.4968132,0.2931361,0.6919056,0.4391415,0.3085787,0.6512328,0.6359848,0.2829663,0.6144371,0.7574834,0.2676204,0.8147357,0.8418792,0.4412117,0.7638000,0.7400000,0.5301000,0.7561000,0.6109000,0.3867000,0.7749000,0.5811000,0.2678000,0.8129000,0.5162000,0.3584000,0.9259000,0.4136000,0.4446000,0.3182824,0.0000000,0.0000000},
{0.6922881,0.5033051,0.2926484,0.6872690,0.4460320,0.3076375,0.6492003,0.6429119,0.2815789,0.6159078,0.7651249,0.2653706,0.8135975,0.8447211,0.4393609,0.7635000,0.7424000,0.5293000,0.7549000,0.6131000,0.3862000,0.7749000,0.5811000,0.2678000,0.8120000,0.5170000,0.3587000,0.9244000,0.4144000,0.4456000,0.3182824,0.0000000,0.0000000},
{0.6884552,0.5099793,0.2920348,0.6825617,0.4530926,0.3065435,0.6471621,0.6500961,0.2801256,0.6174833,0.7727371,0.2631957,0.8124987,0.8474973,0.4375607,0.7633000,0.7448000,0.5284000,0.7538000,0.6152000,0.3856000,0.7738000,0.5822000,0.2685000,0.8110000,0.5180000,0.3589000,0.9228000,0.4152000,0.4465000,0.3182824,0.0000000,0.0000000},
{0.6846116,0.5167471,0.2912982,0.6777482,0.4603811,0.3052796,0.6451583,0.6574141,0.2786304,0.6192318,0.7806260,0.2610110,0.8114056,0.8502913,0.4357567,0.7631000,0.7472000,0.5275000,0.7526000,0.6173000,0.3851000,0.7721000,0.5835000,0.2686000,0.8100000,0.5188000,0.3591000,0.9212000,0.4160000,0.4474000,0.3182824,0.0000000,0.0000000},
{0.6806383,0.5238239,0.2904067,0.6728061,0.4679372,0.3038275,0.6431615,0.6649837,0.2770682,0.6210901,0.7884847,0.2589047,0.8102895,0.8531778,0.4339010,0.7630000,0.7497000,0.5266000,0.7514000,0.6196000,0.3845000,0.7704000,0.5848000,0.2688000,0.8089000,0.5197000,0.3593000,0.9196000,0.4168000,0.4484000,0.3182824,0.0000000,0.0000000},
{0.6766568,0.5309988,0.2893780,0.6677248,0.4757840,0.3021693,0.6412647,0.6724595,0.2755099,0.6231346,0.7966131,0.2567994,0.8091747,0.8560964,0.4320329,0.7628000,0.7521000,0.5257000,0.7503000,0.6218000,0.3838000,0.7685000,0.5860000,0.2691000,0.8079000,0.5205000,0.3595000,0.9180000,0.4176000,0.4494000,0.3182824,0.0000000,0.0000000},
{0.6726125,0.5383749,0.2881909,0.6625973,0.4837836,0.3003234,0.6393548,0.6803001,0.2738592,0.6254638,0.8053237,0.2546263,0.8080745,0.8590121,0.4301748,0.7626000,0.7546000,0.5248000,0.7492000,0.6240000,0.3832000,0.7667000,0.5872000,0.2694000,0.8068000,0.5214000,0.3596000,0.9163000,0.4185000,0.4504000,0.3182824,0.0000000,0.0000000},
{0.6685118,0.5459469,0.2868371,0.6574388,0.4919157,0.2982879,0.6375160,0.6881837,0.2721826,0.6278099,0.8136007,0.2526410,0.8069493,0.8620311,0.4282594,0.7624000,0.7571000,0.5239000,0.7481000,0.6262000,0.3825000,0.7651000,0.5885000,0.2697000,0.8058000,0.5223000,0.3598000,0.9146000,0.4193000,0.4514000,0.3182824,0.0000000,0.0000000},
{0.6644126,0.5536124,0.2853282,0.6522387,0.5002008,0.2960506,0.6357376,0.6961629,0.2704688,0.6302796,0.8218553,0.2507389,0.8057706,0.8652357,0.4262356,0.7622000,0.7596000,0.5231000,0.7471000,0.6284000,0.3820000,0.7638000,0.5898000,0.2701000,0.8048000,0.5233000,0.3599000,0.9129000,0.4202000,0.4524000,0.3182824,0.0000000,0.0000000},
{0.6602337,0.5615294,0.2836242,0.6470137,0.5086166,0.2936098,0.6340046,0.7043211,0.2686990,0.6329218,0.8302391,0.2488874,0.8046910,0.8682093,0.4243661,0.7620000,0.7620000,0.5223000,0.7461000,0.6308000,0.3814000,0.7629000,0.5911000,0.2704000,0.8036000,0.5244000,0.3601000,0.9111000,0.4210000,0.4534000,0.3182824,0.0000000,0.0000000},
{0.6561553,0.5693594,0.2817941,0.6417920,0.5171208,0.2909716,0.6323955,0.7122862,0.2669540,0.6356517,0.8384795,0.2471472,0.8036552,0.8710978,0.4225581,0.7618000,0.7644000,0.5214000,0.7450000,0.6330000,0.3808000,0.7622000,0.5926000,0.2707000,0.8026000,0.5257000,0.3604000,0.9093000,0.4219000,0.4544000,0.3182824,0.0000000,0.0000000},
{0.6520505,0.5773476,0.2797786,0.6365170,0.5258107,0.2880970,0.6308295,0.7204563,0.2651467,0.6385100,0.8467055,0.2454899,0.8026142,0.8740367,0.4207263,0.7616000,0.7667000,0.5206000,0.7439000,0.6352000,0.3802000,0.7617000,0.5941000,0.2708000,0.8015000,0.5270000,0.3606000,0.9074000,0.4228000,0.4555000,0.3182824,0.0000000,0.0000000},
{0.6479054,0.5855282,0.2775589,0.6312639,0.5345672,0.2850167,0.6293308,0.7287287,0.2632990,0.6414886,0.8548913,0.2439213,0.8016171,0.8768871,0.4189571,0.7614000,0.7690000,0.5197000,0.7429000,0.6374000,0.3796000,0.7614000,0.5956000,0.2710000,0.8005000,0.5282000,0.3607000,0.9056000,0.4237000,0.4565000,0.3182824,0.0000000,0.0000000},
{0.6439029,0.5935415,0.2752312,0.6260317,0.5433952,0.2817230,0.6279589,0.7367614,0.2614877,0.6445667,0.8629818,0.2424513,0.8006910,0.8795656,0.4173013,0.7612000,0.7714000,0.5189000,0.7419000,0.6396000,0.3790000,0.7611000,0.5971000,0.2711000,0.7994000,0.5294000,0.3610000,0.9037000,0.4246000,0.4575000,0.3182824,0.0000000,0.0000000},
{0.6398302,0.6018162,0.2726672,0.6208806,0.5521955,0.2782490,0.6266567,0.7448722,0.2596416,0.6477155,0.8709111,0.2410898,0.7997597,0.8822908,0.4156232,0.7611000,0.7737000,0.5181000,0.7408000,0.6418000,0.3783000,0.7608000,0.5985000,0.2712000,0.7983000,0.5306000,0.3612000,0.9018000,0.4256000,0.4584000,0.3182824,0.0000000,0.0000000},
{0.6358536,0.6100203,0.2699625,0.6157171,0.5611319,0.2745233,0.6254343,0.7530075,0.2577728,0.6509421,0.8787078,0.2398293,0.7988714,0.8849204,0.4140102,0.7611000,0.7760000,0.5173000,0.7398000,0.6440000,0.3777000,0.7603000,0.6000000,0.2714000,0.7971000,0.5317000,0.3613000,0.8999000,0.4265000,0.4593000,0.3182824,0.0000000,0.0000000},
{0.6319632,0.6181726,0.2671125,0.6106279,0.5700590,0.2705981,0.6243472,0.7607606,0.2559758,0.6542332,0.8863488,0.2386713,0.7980534,0.8873688,0.4125138,0.7611000,0.7783000,0.5165000,0.7389000,0.6461000,0.3771000,0.7598000,0.6015000,0.2715000,0.7958000,0.5329000,0.3615000,0.8981000,0.4275000,0.4601000,0.3182824,0.0000000,0.0000000},
{0.6280954,0.6264094,0.2640661,0.6055706,0.5790556,0.2664314,0.6233470,0.7684276,0.2541833,0.6575686,0.8937994,0.2376178,0.7972157,0.8899037,0.4109701,0.7611000,0.7806000,0.5158000,0.7380000,0.6484000,0.3765000,0.7593000,0.6029000,0.2718000,0.7946000,0.5340000,0.3617000,0.8962000,0.4284000,0.4609000,0.3182824,0.0000000,0.0000000},
{0.6244114,0.6343855,0.2609532,0.6007543,0.5877486,0.2621982,0.6224288,0.7760285,0.2523912,0.6609294,0.9010319,0.2366690,0.7964542,0.8922325,0.4095568,0.7613000,0.7830000,0.5151000,0.7358000,0.6501000,0.3757000,0.7587000,0.6044000,0.2720000,0.7933000,0.5352000,0.3620000,0.8943000,0.4294000,0.4617000,0.3182824,0.0000000,0.0000000},
{0.6207518,0.6424444,0.2576416,0.5959878,0.5964814,0.2577335,0.6215895,0.7835748,0.2505971,0.6643162,0.9080626,0.2358184,0.7956871,0.8946029,0.4081231,0.7614000,0.7854000,0.5144000,0.7355000,0.6525000,0.3751000,0.7580000,0.6060000,0.2722000,0.7920000,0.5364000,0.3621000,0.8922000,0.4303000,0.4625000,0.3182824,0.0000000,0.0000000},
{0.6173017,0.6501755,0.2543038,0.5913886,0.6050411,0.2531430,0.6208410,0.7909297,0.2488343,0.6676940,0.9148345,0.2350686,0.7949674,0.8968495,0.4067687,0.7616000,0.7878000,0.5138000,0.7352000,0.6547000,0.3745000,0.7573000,0.6075000,0.2724000,0.7907000,0.5377000,0.3624000,0.8902000,0.4313000,0.4633000,0.3182824,0.0000000,0.0000000},
{0.6138952,0.6579466,0.2507857,0.5870289,0.6132871,0.2485113,0.6201789,0.7980830,0.2471062,0.6710614,0.9213625,0.2344124,0.7942956,0.8989672,0.4054960,0.7618000,0.7901000,0.5131000,0.7347000,0.6570000,0.3740000,0.7567000,0.6092000,0.2725000,0.7893000,0.5391000,0.3626000,0.8881000,0.4323000,0.4640000,0.3182824,0.0000000,0.0000000},
{0.6106220,0.6655539,0.2471786,0.5827913,0.6214382,0.2437215,0.6195967,0.8050506,0.2454101,0.6744329,0.9276890,0.2338413,0.7936660,0.9009702,0.4042958,0.7620000,0.7924000,0.5125000,0.7340000,0.6592000,0.3735000,0.7560000,0.6109000,0.2724000,0.7879000,0.5405000,0.3627000,0.8859000,0.4332000,0.4647000,0.3182824,0.0000000,0.0000000},
{0.6076369,0.6726221,0.2436779,0.5788117,0.6292276,0.2389373,0.6190811,0.8119529,0.2437173,0.6778055,0.9338194,0.2333512,0.7930528,0.9029384,0.4031197,0.7621000,0.7947000,0.5119000,0.7332000,0.6614000,0.3731000,0.7551000,0.6125000,0.2724000,0.7863000,0.5419000,0.3629000,0.8837000,0.4342000,0.4654000,0.3182824,0.0000000,0.0000000},
{0.6046889,0.6797367,0.2400039,0.5750180,0.6367888,0.2340892,0.6186435,0.8185799,0.2420802,0.6811360,0.9396892,0.2329427,0.7924295,0.9049574,0.4019167,0.7622000,0.7969000,0.5113000,0.7323000,0.6635000,0.3727000,0.7542000,0.6141000,0.2723000,0.7848000,0.5434000,0.3631000,0.8816000,0.4353000,0.4661000,0.3182824,0.0000000,0.0000000},
{0.6019224,0.6865464,0.2363410,0.5714942,0.6439450,0.2293046,0.6182731,0.8250084,0.2404811,0.6844539,0.9453637,0.2326066,0.7918646,0.9068030,0.4008199,0.7624000,0.7990000,0.5107000,0.7312000,0.6655000,0.3723000,0.7520000,0.6153000,0.2724000,0.7833000,0.5449000,0.3633000,0.8794000,0.4364000,0.4667000,0.3182824,0.0000000,0.0000000},
{0.5993250,0.6930688,0.2326933,0.5682185,0.6507260,0.2245835,0.6179644,0.8312548,0.2389167,0.6876947,0.9507472,0.2323436,0.7912882,0.9087025,0.3996942,0.7625000,0.8012000,0.5101000,0.7301000,0.6675000,0.3719000,0.7519000,0.6171000,0.2720000,0.7818000,0.5464000,0.3634000,0.8771000,0.4375000,0.4674000,0.3182824,0.0000000,0.0000000},
{0.5969186,0.6992353,0.2291141,0.5651463,0.6572136,0.2198851,0.6177193,0.8371546,0.2374296,0.6908251,0.9558042,0.2321482,0.7907482,0.9104974,0.3986332,0.7626000,0.8033000,0.5095000,0.7291000,0.6694000,0.3715000,0.7515000,0.6188000,0.2718000,0.7803000,0.5479000,0.3636000,0.8749000,0.4386000,0.4680000,0.3182824,0.0000000,0.0000000},
{0.5947080,0.7050159,0.2256390,0.5623347,0.6632735,0.2153249,0.6175249,0.8428821,0.2359769,0.6938554,0.9605708,0.2320118,0.7902254,0.9122494,0.3976002,0.7628000,0.8054000,0.5089000,0.7280000,0.6713000,0.3711000,0.7507000,0.6204000,0.2717000,0.7787000,0.5494000,0.3638000,0.8726000,0.4398000,0.4687000,0.3182824,0.0000000,0.0000000},
{0.5926076,0.7106220,0.2221533,0.5597130,0.6690447,0.2108173,0.6173802,0.8483201,0.2345895,0.6967535,0.9650149,0.2319283,0.7897261,0.9139361,0.3966081,0.7629000,0.8076000,0.5083000,0.7270000,0.6731000,0.3708000,0.7498000,0.6219000,0.2716000,0.7772000,0.5509000,0.3639000,0.8702000,0.4409000,0.4693000,0.3182824,0.0000000,0.0000000},
{0.5906673,0.7159099,0.2187568,0.5572926,0.6744909,0.2064054,0.6172787,0.8534973,0.2332611,0.6996010,0.9692759,0.2318894,0.7892511,0.9155529,0.3956593,0.7631000,0.8097000,0.5078000,0.7260000,0.6750000,0.3705000,0.7489000,0.6234000,0.2715000,0.7757000,0.5523000,0.3640000,0.8679000,0.4420000,0.4699000,0.3182824,0.0000000,0.0000000},
{0.5888731,0.7209037,0.2154481,0.5551059,0.6795228,0.2021826,0.6172153,0.8584043,0.2319954,0.7022728,0.9731816,0.2318908,0.7887955,0.9171154,0.3947446,0.7634000,0.8118000,0.5073000,0.7252000,0.6770000,0.3702000,0.7481000,0.6250000,0.2713000,0.7741000,0.5538000,0.3641000,0.8656000,0.4432000,0.4705000,0.3182824,0.0000000,0.0000000},
{0.5870774,0.7260129,0.2119567,0.5530778,0.6842993,0.1980342,0.6171848,0.8630831,0.2307823,0.7048338,0.9768436,0.2319257,0.7883380,0.9186960,0.3938212,0.7636000,0.8138000,0.5068000,0.7244000,0.6790000,0.3699000,0.7472000,0.6265000,0.2712000,0.7725000,0.5555000,0.3642000,0.8632000,0.4444000,0.4711000,0.3182824,0.0000000,0.0000000},
{0.5855173,0.7305530,0.2087600,0.5512250,0.6887690,0.1940194,0.6171829,0.8674692,0.2296397,0.7072695,0.9802542,0.2319885,0.7879250,0.9201331,0.3929834,0.7638000,0.8159000,0.5063000,0.7237000,0.6810000,0.3695000,0.7464000,0.6281000,0.2712000,0.7710000,0.5570000,0.3644000,0.8608000,0.4456000,0.4717000,0.3182824,0.0000000,0.0000000},
{0.5841296,0.7346794,0.2057741,0.5495155,0.6929973,0.1900941,0.6172048,0.8716046,0.2285575,0.7095025,0.9833202,0.2320709,0.7875127,0.9215776,0.3921430,0.7640000,0.8179000,0.5057000,0.7229000,0.6829000,0.3692000,0.7455000,0.6297000,0.2711000,0.7694000,0.5586000,0.3645000,0.8585000,0.4468000,0.4723000,0.3182824,0.0000000,0.0000000},
{0.5827196,0.7389673,0.2025865,0.5479669,0.6969279,0.1863253,0.6172483,0.8756158,0.2275032,0.7116670,0.9862378,0.2321731,0.7870898,0.9230697,0.3912767,0.7641000,0.8199000,0.5052000,0.7220000,0.6848000,0.3688000,0.7447000,0.6312000,0.2710000,0.7680000,0.5602000,0.3646000,0.8561000,0.4479000,0.4730000,0.3182824,0.0000000,0.0000000},
{0.5814880,0.7428002,0.1996606,0.5465666,0.7005783,0.1827137,0.6173061,0.8792238,0.2265511,0.7135707,0.9887604,0.2322808,0.7867007,0.9244520,0.3904759,0.7642000,0.8218000,0.5046000,0.7212000,0.6867000,0.3685000,0.7438000,0.6328000,0.2710000,0.7665000,0.5617000,0.3648000,0.8538000,0.4491000,0.4736000,0.3182824,0.0000000,0.0000000},
{0.5803502,0.7464228,0.1968258,0.5452753,0.7040390,0.1791828,0.6173740,0.8824991,0.2256836,0.7152755,0.9909854,0.2323911,0.7863149,0.9258318,0.3896780,0.7643000,0.8236000,0.5040000,0.7204000,0.6886000,0.3682000,0.7430000,0.6343000,0.2709000,0.7650000,0.5632000,0.3649000,0.8514000,0.4504000,0.4743000,0.3182824,0.0000000,0.0000000},
{0.5793024,0.7498364,0.1940900,0.5441013,0.7072781,0.1757763,0.6174493,0.8855024,0.2248854,0.7168420,0.9930021,0.2325040,0.7859522,0.9271375,0.3889244,0.7643000,0.8254000,0.5034000,0.7196000,0.6904000,0.3678000,0.7422000,0.6358000,0.2708000,0.7635000,0.5648000,0.3651000,0.8491000,0.4516000,0.4751000,0.3182824,0.0000000,0.0000000},
{0.5783288,0.7530824,0.1914279,0.5430536,0.7102564,0.1725503,0.6175324,0.8883579,0.2241242,0.7181280,0.9946378,0.2326047,0.7855886,0.9284551,0.3881654,0.7642000,0.8272000,0.5028000,0.7188000,0.6922000,0.3674000,0.7414000,0.6372000,0.2708000,0.7620000,0.5662000,0.3654000,0.8469000,0.4529000,0.4758000,0.3182824,0.0000000,0.0000000},
{0.5774484,0.7560868,0.1889091,0.5420620,0.7131655,0.1693056,0.6176158,0.8908974,0.2234452,0.7193328,0.9961542,0.2327057,0.7852433,0.9297138,0.3874415,0.7642000,0.8289000,0.5021000,0.7181000,0.6940000,0.3670000,0.7406000,0.6386000,0.2707000,0.7606000,0.5677000,0.3656000,0.8447000,0.4543000,0.4766000,0.3182824,0.0000000,0.0000000},
{0.5766122,0.7590081,0.1864069,0.5411694,0.7158737,0.1661950,0.6176919,0.8930055,0.2228802,0.7202560,0.9973059,0.2327873,0.7849295,0.9308650,0.3867807,0.7641000,0.8305000,0.5014000,0.7174000,0.6956000,0.3666000,0.7398000,0.6398000,0.2707000,0.7592000,0.5692000,0.3658000,0.8426000,0.4556000,0.4774000,0.3182824,0.0000000,0.0000000},
{0.5758197,0.7618455,0.1839246,0.5403464,0.7184609,0.1631358,0.6177715,0.8950463,0.2223320,0.7210688,0.9983123,0.2328622,0.7845896,0.9321191,0.3860620,0.7639000,0.8321000,0.5006000,0.7167000,0.6972000,0.3662000,0.7391000,0.6410000,0.2706000,0.7578000,0.5707000,0.3661000,0.8405000,0.4569000,0.4782000,0.3182824,0.0000000,0.0000000},
{0.5750847,0.7645441,0.1815140,0.5395792,0.7209668,0.1600843,0.6178461,0.8968356,0.2218504,0.7216417,0.9990175,0.2329167,0.7842752,0.9332863,0.3853942,0.7637000,0.8337000,0.4999000,0.7161000,0.6988000,0.3658000,0.7383000,0.6423000,0.2706000,0.7567000,0.5721000,0.3663000,0.8385000,0.4583000,0.4790000,0.3182824,0.0000000,0.0000000},
{0.5743890,0.7671655,0.1791240,0.5388714,0.7233780,0.1570589,0.6179159,0.8984205,0.2214230,0.7221165,0.9995995,0.2329630,0.7839595,0.9344649,0.3847211,0.7634000,0.8352000,0.4991000,0.7155000,0.7003000,0.3653000,0.7376000,0.6433000,0.2705000,0.7555000,0.5734000,0.3665000,0.8366000,0.4596000,0.4798000,0.3182824,0.0000000,0.0000000},
{0.5737162,0.7697705,0.1766997,0.5382087,0.7257423,0.1539998,0.6179799,0.8998070,0.2210485,0.7223939,0.9999383,0.2329904,0.7836667,0.9355644,0.3840941,0.7630000,0.8368000,0.4983000,0.7149000,0.7016000,0.3648000,0.7369000,0.6444000,0.2703000,0.7543000,0.5747000,0.3667000,0.8347000,0.4610000,0.4806000,0.3182824,0.0000000,0.0000000},
{0.5730750,0.7723259,0.1742714,0.5375877,0.7280768,0.1508807,0.6180434,0.9011278,0.2206912,0.7226235,1.0002181,0.2330134,0.7833496,0.9367622,0.3834122,0.7626000,0.8382000,0.4975000,0.7143000,0.7029000,0.3643000,0.7362000,0.6454000,0.2702000,0.7533000,0.5760000,0.3668000,0.8329000,0.4623000,0.4814000,0.3182824,0.0000000,0.0000000},
{0.5724533,0.7748819,0.1717907,0.5370075,0.7303939,0.1476786,0.6180912,0.9020907,0.2204305,0.7225978,1.0001869,0.2330108,0.7830431,0.9379267,0.3827504,0.7622000,0.8396000,0.4966000,0.7137000,0.7043000,0.3639000,0.7356000,0.6463000,0.2701000,0.7522000,0.5772000,0.3669000,0.8311000,0.4636000,0.4822000,0.3182824,0.0000000,0.0000000},
{0.5718518,0.7774390,0.1692544,0.5364479,0.7327967,0.1442339,0.6181434,0.9031109,0.2201539,0.7225290,1.0001030,0.2330039,0.7827611,0.9390045,0.3821388,0.7617000,0.8411000,0.4957000,0.7132000,0.7055000,0.3634000,0.7349000,0.6472000,0.2699000,0.7512000,0.5783000,0.3671000,0.8295000,0.4650000,0.4830000,0.3182824,0.0000000,0.0000000},
{0.5712830,0.7799459,0.1667123,0.5359458,0.7351528,0.1407188,0.6181821,0.9038507,0.2199531,0.7223124,0.9998388,0.2329823,0.7824718,0.9401163,0.3815089,0.7612000,0.8425000,0.4947000,0.7126000,0.7066000,0.3628000,0.7343000,0.6481000,0.2698000,0.7501000,0.5795000,0.3672000,0.8279000,0.4662000,0.4837000,0.3182824,0.0000000,0.0000000},
{0.5707599,0.7823418,0.1642287,0.5354943,0.7375181,0.1370350,0.6182172,0.9045081,0.2197746,0.7219547,0.9994014,0.2329471,0.7822105,0.9411259,0.3809378,0.7606000,0.8438000,0.4938000,0.7120000,0.7078000,0.3623000,0.7337000,0.6490000,0.2697000,0.7491000,0.5806000,0.3673000,0.8262000,0.4675000,0.4845000,0.3182824,0.0000000,0.0000000},
{0.5702448,0.7848006,0.1616219,0.5351060,0.7398646,0.1332047,0.6182471,0.9050610,0.2196243,0.7215844,0.9989471,0.2329112,0.7819336,0.9422016,0.3803301,0.7600000,0.8452000,0.4928000,0.7114000,0.7089000,0.3618000,0.7330000,0.6498000,0.2695000,0.7481000,0.5816000,0.3675000,0.8248000,0.4687000,0.4853000,0.3182824,0.0000000,0.0000000},
{0.5697724,0.7871609,0.1590610,0.5347897,0.7421866,0.1292141,0.6182744,0.9055579,0.2194892,0.7211810,0.9984506,0.2328728,0.7816623,0.9432615,0.3797324,0.7593000,0.8465000,0.4917000,0.7107000,0.7099000,0.3612000,0.7324000,0.6505000,0.2694000,0.7471000,0.5826000,0.3677000,0.8235000,0.4700000,0.4862000,0.3182824,0.0000000,0.0000000},
{0.5693305,0.7894799,0.1564861,0.5345559,0.7444771,0.1250469,0.6183010,0.9060359,0.2193592,0.7207655,0.9979375,0.2328339,0.7814136,0.9442382,0.3791823,0.7585000,0.8477000,0.4906000,0.7100000,0.7109000,0.3607000,0.7318000,0.6512000,0.2693000,0.7462000,0.5835000,0.3680000,0.8222000,0.4712000,0.4870000,0.3182824,0.0000000,0.0000000},
{0.5689173,0.7917676,0.1538855,0.5344159,0.7467726,0.1205933,0.6183258,0.9064754,0.2192396,0.7203096,0.9973724,0.2327922,0.7811591,0.9452428,0.3786173,0.7576000,0.8489000,0.4895000,0.7093000,0.7118000,0.3601000,0.7312000,0.6518000,0.2693000,0.7454000,0.5845000,0.3681000,0.8209000,0.4724000,0.4877000,0.3182824,0.0000000,0.0000000},
{0.5684675,0.7944266,0.1507820,0.5343872,0.7486671,0.1166610,0.6183568,0.9070188,0.2190916,0.7198508,0.9968014,0.2327510,0.7809248,0.9461726,0.3780952,0.7566000,0.8500000,0.4885000,0.7086000,0.7127000,0.3595000,0.7305000,0.6522000,0.2692000,0.7445000,0.5852000,0.3683000,0.8198000,0.4735000,0.4884000,0.3182824,0.0000000,0.0000000}
};
