fitErrPi Mean = 0.388291
fitErrTh Mean = 0.322018
fitErrWr Mean = 0.00826206
fitErrLA Mean = 0.224121
fitErrEl Mean = 0.090504
fitErrUA Mean = 0.0659092
efPts = {
{0.5913921,0.8089017,0.1348193,0.8022919,0.7775656,-0.2969680,0.6961202,0.8810471,0.1093082,0.7243368,0.8123920,0.1656172,0.7266963,0.8510023,0.2400697,0.7343000,0.8562000,0.5143000,0.7295000,0.7430000,0.4105000,0.7345000,0.6434000,0.4304000,0.7508000,0.5785000,0.3813000,0.9570000,0.4284000,0.2782000,0.8699274,0.7182856,-0.3369928},
{0.5897403,0.8089741,0.1361888,0.6109695,0.8032711,-0.0214410,0.6946050,0.8804163,0.1088041,0.7220645,0.8130815,0.1660847,0.7248854,0.8512832,0.2408483,0.7324000,0.8555000,0.5141000,0.7287000,0.7426000,0.4100000,0.7337000,0.6430000,0.4298000,0.7503000,0.5782000,0.3809000,0.9570000,0.4284000,0.2782000,0.6439785,0.7518182,-0.0271375},
{0.5877577,0.8090526,0.1377910,0.6088896,0.8029996,-0.0224807,0.6927806,0.8796560,0.1081953,0.7195044,0.8138517,0.1666102,0.7229125,0.8515843,0.2416924,0.7306000,0.8549000,0.5138000,0.7279000,0.7422000,0.4095000,0.7328000,0.6426000,0.4293000,0.7497000,0.5778000,0.3804000,0.9570000,0.4284000,0.2782000,0.6424569,0.7515851,-0.0280331},
{0.5854499,0.8091334,0.1396023,0.6067064,0.8027142,-0.0235745,0.6906547,0.8787690,0.1074834,0.7168404,0.8146456,0.1671555,0.7207415,0.8519097,0.2426162,0.7288000,0.8542000,0.5135000,0.7270000,0.7418000,0.4090000,0.7319000,0.6421000,0.4287000,0.7492000,0.5774000,0.3800000,0.9570000,0.4284000,0.2782000,0.6405119,0.7512867,-0.0291797},
{0.5828377,0.8092121,0.1415877,0.6040746,0.8023697,-0.0248966,0.6882393,0.8777598,0.1066715,0.7139086,0.8155105,0.1677539,0.7184487,0.8522466,0.2435864,0.7271000,0.8535000,0.5132000,0.7260000,0.7413000,0.4085000,0.7311000,0.6417000,0.4281000,0.7485000,0.5770000,0.3795000,0.9570000,0.4284000,0.2782000,0.6386202,0.7509962,-0.0302970},
{0.5797275,0.8092893,0.1438687,0.6012827,0.8020037,-0.0263031,0.6853866,0.8765658,0.1057082,0.7106415,0.8164636,0.1684187,0.7160692,0.8525892,0.2445872,0.7253000,0.8529000,0.5129000,0.7250000,0.7409000,0.4080000,0.7301000,0.6413000,0.4276000,0.7478000,0.5767000,0.3790000,0.9570000,0.4284000,0.2783000,0.6361614,0.7506182,-0.0317521},
{0.5760637,0.8093592,0.1464493,0.5981001,0.8015857,-0.0279116,0.6822474,0.8752494,0.1046427,0.7070255,0.8175053,0.1691519,0.7136463,0.8529306,0.2456001,0.7236000,0.8523000,0.5126000,0.7240000,0.7405000,0.4074000,0.7291000,0.6409000,0.4270000,0.7471000,0.5764000,0.3784000,0.9570000,0.4285000,0.2783000,0.6334073,0.7501941,-0.0333860},
{0.5717874,0.8094145,0.1493289,0.5944575,0.8011065,-0.0297592,0.6788121,0.8738058,0.1034700,0.7031081,0.8186183,0.1699432,0.7111059,0.8532806,0.2466555,0.7219000,0.8516000,0.5123000,0.7228000,0.7401000,0.4069000,0.7281000,0.6406000,0.4264000,0.7464000,0.5761000,0.3779000,0.9569000,0.4285000,0.2783000,0.6305146,0.7497481,-0.0351067},
{0.5673556,0.8094447,0.1521764,0.5906496,0.8006044,-0.0316985,0.6750578,0.8722246,0.1021805,0.6989592,0.8197796,0.1707779,0.7083961,0.8536451,0.2477739,0.7201000,0.8511000,0.5120000,0.7217000,0.7398000,0.4064000,0.7271000,0.6402000,0.4258000,0.7455000,0.5758000,0.3773000,0.9569000,0.4285000,0.2783000,0.6272144,0.7492383,-0.0370754},
{0.5619775,0.8094478,0.1554628,0.5865587,0.8000638,-0.0337907,0.6709833,0.8705042,0.1007715,0.6946347,0.8209710,0.1716442,0.7054974,0.8540251,0.2489619,0.7182000,0.8505000,0.5117000,0.7205000,0.7394000,0.4058000,0.7260000,0.6399000,0.4252000,0.7448000,0.5756000,0.3767000,0.9569000,0.4285000,0.2783000,0.6236244,0.7486826,-0.0392240},
{0.5560940,0.8094133,0.1588663,0.5821082,0.7994743,-0.0360771,0.6666997,0.8686907,0.0992797,0.6900823,0.8222044,0.1725521,0.7025393,0.8544023,0.2501655,0.7162000,0.8500000,0.5114000,0.7193000,0.7390000,0.4052000,0.7248000,0.6396000,0.4244000,0.7439000,0.5754000,0.3761000,0.9569000,0.4285000,0.2783000,0.6198291,0.7480940,-0.0415032},
{0.5495664,0.8093332,0.1624313,0.5773590,0.7988435,-0.0385291,0.6620018,0.8666960,0.0976309,0.6850390,0.8235461,0.1735531,0.6992926,0.8548043,0.2514764,0.7140000,0.8494000,0.5110000,0.7181000,0.7386000,0.4045000,0.7237000,0.6392000,0.4237000,0.7431000,0.5751000,0.3754000,0.9569000,0.4285000,0.2783000,0.6156785,0.7474489,-0.0440052},
{0.5424445,0.8092005,0.1660926,0.5723099,0.7981711,-0.0411496,0.6572044,0.8646529,0.0959335,0.6799019,0.8248863,0.1745677,0.6958740,0.8552143,0.2528455,0.7118000,0.8488000,0.5106000,0.7168000,0.7382000,0.4039000,0.7225000,0.6389000,0.4229000,0.7423000,0.5749000,0.3748000,0.9569000,0.4285000,0.2783000,0.6113930,0.7467812,-0.0465987},
{0.5346737,0.8090073,0.1698425,0.5672021,0.7974889,-0.0438150,0.6520412,0.8624469,0.0940911,0.6742319,0.8263347,0.1756814,0.6923231,0.8556257,0.2542556,0.7094000,0.8480000,0.5102000,0.7155000,0.7377000,0.4032000,0.7214000,0.6385000,0.4222000,0.7420000,0.5746000,0.3742000,0.9569000,0.4285000,0.2783000,0.6069285,0.7460839,-0.0493117},
{0.5265913,0.8087575,0.1734969,0.5618514,0.7967721,-0.0466228,0.6465650,0.8600990,0.0921192,0.6682937,0.8278172,0.1768412,0.6883927,0.8560642,0.2558023,0.7069000,0.8472000,0.5097000,0.7141000,0.7372000,0.4025000,0.7202000,0.6381000,0.4214000,0.7412000,0.5743000,0.3735000,0.9569000,0.4286000,0.2784000,0.6025672,0.7454010,-0.0519729},
{0.5179432,0.8084402,0.1771546,0.5562879,0.7960244,-0.0495594,0.6411092,0.8577516,0.0901362,0.6620926,0.8293283,0.1780451,0.6842851,0.8565040,0.2574032,0.7043000,0.8464000,0.5093000,0.7128000,0.7367000,0.4018000,0.7191000,0.6376000,0.4206000,0.7405000,0.5740000,0.3729000,0.9568000,0.4286000,0.2784000,0.5976823,0.7446342,-0.0549666},
{0.5088762,0.8080568,0.1807329,0.5506056,0.7952583,-0.0525769,0.6352810,0.8552346,0.0879974,0.6557189,0.8308421,0.1792749,0.6799600,0.8569469,0.2590721,0.7016000,0.8455000,0.5089000,0.7114000,0.7360000,0.4011000,0.7179000,0.6371000,0.4200000,0.7397000,0.5736000,0.3724000,0.9568000,0.4286000,0.2784000,0.5927275,0.7438542,-0.0580172},
{0.4994264,0.8076063,0.1842054,0.5448267,0.7944766,-0.0556647,0.6293615,0.8526682,0.0858033,0.6491789,0.8323545,0.1805288,0.6754658,0.8573854,0.2607880,0.6988000,0.8445000,0.5085000,0.7099000,0.7352000,0.4005000,0.7168000,0.6365000,0.4193000,0.7391000,0.5731000,0.3719000,0.9568000,0.4286000,0.2784000,0.5878688,0.7430872,-0.0610226},
{0.4897523,0.8070952,0.1875088,0.5389698,0.7936817,-0.0588138,0.6232366,0.8500021,0.0835096,0.6423680,0.8338858,0.1818261,0.6707020,0.8578267,0.2625872,0.6958000,0.8434000,0.5081000,0.7084000,0.7345000,0.3998000,0.7156000,0.6360000,0.4187000,0.7384000,0.5727000,0.3715000,0.9568000,0.4286000,0.2784000,0.5827567,0.7422779,-0.0641996},
{0.4797433,0.8065170,0.1906770,0.5330554,0.7928762,-0.0620140,0.6170851,0.8473134,0.0811817,0.6353720,0.8354126,0.1831498,0.6656735,0.8582666,0.2644647,0.6928000,0.8422000,0.5078000,0.7067000,0.7336000,0.3992000,0.7145000,0.6354000,0.4181000,0.7376000,0.5722000,0.3710000,0.9568000,0.4286000,0.2784000,0.5777565,0.7414840,-0.0673219},
{0.4694644,0.8058741,0.1936830,0.5269486,0.7920415,-0.0653400,0.6107658,0.8445396,0.0787646,0.6280338,0.8369643,0.1845286,0.6604567,0.8586952,0.2663892,0.6898000,0.8409000,0.5074000,0.7050000,0.7327000,0.3986000,0.7133000,0.6347000,0.4176000,0.7369000,0.5715000,0.3707000,0.9568000,0.4286000,0.2784000,0.5723927,0.7406299,-0.0706878},
{0.4589442,0.8051676,0.1965144,0.5209403,0.7912173,-0.0686340,0.6041704,0.8416319,0.0762138,0.6205361,0.8384977,0.1859271,0.6550389,0.8591110,0.2683635,0.6866000,0.8395000,0.5070000,0.7031000,0.7318000,0.3979000,0.7120000,0.6340000,0.4170000,0.7361000,0.5709000,0.3703000,0.9568000,0.4286000,0.2784000,0.5670283,0.7397730,-0.0740713},
{0.4481780,0.8043963,0.1991682,0.5147063,0.7903591,-0.0720746,0.5977844,0.8388039,0.0737162,0.6127961,0.8400257,0.1873603,0.6495040,0.8595055,0.2703550,0.6835000,0.8380000,0.5065000,0.7006000,0.7306000,0.3973000,0.7107000,0.6331000,0.4164000,0.7353000,0.5702000,0.3699000,0.9568000,0.4287000,0.2784000,0.5615769,0.7388995,-0.0775274},
{0.4372887,0.8035687,0.2016130,0.5083763,0.7894843,-0.0755923,0.5911523,0.8358536,0.0710931,0.6049698,0.8415145,0.1887985,0.6435940,0.8598934,0.2724536,0.6802000,0.8365000,0.5062000,0.6982000,0.7295000,0.3968000,0.7094000,0.6323000,0.4158000,0.7345000,0.5695000,0.3696000,0.9567000,0.4287000,0.2785000,0.5557002,0.7379547,-0.0812734},
{0.4263007,0.8026872,0.2038454,0.5020415,0.7886056,-0.0791373,0.5845863,0.8329190,0.0684661,0.5970421,0.8429655,0.1902442,0.6377125,0.8602459,0.2745140,0.6770000,0.8350000,0.5057000,0.6971000,0.7284000,0.3962000,0.7081000,0.6314000,0.4152000,0.7338000,0.5688000,0.3692000,0.9567000,0.4287000,0.2785000,0.5499593,0.7370286,-0.0849533},
{0.4151851,0.8017494,0.2058720,0.4956318,0.7877129,-0.0827496,0.5779793,0.8299522,0.0657923,0.5892739,0.8443318,0.1916500,0.6318370,0.8605652,0.2765449,0.6738000,0.8335000,0.5053000,0.6952000,0.7274000,0.3956000,0.7067000,0.6306000,0.4146000,0.7329000,0.5680000,0.3690000,0.9567000,0.4287000,0.2785000,0.5442520,0.7361048,-0.0886318},
{0.4041651,0.8007755,0.2076575,0.4893251,0.7868312,-0.0863291,0.5715162,0.8270363,0.0631465,0.5814193,0.8456580,0.1930608,0.6258908,0.8608553,0.2785726,0.6706000,0.8320000,0.5049000,0.6932000,0.7264000,0.3949000,0.7054000,0.6298000,0.4142000,0.7322000,0.5673000,0.3686000,0.9567000,0.4287000,0.2785000,0.5384334,0.7351598,-0.0924031},
{0.3933296,0.7997758,0.2092008,0.4832072,0.7859725,-0.0898257,0.5650214,0.8240922,0.0604571,0.5736455,0.8469160,0.1944464,0.6198877,0.8611151,0.2805919,0.6673000,0.8305000,0.5046000,0.6914000,0.7253000,0.3944000,0.7040000,0.6290000,0.4136000,0.7313000,0.5666000,0.3684000,0.9567000,0.4287000,0.2785000,0.5327240,0.7342293,-0.0961244},
{0.3826177,0.7987471,0.2105228,0.4772788,0.7851373,-0.0932370,0.5588034,0.8212602,0.0578530,0.5658751,0.8481195,0.1958210,0.6138621,0.8613429,0.2825913,0.6644000,0.8287000,0.5040000,0.6896000,0.7244000,0.3936000,0.7025000,0.6281000,0.4132000,0.7303000,0.5658000,0.3681000,0.9567000,0.4287000,0.2785000,0.5271041,0.7333103,-0.0998078},
{0.3721173,0.7977003,0.2116246,0.4715331,0.7843248,-0.0965652,0.5526525,0.8184457,0.0552483,0.5580701,0.8492745,0.1971912,0.6079647,0.8615342,0.2845216,0.6608000,0.8272000,0.5040000,0.6877000,0.7234000,0.3930000,0.7007000,0.6271000,0.4129000,0.7294000,0.5651000,0.3678000,0.9567000,0.4287000,0.2785000,0.5219463,0.7324641,-0.1032062},
{0.3618424,0.7966393,0.2125177,0.4659492,0.7835324,-0.0998206,0.5466215,0.8156732,0.0526661,0.5504362,0.8503521,0.1985212,0.6020447,0.8616952,0.2864334,0.6574000,0.8256000,0.5038000,0.6859000,0.7224000,0.3925000,0.7001000,0.6265000,0.4121000,0.7285000,0.5644000,0.3675000,0.9567000,0.4287000,0.2785000,0.5162773,0.7315309,-0.1069614},
{0.3519002,0.7955782,0.2132081,0.4602110,0.7827150,-0.1031879,0.5407959,0.8129829,0.0501448,0.5428836,0.8513679,0.1998274,0.5962028,0.8618239,0.2882948,0.6543000,0.8238000,0.5036000,0.6841000,0.7215000,0.3919000,0.6989000,0.6257000,0.4116000,0.7276000,0.5637000,0.3672000,0.9566000,0.4288000,0.2785000,0.5112632,0.7307028,-0.1103004},
{0.3420355,0.7944918,0.2137236,0.4551149,0.7819866,-0.1061972,0.5351755,0.8103755,0.0476865,0.5355633,0.8523048,0.2010840,0.5904000,0.8619225,0.2901192,0.6514000,0.8219000,0.5033000,0.6823000,0.7206000,0.3914000,0.6974000,0.6249000,0.4111000,0.7267000,0.5631000,0.3669000,0.9566000,0.4288000,0.2786000,0.5059557,0.7298234,-0.1138530},
{0.3324998,0.7934097,0.2140605,0.4496703,0.7812056,-0.1094321,0.5299054,0.8079200,0.0453579,0.5284505,0.8531703,0.2022964,0.5845677,0.8619925,0.2919286,0.6480000,0.8202000,0.5035000,0.6804000,0.7198000,0.3907000,0.6960000,0.6241000,0.4105000,0.7256000,0.5624000,0.3666000,0.9566000,0.4288000,0.2786000,0.5009091,0.7289846,-0.1172487},
{0.3233151,0.7923373,0.2142333,0.4445788,0.7804727,-0.1124761,0.5246427,0.8054575,0.0430097,0.5215376,0.8539694,0.2034665,0.5789115,0.8620327,0.2936602,0.6451000,0.8184000,0.5033000,0.6785000,0.7190000,0.3901000,0.6946000,0.6233000,0.4099000,0.7247000,0.5618000,0.3663000,0.9566000,0.4288000,0.2786000,0.4959661,0.7281604,-0.1205914},
{0.3144023,0.7912681,0.2142568,0.4397209,0.7797711,-0.1153975,0.5196600,0.8031161,0.0407646,0.5148785,0.8546999,0.2045860,0.5733553,0.8620460,0.2953392,0.6420000,0.8168000,0.5033000,0.6768000,0.7182000,0.3895000,0.6932000,0.6225000,0.4092000,0.7238000,0.5611000,0.3659000,0.9566000,0.4288000,0.2786000,0.4913626,0.7273905,-0.1237196},
{0.3057617,0.7902043,0.2141416,0.4347943,0.7790572,-0.1183776,0.5148261,0.8008352,0.0385661,0.5084181,0.8553719,0.2056650,0.5678153,0.8620336,0.2969919,0.6389000,0.8151000,0.5032000,0.6750000,0.7175000,0.3889000,0.6918000,0.6216000,0.4087000,0.7228000,0.5605000,0.3655000,0.9566000,0.4288000,0.2786000,0.4866901,0.7266067,-0.1269099},
{0.2974890,0.7891600,0.2139015,0.4301966,0.7783887,-0.1211748,0.5101818,0.7986351,0.0364344,0.5021407,0.8559904,0.2067068,0.5624809,0.8619976,0.2985631,0.6357000,0.8135000,0.5033000,0.6731000,0.7168000,0.3884000,0.6903000,0.6209000,0.4080000,0.7218000,0.5600000,0.3651000,0.9566000,0.4288000,0.2786000,0.4818929,0.7257995,-0.1302012},
{0.2894955,0.7881265,0.2135462,0.4257486,0.7777400,-0.1238958,0.5055404,0.7964274,0.0342846,0.4960599,0.8565572,0.2077096,0.5571482,0.8619381,0.3001142,0.6325000,0.8118000,0.5033000,0.6712000,0.7160000,0.3878000,0.6888000,0.6202000,0.4075000,0.7208000,0.5594000,0.3647000,0.9566000,0.4288000,0.2786000,0.4774369,0.7250475,-0.1332732},
{0.2818539,0.7871155,0.2130902,0.4212049,0.7770753,-0.1266907,0.5013468,0.7944250,0.0323252,0.4900588,0.8570853,0.2086932,0.5520447,0.8618595,0.3015804,0.6294000,0.8103000,0.5032000,0.6692000,0.7151000,0.3873000,0.6874000,0.6195000,0.4069000,0.7198000,0.5589000,0.3644000,0.9565000,0.4289000,0.2786000,0.4728692,0.7242744,-0.1364370},
{0.2745384,0.7861259,0.2125444,0.4169872,0.7764563,-0.1292991,0.4970491,0.7923652,0.0303001,0.4844223,0.8575530,0.2096115,0.5469702,0.8617603,0.3030208,0.6262000,0.8087000,0.5030000,0.6672000,0.7144000,0.3867000,0.6859000,0.6187000,0.4063000,0.7187000,0.5584000,0.3640000,0.9565000,0.4289000,0.2786000,0.4688704,0.7235956,-0.1392192},
{0.2675756,0.7851639,0.2119225,0.4133069,0.7759147,-0.1315864,0.4930228,0.7904282,0.0283870,0.4789044,0.8579846,0.2105055,0.5420195,0.8616434,0.3044092,0.6231000,0.8071000,0.5028000,0.6653000,0.7136000,0.3860000,0.6844000,0.6181000,0.4057000,0.7176000,0.5578000,0.3636000,0.9565000,0.4289000,0.2787000,0.4646692,0.7228805,-0.1421549},
{0.2610566,0.7842446,0.2112472,0.4092820,0.7753206,-0.1340999,0.4890589,0.7885142,0.0264881,0.4734596,0.8583847,0.2113825,0.5372388,0.8615118,0.3057342,0.6200000,0.8056000,0.5026000,0.6633000,0.7127000,0.3853000,0.6829000,0.6173000,0.4050000,0.7165000,0.5573000,0.3632000,0.9565000,0.4289000,0.2787000,0.4609155,0.7222399,-0.1447890},
{0.2547215,0.7833336,0.2105017,0.4055231,0.7747643,-0.1364590,0.4854721,0.7867761,0.0247565,0.4683985,0.8587338,0.2121934,0.5327129,0.8613704,0.3069745,0.6170000,0.8040000,0.5023000,0.6614000,0.7119000,0.3847000,0.6813000,0.6166000,0.4044000,0.7155000,0.5568000,0.3627000,0.9565000,0.4289000,0.2787000,0.4573872,0.7216362,-0.1472746},
{0.2487384,0.7824568,0.2097143,0.4019594,0.7742354,-0.1387059,0.4819782,0.7850775,0.0230573,0.4636585,0.8590409,0.2129489,0.5282976,0.8612166,0.3081713,0.6140000,0.8026000,0.5020000,0.6593000,0.7110000,0.3840000,0.6797000,0.6159000,0.4037000,0.7145000,0.5563000,0.3623000,0.9565000,0.4289000,0.2787000,0.4532543,0.7209273,-0.1501981},
{0.2430443,0.7816068,0.2088872,0.3983427,0.7736972,-0.1409969,0.4786483,0.7834533,0.0214262,0.4590666,0.8593199,0.2136772,0.5240443,0.8610538,0.3093119,0.6110000,0.8012000,0.5016000,0.6572000,0.7100000,0.3834000,0.6782000,0.6151000,0.4031000,0.7135000,0.5558000,0.3618000,0.9565000,0.4289000,0.2787000,0.4496365,0.7203051,-0.1527679},
{0.2377134,0.7807970,0.2080416,0.3950898,0.7732120,-0.1430665,0.4752691,0.7817996,0.0197592,0.4547438,0.8595660,0.2143597,0.5199601,0.8608839,0.3103958,0.6081000,0.7999000,0.5012000,0.6550000,0.7091000,0.3828000,0.6767000,0.6144000,0.4025000,0.7125000,0.5553000,0.3613000,0.9565000,0.4289000,0.2787000,0.4465811,0.7197784,-0.1549463},
{0.2325835,0.7800044,0.2071606,0.3916702,0.7727005,-0.1452517,0.4723789,0.7803809,0.0183237,0.4506502,0.8597843,0.2150031,0.5162112,0.8607163,0.3113811,0.6053000,0.7986000,0.5007000,0.6527000,0.7082000,0.3821000,0.6750000,0.6137000,0.4018000,0.7115000,0.5548000,0.3609000,0.9564000,0.4289000,0.2787000,0.4428639,0.7191361,-0.1576062},
{0.2278874,0.7792670,0.2062942,0.3886837,0.7722527,-0.1471682,0.4693301,0.7788799,0.0167998,0.4465771,0.8599873,0.2156405,0.5125221,0.8605406,0.3123415,0.6026000,0.7975000,0.5002000,0.6505000,0.7072000,0.3814000,0.6734000,0.6129000,0.4012000,0.7105000,0.5543000,0.3604000,0.9564000,0.4290000,0.2787000,0.4397184,0.7185912,-0.1598656},
{0.2235033,0.7785679,0.2054318,0.3857035,0.7718048,-0.1490882,0.4665876,0.7775257,0.0154202,0.4427970,0.8601628,0.2162295,0.5090766,0.8603668,0.3132304,0.5999000,0.7963000,0.4998000,0.6483000,0.7064000,0.3808000,0.6717000,0.6122000,0.4005000,0.7095000,0.5538000,0.3598000,0.9564000,0.4290000,0.2787000,0.4367382,0.7180739,-0.1620136},
{0.2192667,0.7778823,0.2045476,0.3829344,0.7713877,-0.1508791,0.4640462,0.7762675,0.0141344,0.4391823,0.8603192,0.2167906,0.5057557,0.8601904,0.3140797,0.5974000,0.7952000,0.4993000,0.6461000,0.7054000,0.3801000,0.6701000,0.6117000,0.4000000,0.7084000,0.5534000,0.3593000,0.9564000,0.4290000,0.2788000,0.4338941,0.7175792,-0.1640702},
{0.2154248,0.7772517,0.2037010,0.3804289,0.7710096,-0.1525053,0.4615497,0.7750282,0.0128642,0.4358559,0.8604532,0.2173050,0.5027255,0.8600218,0.3148484,0.5949000,0.7942000,0.4988000,0.6440000,0.7044000,0.3794000,0.6684000,0.6110000,0.3994000,0.7074000,0.5530000,0.3588000,0.9564000,0.4290000,0.2788000,0.4308754,0.7170530,-0.1662601},
{0.2117218,0.7766356,0.2028433,0.3776635,0.7705913,-0.1543065,0.4591331,0.7738255,0.0116279,0.4328006,0.8605679,0.2177758,0.4997988,0.8598522,0.3155851,0.5924000,0.7931000,0.4983000,0.6419000,0.7034000,0.3788000,0.6667000,0.6105000,0.3988000,0.7062000,0.5526000,0.3583000,0.9564000,0.4290000,0.2788000,0.4285659,0.7166496,-0.1679407},
{0.2082680,0.7760534,0.2020053,0.3751846,0.7702156,-0.1559269,0.4568810,0.7727019,0.0104696,0.4299253,0.8606684,0.2182175,0.4970745,0.8596882,0.3162657,0.5899000,0.7923000,0.4976000,0.6400000,0.7024000,0.3782000,0.6651000,0.6099000,0.3982000,0.7051000,0.5522000,0.3577000,0.9564000,0.4290000,0.2788000,0.4260727,0.7162134,-0.1697599},
{0.2050216,0.7754993,0.2011829,0.3729583,0.7698775,-0.1573869,0.4548555,0.7716891,0.0094227,0.4271900,0.8607575,0.2186363,0.4944943,0.8595276,0.3169059,0.5874000,0.7914000,0.4969000,0.6380000,0.7016000,0.3775000,0.6636000,0.6093000,0.3974000,0.7040000,0.5519000,0.3571000,0.9564000,0.4290000,0.2788000,0.4238029,0.7158156,-0.1714205},
{0.2019248,0.7749644,0.2003660,0.3707288,0.7695383,-0.1588534,0.4526287,0.7705730,0.0082662,0.4245532,0.8608372,0.2190389,0.4920626,0.8593714,0.3175052,0.5850000,0.7904000,0.4961000,0.6361000,0.7008000,0.3768000,0.6621000,0.6088000,0.3967000,0.7029000,0.5517000,0.3566000,0.9563000,0.4290000,0.2788000,0.4218466,0.7154722,-0.1728553},
{0.1990391,0.7744601,0.1995755,0.3686515,0.7692217,-0.1602240,0.4508367,0.7696728,0.0073312,0.4221121,0.8609057,0.2194106,0.4896876,0.8592143,0.3180868,0.5827000,0.7895000,0.4953000,0.6342000,0.7000000,0.3760000,0.6606000,0.6083000,0.3960000,0.7019000,0.5514000,0.3560000,0.9563000,0.4291000,0.2788000,0.4192476,0.7150152,-0.1747664},
{0.1963818,0.7739906,0.1988218,0.3666296,0.7689131,-0.1615618,0.4490028,0.7687498,0.0063702,0.4198300,0.8609650,0.2197572,0.4874790,0.8590644,0.3186243,0.5805000,0.7887000,0.4945000,0.6324000,0.6993000,0.3753000,0.6593000,0.6079000,0.3951000,0.7007000,0.5512000,0.3553000,0.9563000,0.4291000,0.2788000,0.4175606,0.7147181,-0.1760100},
{0.1938213,0.7735334,0.1980713,0.3647506,0.7686257,-0.1628085,0.4471405,0.7678105,0.0053901,0.4177966,0.8610141,0.2200652,0.4854315,0.8589219,0.3191198,0.5783000,0.7878000,0.4936000,0.6306000,0.6986000,0.3745000,0.6579000,0.6074000,0.3944000,0.6997000,0.5509000,0.3547000,0.9563000,0.4291000,0.2788000,0.4154278,0.7143419,-0.1775857},
{0.1914262,0.7731014,0.1973473,0.3629473,0.7683496,-0.1640080,0.4454543,0.7669584,0.0044990,0.4160482,0.8610535,0.2203296,0.4834136,0.8587782,0.3196054,0.5764000,0.7869000,0.4927000,0.6291000,0.6979000,0.3738000,0.6566000,0.6070000,0.3936000,0.6987000,0.5506000,0.3541000,0.9563000,0.4291000,0.2788000,0.4138296,0.7140596,-0.1787690},
{0.1891883,0.7726938,0.1966508,0.3609797,0.7680478,-0.1653204,0.4439136,0.7661784,0.0036816,0.4143760,0.8610886,0.2205819,0.4815956,0.8586461,0.3200406,0.5745000,0.7862000,0.4918000,0.6276000,0.6972000,0.3730000,0.6554000,0.6066000,0.3929000,0.6976000,0.5504000,0.3535000,0.9563000,0.4291000,0.2789000,0.4120536,0.7137456,-0.1800866},
{0.1870024,0.7722919,0.1959515,0.3593999,0.7678051,-0.1663767,0.4424413,0.7654317,0.0028977,0.4127039,0.8611214,0.2208337,0.4799241,0.8585223,0.3204388,0.5727000,0.7854000,0.4909000,0.6262000,0.6966000,0.3722000,0.6542000,0.6061000,0.3922000,0.6967000,0.5500000,0.3529000,0.9563000,0.4291000,0.2789000,0.4104230,0.7134568,-0.1812987},
{0.1849996,0.7719202,0.1952938,0.3576186,0.7675311,-0.1675707,0.4410589,0.7647295,0.0021591,0.4110976,0.8611505,0.2210752,0.4783722,0.8584055,0.3208069,0.5710000,0.7848000,0.4900000,0.6249000,0.6962000,0.3715000,0.6530000,0.6056000,0.3915000,0.6958000,0.5496000,0.3523000,0.9562000,0.4291000,0.2789000,0.4087625,0.7131624,-0.1825355},
{0.1830731,0.7715597,0.1946454,0.3562624,0.7673222,-0.1684818,0.4395722,0.7639730,0.0013620,0.4095029,0.8611773,0.2213145,0.4767978,0.8582849,0.3211788,0.5694000,0.7842000,0.4892000,0.6237000,0.6957000,0.3707000,0.6519000,0.6051000,0.3908000,0.6948000,0.5492000,0.3518000,0.9562000,0.4291000,0.2789000,0.4069307,0.7128372,-0.1839027},
{0.1812087,0.7712077,0.1940028,0.3548998,0.7671120,-0.1693990,0.4382491,0.7632986,0.0006501,0.4080456,0.8611998,0.2215329,0.4754290,0.8581786,0.3215007,0.5678000,0.7836000,0.4884000,0.6225000,0.6952000,0.3700000,0.6508000,0.6047000,0.3901000,0.6939000,0.5488000,0.3512000,0.9562000,0.4291000,0.2789000,0.4057161,0.7126214,-0.1848108},
{0.1794310,0.7708693,0.1933758,0.3533461,0.7668721,-0.1704471,0.4370791,0.7627014,0.0000187,0.4067131,0.8612188,0.2217322,0.4741483,0.8580778,0.3218008,0.5663000,0.7831000,0.4876000,0.6213000,0.6948000,0.3692000,0.6497000,0.6042000,0.3895000,0.6930000,0.5484000,0.3507000,0.9562000,0.4292000,0.2789000,0.4042325,0.7123574,-0.1859219},
{0.1777477,0.7705463,0.1927691,0.3518892,0.7666468,-0.1714320,0.4356884,0.7619904,-0.0007341,0.4055791,0.8612337,0.2219016,0.4728700,0.8579758,0.3220993,0.5648000,0.7825000,0.4868000,0.6202000,0.6942000,0.3685000,0.6486000,0.6037000,0.3889000,0.6922000,0.5480000,0.3502000,0.9562000,0.4292000,0.2789000,0.4028786,0.7121162,-0.1869376},
{0.1762506,0.7702568,0.1922185,0.3506493,0.7664549,-0.1722719,0.4347718,0.7615212,-0.0012318,0.4045545,0.8612462,0.2220544,0.4717014,0.8578815,0.3223712,0.5634000,0.7818000,0.4861000,0.6190000,0.6937000,0.3679000,0.6476000,0.6032000,0.3883000,0.6914000,0.5477000,0.3497000,0.9562000,0.4292000,0.2789000,0.4015264,0.7118751,-0.1879537},
{0.1747731,0.7699691,0.1916647,0.3498044,0.7663240,-0.1728451,0.4335970,0.7609190,-0.0018713,0.4035516,0.8612576,0.2222039,0.4706073,0.8577923,0.3226250,0.5619000,0.7812000,0.4853000,0.6179000,0.6932000,0.3672000,0.6464000,0.6028000,0.3877000,0.6906000,0.5473000,0.3493000,0.9562000,0.4292000,0.2789000,0.4006187,0.7117131,-0.1886367},
{0.1733891,0.7696977,0.1911364,0.3487144,0.7661549,-0.1735856,0.4325500,0.7603816,-0.0024428,0.4026423,0.8612672,0.2223392,0.4696075,0.8577099,0.3228562,0.5606000,0.7807000,0.4845000,0.6169000,0.6926000,0.3666000,0.6453000,0.6023000,0.3871000,0.6899000,0.5470000,0.3488000,0.9562000,0.4292000,0.2790000,0.3992562,0.7114697,-0.1896633},
{0.1720297,0.7694293,0.1906083,0.3470518,0.7658968,-0.1747175,0.4316853,0.7599373,-0.0029159,0.4018087,0.8612753,0.2224632,0.4686181,0.8576276,0.3230843,0.5593000,0.7802000,0.4838000,0.6158000,0.6920000,0.3660000,0.6442000,0.6019000,0.3866000,0.6892000,0.5467000,0.3484000,0.9561000,0.4292000,0.2790000,0.3979977,0.7112447,-0.1906131},
{0.1707801,0.7691809,0.1901147,0.3467979,0.7658573,-0.1748906,0.4306334,0.7593962,-0.0034929,0.4012002,0.8612808,0.2225536,0.4677120,0.8575515,0.3232927,0.5581000,0.7796000,0.4831000,0.6148000,0.6916000,0.3655000,0.6433000,0.6014000,0.3860000,0.6886000,0.5464000,0.3479000,0.9561000,0.4292000,0.2790000,0.3970097,0.7110679,-0.1913597},
{0.1695549,0.7689358,0.1896228,0.3456583,0.7656801,-0.1756683,0.4297127,0.7589219,-0.0039992,0.4005685,0.8612863,0.2226474,0.4668808,0.8574812,0.3234834,0.5569000,0.7791000,0.4824000,0.6139000,0.6911000,0.3650000,0.6423000,0.6010000,0.3856000,0.6879000,0.5461000,0.3476000,0.9561000,0.4292000,0.2790000,0.3962993,0.7109407,-0.1918971},
{0.1683855,0.7687005,0.1891460,0.3445491,0.7655074,-0.1764266,0.4290388,0.7585744,-0.0043705,0.3999911,0.8612909,0.2227330,0.4661640,0.8574201,0.3236475,0.5558000,0.7787000,0.4817000,0.6130000,0.6907000,0.3644000,0.6415000,0.6006000,0.3851000,0.6873000,0.5457000,0.3472000,0.9561000,0.4293000,0.2790000,0.3949882,0.7107057,-0.1928902},
{0.1673125,0.7684832,0.1887021,0.3436960,0.7653745,-0.1770106,0.4280751,0.7580770,-0.0049026,0.3993274,0.8612959,0.2228315,0.4654379,0.8573578,0.3238133,0.5548000,0.7782000,0.4811000,0.6122000,0.6902000,0.3639000,0.6408000,0.6002000,0.3846000,0.6867000,0.5454000,0.3468000,0.9561000,0.4293000,0.2790000,0.3942176,0.7105674,-0.1934746},
{0.1662598,0.7682689,0.1882605,0.3424743,0.7651840,-0.1778484,0.4275424,0.7578018,-0.0051973,0.3987634,0.8612999,0.2229150,0.4648031,0.8573030,0.3239580,0.5538000,0.7778000,0.4805000,0.6113000,0.6898000,0.3634000,0.6401000,0.5999000,0.3842000,0.6862000,0.5451000,0.3464000,0.9561000,0.4293000,0.2790000,0.3931129,0.7103691,-0.1943134},
{0.1653396,0.7680805,0.1878693,0.3418715,0.7650899,-0.1782622,0.4267251,0.7573793,-0.0056502,0.3983623,0.8613025,0.2229744,0.4642553,0.8572554,0.3240827,0.5529000,0.7775000,0.4799000,0.6106000,0.6894000,0.3629000,0.6395000,0.5995000,0.3838000,0.6856000,0.5448000,0.3460000,0.9561000,0.4293000,0.2790000,0.3923945,0.7102401,-0.1948594},
{0.1645782,0.7679240,0.1875421,0.3412260,0.7649891,-0.1787059,0.4262393,0.7571278,-0.0059200,0.3980805,0.8613043,0.2230161,0.4637244,0.8572091,0.3242034,0.5520000,0.7770000,0.4793000,0.6100000,0.6891000,0.3624000,0.6390000,0.5992000,0.3834000,0.6851000,0.5445000,0.3457000,0.9561000,0.4293000,0.2790000,0.3918910,0.7101495,-0.1952425},
{0.1639630,0.7677970,0.1872752,0.3406408,0.7648977,-0.1791084,0.4256488,0.7568221,-0.0062482,0.3980161,0.8613046,0.2230257,0.4633892,0.8571798,0.3242794,0.5512000,0.7766000,0.4788000,0.6093000,0.6887000,0.3619000,0.6384000,0.5988000,0.3829000,0.6847000,0.5442000,0.3454000,0.9560000,0.4293000,0.2791000,0.3912960,0.7100426,-0.1956954},
{0.1634961,0.7677003,0.1870712,0.3403929,0.7648590,-0.1792791,0.4252678,0.7566246,-0.0064603,0.3979661,0.8613050,0.2230331,0.4630538,0.8571503,0.3243555,0.5503000,0.7762000,0.4781000,0.6087000,0.6884000,0.3615000,0.6381000,0.5986000,0.3826000,0.6842000,0.5439000,0.3450000,0.9560000,0.4293000,0.2791000,0.3910000,0.7099893,-0.1959208},
{0.1629699,0.7675911,0.1868398,0.3401327,0.7648183,-0.1794583,0.4250856,0.7565302,-0.0065618,0.3978886,0.8613054,0.2230445,0.4628160,0.8571294,0.3244094,0.5496000,0.7759000,0.4774000,0.6082000,0.6880000,0.3610000,0.6376000,0.5983000,0.3822000,0.6839000,0.5436000,0.3445000,0.9560000,0.4293000,0.2791000,0.3908049,0.7099542,-0.1960695},
{0.1626219,0.7675186,0.1866859,0.3393722,0.7646993,-0.1799824,0.4247239,0.7563427,-0.0067634,0.3977363,0.8613063,0.2230671,0.4626630,0.8571159,0.3244440,0.5489000,0.7756000,0.4768000,0.6077000,0.6876000,0.3605000,0.6373000,0.5980000,0.3818000,0.6834000,0.5432000,0.3442000,0.9560000,0.4293000,0.2791000,0.3908049,0.7099542,-0.1960695}
};
