fitErrPi Mean = 0.318282
fitErrTh Mean = 0.0829242
fitErrWr Mean = 0.212092
fitErrLA Mean = 0.600943
fitErrEl Mean = 0.0314033
fitErrUA Mean = 0.0523927
efPts = {
{0.6339823,0.3452903,0.2487657,0.5280839,0.3267234,0.3091891,2.1642437,-0.2692819,1.0833224,1.1306371,0.8532702,0.6816691,0.7940953,0.7324577,0.5605874,0.6551000,0.7837000,0.4908000,0.6691000,0.6385000,0.3857000,0.6969000,0.6005000,0.2843000,0.7243000,0.5609000,0.3969000,0.8175000,0.4688000,0.5174000,0.3182822,0.0000000,0.0000000},
{0.6345009,0.3460531,0.2482429,0.5280077,0.3278005,0.3088421,0.7294805,0.2063278,0.4320606,0.5533028,0.6640656,0.2619194,0.5858183,0.7553530,0.3347802,0.6555000,0.7831000,0.4911000,0.6694000,0.6381000,0.3858000,0.6973000,0.6000000,0.2842000,0.7246000,0.5606000,0.3967000,0.8176000,0.4683000,0.5172000,0.3182822,0.0000000,0.0000000},
{0.6352133,0.3470987,0.2475255,0.5279283,0.3289612,0.3084662,0.7294864,0.2063318,0.4320614,0.5533801,0.6644197,0.2617175,0.5859835,0.7555271,0.3347987,0.6558000,0.7826000,0.4912000,0.6697000,0.6378000,0.3857000,0.6977000,0.5996000,0.2841000,0.7247000,0.5604000,0.3967000,0.8176000,0.4679000,0.5171000,0.3182822,0.0000000,0.0000000},
{0.6360198,0.3482790,0.2467142,0.5278296,0.3304607,0.3079775,0.7297667,0.2065218,0.4320974,0.5535479,0.6651832,0.2612830,0.5862960,0.7558559,0.3348343,0.6562000,0.7823000,0.4912000,0.6699000,0.6376000,0.3855000,0.6981000,0.5991000,0.2840000,0.7247000,0.5602000,0.3966000,0.8174000,0.4675000,0.5171000,0.3182822,0.0000000,0.0000000},
{0.6367946,0.3494099,0.2459357,0.5277260,0.3321127,0.3074351,0.7306784,0.2071394,0.4322148,0.5537665,0.6661688,0.2607244,0.5866938,0.7562736,0.3348802,0.6565000,0.7821000,0.4911000,0.6701000,0.6376000,0.3853000,0.6985000,0.5987000,0.2839000,0.7246000,0.5601000,0.3965000,0.8171000,0.4672000,0.5171000,0.3182822,0.0000000,0.0000000},
{0.6376076,0.3505933,0.2451197,0.5276135,0.3340114,0.3068067,0.7306784,0.2071394,0.4322148,0.5540417,0.6673943,0.2600329,0.5872474,0.7568534,0.3349454,0.6569000,0.7821000,0.4908000,0.6702000,0.6377000,0.3850000,0.6989000,0.5982000,0.2838000,0.7245000,0.5600000,0.3964000,0.8167000,0.4669000,0.5171000,0.3182822,0.0000000,0.0000000},
{0.6383519,0.3516736,0.2443736,0.5274885,0.3362775,0.3060495,0.7309747,0.2073400,0.4322530,0.5543754,0.6688592,0.2592111,0.5879199,0.7575553,0.3350268,0.6572000,0.7822000,0.4904000,0.6703000,0.6378000,0.3846000,0.6993000,0.5978000,0.2837000,0.7243000,0.5600000,0.3962000,0.8161000,0.4666000,0.5172000,0.3182822,0.0000000,0.0000000},
{0.6391245,0.3527921,0.2435999,0.5273616,0.3387867,0.3052023,0.7315026,0.2076972,0.4323210,0.5547588,0.6705148,0.2582884,0.5885150,0.7581740,0.3351006,0.6575000,0.7823000,0.4900000,0.6704000,0.6380000,0.3841000,0.6998000,0.5973000,0.2836000,0.7242000,0.5599000,0.3960000,0.8155000,0.4664000,0.5173000,0.3182822,0.0000000,0.0000000},
{0.6399558,0.3539921,0.2427684,0.5272233,0.3418448,0.3041572,0.7319815,0.2080211,0.4323829,0.5551948,0.6723635,0.2572658,0.5892084,0.7588924,0.3351888,0.6579000,0.7825000,0.4895000,0.6705000,0.6382000,0.3836000,0.7002000,0.5969000,0.2835000,0.7239000,0.5598000,0.3959000,0.8149000,0.4662000,0.5174000,0.3182822,0.0000000,0.0000000},
{0.6408063,0.3552163,0.2419188,0.5271050,0.3448404,0.3031201,0.7325466,0.2084031,0.4324559,0.5556879,0.6744143,0.2561409,0.5899633,0.7596713,0.3352875,0.6582000,0.7827000,0.4890000,0.6706000,0.6384000,0.3829000,0.7006000,0.5964000,0.2834000,0.7237000,0.5597000,0.3957000,0.8142000,0.4659000,0.5175000,0.3182822,0.0000000,0.0000000},
{0.6416750,0.3564631,0.2410519,0.5270013,0.3479085,0.3020446,0.7338811,0.2093044,0.4326285,0.5562419,0.6766698,0.2549150,0.5907550,0.7604847,0.3353939,0.6586000,0.7829000,0.4884000,0.6705000,0.6387000,0.3823000,0.7010000,0.5960000,0.2833000,0.7234000,0.5596000,0.3954000,0.8134000,0.4657000,0.5176000,0.3182822,0.0000000,0.0000000},
{0.6424763,0.3576097,0.2402534,0.5269091,0.3512167,0.3008697,0.7348164,0.2099353,0.4327498,0.5568983,0.6792810,0.2535107,0.5916506,0.7614005,0.3355180,0.6589000,0.7833000,0.4878000,0.6705000,0.6389000,0.3815000,0.7014000,0.5955000,0.2832000,0.7231000,0.5595000,0.3952000,0.8127000,0.4654000,0.5176000,0.3182822,0.0000000,0.0000000},
{0.6432602,0.3587283,0.2394730,0.5268326,0.3547607,0.2995940,0.7360216,0.2107474,0.4329063,0.5576268,0.6821068,0.2520088,0.5927016,0.7624694,0.3356683,0.6593000,0.7836000,0.4872000,0.6704000,0.6393000,0.3809000,0.7018000,0.5951000,0.2831000,0.7228000,0.5594000,0.3949000,0.8118000,0.4652000,0.5177000,0.3182822,0.0000000,0.0000000},
{0.6440422,0.3598415,0.2386953,0.5267785,0.3583519,0.2982833,0.7373458,0.2116386,0.4330787,0.5585069,0.6854279,0.2502673,0.5937977,0.7635777,0.3358305,0.6596000,0.7841000,0.4866000,0.6704000,0.6398000,0.3801000,0.7022000,0.5946000,0.2830000,0.7225000,0.5593000,0.3945000,0.8111000,0.4650000,0.5178000,0.3182822,0.0000000,0.0000000},
{0.6449121,0.3610760,0.2378313,0.5267462,0.3622143,0.2968536,0.7385109,0.2124217,0.4332306,0.5594888,0.6890239,0.2484101,0.5950249,0.7648108,0.3360186,0.6600000,0.7846000,0.4860000,0.6704000,0.6403000,0.3794000,0.7026000,0.5942000,0.2829000,0.7223000,0.5592000,0.3943000,0.8103000,0.4648000,0.5179000,0.3182822,0.0000000,0.0000000},
{0.6457704,0.3622907,0.2369798,0.5267415,0.3664489,0.2952625,0.7400236,0.2134371,0.4334284,0.5605883,0.6929263,0.2464280,0.5962394,0.7660232,0.3362114,0.6603000,0.7852000,0.4854000,0.6704000,0.6409000,0.3786000,0.7030000,0.5937000,0.2828000,0.7221000,0.5591000,0.3940000,0.8095000,0.4646000,0.5180000,0.3182822,0.0000000,0.0000000},
{0.6468123,0.3637603,0.2359475,0.5267726,0.3710854,0.2934925,0.7412461,0.2142566,0.4335885,0.5618387,0.6972208,0.2442865,0.5976090,0.7673810,0.3364367,0.6606000,0.7858000,0.4848000,0.6705000,0.6415000,0.3777000,0.7035000,0.5933000,0.2827000,0.7218000,0.5590000,0.3938000,0.8088000,0.4645000,0.5181000,0.3182822,0.0000000,0.0000000},
{0.6480055,0.3654372,0.2347670,0.5268483,0.3760884,0.2915501,0.7433375,0.2156562,0.4338633,0.5632449,0.7018862,0.2420071,0.5990169,0.7687667,0.3366767,0.6609000,0.7864000,0.4843000,0.6705000,0.6422000,0.3769000,0.7039000,0.5928000,0.2825000,0.7215000,0.5590000,0.3936000,0.8080000,0.4643000,0.5183000,0.3182822,0.0000000,0.0000000},
{0.6493506,0.3673194,0.2334386,0.5269808,0.3815662,0.2893852,0.7451950,0.2168968,0.4341081,0.5647934,0.7068447,0.2396378,0.6005518,0.7702659,0.3369480,0.6613000,0.7871000,0.4837000,0.6705000,0.6429000,0.3759000,0.7043000,0.5924000,0.2824000,0.7211000,0.5589000,0.3933000,0.8072000,0.4642000,0.5184000,0.3182822,0.0000000,0.0000000},
{0.6507628,0.3692866,0.2320465,0.5271782,0.3873943,0.2870384,0.7472862,0.2182907,0.4343846,0.5665162,0.7121643,0.2371564,0.6022159,0.7718779,0.3372532,0.6616000,0.7878000,0.4832000,0.6704000,0.6437000,0.3749000,0.7043000,0.5924000,0.2824000,0.7207000,0.5589000,0.3930000,0.8065000,0.4640000,0.5184000,0.3182822,0.0000000,0.0000000},
{0.6524365,0.3716062,0.2304000,0.5274515,0.3935976,0.2844919,0.7494723,0.2197448,0.4346747,0.5683681,0.7176763,0.2346510,0.6040183,0.7736086,0.3375966,0.6619000,0.7885000,0.4825000,0.6703000,0.6444000,0.3738000,0.7048000,0.5938000,0.2815000,0.7202000,0.5587000,0.3927000,0.8057000,0.4639000,0.5184000,0.3182822,0.0000000,0.0000000},
{0.6541327,0.3739438,0.2287351,0.5277983,0.3999510,0.2818323,0.7518324,0.2213111,0.4349889,0.5704521,0.7236525,0.2320096,0.6059538,0.7754496,0.3379800,0.6622000,0.7893000,0.4818000,0.6702000,0.6452000,0.3727000,0.7049000,0.5944000,0.2808000,0.7197000,0.5586000,0.3924000,0.8049000,0.4637000,0.5184000,0.3182822,0.0000000,0.0000000},
{0.6560577,0.3765814,0.2268500,0.5282337,0.4066091,0.2789896,0.7547781,0.2232609,0.4353828,0.5726923,0.7298379,0.2293576,0.6079908,0.7773682,0.3383993,0.6625000,0.7901000,0.4812000,0.6699000,0.6461000,0.3717000,0.7050000,0.5948000,0.2802000,0.7192000,0.5585000,0.3919000,0.8041000,0.4635000,0.5183000,0.3182822,0.0000000,0.0000000},
{0.6580720,0.3793236,0.2248825,0.5287554,0.4134268,0.2760204,0.7576311,0.2251439,0.4357661,0.5751231,0.7363019,0.2266746,0.6101785,0.7794074,0.3388675,0.6629000,0.7911000,0.4805000,0.6697000,0.6470000,0.3706000,0.7051000,0.5953000,0.2796000,0.7187000,0.5583000,0.3915000,0.8034000,0.4634000,0.5183000,0.3182822,0.0000000,0.0000000},
{0.6601637,0.3821526,0.2228448,0.5293552,0.4202652,0.2729833,0.7606959,0.2271609,0.4361797,0.5776824,0.7428589,0.2240449,0.6124872,0.7815359,0.3393811,0.6633000,0.7922000,0.4799000,0.6695000,0.6480000,0.3696000,0.7051000,0.5957000,0.2790000,0.7183000,0.5582000,0.3911000,0.8026000,0.4632000,0.5182000,0.3182822,0.0000000,0.0000000},
{0.6622453,0.3849492,0.2208222,0.5300622,0.4273993,0.2697523,0.7637410,0.2291589,0.4365926,0.5804841,0.7497768,0.2213706,0.6149212,0.7837544,0.3399439,0.6637000,0.7933000,0.4792000,0.6694000,0.6489000,0.3685000,0.7051000,0.5960000,0.2785000,0.7178000,0.5580000,0.3907000,0.8018000,0.4631000,0.5182000,0.3182822,0.0000000,0.0000000},
{0.6646115,0.3881060,0.2185294,0.5308677,0.4346683,0.2663947,0.7669880,0.2312827,0.4370350,0.5834765,0.7568967,0.2187253,0.6174281,0.7860128,0.3405458,0.6641000,0.7944000,0.4785000,0.6693000,0.6499000,0.3675000,0.7049000,0.5964000,0.2780000,0.7174000,0.5579000,0.3903000,0.8009000,0.4629000,0.5181000,0.3182822,0.0000000,0.0000000},
{0.6670384,0.3913194,0.2161848,0.5318031,0.4422811,0.2628075,0.7702772,0.2334273,0.4374853,0.5867071,0.7643047,0.2160881,0.6199935,0.7882963,0.3411847,0.6645000,0.7955000,0.4777000,0.6693000,0.6508000,0.3663000,0.7049000,0.5968000,0.2776000,0.7169000,0.5578000,0.3899000,0.8000000,0.4628000,0.5181000,0.3182822,0.0000000,0.0000000},
{0.6696623,0.3947667,0.2136576,0.5328505,0.4500213,0.2590862,0.7738801,0.2357686,0.4379811,0.5901634,0.7719439,0.2134918,0.6226152,0.7906018,0.3418611,0.6649000,0.7966000,0.4769000,0.6694000,0.6517000,0.3649000,0.7047000,0.5972000,0.2771000,0.7163000,0.5577000,0.3895000,0.7991000,0.4626000,0.5180000,0.3182822,0.0000000,0.0000000},
{0.6723468,0.3982647,0.2110802,0.5340468,0.4580966,0.2551240,0.7775927,0.2381726,0.4384948,0.5939646,0.7800384,0.2108773,0.6252489,0.7928899,0.3425640,0.6652000,0.7977000,0.4760000,0.6695000,0.6528000,0.3635000,0.7044000,0.5977000,0.2766000,0.7156000,0.5577000,0.3890000,0.7981000,0.4625000,0.5179000,0.3182822,0.0000000,0.0000000},
{0.6751905,0.4019391,0.2083588,0.5353763,0.4663323,0.2509988,0.7811713,0.2404816,0.4389926,0.5979606,0.7882367,0.2083732,0.6279789,0.7952327,0.3433169,0.6655000,0.7989000,0.4751000,0.6696000,0.6537000,0.3620000,0.7042000,0.5982000,0.2760000,0.7149000,0.5576000,0.3884000,0.7969000,0.4623000,0.5176000,0.3182822,0.0000000,0.0000000},
{0.6782122,0.4058090,0.2054770,0.5368559,0.4747836,0.2466768,0.7856885,0.2433849,0.4396246,0.6020389,0.7963075,0.2060501,0.6306926,0.7975326,0.3440892,0.6657000,0.8001000,0.4742000,0.6697000,0.6547000,0.3604000,0.7039000,0.5988000,0.2753000,0.7141000,0.5577000,0.3878000,0.7957000,0.4621000,0.5172000,0.3182822,0.0000000,0.0000000},
{0.6814074,0.4098631,0.2024406,0.5384547,0.4832413,0.2422607,0.7894917,0.2458195,0.4401599,0.6062359,0.8043304,0.2038815,0.6336233,0.7999849,0.3449497,0.6660000,0.8014000,0.4733000,0.6697000,0.6556000,0.3589000,0.7035000,0.5995000,0.2747000,0.7132000,0.5579000,0.3871000,0.7944000,0.4619000,0.5169000,0.3182822,0.0000000,0.0000000},
{0.6845991,0.4138745,0.1994184,0.5401721,0.4916970,0.2377540,0.7935139,0.2483847,0.4407291,0.6105982,0.8123924,0.2018449,0.6365790,0.8024256,0.3458448,0.6663000,0.8027000,0.4725000,0.6698000,0.6567000,0.3575000,0.7032000,0.6002000,0.2739000,0.7123000,0.5581000,0.3865000,0.7930000,0.4618000,0.5165000,0.3182822,0.0000000,0.0000000},
{0.6879878,0.4180923,0.1962214,0.5420522,0.5003399,0.2330515,0.7975640,0.2509576,0.4413054,0.6150584,0.8203685,0.1999721,0.6396794,0.8049511,0.3468125,0.6667000,0.8041000,0.4718000,0.6699000,0.6578000,0.3563000,0.7029000,0.6008000,0.2732000,0.7115000,0.5584000,0.3857000,0.7914000,0.4618000,0.5162000,0.3182822,0.0000000,0.0000000},
{0.6913236,0.4222036,0.1930859,0.5439446,0.5085001,0.2285214,0.8024071,0.2540214,0.4419989,0.6196439,0.8283106,0.1982494,0.6428911,0.8075306,0.3478457,0.6672000,0.8056000,0.4712000,0.6698000,0.6590000,0.3552000,0.7026000,0.6015000,0.2726000,0.7104000,0.5586000,0.3851000,0.7897000,0.4618000,0.5159000,0.3182822,0.0000000,0.0000000},
{0.6947328,0.4263644,0.1898932,0.5460182,0.5169179,0.2237547,0.8071429,0.2570036,0.4426813,0.6243510,0.8362124,0.1966781,0.6461576,0.8101164,0.3489279,0.6677000,0.8072000,0.4707000,0.6696000,0.6604000,0.3543000,0.7024000,0.6023000,0.2719000,0.7093000,0.5591000,0.3844000,0.7879000,0.4619000,0.5155000,0.3182822,0.0000000,0.0000000},
{0.6982443,0.4306076,0.1866167,0.5482619,0.5255006,0.2187949,0.8122819,0.2602246,0.4434267,0.6292159,0.8441315,0.1952485,0.6495530,0.8127646,0.3500859,0.6683000,0.8089000,0.4702000,0.6693000,0.6616000,0.3535000,0.7021000,0.6031000,0.2714000,0.7082000,0.5597000,0.3838000,0.7859000,0.4621000,0.5152000,0.3182822,0.0000000,0.0000000},
{0.7018966,0.4349759,0.1832218,0.5505616,0.5338109,0.2138946,0.8165302,0.2628756,0.4440467,0.6342009,0.8520041,0.1939736,0.6529876,0.8154029,0.3512912,0.6690000,0.8105000,0.4698000,0.6689000,0.6629000,0.3528000,0.7018000,0.6041000,0.2709000,0.7069000,0.5602000,0.3833000,0.7840000,0.4622000,0.5149000,0.3182822,0.0000000,0.0000000},
{0.7055122,0.4392560,0.1798736,0.5529875,0.5421136,0.2089000,0.8215609,0.2660011,0.4447853,0.6393860,0.8599507,0.1928376,0.6564716,0.8180380,0.3525481,0.6697000,0.8123000,0.4694000,0.6683000,0.6643000,0.3523000,0.7012000,0.6051000,0.2705000,0.7057000,0.5609000,0.3828000,0.7819000,0.4624000,0.5146000,0.3182822,0.0000000,0.0000000},
{0.7092934,0.4436856,0.1763853,0.5554793,0.5502083,0.2039330,0.8266826,0.2691680,0.4455421,0.6446762,0.8678207,0.1918652,0.6601253,0.8207576,0.3539029,0.6704000,0.8141000,0.4690000,0.6676000,0.6657000,0.3517000,0.7005000,0.6062000,0.2702000,0.7044000,0.5616000,0.3824000,0.7798000,0.4627000,0.5144000,0.3182822,0.0000000,0.0000000},
{0.7129370,0.4479098,0.1730366,0.5580791,0.5582405,0.1989063,0.8314777,0.2721193,0.4462551,0.6500438,0.8755761,0.1910590,0.6637330,0.8233994,0.3552769,0.6712000,0.8160000,0.4686000,0.6659000,0.6670000,0.3509000,0.6996000,0.6073000,0.2699000,0.7031000,0.5623000,0.3820000,0.7777000,0.4630000,0.5141000,0.3182822,0.0000000,0.0000000},
{0.7167638,0.4523003,0.1695328,0.5607229,0.5660226,0.1939400,0.8366245,0.2752723,0.4470251,0.6555587,0.8833177,0.1904087,0.6673964,0.8260382,0.3567089,0.6721000,0.8180000,0.4683000,0.6652000,0.6685000,0.3503000,0.6986000,0.6083000,0.2696000,0.7016000,0.5631000,0.3816000,0.7755000,0.4633000,0.5139000,0.3182822,0.0000000,0.0000000},
{0.7203875,0.4564151,0.1662270,0.5634449,0.5736704,0.1889640,0.8419979,0.2785482,0.4478342,0.6610181,0.8907681,0.1899323,0.6710781,0.8286460,0.3581848,0.6730000,0.8200000,0.4680000,0.6645000,0.6700000,0.3499000,0.6974000,0.6094000,0.2693000,0.7002000,0.5638000,0.3812000,0.7732000,0.4636000,0.5137000,0.3182822,0.0000000,0.0000000},
{0.7241845,0.4606827,0.1627757,0.5661356,0.5809016,0.1841690,0.8473249,0.2817796,0.4486415,0.6665065,0.8980558,0.1896123,0.6748063,0.8312420,0.3597167,0.6740000,0.8221000,0.4678000,0.6635000,0.6716000,0.3496000,0.6962000,0.6106000,0.2690000,0.6986000,0.5647000,0.3808000,0.7709000,0.4641000,0.5136000,0.3182822,0.0000000,0.0000000},
{0.7278732,0.4647861,0.1594351,0.5688786,0.5879668,0.1793963,0.8527276,0.2850408,0.4494655,0.6720339,0.9052005,0.1894430,0.6785887,0.8338300,0.3613091,0.6751000,0.8243000,0.4676000,0.6624000,0.6732000,0.3492000,0.6951000,0.6118000,0.2687000,0.6971000,0.5656000,0.3805000,0.7687000,0.4647000,0.5135000,0.3182822,0.0000000,0.0000000},
{0.7314244,0.4686975,0.1562300,0.5716163,0.5947356,0.1747392,0.8580340,0.2882282,0.4502799,0.6776000,0.9122071,0.1894202,0.6823186,0.8363372,0.3629168,0.6763000,0.8266000,0.4675000,0.6610000,0.6749000,0.3490000,0.6939000,0.6130000,0.2683000,0.6956000,0.5665000,0.3801000,0.7663000,0.4652000,0.5134000,0.3182822,0.0000000,0.0000000},
{0.7351747,0.4727873,0.1528570,0.5743262,0.6011787,0.1702262,0.8631215,0.2912694,0.4510653,0.6831352,0.9189961,0.1895378,0.6860352,0.8387913,0.3645557,0.6775000,0.8289000,0.4673000,0.6594000,0.6765000,0.3489000,0.6929000,0.6143000,0.2680000,0.6941000,0.5676000,0.3797000,0.7639000,0.4658000,0.5132000,0.3182822,0.0000000,0.0000000},
{0.7387793,0.4766790,0.1496261,0.5769005,0.6070794,0.1660219,0.8687338,0.2946080,0.4519371,0.6886661,0.9256093,0.1897894,0.6896373,0.8411279,0.3661791,0.6788000,0.8313000,0.4671000,0.6577000,0.6782000,0.3488000,0.6918000,0.6156000,0.2678000,0.6925000,0.5685000,0.3794000,0.7615000,0.4664000,0.5131000,0.3182822,0.0000000,0.0000000},
{0.7423082,0.4804521,0.1464737,0.5797177,0.6133071,0.1615075,0.8735107,0.2974362,0.4526835,0.6941543,0.9320095,0.1901660,0.6931833,0.8433877,0.3678110,0.6800000,0.8336000,0.4669000,0.6560000,0.6799000,0.3486000,0.6907000,0.6168000,0.2676000,0.6910000,0.5696000,0.3792000,0.7592000,0.4669000,0.5131000,0.3182822,0.0000000,0.0000000},
{0.7458310,0.4841829,0.1433369,0.5823330,0.6188872,0.1573922,0.8792420,0.3008132,0.4535842,0.6995718,0.9381749,0.1906574,0.6966602,0.8455646,0.3694434,0.6813000,0.8358000,0.4667000,0.6542000,0.6815000,0.3485000,0.6897000,0.6181000,0.2673000,0.6895000,0.5706000,0.3789000,0.7569000,0.4676000,0.5130000,0.3182822,0.0000000,0.0000000},
{0.7493651,0.4878900,0.1402003,0.5849256,0.6242383,0.1533808,0.8842931,0.3037749,0.4543827,0.7048685,0.9440618,0.1912488,0.7000554,0.8476532,0.3710686,0.6826000,0.8380000,0.4665000,0.6525000,0.6832000,0.3483000,0.6888000,0.6194000,0.2671000,0.6880000,0.5716000,0.3786000,0.7546000,0.4683000,0.5130000,0.3182822,0.0000000,0.0000000},
{0.7527001,0.4913558,0.1372496,0.5874499,0.6292849,0.1495366,0.8890415,0.3065468,0.4551373,0.7100681,0.9497090,0.1919326,0.7032549,0.8495877,0.3726284,0.6837000,0.8400000,0.4663000,0.6511000,0.6849000,0.3480000,0.6874000,0.6208000,0.2665000,0.6866000,0.5728000,0.3783000,0.7524000,0.4690000,0.5131000,0.3182822,0.0000000,0.0000000},
{0.7559054,0.4946575,0.1344221,0.5899287,0.6340911,0.1458181,0.8938675,0.3093517,0.4559081,0.7151758,0.9551334,0.1927011,0.7063821,0.8514466,0.3741793,0.6849000,0.8420000,0.4661000,0.6501000,0.6867000,0.3478000,0.6866000,0.6221000,0.2662000,0.6851000,0.5738000,0.3781000,0.7502000,0.4698000,0.5132000,0.3182822,0.0000000,0.0000000},
{0.7590370,0.4978558,0.1316674,0.5923082,0.6385719,0.1422984,0.8980227,0.3117570,0.4565750,0.7200817,0.9602317,0.1935270,0.7093687,0.8531926,0.3756851,0.6860000,0.8440000,0.4659000,0.6495000,0.6886000,0.3476000,0.6856000,0.6234000,0.2660000,0.6837000,0.5749000,0.3779000,0.7480000,0.4707000,0.5132000,0.3182822,0.0000000,0.0000000},
{0.7622026,0.5010613,0.1288907,0.5946610,0.6428795,0.1388646,0.9028148,0.3145199,0.4573477,0.7248635,0.9650981,0.1944127,0.7121722,0.8548052,0.3771206,0.6871000,0.8459000,0.4657000,0.6491000,0.6904000,0.3474000,0.6845000,0.6247000,0.2658000,0.6822000,0.5761000,0.3777000,0.7459000,0.4715000,0.5133000,0.3182822,0.0000000,0.0000000},
{0.7652200,0.5040913,0.1262512,0.5969003,0.6468704,0.1356375,0.9068170,0.3168182,0.4579960,0.7294693,0.9696917,0.1953395,0.7149122,0.8563565,0.3785443,0.6881000,0.8477000,0.4655000,0.6490000,0.6922000,0.3472000,0.6834000,0.6259000,0.2655000,0.6808000,0.5771000,0.3775000,0.7438000,0.4725000,0.5135000,0.3182822,0.0000000,0.0000000},
{0.7682120,0.5070715,0.1236409,0.5990834,0.6506622,0.1325286,0.9108216,0.3191096,0.4586473,0.7337869,0.9739160,0.1962725,0.7174355,0.8577633,0.3798735,0.6891000,0.8495000,0.4653000,0.6488000,0.6940000,0.3470000,0.6823000,0.6270000,0.2653000,0.6795000,0.5782000,0.3773000,0.7418000,0.4734000,0.5136000,0.3182822,0.0000000,0.0000000},
{0.7708555,0.5096845,0.1213404,0.6011583,0.6541790,0.1296065,0.9149628,0.3214705,0.4593236,0.7379539,0.9779193,0.1972308,0.7198004,0.8590628,0.3811352,0.6900000,0.8513000,0.4651000,0.6486000,0.6956000,0.3469000,0.6814000,0.6282000,0.2651000,0.6782000,0.5794000,0.3771000,0.7399000,0.4744000,0.5137000,0.3182822,0.0000000,0.0000000},
{0.7737441,0.5125184,0.1188326,0.6032418,0.6576270,0.1267038,0.9181745,0.3232955,0.4598501,0.7419082,0.9816524,0.1981919,0.7220423,0.8602775,0.3823457,0.6909000,0.8530000,0.4648000,0.6483000,0.6973000,0.3468000,0.6807000,0.6294000,0.2649000,0.6769000,0.5805000,0.3770000,0.7379000,0.4753000,0.5138000,0.3182822,0.0000000,0.0000000},
{0.7763365,0.5150428,0.1165874,0.6051689,0.6607441,0.1240461,0.9218575,0.3253819,0.4604559,0.7454755,0.9849661,0.1991014,0.7240436,0.8613475,0.3834381,0.6917000,0.8546000,0.4646000,0.6480000,0.6989000,0.3466000,0.6800000,0.6305000,0.2648000,0.6758000,0.5816000,0.3768000,0.7362000,0.4763000,0.5140000,0.3182822,0.0000000,0.0000000},
{0.7789102,0.5175315,0.1143634,0.6070432,0.6637112,0.1214856,0.9250636,0.3271925,0.4609850,0.7487639,0.9879758,0.1999751,0.7258309,0.8622918,0.3844233,0.6924000,0.8562000,0.4643000,0.6476000,0.7005000,0.3464000,0.6794000,0.6316000,0.2648000,0.6747000,0.5828000,0.3767000,0.7345000,0.4774000,0.5143000,0.3182822,0.0000000,0.0000000},
{0.7813370,0.5198622,0.1122709,0.6089042,0.6665955,0.1189664,0.9278466,0.3287599,0.4614457,0.7517425,0.9906653,0.2007953,0.7275643,0.8631973,0.3853874,0.6931000,0.8577000,0.4640000,0.6473000,0.7021000,0.3463000,0.6789000,0.6327000,0.2647000,0.6737000,0.5839000,0.3767000,0.7329000,0.4784000,0.5147000,0.3182822,0.0000000,0.0000000},
{0.7834553,0.5218841,0.1104480,0.6106059,0.6691805,0.1166827,0.9304429,0.3302188,0.4618766,0.7543479,0.9929894,0.2015350,0.7290062,0.8639426,0.3861958,0.6936000,0.8591000,0.4637000,0.6469000,0.7035000,0.3461000,0.6784000,0.6338000,0.2647000,0.6727000,0.5850000,0.3767000,0.7314000,0.4795000,0.5150000,0.3182822,0.0000000,0.0000000},
{0.7858129,0.5241206,0.1084231,0.6123097,0.6717195,0.1144146,0.9319554,0.3310671,0.4621281,0.7566879,0.9950545,0.2022168,0.7302596,0.8645847,0.3869034,0.6941000,0.8605000,0.4633000,0.6466000,0.7048000,0.3459000,0.6779000,0.6349000,0.2647000,0.6717000,0.5862000,0.3767000,0.7299000,0.4807000,0.5154000,0.3182822,0.0000000,0.0000000},
{0.7878476,0.5260391,0.1066788,0.6138495,0.6739725,0.1123805,0.9344201,0.3324470,0.4625388,0.7586402,0.9967613,0.2027983,0.7312971,0.8651121,0.3874926,0.6945000,0.8618000,0.4629000,0.6463000,0.7062000,0.3457000,0.6775000,0.6359000,0.2647000,0.6709000,0.5873000,0.3767000,0.7285000,0.4819000,0.5158000,0.3182822,0.0000000,0.0000000},
{0.7896841,0.5277617,0.1051070,0.6154674,0.6762980,0.1102590,0.9358035,0.3332202,0.4627697,0.7602621,0.9981682,0.2032901,0.7321872,0.8655616,0.3880006,0.6949000,0.8632000,0.4624000,0.6460000,0.7075000,0.3454000,0.6770000,0.6370000,0.2646000,0.6701000,0.5884000,0.3767000,0.7272000,0.4831000,0.5161000,0.3182822,0.0000000,0.0000000},
{0.7915083,0.5294641,0.1035483,0.6169039,0.6783274,0.1083887,0.9370030,0.3338898,0.4629702,0.7615735,0.9992986,0.2036934,0.7328007,0.8658698,0.3883520,0.6951000,0.8645000,0.4618000,0.6457000,0.7089000,0.3450000,0.6765000,0.6379000,0.2645000,0.6693000,0.5896000,0.3767000,0.7260000,0.4842000,0.5163000,0.3182822,0.0000000,0.0000000},
{0.7931382,0.5309779,0.1021576,0.6182483,0.6801973,0.1066493,0.9381166,0.3345108,0.4631565,0.7625382,1.0001259,0.2039934,0.7332794,0.8661094,0.3886270,0.6953000,0.8658000,0.4611000,0.6454000,0.7100000,0.3446000,0.6761000,0.6389000,0.2643000,0.6674000,0.5904000,0.3764000,0.7248000,0.4853000,0.5166000,0.3182822,0.0000000,0.0000000},
{0.7948106,0.5325243,0.1007327,0.6194979,0.6819100,0.1050421,0.9388449,0.3349167,0.4632785,0.7631443,1.0006440,0.2041832,0.7335954,0.8662671,0.3888089,0.6952000,0.8670000,0.4604000,0.6451000,0.7112000,0.3442000,0.6756000,0.6398000,0.2641000,0.6668000,0.5915000,0.3762000,0.7237000,0.4864000,0.5168000,0.3182822,0.0000000,0.0000000},
{0.7961443,0.5337523,0.0995978,0.6207161,0.6835564,0.1034841,0.9400725,0.3356001,0.4634843,0.7640008,1.0013736,0.2044534,0.7337092,0.8663238,0.3888744,0.6951000,0.8681000,0.4595000,0.6448000,0.7123000,0.3436000,0.6752000,0.6406000,0.2639000,0.6662000,0.5926000,0.3761000,0.7226000,0.4875000,0.5171000,0.3182822,0.0000000,0.0000000},
{0.7976027,0.5350899,0.0983583,0.6218718,0.6850975,0.1020139,0.9400725,0.3356001,0.4634843,0.7642462,1.0015821,0.2045312,0.7336669,0.8663028,0.3888501,0.6947000,0.8692000,0.4586000,0.6444000,0.7132000,0.3431000,0.6747000,0.6414000,0.2637000,0.6657000,0.5935000,0.3760000,0.7217000,0.4887000,0.5173000,0.3182822,0.0000000,0.0000000},
{0.7988359,0.5362168,0.0973114,0.6230193,0.6866076,0.1005617,0.9402768,0.3357138,0.4635185,0.7639023,1.0012898,0.2044222,0.7335202,0.8662296,0.3887656,0.6943000,0.8703000,0.4577000,0.6441000,0.7141000,0.3425000,0.6743000,0.6422000,0.2634000,0.6652000,0.5946000,0.3758000,0.7208000,0.4900000,0.5176000,0.3182822,0.0000000,0.0000000},
{0.7999616,0.5372420,0.0963567,0.6241301,0.6880509,0.0991628,0.9402768,0.3357138,0.4635185,0.7638257,1.0012247,0.2043980,0.7332178,0.8660786,0.3885916,0.6938000,0.8712000,0.4567000,0.6438000,0.7149000,0.3419000,0.6739000,0.6427000,0.2632000,0.6647000,0.5954000,0.3756000,0.7199000,0.4912000,0.5178000,0.3182822,0.0000000,0.0000000},
{0.8012587,0.5384195,0.0952578,0.6252856,0.6895328,0.0977150,0.9402768,0.3357138,0.4635185,0.7634211,1.0008800,0.2042703,0.7328717,0.8659054,0.3883927,0.6932000,0.8722000,0.4557000,0.6434000,0.7156000,0.3413000,0.6736000,0.6434000,0.2629000,0.6642000,0.5964000,0.3755000,0.7189000,0.4924000,0.5181000,0.3182822,0.0000000,0.0000000},
{0.8024139,0.5394645,0.0942801,0.6265637,0.6911494,0.0961222,0.9399336,0.3355228,0.4634610,0.7627015,1.0002657,0.2040444,0.7323402,0.8656386,0.3880881,0.6926000,0.8732000,0.4548000,0.6430000,0.7164000,0.3407000,0.6732000,0.6439000,0.2627000,0.6638000,0.5972000,0.3753000,0.7181000,0.4936000,0.5183000,0.3182822,0.0000000,0.0000000},
{0.8033546,0.5403130,0.0934847,0.6276835,0.6925463,0.0947339,0.9394500,0.3352536,0.4633799,0.7619165,0.9995931,0.2037997,0.7317233,0.8653277,0.3877355,0.6919000,0.8742000,0.4538000,0.6425000,0.7171000,0.3401000,0.6729000,0.6444000,0.2624000,0.6634000,0.5981000,0.3752000,0.7173000,0.4948000,0.5185000,0.3182822,0.0000000,0.0000000}
};
