fitErrPi Mean = 0.318282
fitErrTh Mean = 0.0387965
fitErrWr Mean = 0.0684187
fitErrLA Mean = 0.0918715
fitErrEl Mean = 0.0199534
fitErrUA Mean = 0.0677094
efPts = {
{0.6104607,0.3769547,0.2964031,0.5999279,0.7879762,0.0916732,1.3242906,0.5707720,0.4850663,1.0401622,0.9065467,0.5179027,0.7592679,0.7074835,0.5390053,0.6952000,0.7630000,0.4954000,0.7013000,0.6302000,0.3729000,0.7338000,0.6131000,0.2764000,0.7481000,0.5528000,0.3889000,0.8271000,0.4460000,0.5008000,0.3182823,0.0000000,0.0000000},
{0.6105558,0.3766002,0.2964690,0.6829806,0.2893731,0.2707020,0.5626628,0.5249429,0.2499143,0.5763849,0.6578122,0.2583653,0.6297119,0.7474761,0.3457046,0.6951000,0.7631000,0.4950000,0.7012000,0.6304000,0.3728000,0.7339000,0.6130000,0.2762000,0.7479000,0.5530000,0.3888000,0.8266000,0.4461000,0.5011000,0.3182823,0.0000000,0.0000000},
{0.6105590,0.3765883,0.2964712,0.6820026,0.2896548,0.2713183,0.5626628,0.5249429,0.2499143,0.5763991,0.6579985,0.2582264,0.6297119,0.7474761,0.3457046,0.6950000,0.7633000,0.4946000,0.7011000,0.6305000,0.3726000,0.7341000,0.6129000,0.2761000,0.7476000,0.5532000,0.3887000,0.8262000,0.4462000,0.5012000,0.3182823,0.0000000,0.0000000},
{0.6105511,0.3766179,0.2964657,0.6806726,0.2900707,0.2721404,0.5625869,0.5247152,0.2499499,0.5764248,0.6583319,0.2579781,0.6296729,0.7474426,0.3456906,0.6948000,0.7634000,0.4942000,0.7011000,0.6307000,0.3724000,0.7342000,0.6127000,0.2760000,0.7475000,0.5533000,0.3885000,0.8258000,0.4463000,0.5014000,0.3182823,0.0000000,0.0000000},
{0.6105511,0.3766179,0.2964657,0.6788715,0.2906933,0.2732246,0.5625406,0.5245764,0.2499716,0.5764516,0.6586744,0.2577236,0.6296407,0.7474149,0.3456791,0.6948000,0.7636000,0.4938000,0.7011000,0.6308000,0.3721000,0.7343000,0.6126000,0.2758000,0.7474000,0.5534000,0.3884000,0.8255000,0.4463000,0.5015000,0.3182823,0.0000000,0.0000000},
{0.6104599,0.3769577,0.2964026,0.6767444,0.2915151,0.2744630,0.5625571,0.5246260,0.2499638,0.5764925,0.6591874,0.2573431,0.6296407,0.7474149,0.3456791,0.6947000,0.7638000,0.4933000,0.7010000,0.6310000,0.3719000,0.7344000,0.6125000,0.2757000,0.7473000,0.5534000,0.3883000,0.8253000,0.4464000,0.5016000,0.3182823,0.0000000,0.0000000},
{0.6103737,0.3772804,0.2963424,0.6746738,0.2924032,0.2756255,0.5626453,0.5248904,0.2499225,0.5765344,0.6596989,0.2569647,0.6296899,0.7474572,0.3456967,0.6946000,0.7639000,0.4929000,0.7010000,0.6312000,0.3716000,0.7346000,0.6124000,0.2755000,0.7472000,0.5535000,0.3883000,0.8250000,0.4464000,0.5017000,0.3182823,0.0000000,0.0000000},
{0.6101264,0.3782115,0.2961677,0.6723134,0.2935198,0.2769001,0.5626940,0.5250363,0.2498997,0.5765857,0.6603093,0.2565145,0.6297000,0.7474659,0.3457003,0.6946000,0.7641000,0.4924000,0.7009000,0.6314000,0.3714000,0.7347000,0.6123000,0.2754000,0.7468000,0.5537000,0.3879000,0.8247000,0.4465000,0.5018000,0.3182823,0.0000000,0.0000000},
{0.6096570,0.3800042,0.2958266,0.6695705,0.2949539,0.2783145,0.5628523,0.5255098,0.2498259,0.5766437,0.6609806,0.2560209,0.6297736,0.7475292,0.3457267,0.6945000,0.7643000,0.4920000,0.7008000,0.6316000,0.3711000,0.7348000,0.6121000,0.2753000,0.7467000,0.5538000,0.3877000,0.8244000,0.4466000,0.5019000,0.3182823,0.0000000,0.0000000},
{0.6094368,0.3808574,0.2956622,0.6663769,0.2968049,0.2798730,0.5630301,0.5260401,0.2497435,0.5767192,0.6618256,0.2554021,0.6298687,0.7476109,0.3457608,0.6944000,0.7644000,0.4916000,0.7008000,0.6319000,0.3707000,0.7349000,0.6120000,0.2751000,0.7466000,0.5539000,0.3875000,0.8241000,0.4467000,0.5020000,0.3182823,0.0000000,0.0000000},
{0.6090782,0.3822627,0.2953884,0.6627418,0.2991442,0.2815337,0.5632960,0.5268299,0.2496209,0.5768122,0.6628280,0.2546716,0.6299623,0.7476913,0.3457944,0.6944000,0.7645000,0.4911000,0.7007000,0.6322000,0.3703000,0.7351000,0.6119000,0.2750000,0.7464000,0.5540000,0.3872000,0.8239000,0.4468000,0.5020000,0.3182823,0.0000000,0.0000000},
{0.6086992,0.3837716,0.2950903,0.6588782,0.3018963,0.2831692,0.5636135,0.5277684,0.2494759,0.5769358,0.6641015,0.2537489,0.6300836,0.7477953,0.3458380,0.6943000,0.7646000,0.4907000,0.7006000,0.6325000,0.3700000,0.7352000,0.6118000,0.2749000,0.7463000,0.5547000,0.3863000,0.8235000,0.4469000,0.5021000,0.3182823,0.0000000,0.0000000},
{0.6082824,0.3854592,0.2947520,0.6551912,0.3047736,0.2846077,0.5640428,0.5290294,0.2492819,0.5770823,0.6655363,0.2527165,0.6302175,0.7479102,0.3458861,0.6942000,0.7648000,0.4902000,0.7005000,0.6328000,0.3696000,0.7353000,0.6117000,0.2747000,0.7458000,0.5543000,0.3868000,0.8231000,0.4470000,0.5022000,0.3182823,0.0000000,0.0000000},
{0.6076904,0.3879100,0.2942517,0.6515947,0.3078130,0.2858974,0.5645212,0.5304236,0.2490685,0.5772657,0.6672362,0.2515033,0.6304080,0.7480736,0.3459547,0.6941000,0.7649000,0.4896000,0.7004000,0.6331000,0.3690000,0.7355000,0.6115000,0.2746000,0.7456000,0.5545000,0.3865000,0.8228000,0.4472000,0.5023000,0.3182823,0.0000000,0.0000000},
{0.6071595,0.3901641,0.2937821,0.6480872,0.3109964,0.2870484,0.5650809,0.5320411,0.2488226,0.5774892,0.6691876,0.2501234,0.6306688,0.7482971,0.3460489,0.6940000,0.7651000,0.4890000,0.7002000,0.6335000,0.3685000,0.7356000,0.6114000,0.2744000,0.7452000,0.5546000,0.3863000,0.8223000,0.4475000,0.5024000,0.3182823,0.0000000,0.0000000},
{0.6066177,0.3925228,0.2932814,0.6445552,0.3144192,0.2881015,0.5657521,0.5339616,0.2485327,0.5777438,0.6712778,0.2486607,0.6309575,0.7485442,0.3461533,0.6939000,0.7653000,0.4883000,0.7001000,0.6339000,0.3679000,0.7357000,0.6113000,0.2743000,0.7449000,0.5549000,0.3860000,0.8219000,0.4477000,0.5025000,0.3182823,0.0000000,0.0000000},
{0.6060940,0.3948618,0.2927755,0.6409692,0.3181163,0.2890626,0.5665355,0.5361772,0.2482012,0.5780525,0.6736567,0.2470150,0.6312940,0.7488318,0.3462753,0.6938000,0.7655000,0.4876000,0.7000000,0.6344000,0.3673000,0.7358000,0.6112000,0.2742000,0.7448000,0.5556000,0.3852000,0.8213000,0.4480000,0.5027000,0.3182823,0.0000000,0.0000000},
{0.6053869,0.3981188,0.2920558,0.6372517,0.3221848,0.2899439,0.5673760,0.5385250,0.2478533,0.5784256,0.6763470,0.2451777,0.6317355,0.7492088,0.3464359,0.6937000,0.7659000,0.4869000,0.6999000,0.6348000,0.3665000,0.7360000,0.6111000,0.2740000,0.7441000,0.5554000,0.3856000,0.8208000,0.4483000,0.5028000,0.3182823,0.0000000,0.0000000},
{0.6046455,0.4016656,0.2912523,0.6334397,0.3266066,0.2907259,0.5683935,0.5413276,0.2474426,0.5788660,0.6793123,0.2431819,0.6322831,0.7496754,0.3466360,0.6935000,0.7663000,0.4861000,0.6997000,0.6354000,0.3660000,0.7361000,0.6109000,0.2739000,0.7438000,0.5555000,0.3854000,0.8201000,0.4485000,0.5030000,0.3182823,0.0000000,0.0000000},
{0.6038655,0.4055581,0.2903474,0.6297169,0.3311703,0.2913700,0.5695149,0.5443684,0.2470027,0.5793961,0.6826408,0.2409773,0.6328851,0.7501874,0.3468569,0.6933000,0.7669000,0.4853000,0.6997000,0.6359000,0.3651000,0.7362000,0.6108000,0.2738000,0.7433000,0.5558000,0.3852000,0.8196000,0.4488000,0.5032000,0.3182823,0.0000000,0.0000000},
{0.6030898,0.4096116,0.2893801,0.6258182,0.3362121,0.2919166,0.5707892,0.5477659,0.2465180,0.5800216,0.6862983,0.2385979,0.6335526,0.7507537,0.3471032,0.6931000,0.7676000,0.4844000,0.6995000,0.6365000,0.3644000,0.7363000,0.6107000,0.2736000,0.7428000,0.5556000,0.3850000,0.8189000,0.4491000,0.5034000,0.3182823,0.0000000,0.0000000},
{0.6023129,0.4138751,0.2883357,0.6219925,0.3414235,0.2923242,0.5721941,0.5514437,0.2460017,0.5807361,0.6901915,0.2361138,0.6343811,0.7514547,0.3474107,0.6928000,0.7685000,0.4836000,0.6992000,0.6370000,0.3636000,0.7365000,0.6106000,0.2735000,0.7432000,0.5567000,0.3846000,0.8183000,0.4493000,0.5036000,0.3182823,0.0000000,0.0000000},
{0.6015875,0.4180662,0.2872828,0.6182883,0.3467229,0.2925954,0.5736395,0.5551574,0.2454891,0.5815251,0.6942093,0.2336019,0.6352492,0.7521870,0.3477352,0.6926000,0.7695000,0.4827000,0.6990000,0.6377000,0.3628000,0.7366000,0.6105000,0.2733000,0.7429000,0.5570000,0.3840000,0.8177000,0.4495000,0.5037000,0.3182823,0.0000000,0.0000000},
{0.6008304,0.4226876,0.2860923,0.6145800,0.3522826,0.2927428,0.5752199,0.5591408,0.2449489,0.5824130,0.6984456,0.2310093,0.6363263,0.7530924,0.3481408,0.6924000,0.7704000,0.4818000,0.6988000,0.6384000,0.3621000,0.7367000,0.6103000,0.2732000,0.7423000,0.5570000,0.3839000,0.8170000,0.4497000,0.5038000,0.3182823,0.0000000,0.0000000},
{0.6000462,0.4277848,0.2847444,0.6109389,0.3579952,0.2927640,0.5769204,0.5633419,0.2443901,0.5833983,0.7028603,0.2283677,0.6374088,0.7539988,0.3485519,0.6924000,0.7714000,0.4809000,0.6987000,0.6392000,0.3613000,0.7368000,0.6102000,0.2731000,0.7418000,0.5574000,0.3836000,0.8164000,0.4498000,0.5040000,0.3182823,0.0000000,0.0000000},
{0.5992991,0.4329900,0.2833309,0.6071962,0.3641361,0.2926547,0.5787229,0.5677048,0.2438218,0.5844925,0.7074736,0.2256717,0.6386127,0.7550027,0.3490131,0.6924000,0.7724000,0.4800000,0.6985000,0.6400000,0.3606000,0.7370000,0.6101000,0.2729000,0.7415000,0.5576000,0.3834000,0.8157000,0.4500000,0.5041000,0.3182823,0.0000000,0.0000000},
{0.5985363,0.4387317,0.2817296,0.6034487,0.3705667,0.2924079,0.5806863,0.5723577,0.2432289,0.5857221,0.7123597,0.2228870,0.6398339,0.7560166,0.3494852,0.6925000,0.7734000,0.4792000,0.6984000,0.6407000,0.3598000,0.7371000,0.6100000,0.2728000,0.7412000,0.5579000,0.3833000,0.8152000,0.4501000,0.5043000,0.3182823,0.0000000,0.0000000},
{0.5978076,0.4447221,0.2800129,0.5996027,0.3774699,0.2920066,0.5828163,0.5772951,0.2426150,0.5871080,0.7175551,0.2200047,0.6412526,0.7571890,0.3500390,0.6927000,0.7743000,0.4784000,0.6984000,0.6415000,0.3589000,0.7372000,0.6099000,0.2727000,0.7410000,0.5581000,0.3831000,0.8147000,0.4501000,0.5044000,0.3182823,0.0000000,0.0000000},
{0.5971026,0.4511245,0.2781273,0.5957944,0.3846214,0.2914552,0.5851340,0.5825453,0.2419792,0.5886543,0.7230281,0.2170546,0.6426817,0.7583641,0.3506027,0.6929000,0.7754000,0.4777000,0.6984000,0.6421000,0.3581000,0.7373000,0.6097000,0.2725000,0.7408000,0.5582000,0.3830000,0.8142000,0.4501000,0.5046000,0.3182823,0.0000000,0.0000000},
{0.5964556,0.4577058,0.2761356,0.5919243,0.3922262,0.2907305,0.5876452,0.5880999,0.2413258,0.5904006,0.7288685,0.2140027,0.6443056,0.7596920,0.3512501,0.6931000,0.7765000,0.4770000,0.6986000,0.6428000,0.3572000,0.7375000,0.6096000,0.2724000,0.7405000,0.5584000,0.3829000,0.8137000,0.4500000,0.5047000,0.3182823,0.0000000,0.0000000},
{0.5959144,0.4639331,0.2742022,0.5880852,0.4001243,0.2898390,0.5902853,0.5937991,0.2406761,0.5923193,0.7349382,0.2109348,0.6458887,0.7609793,0.3518883,0.6933000,0.7776000,0.4763000,0.6986000,0.6435000,0.3564000,0.7376000,0.6095000,0.2722000,0.7402000,0.5585000,0.3828000,0.8133000,0.4500000,0.5048000,0.3182823,0.0000000,0.0000000},
{0.5953568,0.4713689,0.2718327,0.5843150,0.4082447,0.2887862,0.5930755,0.5996760,0.2400280,0.5943937,0.7411579,0.2078995,0.6477405,0.7624762,0.3526437,0.6936000,0.7789000,0.4757000,0.6987000,0.6441000,0.3557000,0.7376000,0.6095000,0.2722000,0.7400000,0.5586000,0.3826000,0.8127000,0.4499000,0.5048000,0.3182823,0.0000000,0.0000000},
{0.5948681,0.4792689,0.2692440,0.5805490,0.4167400,0.2875472,0.5958887,0.6054597,0.2394121,0.5966247,0.7475117,0.2049106,0.6496478,0.7640078,0.3534315,0.6940000,0.7803000,0.4751000,0.6988000,0.6449000,0.3550000,0.7380000,0.6103000,0.2718000,0.7396000,0.5589000,0.3824000,0.8121000,0.4499000,0.5049000,0.3182823,0.0000000,0.0000000},
{0.5945470,0.4857178,0.2670773,0.5768929,0.4253817,0.2861522,0.5989163,0.6115357,0.2387885,0.5990630,0.7541175,0.2019220,0.6516107,0.7655735,0.3542525,0.6944000,0.7815000,0.4746000,0.6987000,0.6456000,0.3545000,0.7382000,0.6107000,0.2717000,0.7393000,0.5590000,0.3823000,0.8115000,0.4499000,0.5049000,0.3182823,0.0000000,0.0000000},
{0.5942657,0.4930504,0.2645560,0.5732933,0.4343008,0.2845785,0.6020789,0.6177284,0.2381778,0.6016951,0.7609095,0.1989744,0.6536987,0.7672272,0.3551371,0.6949000,0.7828000,0.4741000,0.6987000,0.6465000,0.3539000,0.7382000,0.6110000,0.2716000,0.7391000,0.5592000,0.3821000,0.8109000,0.4499000,0.5049000,0.3182823,0.0000000,0.0000000},
{0.5940639,0.5008125,0.2618212,0.5697416,0.4435365,0.2828136,0.6052743,0.6238359,0.2376004,0.6045297,0.7678855,0.1960781,0.6557079,0.7688074,0.3559993,0.6954000,0.7839000,0.4736000,0.6987000,0.6473000,0.3532000,0.7382000,0.6114000,0.2716000,0.7388000,0.5594000,0.3820000,0.8104000,0.4498000,0.5050000,0.3182823,0.0000000,0.0000000},
{0.5939596,0.5086027,0.2590089,0.5662014,0.4532158,0.2808236,0.6087023,0.6302313,0.2370223,0.6078013,0.7755609,0.1930442,0.6578615,0.7704889,0.3569352,0.6959000,0.7850000,0.4731000,0.6988000,0.6481000,0.3527000,0.7379000,0.6118000,0.2715000,0.7386000,0.5596000,0.3819000,0.8098000,0.4497000,0.5051000,0.3182823,0.0000000,0.0000000},
{0.5939544,0.5166865,0.2560197,0.5627684,0.4631037,0.2786494,0.6123946,0.6369503,0.2364445,0.6111849,0.7831321,0.1902080,0.6599772,0.7721288,0.3578665,0.6963000,0.7861000,0.4725000,0.6988000,0.6487000,0.3521000,0.7379000,0.6122000,0.2715000,0.7384000,0.5597000,0.3817000,0.8093000,0.4497000,0.5052000,0.3182823,0.0000000,0.0000000},
{0.5940577,0.5249865,0.2528760,0.5593553,0.4734850,0.2762193,0.6161845,0.6436754,0.2358968,0.6147278,0.7907121,0.1875239,0.6622596,0.7738846,0.3588840,0.6968000,0.7872000,0.4720000,0.6988000,0.6493000,0.3513000,0.7377000,0.6125000,0.2715000,0.7382000,0.5597000,0.3816000,0.8088000,0.4495000,0.5052000,0.3182823,0.0000000,0.0000000},
{0.5942719,0.5333288,0.2496404,0.5560828,0.4840256,0.2736032,0.6201122,0.6504731,0.2353745,0.6184841,0.7984077,0.1849582,0.6646624,0.7757181,0.3599696,0.6973000,0.7884000,0.4715000,0.6988000,0.6501000,0.3505000,0.7374000,0.6128000,0.2715000,0.7378000,0.5598000,0.3814000,0.8082000,0.4494000,0.5052000,0.3182823,0.0000000,0.0000000},
{0.5946042,0.5418316,0.2462642,0.5528592,0.4950589,0.2707093,0.6241703,0.6573245,0.2348805,0.6224566,0.8062093,0.1825218,0.6670419,0.7775189,0.3610591,0.6979000,0.7898000,0.4710000,0.6990000,0.6509000,0.3497000,0.7372000,0.6132000,0.2712000,0.7375000,0.5599000,0.3810000,0.8075000,0.4493000,0.5051000,0.3182823,0.0000000,0.0000000},
{0.5950545,0.5503839,0.2427884,0.5498975,0.5058625,0.2677257,0.6282723,0.6640823,0.2344254,0.6265812,0.8139838,0.1802598,0.6694789,0.7793480,0.3621898,0.6986000,0.7911000,0.4706000,0.6992000,0.6519000,0.3489000,0.7368000,0.6135000,0.2709000,0.7372000,0.5600000,0.3807000,0.8069000,0.4492000,0.5050000,0.3182823,0.0000000,0.0000000},
{0.5956194,0.5589024,0.2392465,0.5470241,0.5170722,0.2644760,0.6324855,0.6708587,0.2340015,0.6309142,0.8218317,0.1781459,0.6721592,0.7813421,0.3634505,0.6993000,0.7925000,0.4701000,0.6994000,0.6529000,0.3482000,0.7363000,0.6137000,0.2708000,0.7369000,0.5602000,0.3803000,0.8062000,0.4492000,0.5049000,0.3182823,0.0000000,0.0000000},
{0.5963062,0.5674758,0.2356005,0.5444507,0.5278485,0.2612064,0.6368064,0.6776444,0.2336101,0.6354055,0.8296557,0.1762100,0.6748254,0.7833074,0.3647222,0.7000000,0.7939000,0.4696000,0.6994000,0.6539000,0.3473000,0.7358000,0.6139000,0.2706000,0.7366000,0.5604000,0.3799000,0.8055000,0.4492000,0.5048000,0.3182823,0.0000000,0.0000000},
{0.5970757,0.5756816,0.2320337,0.5418627,0.5395573,0.2574936,0.6412763,0.6844991,0.2332489,0.6400576,0.8374584,0.1744524,0.6774594,0.7852312,0.3659959,0.7007000,0.7953000,0.4691000,0.6994000,0.6547000,0.3466000,0.7352000,0.6140000,0.2704000,0.7363000,0.5605000,0.3796000,0.8050000,0.4492000,0.5048000,0.3182823,0.0000000,0.0000000},
{0.5980439,0.5846500,0.2280479,0.5395162,0.5511347,0.2536586,0.6457769,0.6912406,0.2329275,0.6448839,0.8452587,0.1728711,0.6802932,0.7872813,0.3673851,0.7015000,0.7966000,0.4686000,0.6992000,0.6556000,0.3458000,0.7346000,0.6140000,0.2701000,0.7360000,0.5606000,0.3793000,0.8044000,0.4491000,0.5048000,0.3182823,0.0000000,0.0000000},
{0.5991332,0.5935098,0.2240192,0.5373357,0.5629761,0.2495671,0.6503598,0.6979485,0.2326418,0.6499517,0.8531543,0.1714530,0.6831713,0.7893429,0.3688162,0.7022000,0.7980000,0.4680000,0.6987000,0.6563000,0.3450000,0.7338000,0.6139000,0.2699000,0.7357000,0.5606000,0.3790000,0.8038000,0.4491000,0.5048000,0.3182823,0.0000000,0.0000000},
{0.6003237,0.6021392,0.2200062,0.5354032,0.5746654,0.2453588,0.6549630,0.7045349,0.2323948,0.6550786,0.8608597,0.1702503,0.6858852,0.7912677,0.3701841,0.7029000,0.7993000,0.4674000,0.6968000,0.6564000,0.3441000,0.7328000,0.6139000,0.2699000,0.7354000,0.5606000,0.3788000,0.8033000,0.4491000,0.5048000,0.3182823,0.0000000,0.0000000},
{0.6016120,0.6105633,0.2160018,0.5337116,0.5862182,0.2410313,0.6595873,0.7110061,0.2321850,0.6602881,0.8684211,0.1692486,0.6886508,0.7932103,0.3715965,0.7036000,0.8006000,0.4669000,0.6968000,0.6573000,0.3432000,0.7317000,0.6138000,0.2698000,0.7349000,0.5606000,0.3786000,0.8026000,0.4491000,0.5048000,0.3182823,0.0000000,0.0000000},
{0.6029844,0.6187363,0.2120327,0.5322318,0.5978603,0.2364971,0.6642877,0.7174415,0.2320095,0.6655818,0.8758476,0.1684419,0.6915057,0.7951955,0.3730739,0.7043000,0.8019000,0.4664000,0.6964000,0.6579000,0.3424000,0.7306000,0.6138000,0.2696000,0.7343000,0.5607000,0.3784000,0.8020000,0.4492000,0.5048000,0.3182823,0.0000000,0.0000000},
{0.6044353,0.6266697,0.2080984,0.5310467,0.6088678,0.2320451,0.6689397,0.7236754,0.2318715,0.6708870,0.8830479,0.1678326,0.6943381,0.7971451,0.3745591,0.7050000,0.8032000,0.4659000,0.6958000,0.6585000,0.3417000,0.7297000,0.6138000,0.2692000,0.7337000,0.5607000,0.3782000,0.8012000,0.4495000,0.5049000,0.3182823,0.0000000,0.0000000},
{0.6059760,0.6344525,0.2041580,0.5301128,0.6194252,0.2276189,0.6736175,0.7298143,0.2317670,0.6762381,0.8900802,0.1674072,0.6971060,0.7990309,0.3760293,0.7057000,0.8046000,0.4655000,0.6950000,0.6592000,0.3412000,0.7289000,0.6139000,0.2689000,0.7332000,0.5610000,0.3779000,0.8004000,0.4497000,0.5049000,0.3182823,0.0000000,0.0000000},
{0.6075791,0.6419729,0.2002720,0.5293990,0.6297602,0.2231316,0.6783230,0.7358635,0.2316952,0.6816203,0.8969335,0.1671599,0.6999689,0.8009614,0.3775694,0.7064000,0.8059000,0.4652000,0.6943000,0.6600000,0.3408000,0.7284000,0.6141000,0.2686000,0.7327000,0.5613000,0.3777000,0.7997000,0.4500000,0.5050000,0.3182823,0.0000000,0.0000000},
{0.6092278,0.6491930,0.1964657,0.5289104,0.6396599,0.2186829,0.6830331,0.7417973,0.2316555,0.6870419,0.9036264,0.1670839,0.7026196,0.8027305,0.3790131,0.7071000,0.8073000,0.4648000,0.6937000,0.6609000,0.3404000,0.7279000,0.6145000,0.2684000,0.7323000,0.5616000,0.3775000,0.7990000,0.4503000,0.5051000,0.3182823,0.0000000,0.0000000},
{0.6109500,0.6562609,0.1926652,0.5286295,0.6492223,0.2142386,0.6876106,0.7474517,0.2316465,0.6925391,0.9102078,0.1671752,0.7053007,0.8045021,0.3804907,0.7078000,0.8087000,0.4645000,0.6933000,0.6618000,0.3402000,0.7276000,0.6149000,0.2682000,0.7318000,0.5619000,0.3773000,0.7982000,0.4506000,0.5052000,0.3182823,0.0000000,0.0000000},
{0.6126768,0.6629280,0.1890100,0.5285471,0.6583153,0.2098701,0.6921665,0.7529735,0.2316656,0.6979707,0.9165175,0.1674241,0.7078907,0.8061963,0.3819347,0.7084000,0.8102000,0.4641000,0.6929000,0.6629000,0.3400000,0.7272000,0.6154000,0.2681000,0.7314000,0.5622000,0.3772000,0.7975000,0.4509000,0.5054000,0.3182823,0.0000000,0.0000000},
{0.6144504,0.6693937,0.1853971,0.5286474,0.6670049,0.2055574,0.6967157,0.7583854,0.2317116,0.7033801,0.9226191,0.1678217,0.7105475,0.8079167,0.3834329,0.7090000,0.8116000,0.4637000,0.6925000,0.6638000,0.3398000,0.7269000,0.6158000,0.2680000,0.7308000,0.5626000,0.3770000,0.7968000,0.4512000,0.5055000,0.3182823,0.0000000,0.0000000},
{0.6162105,0.6754711,0.1819374,0.5289114,0.6751444,0.2013868,0.7011327,0.7635456,0.2317812,0.7087007,0.9284500,0.1683529,0.7130130,0.8094973,0.3848388,0.7096000,0.8130000,0.4633000,0.6920000,0.6647000,0.3396000,0.7264000,0.6163000,0.2679000,0.7303000,0.5630000,0.3768000,0.7959000,0.4514000,0.5056000,0.3182823,0.0000000,0.0000000},
{0.6179559,0.6811999,0.1786167,0.5293174,0.6827487,0.1973676,0.7053969,0.7684419,0.2318711,0.7140315,0.9341290,0.1690191,0.7155354,0.8110984,0.3862926,0.7101000,0.8144000,0.4630000,0.6915000,0.6655000,0.3393000,0.7259000,0.6167000,0.2678000,0.7298000,0.5633000,0.3766000,0.7951000,0.4517000,0.5057000,0.3182823,0.0000000,0.0000000},
{0.6196897,0.6866252,0.1754164,0.5298517,0.6899139,0.1934636,0.7096210,0.7732114,0.2319813,0.7192058,0.9394902,0.1697899,0.7179065,0.8125886,0.3876736,0.7108000,0.8159000,0.4627000,0.6909000,0.6665000,0.3391000,0.7254000,0.6172000,0.2678000,0.7292000,0.5636000,0.3765000,0.7942000,0.4522000,0.5058000,0.3182823,0.0000000,0.0000000},
{0.6213964,0.6917303,0.1723532,0.5304839,0.6965089,0.1897620,0.7137571,0.7778063,0.2321092,0.7242342,0.9445621,0.1706524,0.7202557,0.8140509,0.3890556,0.7114000,0.8173000,0.4625000,0.6903000,0.6673000,0.3390000,0.7245000,0.6178000,0.2672000,0.7286000,0.5641000,0.3763000,0.7933000,0.4526000,0.5059000,0.3182823,0.0000000,0.0000000},
{0.6230386,0.6964398,0.1694809,0.5311867,0.7025182,0.1862915,0.7176512,0.7820655,0.2322473,0.7291298,0.9493729,0.1715967,0.7225766,0.8154815,0.3904346,0.7120000,0.8188000,0.4623000,0.6897000,0.6684000,0.3388000,0.7240000,0.6184000,0.2670000,0.7280000,0.5646000,0.3761000,0.7924000,0.4531000,0.5059000,0.3182823,0.0000000,0.0000000},
{0.6246547,0.7008946,0.1667207,0.5319726,0.7082079,0.1829128,0.7215011,0.7862144,0.2324002,0.7338527,0.9538981,0.1726029,0.7247809,0.8168273,0.3917568,0.7127000,0.8203000,0.4622000,0.6891000,0.6695000,0.3387000,0.7236000,0.6190000,0.2668000,0.7273000,0.5651000,0.3759000,0.7914000,0.4536000,0.5060000,0.3182823,0.0000000,0.0000000},
{0.6262233,0.7050592,0.1641007,0.5328038,0.7134185,0.1797327,0.7250693,0.7900058,0.2325562,0.7384688,0.9582134,0.1736747,0.7270238,0.8181836,0.3931149,0.7134000,0.8218000,0.4622000,0.6886000,0.6707000,0.3387000,0.7232000,0.6197000,0.2667000,0.7267000,0.5656000,0.3758000,0.7904000,0.4542000,0.5062000,0.3182823,0.0000000,0.0000000},
{0.6277348,0.7089331,0.1616275,0.5336712,0.7182163,0.1767259,0.7284116,0.7935111,0.2327145,0.7428387,0.9622024,0.1747683,0.7290703,0.8194095,0.3943654,0.7142000,0.8233000,0.4622000,0.6880000,0.6720000,0.3387000,0.7228000,0.6205000,0.2666000,0.7261000,0.5663000,0.3757000,0.7894000,0.4547000,0.5063000,0.3182823,0.0000000,0.0000000},
{0.6291552,0.7124560,0.1593470,0.5345723,0.7226747,0.1738585,0.7317061,0.7969235,0.2328818,0.7469888,0.9659059,0.1758766,0.7310693,0.8205962,0.3955972,0.7149000,0.8248000,0.4622000,0.6875000,0.6735000,0.3388000,0.7224000,0.6213000,0.2665000,0.7255000,0.5669000,0.3756000,0.7884000,0.4554000,0.5064000,0.3182823,0.0000000,0.0000000},
{0.6305716,0.7158614,0.1571126,0.5354656,0.7266758,0.1712201,0.7347456,0.8000347,0.2330460,0.7509128,0.9693328,0.1769861,0.7329262,0.8216890,0.3967508,0.7157000,0.8264000,0.4622000,0.6871000,0.6749000,0.3388000,0.7219000,0.6222000,0.2665000,0.7249000,0.5677000,0.3755000,0.7875000,0.4561000,0.5066000,0.3182823,0.0000000,0.0000000},
{0.6318986,0.7189589,0.1550537,0.5363905,0.7304615,0.1686623,0.7375816,0.8029060,0.2332075,0.7545668,0.9724593,0.1780722,0.7346507,0.8226955,0.3978302,0.7164000,0.8279000,0.4623000,0.6868000,0.6764000,0.3390000,0.7215000,0.6231000,0.2665000,0.7242000,0.5685000,0.3755000,0.7864000,0.4568000,0.5067000,0.3182823,0.0000000,0.0000000},
{0.6331691,0.7218438,0.1531123,0.5372687,0.7337746,0.1663707,0.7404153,0.8057448,0.2333769,0.7579885,0.9753312,0.1791352,0.7362828,0.8236406,0.3988591,0.7171000,0.8294000,0.4624000,0.6865000,0.6779000,0.3391000,0.7209000,0.6242000,0.2665000,0.7235000,0.5694000,0.3755000,0.7854000,0.4576000,0.5069000,0.3182823,0.0000000,0.0000000},
{0.6343734,0.7245084,0.1512980,0.5381649,0.7369140,0.1641501,0.7428390,0.8081496,0.2335279,0.7611899,0.9779700,0.1801694,0.7378382,0.8245346,0.3998462,0.7178000,0.8308000,0.4624000,0.6862000,0.6794000,0.3393000,0.7204000,0.6251000,0.2664000,0.7228000,0.5703000,0.3755000,0.7844000,0.4584000,0.5070000,0.3182823,0.0000000,0.0000000},
{0.6354689,0.7268753,0.1496687,0.5390130,0.7396895,0.1621438,0.7450418,0.8103166,0.2336701,0.7640535,0.9802910,0.1811267,0.7391565,0.8252869,0.4006879,0.7185000,0.8322000,0.4625000,0.6860000,0.6809000,0.3393000,0.7200000,0.6261000,0.2664000,0.7222000,0.5712000,0.3755000,0.7833000,0.4592000,0.5071000,0.3182823,0.0000000,0.0000000},
{0.6365575,0.7291753,0.1480689,0.5398616,0.7422980,0.1602186,0.7469897,0.8122182,0.2337997,0.7667023,0.9824053,0.1820392,0.7403199,0.8259469,0.4014346,0.7190000,0.8335000,0.4624000,0.6858000,0.6823000,0.3394000,0.7195000,0.6270000,0.2664000,0.7217000,0.5721000,0.3754000,0.7824000,0.4601000,0.5073000,0.3182823,0.0000000,0.0000000},
{0.6375545,0.7312376,0.1466201,0.5406917,0.7447041,0.1584062,0.7489016,0.8140716,0.2339303,0.7691842,0.9843579,0.1829174,0.7414188,0.8265668,0.4021433,0.7195000,0.8348000,0.4624000,0.6857000,0.6835000,0.3394000,0.7191000,0.6280000,0.2664000,0.7211000,0.5731000,0.3754000,0.7814000,0.4610000,0.5075000,0.3182823,0.0000000,0.0000000},
{0.6384989,0.7331532,0.1452618,0.5414717,0.7468458,0.1567614,0.7505399,0.8156494,0.2340450,0.7713372,0.9860296,0.1836974,0.7423216,0.8270736,0.4027280,0.7199000,0.8361000,0.4623000,0.6855000,0.6848000,0.3394000,0.7187000,0.6290000,0.2664000,0.7206000,0.5740000,0.3753000,0.7804000,0.4619000,0.5077000,0.3182823,0.0000000,0.0000000},
{0.6394068,0.7349607,0.1439685,0.5422211,0.7488043,0.1552294,0.7519611,0.8170105,0.2341466,0.7732296,0.9874821,0.1843969,0.7431346,0.8275279,0.4032564,0.7202000,0.8373000,0.4621000,0.6853000,0.6861000,0.3394000,0.7183000,0.6299000,0.2663000,0.7201000,0.5751000,0.3753000,0.7795000,0.4629000,0.5079000,0.3182823,0.0000000,0.0000000},
{0.6402265,0.7365650,0.1428111,0.5429894,0.7507187,0.1537043,0.7532681,0.8182560,0.2342416,0.7748440,0.9887089,0.1850038,0.7437553,0.8278736,0.4036611,0.7204000,0.8385000,0.4618000,0.6851000,0.6872000,0.3393000,0.7179000,0.6309000,0.2662000,0.7195000,0.5760000,0.3753000,0.7786000,0.4638000,0.5081000,0.3182823,0.0000000,0.0000000},
{0.6409856,0.7380273,0.1417479,0.5436807,0.7523666,0.1523685,0.7543430,0.8192759,0.2343209,0.7762094,0.9897375,0.1855245,0.7443124,0.8281828,0.4040253,0.7206000,0.8396000,0.4615000,0.6849000,0.6883000,0.3392000,0.7176000,0.6318000,0.2661000,0.7191000,0.5770000,0.3753000,0.7778000,0.4648000,0.5083000,0.3182823,0.0000000,0.0000000},
{0.6417717,0.7395187,0.1406554,0.5443642,0.7539308,0.1510794,0.7552892,0.8201704,0.2343916,0.7773486,0.9905895,0.1859640,0.7446650,0.8283781,0.4042562,0.7207000,0.8407000,0.4611000,0.6847000,0.6895000,0.3391000,0.7173000,0.6326000,0.2660000,0.7186000,0.5779000,0.3753000,0.7770000,0.4658000,0.5084000,0.3182823,0.0000000,0.0000000},
{0.6424155,0.7407229,0.1397671,0.5450218,0.7553779,0.1498674,0.7561945,0.8210233,0.2344600,0.7781851,0.9912115,0.1862897,0.7449874,0.8285563,0.4044676,0.7206000,0.8418000,0.4607000,0.6845000,0.6904000,0.3388000,0.7170000,0.6334000,0.2659000,0.7182000,0.5789000,0.3753000,0.7763000,0.4668000,0.5086000,0.3182823,0.0000000,0.0000000},
{0.6431013,0.7419891,0.1388269,0.5456240,0.7566562,0.1487804,0.7567572,0.8215521,0.2345028,0.7789361,0.9917673,0.1865842,0.7451885,0.8286674,0.4045996,0.7205000,0.8428000,0.4602000,0.6843000,0.6913000,0.3386000,0.7168000,0.6342000,0.2657000,0.7178000,0.5797000,0.3752000,0.7756000,0.4678000,0.5088000,0.3182823,0.0000000,0.0000000},
{0.6436252,0.7429450,0.1381129,0.5461942,0.7578274,0.1477702,0.7572143,0.8219808,0.2345379,0.7794805,0.9921687,0.1867990,0.7452626,0.8287083,0.4046483,0.7203000,0.8438000,0.4596000,0.6840000,0.6921000,0.3383000,0.7165000,0.6349000,0.2656000,0.7174000,0.5806000,0.3751000,0.7748000,0.4688000,0.5090000,0.3182823,0.0000000,0.0000000},
{0.6441451,0.7438838,0.1374080,0.5467261,0.7588871,0.1468438,0.7576020,0.8223438,0.2345678,0.7797588,0.9923733,0.1869091,0.7452626,0.8287083,0.4046483,0.7200000,0.8448000,0.4589000,0.6838000,0.6930000,0.3379000,0.7163000,0.6354000,0.2654000,0.7170000,0.5814000,0.3751000,0.7741000,0.4699000,0.5093000,0.3182823,0.0000000,0.0000000},
{0.6446372,0.7447637,0.1367439,0.5472511,0.7599032,0.1459441,0.7577244,0.8224583,0.2345772,0.7798396,0.9924327,0.1869412,0.7451349,0.8286378,0.4045644,0.7196000,0.8458000,0.4582000,0.6835000,0.6937000,0.3375000,0.7160000,0.6361000,0.2652000,0.7167000,0.5823000,0.3749000,0.7735000,0.4709000,0.5095000,0.3182823,0.0000000,0.0000000},
{0.6451294,0.7456354,0.1360829,0.5477213,0.7607889,0.1451501,0.7578622,0.8225872,0.2345879,0.7797295,0.9923518,0.1868975,0.7450628,0.8285980,0.4045171,0.7192000,0.8467000,0.4575000,0.6832000,0.6944000,0.3371000,0.7157000,0.6367000,0.2649000,0.7163000,0.5830000,0.3748000,0.7729000,0.4719000,0.5096000,0.3182823,0.0000000,0.0000000},
{0.6455674,0.7464041,0.1354972,0.5482067,0.7616800,0.1443417,0.7578622,0.8225872,0.2345879,0.7794077,0.9921151,0.1867702,0.7447567,0.8284288,0.4043163,0.7188000,0.8476000,0.4567000,0.6829000,0.6952000,0.3366000,0.7154000,0.6372000,0.2647000,0.7159000,0.5838000,0.3747000,0.7723000,0.4729000,0.5099000,0.3182823,0.0000000,0.0000000},
{0.6459391,0.7470513,0.1350021,0.5487122,0.7625838,0.1435118,0.7576533,0.8223918,0.2345717,0.7789644,0.9917882,0.1865953,0.7444704,0.8282704,0.4041287,0.7183000,0.8485000,0.4559000,0.6827000,0.6958000,0.3362000,0.7151000,0.6377000,0.2644000,0.7155000,0.5845000,0.3746000,0.7717000,0.4740000,0.5101000,0.3182823,0.0000000,0.0000000},
{0.6463385,0.7477413,0.1344721,0.5492039,0.7634401,0.1427155,0.7573142,0.8220743,0.2345456,0.7783905,0.9913637,0.1863700,0.7441471,0.8280912,0.4039171,0.7178000,0.8493000,0.4552000,0.6823000,0.6965000,0.3358000,0.7149000,0.6383000,0.2642000,0.7151000,0.5853000,0.3744000,0.7711000,0.4750000,0.5102000,0.3182823,0.0000000,0.0000000},
{0.6467053,0.7483704,0.1339871,0.5497394,0.7643475,0.1418606,0.7569185,0.8217034,0.2345152,0.7777833,0.9909131,0.1861329,0.7436288,0.8278032,0.4035786,0.7173000,0.8502000,0.4544000,0.6820000,0.6972000,0.3354000,0.7146000,0.6387000,0.2639000,0.7147000,0.5861000,0.3743000,0.7704000,0.4760000,0.5104000,0.3182823,0.0000000,0.0000000},
{0.6470632,0.7489800,0.1335153,0.5502982,0.7652681,0.1409813,0.7564415,0.8212556,0.2344788,0.7769301,0.9902772,0.1858020,0.7431963,0.8275623,0.4032966,0.7166000,0.8510000,0.4536000,0.6816000,0.6977000,0.3349000,0.7143000,0.6393000,0.2636000,0.7143000,0.5868000,0.3742000,0.7698000,0.4770000,0.5106000,0.3182823,0.0000000,0.0000000},
{0.6474651,0.7496595,0.1329875,0.5508947,0.7662214,0.1400571,0.7558360,0.8206859,0.2344328,0.7760650,0.9896291,0.1854691,0.7426500,0.8272573,0.4029412,0.7159000,0.8517000,0.4529000,0.6812000,0.6983000,0.3344000,0.7140000,0.6397000,0.2634000,0.7140000,0.5876000,0.3740000,0.7691000,0.4780000,0.5108000,0.3182823,0.0000000,0.0000000},
{0.6478998,0.7503884,0.1324189,0.5516314,0.7673590,0.1389350,0.7551810,0.8200683,0.2343834,0.7751101,0.9889100,0.1851048,0.7420302,0.8269103,0.4025390,0.7152000,0.8524000,0.4521000,0.6808000,0.6989000,0.3340000,0.7137000,0.6402000,0.2631000,0.7135000,0.5882000,0.3739000,0.7686000,0.4791000,0.5109000,0.3182823,0.0000000,0.0000000},
{0.6483477,0.7511329,0.1318354,0.5524172,0.7685257,0.1377609,0.7544566,0.8193835,0.2343293,0.7740879,0.9881358,0.1847184,0.7414528,0.8265859,0.4021653,0.7143000,0.8530000,0.4514000,0.6804000,0.6993000,0.3335000,0.7134000,0.6406000,0.2629000,0.7131000,0.5889000,0.3738000,0.7679000,0.4800000,0.5111000,0.3182823,0.0000000,0.0000000},
{0.6488232,0.7519162,0.1312185,0.5534172,0.7699442,0.1362989,0.7536924,0.8186591,0.2342727,0.7729143,0.9872412,0.1842795,0.7407912,0.8262132,0.4017382,0.7135000,0.8536000,0.4506000,0.6799000,0.6998000,0.3331000,0.7130000,0.6410000,0.2627000,0.7126000,0.5896000,0.3736000,0.7672000,0.4810000,0.5114000,0.3182823,0.0000000,0.0000000},
{0.6493204,0.7527277,0.1305763,0.5545753,0.7714988,0.1346489,0.7529132,0.8179184,0.2342156,0.7718146,0.9863976,0.1838727,0.7401103,0.8258283,0.4012998,0.7126000,0.8542000,0.4499000,0.6794000,0.7003000,0.3327000,0.7126000,0.6414000,0.2624000,0.7122000,0.5902000,0.3735000,0.7665000,0.4819000,0.5116000,0.3182823,0.0000000,0.0000000},
{0.6499749,0.7537839,0.1297354,0.5562408,0.7735792,0.1323517,0.7522301,0.8172673,0.2341660,0.7706686,0.9855127,0.1834534,0.7393791,0.8254135,0.4008305,0.7116000,0.8548000,0.4492000,0.6789000,0.7007000,0.3323000,0.7122000,0.6417000,0.2622000,0.7116000,0.5909000,0.3734000,0.7658000,0.4829000,0.5117000,0.3182823,0.0000000,0.0000000}
};
