fitErrPi Mean = 0.318282
fitErrTh Mean = 0.0141647
fitErrWr Mean = 0.00523967
fitErrLA Mean = 0.0115669
fitErrEl Mean = 0.0182568
fitErrUA Mean = 0.0697579
efPts = {
{0.7608013,0.3706622,0.2602717,0.7785282,0.3234326,0.2512722,1.1018693,0.9004606,0.1225210,0.6193185,0.6120019,0.2688855,0.9985347,0.9790501,0.3901768,0.7255000,0.7225000,0.5240000,0.7513000,0.5804000,0.4007000,0.7525000,0.5858000,0.2813000,0.8144000,0.5176000,0.3838000,0.9403000,0.4303000,0.4674000,0.3182823,0.0000000,0.0000000},
{0.7606655,0.3707960,0.2603375,0.7779433,0.3238566,0.2516306,0.6550359,0.4789554,0.2717341,0.6192829,0.6121363,0.2688240,0.7577820,0.7308509,0.3998189,0.7254000,0.7225000,0.5238000,0.7510000,0.5803000,0.4007000,0.7526000,0.5855000,0.2813000,0.8142000,0.5175000,0.3837000,0.9400000,0.4302000,0.4675000,0.3182823,0.0000000,0.0000000},
{0.7604845,0.3709745,0.2604251,0.7773606,0.3242811,0.2519855,0.6549776,0.4790550,0.2717194,0.6192407,0.6122962,0.2687509,0.7577612,0.7308942,0.3997975,0.7252000,0.7226000,0.5237000,0.7509000,0.5803000,0.4006000,0.7526000,0.5852000,0.2812000,0.8140000,0.5174000,0.3836000,0.9397000,0.4302000,0.4676000,0.3182823,0.0000000,0.0000000},
{0.7602597,0.3711967,0.2605337,0.7767327,0.3247407,0.2523657,0.6548614,0.4792538,0.2716900,0.6191602,0.6126016,0.2686114,0.7576848,0.7310531,0.3997189,0.7249000,0.7227000,0.5235000,0.7507000,0.5803000,0.4005000,0.7527000,0.5849000,0.2812000,0.8138000,0.5173000,0.3835000,0.9393000,0.4301000,0.4678000,0.3182823,0.0000000,0.0000000},
{0.7600341,0.3714199,0.2606424,0.7762794,0.3250742,0.2526388,0.6547319,0.4794755,0.2716571,0.6190987,0.6128358,0.2685045,0.7575869,0.7312569,0.3996182,0.7246000,0.7229000,0.5233000,0.7505000,0.5804000,0.4004000,0.7528000,0.5847000,0.2812000,0.8136000,0.5172000,0.3834000,0.9389000,0.4301000,0.4680000,0.3182823,0.0000000,0.0000000},
{0.7598301,0.3716221,0.2607404,0.7757318,0.3254785,0.2529670,0.6546031,0.4796964,0.2716244,0.6190049,0.6131947,0.2683409,0.7574595,0.7315229,0.3994869,0.7243000,0.7231000,0.5231000,0.7503000,0.5806000,0.4003000,0.7529000,0.5844000,0.2811000,0.8136000,0.5172000,0.3834000,0.9384000,0.4302000,0.4682000,0.3182823,0.0000000,0.0000000},
{0.7595564,0.3718937,0.2608716,0.7749905,0.3260288,0.2534085,0.6544288,0.4799960,0.2715799,0.6189430,0.6134326,0.2682325,0.7573259,0.7318021,0.3993491,0.7240000,0.7234000,0.5228000,0.7500000,0.5808000,0.4001000,0.7530000,0.5841000,0.2811000,0.8132000,0.5173000,0.3834000,0.9379000,0.4302000,0.4684000,0.3182823,0.0000000,0.0000000},
{0.7590584,0.3723893,0.2611095,0.7740684,0.3267180,0.2539531,0.6542217,0.4803527,0.2715269,0.6188393,0.6138328,0.2680505,0.7572166,0.7320310,0.3992362,0.7236000,0.7237000,0.5226000,0.7497000,0.5810000,0.4000000,0.7531000,0.5838000,0.2811000,0.8128000,0.5173000,0.3835000,0.9373000,0.4303000,0.4687000,0.3182823,0.0000000,0.0000000},
{0.7584460,0.3730008,0.2614003,0.7729064,0.3275936,0.2546324,0.6538686,0.4809630,0.2714361,0.6186765,0.6144656,0.2677631,0.7570488,0.7323834,0.3990625,0.7232000,0.7239000,0.5223000,0.7493000,0.5812000,0.3998000,0.7531000,0.5836000,0.2810000,0.8124000,0.5176000,0.3835000,0.9366000,0.4304000,0.4691000,0.3182823,0.0000000,0.0000000},
{0.7576798,0.3737694,0.2617615,0.7715819,0.3286015,0.2553970,0.6535014,0.4816004,0.2713410,0.6184918,0.6151908,0.2674346,0.7568443,0.7328142,0.3988504,0.7228000,0.7243000,0.5219000,0.7489000,0.5815000,0.3995000,0.7532000,0.5833000,0.2810000,0.8121000,0.5178000,0.3834000,0.9360000,0.4305000,0.4695000,0.3182823,0.0000000,0.0000000},
{0.7568002,0.3746566,0.2621725,0.7702728,0.3296079,0.2561429,0.6530067,0.4824641,0.2712119,0.6182600,0.6161113,0.2670188,0.7565552,0.7334254,0.3985497,0.7223000,0.7246000,0.5214000,0.7484000,0.5818000,0.3992000,0.7533000,0.5830000,0.2809000,0.8115000,0.5180000,0.3835000,0.9353000,0.4306000,0.4700000,0.3182823,0.0000000,0.0000000},
{0.7557899,0.3756818,0.2626398,0.7688029,0.3307498,0.2569686,0.6524760,0.4833962,0.2710721,0.6179873,0.6172102,0.2665240,0.7562581,0.7340566,0.3982397,0.7217000,0.7251000,0.5210000,0.7479000,0.5822000,0.3989000,0.7534000,0.5827000,0.2809000,0.8110000,0.5181000,0.3836000,0.9346000,0.4308000,0.4704000,0.3182823,0.0000000,0.0000000},
{0.7546699,0.3768263,0.2631519,0.7673037,0.3319275,0.2577981,0.6517979,0.4845965,0.2708914,0.6176846,0.6184511,0.2659677,0.7558726,0.7348805,0.3978358,0.7211000,0.7257000,0.5205000,0.7472000,0.5827000,0.3986000,0.7535000,0.5824000,0.2809000,0.8104000,0.5183000,0.3836000,0.9338000,0.4310000,0.4709000,0.3182823,0.0000000,0.0000000},
{0.7535778,0.3779504,0.2636451,0.7657133,0.3331910,0.2586641,0.6511932,0.4856755,0.2707284,0.6173604,0.6198054,0.2653632,0.7555610,0.7355502,0.3975080,0.7205000,0.7264000,0.5199000,0.7465000,0.5832000,0.3982000,0.7535000,0.5822000,0.2808000,0.8098000,0.5185000,0.3836000,0.9329000,0.4313000,0.4714000,0.3182823,0.0000000,0.0000000},
{0.7523589,0.3792142,0.2641885,0.7641697,0.3344312,0.2594912,0.6504890,0.4869426,0.2705362,0.6170392,0.6211749,0.2647548,0.7551172,0.7365098,0.3970392,0.7199000,0.7273000,0.5193000,0.7457000,0.5838000,0.3979000,0.7536000,0.5819000,0.2808000,0.8090000,0.5188000,0.3836000,0.9320000,0.4317000,0.4719000,0.3182823,0.0000000,0.0000000},
{0.7510332,0.3806000,0.2647710,0.7625122,0.3357781,0.2603644,0.6496880,0.4883981,0.2703144,0.6167051,0.6226301,0.2641114,0.7547215,0.7373718,0.3966190,0.7193000,0.7281000,0.5187000,0.7450000,0.5845000,0.3975000,0.7537000,0.5816000,0.2808000,0.8082000,0.5192000,0.3836000,0.9310000,0.4321000,0.4725000,0.3182823,0.0000000,0.0000000},
{0.7496513,0.3820571,0.2653687,0.7609059,0.3370982,0.2611961,0.6488253,0.4899824,0.2700719,0.6163402,0.6242574,0.2633957,0.7542803,0.7383395,0.3961482,0.7187000,0.7291000,0.5180000,0.7442000,0.5852000,0.3972000,0.7538000,0.5813000,0.2807000,0.8075000,0.5195000,0.3836000,0.9300000,0.4325000,0.4731000,0.3182823,0.0000000,0.0000000},
{0.7481213,0.3836853,0.2660191,0.7590842,0.3386128,0.2621222,0.6479019,0.4916985,0.2698078,0.6159345,0.6261169,0.2625828,0.7537876,0.7394292,0.3956193,0.7182000,0.7301000,0.5173000,0.7433000,0.5860000,0.3968000,0.7539000,0.5810000,0.2807000,0.8066000,0.5198000,0.3836000,0.9289000,0.4329000,0.4737000,0.3182823,0.0000000,0.0000000},
{0.7464456,0.3854867,0.2667177,0.7572395,0.3401654,0.2630415,0.6468378,0.4937024,0.2694977,0.6155102,0.6281224,0.2617118,0.7532766,0.7405689,0.3950675,0.7177000,0.7312000,0.5165000,0.7424000,0.5868000,0.3964000,0.7540000,0.5808000,0.2807000,0.8056000,0.5201000,0.3837000,0.9278000,0.4332000,0.4743000,0.3182823,0.0000000,0.0000000},
{0.7445812,0.3875133,0.2674780,0.7552208,0.3418861,0.2640264,0.6457054,0.4958667,0.2691606,0.6150452,0.6303988,0.2607303,0.7527221,0.7418170,0.3944649,0.7171000,0.7324000,0.5158000,0.7414000,0.5878000,0.3960000,0.7540000,0.5805000,0.2806000,0.8047000,0.5205000,0.3837000,0.9266000,0.4337000,0.4750000,0.3182823,0.0000000,0.0000000},
{0.7425923,0.3897012,0.2682692,0.7529958,0.3438086,0.2650865,0.6443920,0.4984196,0.2687601,0.6145787,0.6327734,0.2597146,0.7520929,0.7432484,0.3937759,0.7166000,0.7337000,0.5149000,0.7403000,0.5888000,0.3956000,0.7541000,0.5802000,0.2806000,0.8036000,0.5208000,0.3839000,0.9254000,0.4342000,0.4756000,0.3182823,0.0000000,0.0000000},
{0.7403926,0.3921528,0.2691203,0.7506770,0.3458409,0.2661632,0.6429906,0.5011961,0.2683213,0.6140587,0.6355410,0.2585409,0.7514494,0.7447290,0.3930654,0.7161000,0.7350000,0.5141000,0.7392000,0.5898000,0.3951000,0.7542000,0.5799000,0.2805000,0.8026000,0.5212000,0.3840000,0.9242000,0.4347000,0.4764000,0.3182823,0.0000000,0.0000000},
{0.7380561,0.3947935,0.2699965,0.7481666,0.3480740,0.2672966,0.6415073,0.5041962,0.2678432,0.6135166,0.6385815,0.2572643,0.7507330,0.7463978,0.3922675,0.7155000,0.7365000,0.5133000,0.7380000,0.5910000,0.3947000,0.7543000,0.5797000,0.2805000,0.8015000,0.5216000,0.3842000,0.9229000,0.4352000,0.4771000,0.3182823,0.0000000,0.0000000},
{0.7355078,0.3977168,0.2709191,0.7453924,0.3505812,0.2685105,0.6398598,0.5076063,0.2672949,0.6129481,0.6419684,0.2558574,0.7499905,0.7481506,0.3914325,0.7149000,0.7380000,0.5124000,0.7368000,0.5921000,0.3942000,0.7544000,0.5794000,0.2805000,0.8003000,0.5220000,0.3843000,0.9216000,0.4357000,0.4779000,0.3182823,0.0000000,0.0000000},
{0.7328027,0.4008703,0.2718606,0.7424903,0.3532481,0.2697373,0.6381319,0.5112754,0.2666994,0.6123865,0.6455534,0.2543858,0.7491816,0.7500881,0.3905133,0.7143000,0.7396000,0.5116000,0.7356000,0.5933000,0.3937000,0.7544000,0.5791000,0.2804000,0.7991000,0.5224000,0.3844000,0.9201000,0.4363000,0.4787000,0.3182823,0.0000000,0.0000000},
{0.7299056,0.4043053,0.2728249,0.7393681,0.3561671,0.2710083,0.6362825,0.5153143,0.2660373,0.6118213,0.6494575,0.2528032,0.7483584,0.7520907,0.3895672,0.7138000,0.7412000,0.5108000,0.7342000,0.5948000,0.3932000,0.7545000,0.5788000,0.2804000,0.7979000,0.5229000,0.3845000,0.9187000,0.4369000,0.4795000,0.3182823,0.0000000,0.0000000},
{0.7268618,0.4079797,0.2737885,0.7360319,0.3593430,0.2723108,0.6344040,0.5195427,0.2653369,0.6112692,0.6536361,0.2511322,0.7475222,0.7541579,0.3885949,0.7133000,0.7429000,0.5099000,0.7329000,0.5962000,0.3926000,0.7546000,0.5785000,0.2804000,0.7968000,0.5234000,0.3846000,0.9172000,0.4374000,0.4803000,0.3182823,0.0000000,0.0000000},
{0.7236136,0.4119757,0.2747600,0.7324178,0.3628493,0.2736574,0.6324308,0.5241314,0.2645687,0.6107420,0.6580718,0.2493839,0.7467071,0.7562063,0.3876356,0.7128000,0.7447000,0.5091000,0.7317000,0.5977000,0.3920000,0.7547000,0.5783000,0.2803000,0.7955000,0.5238000,0.3847000,0.9157000,0.4380000,0.4810000,0.3182823,0.0000000,0.0000000},
{0.7201708,0.4162971,0.2757244,0.7284545,0.3667726,0.2750575,0.6304165,0.5289837,0.2637473,0.6102441,0.6628178,0.2475421,0.7457311,0.7587041,0.3864715,0.7124000,0.7465000,0.5083000,0.7304000,0.5992000,0.3915000,0.7548000,0.5780000,0.2803000,0.7943000,0.5243000,0.3849000,0.9143000,0.4384000,0.4818000,0.3182823,0.0000000,0.0000000},
{0.7165454,0.4209450,0.2766661,0.7243714,0.3708998,0.2764165,0.6283409,0.5341773,0.2628580,0.6097815,0.6679520,0.2455825,0.7447982,0.7611395,0.3853424,0.7120000,0.7483000,0.5075000,0.7293000,0.6008000,0.3910000,0.7548000,0.5777000,0.2803000,0.7931000,0.5248000,0.3850000,0.9128000,0.4389000,0.4826000,0.3182823,0.0000000,0.0000000},
{0.7127565,0.4259116,0.2775675,0.7199549,0.3754609,0.2777914,0.6262880,0.5395267,0.2619314,0.6093774,0.6733740,0.2435496,0.7438234,0.7637367,0.3841445,0.7117000,0.7501000,0.5066000,0.7281000,0.6024000,0.3903000,0.7549000,0.5774000,0.2802000,0.7919000,0.5252000,0.3852000,0.9113000,0.4394000,0.4833000,0.3182823,0.0000000,0.0000000},
{0.7088162,0.4311977,0.2784129,0.7152888,0.3803893,0.2791369,0.6239517,0.5459003,0.2608137,0.6090408,0.6791511,0.2414244,0.7428243,0.7664569,0.3828968,0.7114000,0.7520000,0.5058000,0.7269000,0.6041000,0.3897000,0.7550000,0.5772000,0.2802000,0.7907000,0.5256000,0.3854000,0.9098000,0.4398000,0.4841000,0.3182823,0.0000000,0.0000000},
{0.7047886,0.4367323,0.2791776,0.7104159,0.3856561,0.2804248,0.6217344,0.5522662,0.2596828,0.6087884,0.6852811,0.2392147,0.7418428,0.7691901,0.3816501,0.7111000,0.7539000,0.5049000,0.7257000,0.6059000,0.3890000,0.7551000,0.5769000,0.2801000,0.7896000,0.5261000,0.3856000,0.9083000,0.4403000,0.4849000,0.3182823,0.0000000,0.0000000},
{0.7006520,0.4425587,0.2798549,0.7054063,0.3911986,0.2816234,0.6195241,0.5589622,0.2584779,0.6086374,0.6917286,0.2369402,0.7407955,0.7721769,0.3802958,0.7108000,0.7560000,0.5040000,0.7245000,0.6077000,0.3883000,0.7552000,0.5766000,0.2801000,0.7884000,0.5265000,0.3857000,0.9068000,0.4408000,0.4857000,0.3182823,0.0000000,0.0000000},
{0.6964350,0.4486518,0.2804291,0.7002444,0.3970459,0.2827251,0.6173530,0.5659328,0.2572074,0.6086035,0.6984615,0.2346186,0.7397035,0.7753734,0.3788553,0.7106000,0.7581000,0.5031000,0.7233000,0.6097000,0.3877000,0.7553000,0.5763000,0.2801000,0.7871000,0.5269000,0.3858000,0.9052000,0.4413000,0.4864000,0.3182823,0.0000000,0.0000000},
{0.6921574,0.4549963,0.2808872,0.6949310,0.4032102,0.2837168,0.6152152,0.5732425,0.2558577,0.6086998,0.7054291,0.2322730,0.7386800,0.7784506,0.3774774,0.7106000,0.7602000,0.5021000,0.7223000,0.6118000,0.3869000,0.7553000,0.5760000,0.2800000,0.7859000,0.5274000,0.3859000,0.9036000,0.4418000,0.4871000,0.3182823,0.0000000,0.0000000},
{0.6877872,0.4616556,0.2812205,0.6895017,0.4096628,0.2845797,0.6131414,0.5808359,0.2544372,0.6089459,0.7128123,0.2298500,0.7375494,0.7819480,0.3759215,0.7106000,0.7625000,0.5011000,0.7213000,0.6139000,0.3862000,0.7554000,0.5758000,0.2800000,0.7847000,0.5280000,0.3859000,0.9019000,0.4423000,0.4879000,0.3182823,0.0000000,0.0000000},
{0.6833370,0.4686291,0.2814138,0.6839280,0.4164506,0.2853054,0.6111288,0.5887798,0.2529315,0.6093482,0.7203437,0.2274439,0.7364961,0.7853062,0.3744377,0.7107000,0.7648000,0.5001000,0.7203000,0.6161000,0.3855000,0.7555000,0.5755000,0.2800000,0.7835000,0.5286000,0.3859000,0.9001000,0.4429000,0.4885000,0.3182823,0.0000000,0.0000000},
{0.6789189,0.4757539,0.2814530,0.6782085,0.4235909,0.2858788,0.6091856,0.5971160,0.2513303,0.6099304,0.7282174,0.2249985,0.7354192,0.7888476,0.3728836,0.7108000,0.7670000,0.4990000,0.7194000,0.6181000,0.3846000,0.7556000,0.5752000,0.2799000,0.7822000,0.5293000,0.3859000,0.8984000,0.4434000,0.4892000,0.3182823,0.0000000,0.0000000},
{0.6743601,0.4833270,0.2813251,0.6724005,0.4310265,0.2862802,0.6073709,0.6056539,0.2496684,0.6107137,0.7364420,0.2225199,0.7343336,0.7925375,0.3712758,0.7110000,0.7694000,0.4980000,0.7185000,0.6202000,0.3839000,0.7557000,0.5749000,0.2799000,0.7810000,0.5299000,0.3859000,0.8965000,0.4439000,0.4898000,0.3182823,0.0000000,0.0000000},
{0.6697342,0.4912554,0.2810105,0.6664501,0.4388419,0.2864983,0.6056745,0.6145009,0.2479233,0.6116952,0.7448273,0.2200723,0.7332480,0.7963598,0.3696224,0.7112000,0.7718000,0.4970000,0.7178000,0.6225000,0.3831000,0.7557000,0.5749000,0.2799000,0.7797000,0.5306000,0.3859000,0.8946000,0.4444000,0.4904000,0.3182823,0.0000000,0.0000000},
{0.6652030,0.4992746,0.2805101,0.6605342,0.4468151,0.2865162,0.6041126,0.6236567,0.2460930,0.6128987,0.7534657,0.2176341,0.7321503,0.8003722,0.3679001,0.7115000,0.7743000,0.4959000,0.7170000,0.6247000,0.3822000,0.7554000,0.5763000,0.2797000,0.7784000,0.5313000,0.3859000,0.8927000,0.4449000,0.4910000,0.3182823,0.0000000,0.0000000},
{0.6607325,0.5074492,0.2798170,0.6545152,0.4551417,0.2863245,0.6027089,0.6330707,0.2441858,0.6143546,0.7624373,0.2151911,0.7310338,0.8046231,0.3660899,0.7119000,0.7768000,0.4949000,0.7162000,0.6269000,0.3812000,0.7550000,0.5778000,0.2794000,0.7771000,0.5320000,0.3858000,0.8908000,0.4453000,0.4915000,0.3182823,0.0000000,0.0000000},
{0.6562753,0.5158789,0.2789139,0.6485318,0.4636409,0.2859167,0.6015045,0.6425103,0.2422479,0.6160358,0.7714873,0.2128189,0.7299545,0.8089151,0.3642773,0.7123000,0.7794000,0.4938000,0.7154000,0.6291000,0.3803000,0.7541000,0.5788000,0.2791000,0.7757000,0.5329000,0.3856000,0.8887000,0.4458000,0.4919000,0.3182823,0.0000000,0.0000000},
{0.6518280,0.5245907,0.2777845,0.6425045,0.4724352,0.2852784,0.6004656,0.6523217,0.2402071,0.6179798,0.7807588,0.2104847,0.7288825,0.8133793,0.3624079,0.7129000,0.7820000,0.4928000,0.7147000,0.6316000,0.3794000,0.7542000,0.5805000,0.2786000,0.7743000,0.5336000,0.3854000,0.8866000,0.4463000,0.4923000,0.3182823,0.0000000,0.0000000},
{0.6475163,0.5333491,0.2764525,0.6365212,0.4814062,0.2844088,0.5996427,0.6621189,0.2381424,0.6201943,0.7902140,0.2082048,0.7278512,0.8178899,0.3605353,0.7136000,0.7846000,0.4918000,0.7140000,0.6339000,0.3785000,0.7535000,0.5819000,0.2781000,0.7728000,0.5345000,0.3851000,0.8844000,0.4467000,0.4927000,0.3182823,0.0000000,0.0000000},
{0.6433011,0.5422375,0.2749030,0.6305599,0.4905952,0.2832968,0.5990178,0.6722029,0.2359894,0.6226234,0.7995909,0.2060447,0.7268822,0.8223504,0.3586994,0.7143000,0.7873000,0.4909000,0.7133000,0.6362000,0.3776000,0.7528000,0.5832000,0.2775000,0.7714000,0.5354000,0.3848000,0.8821000,0.4472000,0.4930000,0.3182823,0.0000000,0.0000000},
{0.6391718,0.5512891,0.2731235,0.6246678,0.4999373,0.2819435,0.5986230,0.6820837,0.2338525,0.6253388,0.8091442,0.2039482,0.7259625,0.8268155,0.3568775,0.7151000,0.7899000,0.4900000,0.7126000,0.6387000,0.3768000,0.7518000,0.5843000,0.2771000,0.7699000,0.5364000,0.3845000,0.8795000,0.4475000,0.4933000,0.3182823,0.0000000,0.0000000},
{0.6351879,0.5603815,0.2711341,0.6188620,0.5094105,0.2803477,0.5984400,0.6923613,0.2316014,0.6282929,0.8186756,0.2019627,0.7251024,0.8312300,0.3550917,0.7160000,0.7925000,0.4892000,0.7121000,0.6411000,0.3760000,0.7506000,0.5855000,0.2766000,0.7683000,0.5374000,0.3841000,0.8769000,0.4480000,0.4935000,0.3182823,0.0000000,0.0000000},
{0.6312900,0.5696601,0.2688972,0.6130565,0.5191672,0.2784740,0.5984838,0.7023036,0.2293960,0.6316889,0.8287607,0.1999790,0.7242579,0.8358302,0.3532469,0.7169000,0.7951000,0.4885000,0.7114000,0.6434000,0.3752000,0.7493000,0.5868000,0.2761000,0.7668000,0.5385000,0.3836000,0.8743000,0.4483000,0.4938000,0.3182823,0.0000000,0.0000000},
{0.6275555,0.5789509,0.2664496,0.6074592,0.5288629,0.2763849,0.5987565,0.7125503,0.2270946,0.6351255,0.8382049,0.1982325,0.7234907,0.8402808,0.3514779,0.7178000,0.7976000,0.4877000,0.7108000,0.6458000,0.3744000,0.7482000,0.5882000,0.2755000,0.7652000,0.5397000,0.3831000,0.8715000,0.4487000,0.4941000,0.3182823,0.0000000,0.0000000},
{0.6239301,0.5883988,0.2637482,0.6017854,0.5390041,0.2739609,0.5992550,0.7226926,0.2247881,0.6388073,0.8476293,0.1965989,0.7227748,0.8447171,0.3497298,0.7187000,0.8002000,0.4869000,0.7102000,0.6482000,0.3736000,0.7469000,0.5895000,0.2750000,0.7636000,0.5408000,0.3827000,0.8687000,0.4491000,0.4945000,0.3182823,0.0000000,0.0000000},
{0.6204092,0.5980412,0.2607705,0.5962001,0.5493227,0.2712461,0.5999813,0.7328222,0.2224558,0.6427263,0.8570059,0.1950846,0.7221161,0.8490944,0.3480199,0.7196000,0.8027000,0.4861000,0.7095000,0.6504000,0.3727000,0.7456000,0.5910000,0.2745000,0.7619000,0.5419000,0.3823000,0.8659000,0.4495000,0.4949000,0.3182823,0.0000000,0.0000000},
{0.6170878,0.6076300,0.2575875,0.5907871,0.5596726,0.2682730,0.6009405,0.7429747,0.2200893,0.6468881,0.8663405,0.1936899,0.7215163,0.8533837,0.3463588,0.7205000,0.8051000,0.4853000,0.7087000,0.6527000,0.3719000,0.7443000,0.5926000,0.2740000,0.7602000,0.5430000,0.3820000,0.8630000,0.4500000,0.4955000,0.3182823,0.0000000,0.0000000},
{0.6139582,0.6171835,0.2541949,0.5854599,0.5702313,0.2649821,0.6021077,0.7529245,0.2177416,0.6512306,0.8754984,0.1924340,0.7209597,0.8576899,0.3447054,0.7214000,0.8076000,0.4845000,0.7079000,0.6549000,0.3711000,0.7429000,0.5941000,0.2736000,0.7583000,0.5441000,0.3817000,0.8600000,0.4505000,0.4961000,0.3182823,0.0000000,0.0000000},
{0.6109919,0.6267961,0.2505560,0.5803572,0.5807335,0.2614496,0.6034930,0.7628078,0.2153813,0.6557516,0.8844884,0.1913131,0.7204623,0.8618770,0.3431115,0.7223000,0.8101000,0.4838000,0.7070000,0.6570000,0.3702000,0.7414000,0.5956000,0.2734000,0.7565000,0.5452000,0.3815000,0.8570000,0.4511000,0.4968000,0.3182823,0.0000000,0.0000000},
{0.6082412,0.6363023,0.2467322,0.5754396,0.5912621,0.2576465,0.6050870,0.7725762,0.2130203,0.6604219,0.8932674,0.1903291,0.7200078,0.8660675,0.3415299,0.7231000,0.8125000,0.4829000,0.7048000,0.6588000,0.3692000,0.7400000,0.5970000,0.2731000,0.7545000,0.5464000,0.3814000,0.8539000,0.4517000,0.4975000,0.3182823,0.0000000,0.0000000},
{0.6057144,0.6456576,0.2427468,0.5707148,0.6018089,0.2535708,0.6068654,0.7821259,0.2106846,0.6652830,0.9019231,0.1894700,0.7196177,0.8700314,0.3400463,0.7240000,0.8150000,0.4822000,0.7041000,0.6610000,0.3684000,0.7385000,0.5984000,0.2728000,0.7525000,0.5475000,0.3812000,0.8508000,0.4524000,0.4982000,0.3182823,0.0000000,0.0000000},
{0.6034181,0.6548145,0.2386279,0.5662326,0.6122660,0.2492621,0.6087745,0.7912605,0.2084244,0.6701499,0.9101524,0.1887595,0.7192691,0.8739631,0.3385869,0.7248000,0.8175000,0.4815000,0.7034000,0.6631000,0.3677000,0.7371000,0.5999000,0.2726000,0.7505000,0.5487000,0.3811000,0.8476000,0.4531000,0.4989000,0.3182823,0.0000000,0.0000000},
{0.6013689,0.6636646,0.2344373,0.5620293,0.6225412,0.2447628,0.6108508,0.8002271,0.2061805,0.6750885,0.9181025,0.1881758,0.7189725,0.8777130,0.3372061,0.7257000,0.8200000,0.4808000,0.7024000,0.6652000,0.3671000,0.7355000,0.6014000,0.2724000,0.7485000,0.5499000,0.3809000,0.8444000,0.4539000,0.4996000,0.3182823,0.0000000,0.0000000},
{0.5995121,0.6724124,0.2300870,0.5580294,0.6328201,0.2399909,0.6130718,0.8089655,0.2039689,0.6801113,0.9258145,0.1877102,0.7187180,0.8813540,0.3358760,0.7267000,0.8225000,0.4801000,0.7013000,0.6673000,0.3666000,0.7338000,0.6028000,0.2721000,0.7465000,0.5512000,0.3808000,0.8412000,0.4548000,0.5002000,0.3182823,0.0000000,0.0000000},
{0.5978089,0.6812655,0.2254675,0.5543667,0.6427486,0.2351160,0.6154023,0.8173885,0.2018134,0.6851068,0.9331443,0.1873637,0.7185085,0.8847844,0.3346323,0.7276000,0.8250000,0.4794000,0.6999000,0.6692000,0.3662000,0.7324000,0.6041000,0.2720000,0.7446000,0.5525000,0.3807000,0.8381000,0.4557000,0.5010000,0.3182823,0.0000000,0.0000000},
{0.5963626,0.6896623,0.2208777,0.5509142,0.6526624,0.2299777,0.6178484,0.8255679,0.1996972,0.6901304,0.9402014,0.1871227,0.7183263,0.8882650,0.3333799,0.7285000,0.8274000,0.4787000,0.6982000,0.6710000,0.3659000,0.7310000,0.6055000,0.2718000,0.7427000,0.5538000,0.3806000,0.8350000,0.4567000,0.5017000,0.3182823,0.0000000,0.0000000},
{0.5951217,0.6978139,0.2162206,0.5477729,0.6622669,0.2247307,0.6204067,0.8335258,0.1976161,0.6951833,0.9470069,0.1869807,0.7181862,0.8914524,0.3322415,0.7293000,0.8298000,0.4779000,0.6963000,0.6728000,0.3656000,0.7296000,0.6068000,0.2715000,0.7409000,0.5551000,0.3805000,0.8321000,0.4578000,0.5024000,0.3182823,0.0000000,0.0000000},
{0.5940849,0.7056625,0.2115421,0.5449277,0.6715791,0.2193782,0.6230358,0.8411728,0.1955949,0.7001731,0.9534598,0.1869322,0.7180692,0.8947262,0.3310806,0.7301000,0.8321000,0.4772000,0.6943000,0.6746000,0.3653000,0.7282000,0.6082000,0.2713000,0.7391000,0.5564000,0.3804000,0.8291000,0.4587000,0.5031000,0.3182823,0.0000000,0.0000000},
{0.5932455,0.7131561,0.2068895,0.5423728,0.6805895,0.2139373,0.6257055,0.8484689,0.1936463,0.7051052,0.9595941,0.1869678,0.7179829,0.8978557,0.3299790,0.7307000,0.8344000,0.4763000,0.6923000,0.6764000,0.3649000,0.7268000,0.6096000,0.2712000,0.7374000,0.5576000,0.3803000,0.8262000,0.4598000,0.5038000,0.3182823,0.0000000,0.0000000},
{0.5925915,0.7202612,0.2023033,0.5401377,0.6891444,0.2085194,0.6284316,0.8554986,0.1917495,0.7099881,0.9654430,0.1870799,0.7179234,0.9008886,0.3289188,0.7313000,0.8366000,0.4755000,0.6904000,0.6783000,0.3644000,0.7254000,0.6108000,0.2710000,0.7357000,0.5588000,0.3802000,0.8235000,0.4609000,0.5045000,0.3182823,0.0000000,0.0000000},
{0.5921022,0.7270364,0.1977644,0.5382026,0.6972475,0.2031471,0.6311910,0.8622359,0.1899133,0.7147990,0.9709998,0.1872608,0.7178878,0.9039057,0.3278717,0.7317000,0.8388000,0.4746000,0.6886000,0.6801000,0.3639000,0.7232000,0.6119000,0.2706000,0.7340000,0.5599000,0.3801000,0.8207000,0.4619000,0.5052000,0.3182823,0.0000000,0.0000000},
{0.5917674,0.7334043,0.1933441,0.5365605,0.7048394,0.1978877,0.6338922,0.8685058,0.1881877,0.7193874,0.9761194,0.1874952,0.7178760,0.9067042,0.3269070,0.7321000,0.8409000,0.4737000,0.6870000,0.6820000,0.3633000,0.7221000,0.6131000,0.2703000,0.7322000,0.5611000,0.3800000,0.8180000,0.4631000,0.5059000,0.3182823,0.0000000,0.0000000},
{0.5915714,0.7392742,0.1891307,0.5351620,0.7120636,0.1926662,0.6365718,0.8744408,0.1865390,0.7238690,0.9809580,0.1877795,0.7178850,0.9095370,0.3259371,0.7326000,0.8431000,0.4728000,0.6856000,0.6838000,0.3626000,0.7209000,0.6145000,0.2701000,0.7305000,0.5622000,0.3798000,0.8153000,0.4641000,0.5065000,0.3182823,0.0000000,0.0000000},
{0.5914900,0.7448172,0.1850241,0.5340149,0.7187825,0.1876068,0.6391864,0.8799849,0.1849849,0.7280936,0.9853791,0.1880955,0.7179125,0.9121789,0.3250386,0.7330000,0.8453000,0.4720000,0.6845000,0.6858000,0.3620000,0.7198000,0.6156000,0.2697000,0.7288000,0.5633000,0.3797000,0.8126000,0.4653000,0.5071000,0.3182823,0.0000000,0.0000000},
{0.5915092,0.7499787,0.1810832,0.5330870,0.7250578,0.1826918,0.6417073,0.8851197,0.1835331,0.7320492,0.9894004,0.1884319,0.7179529,0.9145466,0.3242383,0.7334000,0.8474000,0.4711000,0.6835000,0.6878000,0.3614000,0.7186000,0.6168000,0.2694000,0.7269000,0.5645000,0.3795000,0.8099000,0.4664000,0.5075000,0.3182823,0.0000000,0.0000000},
{0.5916141,0.7548125,0.1772852,0.5323654,0.7308243,0.1780020,0.6441163,0.8898486,0.1821851,0.7357999,0.9931115,0.1887858,0.7180073,0.9168750,0.3234559,0.7338000,0.8495000,0.4703000,0.6826000,0.6897000,0.3608000,0.7172000,0.6180000,0.2690000,0.7251000,0.5656000,0.3794000,0.8072000,0.4675000,0.5080000,0.3182823,0.0000000,0.0000000},
{0.5917876,0.7592447,0.1737074,0.5318146,0.7361935,0.1734752,0.6464174,0.8942152,0.1809308,0.7392329,0.9964239,0.1891386,0.7180722,0.9190749,0.3227208,0.7342000,0.8515000,0.4695000,0.6817000,0.6917000,0.3602000,0.7160000,0.6192000,0.2688000,0.7234000,0.5669000,0.3792000,0.8045000,0.4687000,0.5085000,0.3182823,0.0000000,0.0000000},
{0.5920192,0.7633780,0.1702849,0.5314230,0.7410701,0.1692200,0.6485982,0.8982263,0.1797702,0.7423990,0.9994094,0.1894877,0.7181425,0.9210719,0.3220572,0.7345000,0.8535000,0.4687000,0.6808000,0.6935000,0.3598000,0.7148000,0.6203000,0.2686000,0.7216000,0.5682000,0.3792000,0.8019000,0.4698000,0.5091000,0.3182823,0.0000000,0.0000000},
{0.5922899,0.7671257,0.1671068,0.5311695,0.7453758,0.1653410,0.6505952,0.9017973,0.1787301,0.7452081,1.0020040,0.1898161,0.7182165,0.9229010,0.3214524,0.7347000,0.8553000,0.4679000,0.6798000,0.6953000,0.3593000,0.7136000,0.6216000,0.2685000,0.7199000,0.5696000,0.3792000,0.7994000,0.4710000,0.5097000,0.3182823,0.0000000,0.0000000},
{0.5925866,0.7705144,0.1641692,0.5310178,0.7493416,0.1616602,0.6524542,0.9050381,0.1777802,0.7478293,1.0043800,0.1901380,0.7182928,0.9245853,0.3208980,0.7348000,0.8571000,0.4670000,0.6789000,0.6970000,0.3588000,0.7125000,0.6227000,0.2684000,0.7182000,0.5708000,0.3793000,0.7970000,0.4722000,0.5104000,0.3182823,0.0000000,0.0000000},
{0.5928955,0.7735459,0.1614876,0.5309526,0.7529422,0.1582224,0.6541393,0.9079099,0.1769338,0.7500228,1.0063355,0.1904185,0.7183732,0.9261991,0.3203691,0.7348000,0.8588000,0.4662000,0.6779000,0.6986000,0.3584000,0.7114000,0.6239000,0.2684000,0.7165000,0.5721000,0.3794000,0.7946000,0.4735000,0.5112000,0.3182823,0.0000000,0.0000000},
{0.5932173,0.7763353,0.1589739,0.5309567,0.7561829,0.1550452,0.6556384,0.9104138,0.1761921,0.7519479,1.0080274,0.1906731,0.7184506,0.9276301,0.3199020,0.7347000,0.8604000,0.4653000,0.6769000,0.7001000,0.3579000,0.7103000,0.6251000,0.2685000,0.7149000,0.5734000,0.3796000,0.7922000,0.4749000,0.5120000,0.3182823,0.0000000,0.0000000},
{0.5935517,0.7789405,0.1565844,0.5310155,0.7591347,0.1520784,0.6569930,0.9126366,0.1755306,0.7535371,1.0094073,0.1908890,0.7185279,0.9289633,0.3194685,0.7345000,0.8620000,0.4644000,0.6760000,0.7015000,0.3574000,0.7092000,0.6262000,0.2686000,0.7133000,0.5748000,0.3798000,0.7898000,0.4762000,0.5128000,0.3182823,0.0000000,0.0000000},
{0.5938800,0.7812752,0.1544078,0.5311169,0.7618113,0.1493246,0.6581447,0.9144978,0.1749746,0.7547885,1.0104833,0.1910627,0.7186052,0.9302175,0.3190621,0.7341000,0.8635000,0.4636000,0.6749000,0.7028000,0.3570000,0.7082000,0.6272000,0.2687000,0.7117000,0.5761000,0.3800000,0.7875000,0.4776000,0.5136000,0.3182823,0.0000000,0.0000000},
{0.5942004,0.7833830,0.1524130,0.5312566,0.7643333,0.1466715,0.6591389,0.9160838,0.1744992,0.7558100,1.0113547,0.1912068,0.7186803,0.9313730,0.3186889,0.7337000,0.8650000,0.4627000,0.6739000,0.7041000,0.3565000,0.7072000,0.6282000,0.2687000,0.7101000,0.5773000,0.3802000,0.7851000,0.4790000,0.5144000,0.3182823,0.0000000,0.0000000},
{0.5945340,0.7854296,0.1504485,0.5314287,0.7666960,0.1441316,0.6599342,0.9173390,0.1741219,0.7564814,1.0119241,0.1913026,0.7187581,0.9325123,0.3183221,0.7332000,0.8664000,0.4618000,0.6729000,0.7055000,0.3561000,0.7060000,0.6292000,0.2687000,0.7085000,0.5786000,0.3804000,0.7828000,0.4804000,0.5151000,0.3182823,0.0000000,0.0000000},
{0.5948694,0.7873585,0.1485710,0.5316390,0.7690200,0.1415790,0.6606035,0.9183862,0.1738064,0.7569218,1.0122963,0.1913660,0.7188117,0.9332682,0.3180794,0.7326000,0.8678000,0.4609000,0.6720000,0.7067000,0.3556000,0.7050000,0.6300000,0.2687000,0.7070000,0.5799000,0.3805000,0.7806000,0.4818000,0.5159000,0.3182823,0.0000000,0.0000000},
{0.5951975,0.7891393,0.1468151,0.5318694,0.7711501,0.1391895,0.6611207,0.9191899,0.1735638,0.7570783,1.0124282,0.1913886,0.7188772,0.9341602,0.3177937,0.7320000,0.8691000,0.4600000,0.6710000,0.7079000,0.3552000,0.7038000,0.6308000,0.2686000,0.7055000,0.5811000,0.3807000,0.7784000,0.4832000,0.5166000,0.3182823,0.0000000,0.0000000},
{0.5955151,0.7907754,0.1451819,0.5321336,0.7732484,0.1367865,0.6615655,0.9198772,0.1733560,0.7571163,1.0124602,0.1913941,0.7189418,0.9350123,0.3175214,0.7312000,0.8704000,0.4590000,0.6699000,0.7089000,0.3548000,0.7026000,0.6316000,0.2686000,0.7039000,0.5822000,0.3808000,0.7762000,0.4845000,0.5174000,0.3182823,0.0000000,0.0000000},
{0.5958578,0.7924559,0.1434840,0.5324322,0.7753160,0.1343682,0.6618426,0.9203034,0.1732270,0.7570058,1.0123671,0.1913781,0.7190046,0.9358145,0.3172656,0.7304000,0.8716000,0.4580000,0.6688000,0.7100000,0.3543000,0.7015000,0.6323000,0.2685000,0.7025000,0.5833000,0.3809000,0.7741000,0.4859000,0.5181000,0.3182823,0.0000000,0.0000000},
{0.5961977,0.7940453,0.1418586,0.5327673,0.7773629,0.1319218,0.6621175,0.9207250,0.1730993,0.7566067,1.0120301,0.1913206,0.7190634,0.9365455,0.3170331,0.7294000,0.8728000,0.4571000,0.6678000,0.7109000,0.3539000,0.7003000,0.6329000,0.2685000,0.7010000,0.5841000,0.3811000,0.7721000,0.4873000,0.5188000,0.3182823,0.0000000,0.0000000},
{0.5965557,0.7956446,0.1402035,0.5331495,0.7794370,0.1293864,0.6622622,0.9209464,0.1730322,0.7561480,1.0116417,0.1912549,0.7191171,0.9371973,0.3168261,0.7282000,0.8739000,0.4560000,0.6666000,0.7118000,0.3534000,0.6992000,0.6334000,0.2685000,0.6995000,0.5851000,0.3812000,0.7701000,0.4886000,0.5195000,0.3182823,0.0000000,0.0000000},
{0.5969320,0.7972520,0.1385196,0.5335882,0.7815612,0.1267274,0.6623917,0.9211442,0.1729722,0.7555765,1.0111561,0.1911736,0.7191683,0.9378041,0.3166338,0.7270000,0.8749000,0.4550000,0.6655000,0.7124000,0.3528000,0.6982000,0.6339000,0.2684000,0.6982000,0.5860000,0.3812000,0.7682000,0.4898000,0.5201000,0.3182823,0.0000000,0.0000000},
{0.5973289,0.7988733,0.1367999,0.5340911,0.7837382,0.1239319,0.6624801,0.9212791,0.1729313,0.7549444,1.0106167,0.1910845,0.7192214,0.9384211,0.3164386,0.7256000,0.8759000,0.4540000,0.6643000,0.7132000,0.3524000,0.6971000,0.6343000,0.2684000,0.6967000,0.5867000,0.3813000,0.7663000,0.4910000,0.5208000,0.3182823,0.0000000,0.0000000},
{0.5977919,0.8006786,0.1348589,0.5346383,0.7858653,0.1211265,0.6625803,0.9214317,0.1728850,0.7541928,1.0099722,0.1909796,0.7192714,0.9389908,0.3162587,0.7242000,0.8768000,0.4531000,0.6631000,0.7137000,0.3518000,0.6960000,0.6347000,0.2683000,0.6953000,0.5874000,0.3814000,0.7644000,0.4922000,0.5214000,0.3182823,0.0000000,0.0000000}
};
