fitErrPi Mean = 0.410404
fitErrTh Mean = 0.510411
fitErrWr Mean = 0.30687
fitErrLA Mean = 0.157591
fitErrEl Mean = 0.0654376
fitErrUA Mean = 0.0346304
efPts = {
{0.5877808,0.8239893,0.1509576,0.6608385,0.8371834,-0.0390040,0.6112298,0.9389421,0.2911644,0.7817062,1.0575086,0.2330798,0.7860784,0.9990388,0.3490431,0.7545000,0.8676000,0.5091000,0.7451000,0.7596000,0.4056000,0.7437000,0.6596000,0.4203000,0.7620000,0.5944000,0.3691000,0.9766000,0.4310000,0.2805000,0.5978815,0.7832095,0.0621771},
{0.5869859,0.8236188,0.1503578,0.6600383,0.8368762,-0.0397273,0.6094078,0.9379071,0.2906883,0.7776967,1.0567052,0.2347592,0.7834172,0.9983395,0.3501634,0.7530000,0.8669000,0.5093000,0.7443000,0.7590000,0.4052000,0.7429000,0.6591000,0.4198000,0.7616000,0.5939000,0.3686000,0.9764000,0.4310000,0.2804000,0.5969094,0.7828679,0.0613514},
{0.5859226,0.8231229,0.1495540,0.6589570,0.8364611,-0.0407054,0.6069249,0.9364925,0.2900284,0.7732021,1.0557640,0.2365942,0.7805497,0.9975716,0.3513478,0.7514000,0.8660000,0.5095000,0.7434000,0.7584000,0.4048000,0.7422000,0.6585000,0.4193000,0.7612000,0.5934000,0.3681000,0.9763000,0.4310000,0.2804000,0.5957680,0.7824667,0.0603803},
{0.5847634,0.8225819,0.1486758,0.6575805,0.8359323,-0.0419524,0.6045279,0.9351223,0.2893793,0.7681543,1.0546569,0.2385960,0.7773623,0.9967010,0.3526370,0.7496000,0.8652000,0.5097000,0.7425000,0.7578000,0.4045000,0.7414000,0.6577000,0.4187000,0.7607000,0.5929000,0.3674000,0.9761000,0.4310000,0.2804000,0.5945504,0.7820385,0.0593428},
{0.5833719,0.8219321,0.1476190,0.6562463,0.8354196,-0.0431627,0.6014048,0.9333303,0.2885158,0.7625154,1.0533585,0.2407598,0.7739293,0.9957434,0.3539937,0.7478000,0.8642000,0.5100000,0.7415000,0.7571000,0.4041000,0.7407000,0.6571000,0.4181000,0.7603000,0.5923000,0.3668000,0.9760000,0.4310000,0.2804000,0.5931310,0.7815391,0.0581311},
{0.5819297,0.8212580,0.1465208,0.6545527,0.8347685,-0.0447015,0.5981362,0.9314466,0.2875906,0.7563462,1.0518649,0.2430410,0.7700099,0.9946250,0.3555030,0.7458000,0.8631000,0.5101000,0.7406000,0.7564000,0.4036000,0.7399000,0.6563000,0.4174000,0.7598000,0.5917000,0.3661000,0.9758000,0.4310000,0.2804000,0.5915972,0.7809992,0.0568191},
{0.5797060,0.8202174,0.1448215,0.6527576,0.8340779,-0.0463355,0.5945485,0.9293695,0.2865499,0.7500346,1.0502593,0.2452837,0.7656911,0.9933623,0.3571175,0.7437000,0.8620000,0.5103000,0.7395000,0.7556000,0.4031000,0.7390000,0.6554000,0.4166000,0.7594000,0.5911000,0.3653000,0.9757000,0.4309000,0.2804000,0.5899539,0.7804204,0.0554103},
{0.5775836,0.8192229,0.1431928,0.6509887,0.8333971,-0.0479487,0.5904972,0.9270121,0.2853432,0.7432511,1.0484480,0.2475933,0.7610964,0.9919842,0.3587801,0.7415000,0.8607000,0.5105000,0.7383000,0.7547000,0.4025000,0.7382000,0.6546000,0.4158000,0.7588000,0.5904000,0.3645000,0.9755000,0.4309000,0.2804000,0.5881716,0.7797923,0.0538787},
{0.5753717,0.8181852,0.1414884,0.6489572,0.8326146,-0.0498051,0.5862633,0.9245349,0.2840465,0.7358427,1.0463704,0.2499986,0.7560059,0.9904164,0.3605568,0.7391000,0.8594000,0.5108000,0.7371000,0.7538000,0.4021000,0.7373000,0.6536000,0.4151000,0.7583000,0.5897000,0.3637000,0.9754000,0.4309000,0.2803000,0.5861474,0.7790784,0.0521347},
{0.5728970,0.8170225,0.1395729,0.6469509,0.8318414,-0.0516423,0.5817681,0.9218898,0.2826302,0.7280578,1.0440775,0.2523971,0.7507170,0.9887425,0.3623311,0.7366000,0.8580000,0.5111000,0.7359000,0.7528000,0.4015000,0.7364000,0.6528000,0.4143000,0.7578000,0.5890000,0.3629000,0.9752000,0.4309000,0.2803000,0.5840907,0.7783526,0.0503577},
{0.5702381,0.8157713,0.1375049,0.6449237,0.8310596,-0.0535027,0.5769646,0.9190463,0.2810716,0.7199089,1.0415592,0.2547687,0.7451051,0.9869169,0.3641350,0.7341000,0.8566000,0.5116000,0.7346000,0.7517000,0.4011000,0.7354000,0.6517000,0.4136000,0.7574000,0.5881000,0.3622000,0.9750000,0.4309000,0.2803000,0.5817433,0.7775235,0.0483234},
{0.5673887,0.8144283,0.1352772,0.6424875,0.8301194,-0.0557435,0.5718913,0.9160240,0.2793752,0.7113739,1.0387943,0.2571029,0.7390438,0.9848887,0.3659937,0.7314000,0.8549000,0.5121000,0.7333000,0.7508000,0.4006000,0.7344000,0.6507000,0.4129000,0.7569000,0.5872000,0.3615000,0.9749000,0.4309000,0.2803000,0.5792104,0.7766282,0.0461211},
{0.5644424,0.8130372,0.1329610,0.6400786,0.8291890,-0.0579649,0.5665499,0.9128208,0.2775334,0.7025616,1.0358053,0.2593549,0.7327982,0.9827385,0.3678128,0.7287000,0.8532000,0.5126000,0.7319000,0.7496000,0.4002000,0.7333000,0.6495000,0.4122000,0.7564000,0.5863000,0.3608000,0.9747000,0.4309000,0.2803000,0.5766213,0.7757122,0.0438618},
{0.5612693,0.8115362,0.1304522,0.6375225,0.8282009,-0.0603282,0.5609804,0.9094578,0.2755522,0.6932618,1.0325054,0.2615602,0.7262468,0.9804182,0.3696177,0.7259000,0.8514000,0.5131000,0.7304000,0.7485000,0.3998000,0.7322000,0.6484000,0.4115000,0.7558000,0.5854000,0.3601000,0.9746000,0.4309000,0.2803000,0.5737830,0.7747070,0.0413760},
{0.5580475,0.8100093,0.1278896,0.6348513,0.8271675,-0.0628046,0.5553059,0.9060073,0.2734699,0.6837303,1.0289704,0.2636407,0.7194746,0.9779506,0.3713738,0.7228000,0.8495000,0.5137000,0.7288000,0.7473000,0.3993000,0.7310000,0.6471000,0.4109000,0.7551000,0.5844000,0.3595000,0.9744000,0.4309000,0.2802000,0.5708838,0.7736792,0.0388269},
{0.5546569,0.8083991,0.1251760,0.6320448,0.8260807,-0.0654140,0.5496191,0.9025249,0.2713188,0.6741703,1.0252715,0.2655468,0.7124388,0.9753138,0.3730815,0.7197000,0.8476000,0.5143000,0.7272000,0.7461000,0.3988000,0.7297000,0.6459000,0.4102000,0.7548000,0.5834000,0.3589000,0.9743000,0.4309000,0.2802000,0.5678732,0.7726108,0.0361691},
{0.5511473,0.8067289,0.1223491,0.6290771,0.8249305,-0.0681815,0.5436868,0.8988662,0.2690061,0.6643255,1.0213036,0.2673230,0.7053063,0.9725653,0.3746927,0.7164000,0.8456000,0.5149000,0.7255000,0.7448000,0.3984000,0.7284000,0.6446000,0.4095000,0.7540000,0.5823000,0.3582000,0.9741000,0.4309000,0.2802000,0.5648185,0.7715256,0.0334614},
{0.5476775,0.8050742,0.1195361,0.6263313,0.8238652,-0.0707499,0.5378018,0.8952103,0.2666425,0.6543950,1.0171395,0.2689245,0.6978825,0.9696249,0.3762429,0.7129000,0.8435000,0.5154000,0.7237000,0.7435000,0.3979000,0.7271000,0.6432000,0.4088000,0.7529000,0.5813000,0.3575000,0.9740000,0.4308000,0.2802000,0.5616440,0.7703966,0.0306355},
{0.5440643,0.8033475,0.1165877,0.6231843,0.8226431,-0.0737024,0.5318466,0.8914842,0.2641803,0.6445703,1.0128613,0.2703223,0.6903929,0.9665767,0.3776769,0.7093000,0.8413000,0.5159000,0.7216000,0.7420000,0.3974000,0.7257000,0.6418000,0.4080000,0.7521000,0.5801000,0.3566000,0.9738000,0.4308000,0.2802000,0.5585680,0.7693014,0.0278856},
{0.5402814,0.8015356,0.1134797,0.6200411,0.8214212,-0.0766611,0.5257489,0.8876411,0.2615858,0.6347744,1.0084393,0.2715323,0.6828526,0.9634258,0.3789898,0.7056000,0.8390000,0.5164000,0.7195000,0.7405000,0.3968000,0.7243000,0.6404000,0.4073000,0.7516000,0.5790000,0.3561000,0.9737000,0.4308000,0.2802000,0.5552896,0.7681329,0.0249423},
{0.5364703,0.7997060,0.1103267,0.6168653,0.8201854,-0.0796604,0.5196427,0.8837644,0.2589129,0.6247082,1.0037335,0.2725851,0.6750881,0.9600957,0.3802056,0.7018000,0.8366000,0.5168000,0.7170000,0.7391000,0.3964000,0.7228000,0.6389000,0.4065000,0.7507000,0.5778000,0.3554000,0.9735000,0.4308000,0.2802000,0.5520510,0.7669771,0.0220217},
{0.5325071,0.7977988,0.1070243,0.6135969,0.8189122,-0.0827575,0.5134008,0.8797720,0.2561030,0.6147522,0.9989179,0.2734367,0.6672220,0.9566338,0.3812972,0.6979000,0.8342000,0.5172000,0.7149000,0.7375000,0.3957000,0.7212000,0.6375000,0.4057000,0.7505000,0.5769000,0.3543000,0.9734000,0.4308000,0.2801000,0.5486085,0.7657471,0.0189034},
{0.5284067,0.7958208,0.1035825,0.6100822,0.8175415,-0.0860997,0.5071706,0.8757574,0.2532198,0.6048469,0.9939676,0.2740965,0.6593031,0.9530597,0.3822543,0.6940000,0.8318000,0.5175000,0.7125000,0.7361000,0.3953000,0.7196000,0.6361000,0.4049000,0.7488000,0.5755000,0.3540000,0.9732000,0.4308000,0.2801000,0.5450225,0.7644643,0.0156397},
{0.5242717,0.7938210,0.1000855,0.6067092,0.8162246,-0.0893189,0.5008568,0.8716585,0.2502175,0.5949217,0.9888475,0.2745697,0.6512827,0.9493488,0.3830789,0.6900000,0.8292000,0.5178000,0.7106000,0.7347000,0.3946000,0.7180000,0.6346000,0.4040000,0.7478000,0.5742000,0.3533000,0.9730000,0.4308000,0.2801000,0.5412569,0.7631154,0.0121955},
{0.5200565,0.7917773,0.0964935,0.6027927,0.8146936,-0.0930708,0.4946070,0.8675707,0.2471653,0.5848472,0.9834861,0.2748566,0.6431797,0.9455068,0.3837642,0.6858000,0.8267000,0.5182000,0.7084000,0.7330000,0.3938000,0.7163000,0.6331000,0.4031000,0.7468000,0.5731000,0.3524000,0.9729000,0.4308000,0.2801000,0.5375659,0.7617915,0.0088027},
{0.5158075,0.7897118,0.0928449,0.5995207,0.8134130,-0.0962171,0.4881940,0.8633444,0.2439498,0.5749824,0.9780747,0.2749475,0.6350310,0.9415490,0.3843036,0.6817000,0.8240000,0.5185000,0.7063000,0.7315000,0.3931000,0.7139000,0.6315000,0.4023000,0.7456000,0.5719000,0.3516000,0.9727000,0.4308000,0.2801000,0.5336621,0.7603894,0.0051959},
{0.5115081,0.7876164,0.0891244,0.5956133,0.8118819,-0.0999884,0.4819931,0.8592271,0.2407593,0.5653177,0.9726166,0.2748524,0.6267392,0.9374246,0.3846978,0.6777000,0.8211000,0.5188000,0.7035000,0.7300000,0.3926000,0.7127000,0.6303000,0.4014000,0.7446000,0.5708000,0.3508000,0.9726000,0.4308000,0.2801000,0.5297569,0.7589847,0.0015688},
{0.5071205,0.7854721,0.0852976,0.5921665,0.8105296,-0.1033280,0.4757103,0.8550243,0.2374445,0.5558027,0.9670901,0.2745788,0.6184997,0.9332288,0.3849345,0.6736000,0.8182000,0.5190000,0.7009000,0.7284000,0.3920000,0.7109000,0.6288000,0.4004000,0.7434000,0.5698000,0.3500000,0.9724000,0.4308000,0.2801000,0.5258842,0.7575898,-0.0020468},
{0.5027583,0.7833346,0.0814629,0.5882068,0.8089742,-0.1071793,0.4695319,0.8508605,0.2341033,0.5465141,0.9615469,0.2741374,0.6103619,0.9289888,0.3850156,0.6693000,0.8152000,0.5190000,0.6981000,0.7269000,0.3911000,0.7089000,0.6274000,0.3994000,0.7421000,0.5687000,0.3491000,0.9723000,0.4307000,0.2800000,0.5217644,0.7561037,-0.0059137},
{0.4982054,0.7810974,0.0774283,0.5845734,0.8075451,-0.1107272,0.4633311,0.8466504,0.2306677,0.5372015,0.9558402,0.2735192,0.6020761,0.9245732,0.3849413,0.6649000,0.8121000,0.5191000,0.6954000,0.7252000,0.3903000,0.7070000,0.6259000,0.3983000,0.7408000,0.5677000,0.3482000,0.9721000,0.4307000,0.2800000,0.5176766,0.7546269,-0.0097716},
{0.4936766,0.7788657,0.0733822,0.5805426,0.8059577,-0.1146789,0.4571730,0.8424381,0.2271734,0.5281650,0.9501575,0.2727486,0.5940123,0.9201795,0.3847156,0.6607000,0.8089000,0.5189000,0.6924000,0.7234000,0.3894000,0.7049000,0.6245000,0.3971000,0.7395000,0.5667000,0.3473000,0.9720000,0.4307000,0.2800000,0.5135571,0.7531365,-0.0136809},
{0.4890573,0.7765828,0.0692212,0.5768681,0.8045087,-0.1182959,0.4511682,0.8383003,0.2236861,0.5191217,0.9443248,0.2718059,0.5858862,0.9156546,0.3843335,0.6565000,0.8058000,0.5186000,0.6893000,0.7216000,0.3886000,0.7029000,0.6231000,0.3959000,0.7382000,0.5656000,0.3462000,0.9718000,0.4307000,0.2800000,0.5093886,0.7516260,-0.0176585},
{0.4844853,0.7743168,0.0650687,0.5726284,0.8028346,-0.1224865,0.4451552,0.8341264,0.2201136,0.5103189,0.9385042,0.2707201,0.5778565,0.9110863,0.3838014,0.6520000,0.8026000,0.5185000,0.6862000,0.7198000,0.3876000,0.7007000,0.6217000,0.3947000,0.7368000,0.5646000,0.3453000,0.9717000,0.4307000,0.2800000,0.5051228,0.7500779,-0.0217520},
{0.4799187,0.7720469,0.0608869,0.5687904,0.8013170,-0.1262961,0.4392189,0.8299755,0.2165066,0.5018156,0.9327450,0.2695104,0.5698438,0.9064302,0.3831153,0.6474000,0.7994000,0.5183000,0.6829000,0.7180000,0.3866000,0.6985000,0.6203000,0.3935000,0.7354000,0.5636000,0.3443000,0.9715000,0.4307000,0.2800000,0.5009366,0.7485563,-0.0257919},
{0.4754685,0.7698285,0.0567787,0.5649086,0.7997800,-0.1301646,0.4335064,0.8259522,0.2129595,0.4936146,0.9270602,0.2681904,0.5620031,0.9017784,0.3822915,0.6429000,0.7962000,0.5180000,0.6794000,0.7160000,0.3857000,0.6964000,0.6187000,0.3923000,0.7340000,0.5624000,0.3433000,0.9714000,0.4307000,0.2800000,0.4963078,0.7468711,-0.0302852},
{0.4709155,0.7675523,0.0525414,0.5609978,0.7982295,-0.1340780,0.4279098,0.8219826,0.2094107,0.4855663,0.9213539,0.2667451,0.5542440,0.8970800,0.3813252,0.6382000,0.7930000,0.5177000,0.6752000,0.7139000,0.3850000,0.6941000,0.6172000,0.3911000,0.7328000,0.5614000,0.3423000,0.9712000,0.4307000,0.2799000,0.4922346,0.7453857,-0.0342622},
{0.4664978,0.7653373,0.0483968,0.5570268,0.7966530,-0.1380682,0.4223009,0.8179761,0.2057798,0.4777769,0.9157079,0.2652012,0.5465614,0.8923332,0.3802178,0.6336000,0.7897000,0.5171000,0.6717000,0.7117000,0.3840000,0.6918000,0.6156000,0.3899000,0.7314000,0.5602000,0.3413000,0.9711000,0.4307000,0.2799000,0.4877654,0.7437533,-0.0386508},
{0.4620139,0.7630827,0.0441562,0.5530547,0.7950739,-0.1420761,0.4168748,0.8140730,0.2021953,0.4701754,0.9100780,0.2635533,0.5390611,0.8876063,0.3789888,0.6288000,0.7864000,0.5165000,0.6681000,0.7095000,0.3830000,0.6895000,0.6139000,0.3886000,0.7300000,0.5591000,0.3404000,0.9709000,0.4307000,0.2799000,0.4835368,0.7422062,-0.0428273},
{0.4574409,0.7607764,0.0397960,0.5492995,0.7935789,-0.1458806,0.4114243,0.8101248,0.1985221,0.4627172,0.9044357,0.2617970,0.5316565,0.8828477,0.3776292,0.6241000,0.7831000,0.5158000,0.6645000,0.7072000,0.3819000,0.6871000,0.6122000,0.3873000,0.7286000,0.5578000,0.3394000,0.9707000,0.4307000,0.2799000,0.4792176,0.7406235,-0.0471179},
{0.4530445,0.7585527,0.0355702,0.5449423,0.7918419,-0.1503139,0.4061623,0.8062865,0.1949057,0.4555101,0.8988685,0.2599647,0.5244215,0.8781078,0.3761571,0.6194000,0.7796000,0.5149000,0.6608000,0.7047000,0.3808000,0.6847000,0.6104000,0.3860000,0.7272000,0.5567000,0.3384000,0.9706000,0.4306000,0.2799000,0.4749646,0.7390624,-0.0513670},
{0.4488250,0.7564124,0.0314827,0.5414059,0.7904302,-0.1539270,0.4010343,0.8025203,0.1913137,0.4485996,0.8934211,0.2580792,0.5173440,0.8733826,0.3745761,0.6146000,0.7762000,0.5140000,0.6569000,0.7019000,0.3798000,0.6823000,0.6087000,0.3847000,0.7258000,0.5554000,0.3373000,0.9704000,0.4306000,0.2799000,0.4706988,0.7374941,-0.0556533},
{0.4443408,0.7541312,0.0271045,0.5373046,0.7887907,-0.1581342,0.3959463,0.7987580,0.1876823,0.4418535,0.8879969,0.2561133,0.5103490,0.8686241,0.3728730,0.6099000,0.7727000,0.5130000,0.6530000,0.6989000,0.3787000,0.6798000,0.6069000,0.3833000,0.7243000,0.5542000,0.3362000,0.9703000,0.4306000,0.2798000,0.4664808,0.7359409,-0.0599157},
{0.4400618,0.7519479,0.0228931,0.5336016,0.7873084,-0.1619487,0.3910738,0.7951308,0.1841407,0.4353652,0.8826776,0.2541021,0.5035633,0.8639218,0.3710837,0.6050000,0.7692000,0.5120000,0.6489000,0.6959000,0.3777000,0.6774000,0.6052000,0.3819000,0.7227000,0.5529000,0.3351000,0.9701000,0.4306000,0.2798000,0.4620901,0.7343213,-0.0643786},
{0.4359459,0.7498420,0.0188114,0.5299753,0.7858548,-0.1656986,0.3863300,0.7915761,0.1806311,0.4290835,0.8774287,0.2520385,0.4969177,0.8592321,0.3691967,0.6002000,0.7657000,0.5107000,0.6448000,0.6927000,0.3767000,0.6750000,0.6034000,0.3804000,0.7212000,0.5517000,0.3341000,0.9700000,0.4306000,0.2798000,0.4578427,0.7327520,-0.0687208},
{0.4319548,0.7477942,0.0148239,0.5257750,0.7841689,-0.1700602,0.3817816,0.7881457,0.1772079,0.4230664,0.8723067,0.2499510,0.4906447,0.8547260,0.3672894,0.5953000,0.7622000,0.5094000,0.6406000,0.6896000,0.3755000,0.6725000,0.6016000,0.3790000,0.7197000,0.5504000,0.3330000,0.9698000,0.4306000,0.2798000,0.4539769,0.7313214,-0.0726947},
{0.4279915,0.7457551,0.0108353,0.5222691,0.7827597,-0.1737158,0.3773195,0.7847591,0.1737932,0.4172832,0.8672939,0.2478388,0.4844934,0.8502304,0.3652966,0.5905000,0.7588000,0.5082000,0.6362000,0.6863000,0.3743000,0.6700000,0.5998000,0.3776000,0.7181000,0.5491000,0.3319000,0.9697000,0.4306000,0.2798000,0.4499289,0.7298210,-0.0768783},
{0.4240232,0.7437079,0.0068125,0.5186004,0.7812832,-0.1775557,0.3729394,0.7814136,0.1703856,0.4116106,0.8622882,0.2456627,0.4785005,0.8457750,0.3632349,0.5857000,0.7553000,0.5068000,0.6316000,0.6829000,0.3732000,0.6677000,0.5979000,0.3762000,0.7165000,0.5478000,0.3308000,0.9695000,0.4306000,0.2798000,0.4455776,0.7282055,-0.0814010},
{0.4202367,0.7417491,0.0029466,0.5154529,0.7800149,-0.1808623,0.3687657,0.7782059,0.1670863,0.4061781,0.8574093,0.2434784,0.4726988,0.8413883,0.3611221,0.5808000,0.7521000,0.5055000,0.6269000,0.6794000,0.3720000,0.6653000,0.5961000,0.3748000,0.7149000,0.5464000,0.3297000,0.9694000,0.4306000,0.2798000,0.4421447,0.7269290,-0.0849880},
{0.4166710,0.7398998,-0.0007189,0.5117008,0.7785010,-0.1848185,0.3646947,0.7750582,0.1638180,0.4010396,0.8527149,0.2413188,0.4670790,0.8370680,0.3589622,0.5760000,0.7487000,0.5040000,0.6220000,0.6758000,0.3710000,0.6629000,0.5941000,0.3733000,0.7132000,0.5450000,0.3285000,0.9692000,0.4306000,0.2797000,0.4382283,0.7254705,-0.0891009},
{0.4129432,0.7379614,-0.0045770,0.5077375,0.7768997,-0.1890148,0.3606974,0.7719487,0.1605595,0.3961022,0.8481287,0.2391549,0.4617621,0.8329139,0.3568127,0.5713000,0.7455000,0.5024000,0.6175000,0.6725000,0.3697000,0.6606000,0.5922000,0.3719000,0.7116000,0.5434000,0.3275000,0.9691000,0.4305000,0.2797000,0.4344591,0.7240648,-0.0930799},
{0.4092276,0.7360243,-0.0084491,0.5047792,0.7757029,-0.1921589,0.3569987,0.7690547,0.1574999,0.3913115,0.8436055,0.2369692,0.4566097,0.8288244,0.3546280,0.5666000,0.7421000,0.5007000,0.6175000,0.6725000,0.3697000,0.6583000,0.5903000,0.3704000,0.7099000,0.5420000,0.3261000,0.9689000,0.4305000,0.2797000,0.4307580,0.7226823,-0.0970070},
{0.4058194,0.7342428,-0.0120246,0.5011614,0.7742375,-0.1960175,0.3532982,0.7661427,0.1543951,0.3868427,0.8393189,0.2348510,0.4516133,0.8247964,0.3524103,0.5620000,0.7390000,0.4989000,0.6170000,0.6721000,0.3695000,0.6559000,0.5884000,0.3690000,0.7081000,0.5406000,0.3250000,0.9687000,0.4305000,0.2797000,0.4272647,0.7213755,-0.1007321},
{0.4024290,0.7324663,-0.0156043,0.4979385,0.7729304,-0.1994676,0.3497760,0.7633552,0.1513984,0.3825545,0.8351423,0.2327439,0.4468576,0.8209036,0.3502056,0.5576000,0.7358000,0.4971000,0.6166000,0.6716000,0.3693000,0.6536000,0.5865000,0.3675000,0.7064000,0.5391000,0.3239000,0.9686000,0.4305000,0.2797000,0.4238646,0.7201017,-0.1043752},
{0.3992151,0.7307782,-0.0190189,0.4946957,0.7716136,-0.2029514,0.3463535,0.7606317,0.1484469,0.3784196,0.8310540,0.2306406,0.4423101,0.8171255,0.3480089,0.5531000,0.7328000,0.4952000,0.6161000,0.6711000,0.3691000,0.6511000,0.5845000,0.3661000,0.7047000,0.5376000,0.3229000,0.9684000,0.4305000,0.2797000,0.4203957,0.7188004,-0.1081095},
{0.3961484,0.7291636,-0.0222964,0.4919057,0.7704794,-0.2059586,0.3431041,0.7580320,0.1456078,0.3745079,0.8271295,0.2285837,0.4379222,0.8134266,0.3458043,0.5488000,0.7298000,0.4932000,0.6157000,0.6707000,0.3689000,0.6486000,0.5826000,0.3647000,0.7030000,0.5363000,0.3217000,0.9683000,0.4305000,0.2797000,0.4171807,0.7175926,-0.1115866},
{0.3930914,0.7275505,-0.0255827,0.4891510,0.7693583,-0.2089368,0.3398119,0.7553838,0.1426939,0.3708116,0.8233684,0.2265781,0.4338670,0.8099598,0.3436899,0.5444000,0.7269000,0.4911000,0.6152000,0.6702000,0.3687000,0.6461000,0.5806000,0.3632000,0.7014000,0.5349000,0.3206000,0.9681000,0.4305000,0.2796000,0.4140358,0.7164095,-0.1150029},
{0.3901928,0.7260176,-0.0287165,0.4861058,0.7681177,-0.2122396,0.3369303,0.7530539,0.1401117,0.3673423,0.8197900,0.2246389,0.4299294,0.8065477,0.3415637,0.5402000,0.7240000,0.4890000,0.6147000,0.6698000,0.3685000,0.6436000,0.5786000,0.3617000,0.6997000,0.5335000,0.3195000,0.9680000,0.4305000,0.2796000,0.4110967,0.7153025,-0.1182094},
{0.3874314,0.7245541,-0.0317183,0.4829063,0.7668127,-0.2157216,0.3340667,0.7507273,0.1375159,0.3641137,0.8164165,0.2227833,0.4261933,0.8032668,0.3394774,0.5361000,0.7212000,0.4869000,0.6143000,0.6693000,0.3683000,0.6413000,0.5767000,0.3601000,0.6988000,0.5325000,0.3184000,0.9678000,0.4305000,0.2796000,0.4080896,0.7141684,-0.1215036},
{0.3844966,0.7229953,-0.0349260,0.4805110,0.7658346,-0.2183366,0.3313099,0.7484766,0.1349883,0.3609800,0.8131010,0.2209337,0.4226651,0.8001285,0.3374435,0.5322000,0.7184000,0.4848000,0.6138000,0.6689000,0.3681000,0.6391000,0.5747000,0.3585000,0.6988000,0.5325000,0.3184000,0.9677000,0.4305000,0.2796000,0.4053771,0.7131442,-0.1244871},
{0.3819791,0.7216554,-0.0376921,0.4780220,0.7648173,-0.2210610,0.3286697,0.7463109,0.1325407,0.3580563,0.8099699,0.2191636,0.4193312,0.7971260,0.3354627,0.5284000,0.7158000,0.4828000,0.6134000,0.6684000,0.3680000,0.6368000,0.5728000,0.3570000,0.6988000,0.5323000,0.3183000,0.9675000,0.4305000,0.2796000,0.4027615,0.7121554,-0.1273748},
{0.3794839,0.7203247,-0.0404473,0.4754733,0.7637746,-0.2238589,0.3260677,0.7441666,0.1301023,0.3552296,0.8069067,0.2174099,0.4161613,0.7942367,0.3335245,0.5247000,0.7135000,0.4808000,0.6129000,0.6679000,0.3678000,0.6346000,0.5711000,0.3555000,0.6988000,0.5322000,0.3183000,0.9674000,0.4304000,0.2796000,0.4001576,0.7111699,-0.1302601},
{0.3771740,0.7190906,-0.0430097,0.4731997,0.7628436,-0.2263613,0.3237509,0.7422489,0.1279088,0.3525531,0.8039728,0.2157100,0.4131125,0.7914252,0.3316084,0.5212000,0.7112000,0.4790000,0.6125000,0.6675000,0.3676000,0.6324000,0.5694000,0.3542000,0.6988000,0.5320000,0.3183000,0.9672000,0.4304000,0.2796000,0.3975074,0.7101658,-0.1332077},
{0.3745856,0.7177050,-0.0458950,0.4710887,0.7619784,-0.2286905,0.3214340,0.7403230,0.1256938,0.3501504,0.8013105,0.2141504,0.4102471,0.7887525,0.3297595,0.5177000,0.7090000,0.4772000,0.6120000,0.6670000,0.3674000,0.6303000,0.5678000,0.3528000,0.6988000,0.5319000,0.3183000,0.9671000,0.4304000,0.2795000,0.3950722,0.7092421,-0.1359261},
{0.3725236,0.7165992,-0.0482041,0.4685797,0.7609491,-0.2314660,0.3193301,0.7385669,0.1236635,0.3478381,0.7987220,0.2126186,0.4076099,0.7862661,0.3280154,0.5143000,0.7070000,0.4754000,0.6115000,0.6666000,0.3672000,0.6282000,0.5662000,0.3515000,0.6987000,0.5318000,0.3183000,0.9669000,0.4304000,0.2795000,0.3927789,0.7083713,-0.1384946},
{0.3705930,0.7155622,-0.0503745,0.4664991,0.7600949,-0.2337735,0.3172891,0.7368567,0.1216764,0.3458387,0.7964626,0.2112690,0.4051367,0.7839104,0.3263417,0.5112000,0.7050000,0.4737000,0.6111000,0.6661000,0.3670000,0.6261000,0.5648000,0.3501000,0.6987000,0.5316000,0.3182000,0.9667000,0.4304000,0.2795000,0.3904114,0.7074715,-0.1411551},
{0.3685264,0.7144504,-0.0527071,0.4643153,0.7591975,-0.2362013,0.3153873,0.7352572,0.1198090,0.3440666,0.7944429,0.2100528,0.4028411,0.7817025,0.3247542,0.5082000,0.7031000,0.4720000,0.6106000,0.6657000,0.3668000,0.6238000,0.5632000,0.3487000,0.6987000,0.5315000,0.3182000,0.9666000,0.4304000,0.2795000,0.3882255,0.7066398,-0.1436196},
{0.3665882,0.7134060,-0.0549034,0.4622533,0.7583494,-0.2384992,0.3136229,0.7337680,0.1180628,0.3420089,0.7920775,0.2086166,0.4007289,0.7796525,0.3232640,0.5053000,0.7013000,0.4704000,0.6102000,0.6652000,0.3666000,0.6216000,0.5617000,0.3474000,0.6987000,0.5313000,0.3182000,0.9664000,0.4304000,0.2795000,0.3861266,0.7058404,-0.1459932},
{0.3648878,0.7124884,-0.0568373,0.4604650,0.7576133,-0.2404964,0.3120239,0.7324141,0.1164686,0.3402816,0.7900743,0.2073904,0.3987081,0.7776740,0.3218110,0.5026000,0.6996000,0.4689000,0.6097000,0.6647000,0.3664000,0.6193000,0.5603000,0.3461000,0.6987000,0.5312000,0.3182000,0.9663000,0.4304000,0.2795000,0.3842498,0.7051250,-0.1481217},
{0.3631781,0.7115644,-0.0587885,0.4586421,0.7568625,-0.2425365,0.3105298,0.7311450,0.1149687,0.3386680,0.7881883,0.2062277,0.3968862,0.7758754,0.3204775,0.5001000,0.6981000,0.4675000,0.6092000,0.6643000,0.3662000,0.6172000,0.5588000,0.3448000,0.6987000,0.5310000,0.3182000,0.9661000,0.4304000,0.2794000,0.3825565,0.7044790,-0.1500471},
{0.3617938,0.7108154,-0.0603733,0.4570397,0.7562020,-0.2443333,0.3090241,0.7298623,0.1134472,0.3371428,0.7863924,0.2051130,0.3951625,0.7741606,0.3191949,0.4976000,0.6967000,0.4661000,0.6088000,0.6638000,0.3660000,0.6151000,0.5575000,0.3437000,0.6986000,0.5309000,0.3181000,0.9660000,0.4304000,0.2794000,0.3806783,0.7037619,-0.1521884},
{0.3604720,0.7100994,-0.0618906,0.4550243,0.7553706,-0.2465979,0.3076451,0.7286841,0.1120447,0.3357394,0.7847281,0.2040736,0.3935193,0.7725138,0.3179528,0.4954000,0.6953000,0.4648000,0.6083000,0.6634000,0.3658000,0.6131000,0.5563000,0.3425000,0.6986000,0.5308000,0.3181000,0.9658000,0.4304000,0.2794000,0.3791391,0.7031738,-0.1539474},
{0.3590222,0.7093132,-0.0635595,0.4535450,0.7547600,-0.2482633,0.3064165,0.7276317,0.1107879,0.3344053,0.7831355,0.2030731,0.3920297,0.7710103,0.3168100,0.4932000,0.6940000,0.4634000,0.6079000,0.6629000,0.3656000,0.6112000,0.5549000,0.3414000,0.6986000,0.5306000,0.3181000,0.9657000,0.4303000,0.2794000,0.3779145,0.7027056,-0.1553497},
{0.3575811,0.7085307,-0.0652233,0.4522559,0.7542276,-0.2497170,0.3053023,0.7266749,0.1096420,0.3332053,0.7816940,0.2021625,0.3906470,0.7696056,0.3157347,0.4913000,0.6928000,0.4621000,0.6074000,0.6625000,0.3654000,0.6095000,0.5538000,0.3403000,0.6986000,0.5305000,0.3181000,0.9655000,0.4303000,0.2794000,0.3765090,0.7021679,-0.1569624},
{0.3563846,0.7078803,-0.0666084,0.4511894,0.7537869,-0.2509213,0.3040962,0.7256368,0.1083951,0.3321131,0.7803744,0.2013249,0.3892953,0.7682237,0.3146697,0.4894000,0.6916000,0.4608000,0.6070000,0.6620000,0.3653000,0.6078000,0.5527000,0.3391000,0.6986000,0.5303000,0.3181000,0.9654000,0.4303000,0.2794000,0.3755300,0.7017932,-0.1580876},
{0.3552997,0.7072901,-0.0678673,0.4497696,0.7531999,-0.2525267,0.3030814,0.7247613,0.1073405,0.3310719,0.7791097,0.2005185,0.3880760,0.7669697,0.3136972,0.4877000,0.6906000,0.4596000,0.6065000,0.6615000,0.3651000,0.6059000,0.5515000,0.3382000,0.6986000,0.5302000,0.3180000,0.9652000,0.4303000,0.2794000,0.3741661,0.7012709,-0.1596578},
{0.3540847,0.7066284,-0.0692805,0.4492053,0.7529665,-0.2531656,0.3020820,0.7238973,0.1062973,0.3302045,0.7780510,0.1998406,0.3870062,0.7658635,0.3128344,0.4860000,0.6896000,0.4584000,0.6060000,0.6611000,0.3649000,0.6048000,0.5510000,0.3366000,0.6985000,0.5301000,0.3180000,0.9651000,0.4303000,0.2793000,0.3733614,0.7009625,-0.1605858},
{0.3535506,0.7063373,-0.0699028,0.4477180,0.7523511,-0.2548513,0.3013040,0.7232234,0.1054818,0.3294227,0.7770926,0.1992248,0.3860761,0.7648971,0.3120768,0.4845000,0.6886000,0.4573000,0.6056000,0.6606000,0.3647000,0.6035000,0.5503000,0.3355000,0.6985000,0.5299000,0.3180000,0.9649000,0.4303000,0.2793000,0.3724578,0.7006161,-0.1616291},
{0.3526697,0.7058569,-0.0709306,0.4472655,0.7521638,-0.2553647,0.3005209,0.7225440,0.1046579,0.3288073,0.7763356,0.1987369,0.3851694,0.7639508,0.3113318,0.4831000,0.6877000,0.4562000,0.6051000,0.6602000,0.3645000,0.6020000,0.5494000,0.3345000,0.6985000,0.5298000,0.3180000,0.9648000,0.4303000,0.2793000,0.3717340,0.7003386,-0.1624658},
{0.3517145,0.7053356,-0.0720474,0.4462102,0.7517269,-0.2565633,0.2998215,0.7219362,0.1039196,0.3282169,0.7756069,0.1982661,0.3844313,0.7631775,0.3107204,0.4817000,0.6870000,0.4552000,0.6047000,0.6597000,0.3643000,0.6020000,0.5494000,0.3345000,0.6985000,0.5296000,0.3180000,0.9646000,0.4303000,0.2793000,0.3709799,0.7000493,-0.1633385},
{0.3511975,0.7050533,-0.0726527,0.4450948,0.7512648,-0.2578315,0.2992267,0.7214186,0.1032899,0.3277483,0.7750270,0.1978905,0.3837094,0.7624184,0.3101180,0.4805000,0.6862000,0.4542000,0.6042000,0.6592000,0.3641000,0.6021000,0.5493000,0.3345000,0.6985000,0.5295000,0.3179000,0.9644000,0.4303000,0.2793000,0.3705262,0.6998752,-0.1638640},
{0.3504578,0.7046491,-0.0735200,0.4445951,0.7510578,-0.2584002,0.2986378,0.7209054,0.1026645,0.3272850,0.7744523,0.1975176,0.3831215,0.7617982,0.3096243,0.4794000,0.6856000,0.4532000,0.6037000,0.6588000,0.3639000,0.6022000,0.5492000,0.3345000,0.6985000,0.5294000,0.3179000,0.9643000,0.4303000,0.2793000,0.3697108,0.6995623,-0.1648093},
{0.3498260,0.7043037,-0.0742617,0.4436948,0.7506846,-0.2594258,0.2981188,0.7204527,0.1021120,0.3267372,0.7737709,0.1970745,0.3825521,0.7611958,0.3091434,0.4785000,0.6850000,0.4524000,0.6033000,0.6583000,0.3637000,0.6024000,0.5490000,0.3345000,0.6984000,0.5292000,0.3179000,0.9641000,0.4302000,0.2793000,0.3690142,0.6992948,-0.1656178},
{0.3493425,0.7040392,-0.0748300,0.4431884,0.7504746,-0.2600031,0.2976025,0.7200018,0.1015611,0.3262346,0.7731440,0.1966659,0.3820778,0.7606926,0.3087407,0.4776000,0.6845000,0.4516000,0.6028000,0.6579000,0.3635000,0.6025000,0.5489000,0.3345000,0.6984000,0.5291000,0.3179000,0.9640000,0.4302000,0.2792000,0.3684752,0.6990878,-0.1662440},
{0.3488322,0.7037600,-0.0754304,0.4424614,0.7501731,-0.2608325,0.2971885,0.7196399,0.1011183,0.3258013,0.7726021,0.1963120,0.3816110,0.7601963,0.3083425,0.4768000,0.6839000,0.4509000,0.6024000,0.6574000,0.3633000,0.6026000,0.5488000,0.3345000,0.6984000,0.5289000,0.3179000,0.9638000,0.4302000,0.2792000,0.3678650,0.6988534,-0.1669535},
{0.3484683,0.7035608,-0.0758589,0.4420576,0.7500056,-0.2612935,0.2967952,0.7192957,0.1006968,0.3255053,0.7722312,0.1960694,0.3812214,0.7597812,0.3080088,0.4761000,0.6835000,0.4504000,0.6019000,0.6570000,0.3631000,0.6027000,0.5487000,0.3345000,0.6984000,0.5288000,0.3178000,0.9637000,0.4302000,0.2792000,0.3670635,0.6985454,-0.1678863},
{0.3480748,0.7033453,-0.0763227,0.4417884,0.7498939,-0.2616009,0.2963993,0.7189490,0.1002719,0.3254093,0.7721109,0.1959906,0.3808760,0.7594125,0.3077118,0.4754000,0.6831000,0.4498000,0.6014000,0.6565000,0.3629000,0.6028000,0.5486000,0.3345000,0.6984000,0.5287000,0.3178000,0.9635000,0.4302000,0.2792000,0.3668188,0.6984513,-0.1681714},
{0.3475400,0.7030524,-0.0769537,0.4412476,0.7496695,-0.2622188,0.2960870,0.7186753,0.0999361,0.3254623,0.7721774,0.1960341,0.3805929,0.7591097,0.3074676,0.4749000,0.6827000,0.4492000,0.6010000,0.6560000,0.3627000,0.6029000,0.5484000,0.3345000,0.6984000,0.5285000,0.3178000,0.9634000,0.4302000,0.2792000,0.3663754,0.6982808,-0.1686881},
{0.3470936,0.7028077,-0.0774808,0.4411675,0.7496363,-0.2623103,0.2958876,0.7185004,0.0997214,0.3254846,0.7722053,0.1960524,0.3803749,0.7588764,0.3072791,0.4743000,0.6823000,0.4486000,0.6005000,0.6556000,0.3626000,0.6030000,0.5483000,0.3345000,0.6983000,0.5284000,0.3178000,0.9632000,0.4302000,0.2792000,0.3658484,0.6980782,-0.1693027},
{0.3466691,0.7025750,-0.0779827,0.4401582,0.7492173,-0.2634646,0.2954499,0.7181163,0.0992493,0.3254322,0.7721395,0.1960094,0.3801548,0.7586405,0.3070884,0.4739000,0.6819000,0.4480000,0.6001000,0.6551000,0.3624000,0.6031000,0.5482000,0.3346000,0.6983000,0.5282000,0.3178000,0.9631000,0.4302000,0.2792000,0.3656413,0.6979985,-0.1695444},
{0.3464554,0.7024578,-0.0782354,0.4400259,0.7491623,-0.2636161,0.2952560,0.7179460,0.0990400,0.3252940,0.7719662,0.1958958,0.3799584,0.7584297,0.3069178,0.4734000,0.6816000,0.4475000,0.5996000,0.6547000,0.3622000,0.6032000,0.5481000,0.3346000,0.6983000,0.5281000,0.3177000,0.9629000,0.4302000,0.2791000,0.3653046,0.6978690,-0.1699374},
{0.3460551,0.7022382,-0.0787092,0.4395205,0.7489525,-0.2641948,0.2948963,0.7176299,0.0986510,0.3250969,0.7717185,0.1957335,0.3796970,0.7581489,0.3066902,0.4730000,0.6814000,0.4469000,0.5992000,0.6542000,0.3620000,0.6033000,0.5480000,0.3346000,0.6983000,0.5279000,0.3177000,0.9628000,0.4302000,0.2791000,0.3646814,0.6976292,-0.1706655},
{0.3454865,0.7019261,-0.0793829,0.4390608,0.7487616,-0.2647213,0.2946192,0.7173863,0.0983510,0.3248657,0.7714278,0.1955428,0.3794234,0.7578547,0.3064515,0.4725000,0.6811000,0.4463000,0.5987000,0.6538000,0.3618000,0.6034000,0.5478000,0.3346000,0.6983000,0.5278000,0.3177000,0.9626000,0.4302000,0.2791000,0.3642776,0.6974738,-0.1711375},
{0.3450887,0.7017078,-0.0798547,0.4386846,0.7486053,-0.2651525,0.2942576,0.7170680,0.0979587,0.3246944,0.7712121,0.1954012,0.3792035,0.7576178,0.3062590,0.4722000,0.6807000,0.4458000,0.5982000,0.6533000,0.3616000,0.6035000,0.5477000,0.3346000,0.6983000,0.5277000,0.3177000,0.9624000,0.4301000,0.2791000,0.3640153,0.6973729,-0.1714443},
{0.3446724,0.7014791,-0.0803488,0.4384357,0.7485019,-0.2654378,0.2940632,0.7168969,0.0977476,0.3245462,0.7710255,0.1952785,0.3789388,0.7573324,0.3060269,0.4718000,0.6803000,0.4452000,0.5978000,0.6528000,0.3614000,0.6036000,0.5476000,0.3346000,0.6982000,0.5275000,0.3177000,0.9623000,0.4301000,0.2791000,0.3636048,0.6972149,-0.1719246},
{0.3446042,0.7014417,-0.0804298,0.4380145,0.7483269,-0.2659209,0.2936975,0.7165747,0.0973499,0.3244484,0.7709022,0.1951975,0.3786746,0.7570470,0.3057945,0.4715000,0.6799000,0.4447000,0.5973000,0.6524000,0.3612000,0.6037000,0.5475000,0.3346000,0.6982000,0.5274000,0.3176000,0.9621000,0.4301000,0.2791000,0.3636048,0.6972149,-0.1719246},
{0.3442916,0.7012700,-0.0808012,0.4380145,0.7483269,-0.2659209,0.2933928,0.7163060,0.0970179,0.3243542,0.7707833,0.1951193,0.3783692,0.7567167,0.3055251,0.4711000,0.6795000,0.4442000,0.5969000,0.6519000,0.3610000,0.6038000,0.5474000,0.3346000,0.6982000,0.5272000,0.3176000,0.9620000,0.4301000,0.2790000,0.3632849,0.6970917,-0.1722993},
{0.3439341,0.7010735,-0.0812263,0.4380145,0.7483269,-0.2659209,0.2931238,0.7160686,0.0967244,0.3242450,0.7706454,0.1950286,0.3780451,0.7563656,0.3052383,0.4707000,0.6791000,0.4437000,0.5964000,0.6515000,0.3608000,0.6039000,0.5472000,0.3346000,0.6982000,0.5271000,0.3176000,0.9618000,0.4301000,0.2790000,0.3632849,0.6970917,-0.1722993},
{0.3436632,0.7009246,-0.0815485,0.4373669,0.7480577,-0.2666643,0.2928356,0.7158142,0.0964096,0.3240910,0.7704509,0.1949006,0.3777528,0.7560485,0.3049788,0.4704000,0.6788000,0.4433000,0.5959000,0.6510000,0.3606000,0.6041000,0.5471000,0.3346000,0.6982000,0.5270000,0.3176000,0.9617000,0.4301000,0.2790000,0.3631820,0.6970521,-0.1724197},
{0.3436381,0.7009107,-0.0815784,0.4373669,0.7480577,-0.2666643,0.2925594,0.7155702,0.0961075,0.3238612,0.7701604,0.1947091,0.3775136,0.7557886,0.3047659,0.4701000,0.6784000,0.4429000,0.5955000,0.6506000,0.3604000,0.6042000,0.5470000,0.3346000,0.6982000,0.5268000,0.3176000,0.9615000,0.4301000,0.2790000,0.3628241,0.6969142,-0.1728391},
{0.3432007,0.7006702,-0.0820992,0.4371549,0.7479696,-0.2669076,0.2923544,0.7153890,0.0958830,0.3236232,0.7698591,0.1945104,0.3772184,0.7554674,0.3045024,0.4698000,0.6781000,0.4426000,0.5950000,0.6501000,0.3602000,0.6043000,0.5469000,0.3346000,0.6981000,0.5267000,0.3175000,0.9614000,0.4301000,0.2790000,0.3627284,0.6968774,-0.1729513},
{0.3431924,0.7006657,-0.0821090,0.4371549,0.7479696,-0.2669076,0.2921584,0.7152156,0.0956681,0.3232993,0.7694484,0.1942392,0.3769795,0.7552070,0.3042886,0.4696000,0.6778000,0.4422000,0.5946000,0.6496000,0.3600000,0.6044000,0.5468000,0.3346000,0.6981000,0.5265000,0.3175000,0.9612000,0.4301000,0.2790000,0.3624018,0.6967516,-0.1733342},
{0.3428165,0.7004589,-0.0825570,0.4363575,0.7476380,-0.2678238,0.2919019,0.7149887,0.0953867,0.3230643,0.7691499,0.1940419,0.3767113,0.7549143,0.3040479,0.4693000,0.6776000,0.4420000,0.5941000,0.6492000,0.3599000,0.6045000,0.5466000,0.3346000,0.6981000,0.5264000,0.3175000,0.9611000,0.4301000,0.2790000,0.3623433,0.6967290,-0.1734027},
{0.3428095,0.7004550,-0.0825654,0.4363575,0.7476380,-0.2678238,0.2918422,0.7149359,0.0953211,0.3227841,0.7687936,0.1938060,0.3765373,0.7547243,0.3038914,0.4691000,0.6773000,0.4418000,0.5937000,0.6487000,0.3597000,0.6046000,0.5465000,0.3347000,0.6981000,0.5263000,0.3175000,0.9609000,0.4301000,0.2789000,0.3622091,0.6966773,-0.1735602},
{0.3424554,0.7002602,-0.0829877,0.4358179,0.7474136,-0.2684443,0.2916236,0.7147423,0.0950809,0.3225837,0.7685384,0.1936370,0.3762938,0.7544579,0.3036719,0.4689000,0.6770000,0.4416000,0.5932000,0.6483000,0.3595000,0.6047000,0.5464000,0.3347000,0.6981000,0.5261000,0.3175000,0.9608000,0.4300000,0.2789000,0.3617647,0.6965061,-0.1740817},
{0.3424554,0.7002602,-0.0829877,0.4358179,0.7474136,-0.2684443,0.2914767,0.7146122,0.0949193,0.3224305,0.7683431,0.1935075,0.3761084,0.7542550,0.3035044,0.4687000,0.6767000,0.4415000,0.5927000,0.6478000,0.3593000,0.6048000,0.5463000,0.3347000,0.6981000,0.5260000,0.3174000,0.9606000,0.4300000,0.2789000,0.3616910,0.6964777,-0.1741681},
{0.3423617,0.7002086,-0.0830995,0.4358179,0.7474136,-0.2684443,0.2912730,0.7144317,0.0946951,0.3223416,0.7682297,0.1934323,0.3759221,0.7540508,0.3033358,0.4686000,0.6764000,0.4416000,0.5923000,0.6474000,0.3591000,0.6049000,0.5462000,0.3347000,0.6980000,0.5258000,0.3174000,0.9604000,0.4300000,0.2789000,0.3613749,0.6963559,-0.1745394},
{0.3419274,0.6999695,-0.0836180,0.4354561,0.7472631,-0.2688605,0.2912670,0.7144264,0.0946885,0.3221857,0.7680307,0.1933002,0.3758265,0.7539459,0.3032491,0.4685000,0.6762000,0.4417000,0.5918000,0.6469000,0.3589000,0.6050000,0.5460000,0.3347000,0.6980000,0.5257000,0.3174000,0.9603000,0.4300000,0.2789000,0.3613276,0.6963377,-0.1745949},
{0.3420563,0.7000405,-0.0834640,0.4354561,0.7472631,-0.2688605,0.2910715,0.7142530,0.0944729,0.3220764,0.7678911,0.1932075,0.3757650,0.7538785,0.3031934,0.4685000,0.6760000,0.4418000,0.5914000,0.6464000,0.3587000,0.6051000,0.5459000,0.3347000,0.6980000,0.5256000,0.3174000,0.9601000,0.4300000,0.2789000,0.3610175,0.6962181,-0.1749593},
{0.3417818,0.6998894,-0.0837919,0.4354561,0.7472631,-0.2688605,0.2910226,0.7142096,0.0944190,0.3219545,0.7677353,0.1931040,0.3757283,0.7538382,0.3031600,0.4685000,0.6759000,0.4420000,0.5909000,0.6460000,0.3585000,0.6052000,0.5458000,0.3347000,0.6980000,0.5254000,0.3174000,0.9600000,0.4300000,0.2789000,0.3610175,0.6962181,-0.1749593},
{0.3417818,0.6998894,-0.0837919,0.4354925,0.7472782,-0.2688187,0.2908774,0.7140809,0.0942589,0.3218215,0.7675652,0.1929908,0.3756776,0.7537826,0.3031141,0.4686000,0.6759000,0.4422000,0.5904000,0.6455000,0.3583000,0.6053000,0.5457000,0.3347000,0.6980000,0.5253000,0.3173000,0.9598000,0.4300000,0.2788000,0.3610175,0.6962181,-0.1749593},
{0.3416455,0.6998143,-0.0839548,0.4355998,0.7473229,-0.2686952,0.2907804,0.7139948,0.0941518,0.3217374,0.7674576,0.1929193,0.3756730,0.7537775,0.3031098,0.4687000,0.6759000,0.4424000,0.5900000,0.6451000,0.3581000,0.6054000,0.5456000,0.3347000,0.6980000,0.5251000,0.3173000,0.9597000,0.4300000,0.2788000,0.3608003,0.6961344,-0.1752145}
};
