fitErrPi Mean = 0.35702
fitErrTh Mean = 0.281121
fitErrWr Mean = 0.364457
fitErrLA Mean = 0.420359
fitErrEl Mean = 0.0579037
fitErrUA Mean = 0.0358234
efPts = {
{0.6845345,0.8009914,0.0244622,0.5684714,0.7675141,0.0713706,0.8606562,0.8248714,0.0428414,0.4969718,0.2391901,0.3887679,0.6521330,0.8696398,0.2834969,0.7202000,0.8240000,0.4650000,0.7138000,0.7338000,0.3568000,0.7536000,0.6625000,0.3556000,0.7678000,0.5927000,0.3820000,0.8349000,0.5257000,0.4626000,0.6124721,0.8063838,-0.0309901},
{0.6837030,0.8003648,0.0235376,0.5677378,0.7670420,0.0705841,0.8597198,0.8230848,0.0422230,0.7228278,0.8482253,0.2216144,0.6513283,0.8694890,0.2844203,0.7176000,0.8235000,0.4645000,0.7138000,0.7338000,0.3568000,0.7519000,0.6620000,0.3555000,0.7661000,0.5924000,0.3818000,0.8332000,0.5257000,0.4627000,0.6107842,0.8055230,-0.0324717},
{0.6825340,0.7994831,0.0222353,0.5666745,0.7663572,0.0694418,0.8584377,0.8206333,0.0413732,0.7186382,0.8488175,0.2214814,0.6504191,0.8693163,0.2854527,0.7149000,0.8231000,0.4642000,0.7115000,0.7328000,0.3563000,0.7500000,0.6614000,0.3549000,0.7644000,0.5920000,0.3815000,0.8313000,0.5255000,0.4628000,0.6086957,0.8044572,-0.0343100},
{0.6812870,0.7985419,0.0208433,0.5656091,0.7656706,0.0682945,0.8571879,0.8182375,0.0405412,0.7139170,0.8494514,0.2213407,0.6494568,0.8691308,0.2865333,0.7124000,0.8226000,0.4639000,0.7093000,0.7317000,0.3559000,0.7479000,0.6606000,0.3550000,0.7626000,0.5916000,0.3813000,0.8295000,0.5254000,0.4629000,0.6063972,0.8032831,-0.0363394},
{0.6796204,0.7972824,0.0189778,0.5641966,0.7647592,0.0667690,0.8556138,0.8152114,0.0394882,0.7085499,0.8501293,0.2211924,0.6484338,0.8689308,0.2876692,0.7098000,0.8220000,0.4635000,0.7070000,0.7307000,0.3555000,0.7463000,0.6600000,0.3547000,0.7609000,0.5912000,0.3810000,0.8278000,0.5253000,0.4630000,0.6037708,0.8019401,-0.0386668},
{0.6777552,0.7958709,0.0168833,0.5626137,0.7637368,0.0650538,0.8539064,0.8119182,0.0383397,0.7024135,0.8508492,0.2210377,0.6472620,0.8686982,0.2889544,0.7073000,0.8213000,0.4633000,0.7047000,0.7296000,0.3551000,0.7446000,0.6594000,0.3543000,0.7592000,0.5909000,0.3808000,0.8259000,0.5252000,0.4632000,0.6008575,0.8004487,-0.0412587},
{0.6756943,0.7943090,0.0145609,0.5608201,0.7625766,0.0631029,0.8519753,0.8081800,0.0370327,0.6956381,0.8515763,0.2208855,0.6458689,0.8684171,0.2904615,0.7046000,0.8206000,0.4629000,0.7024000,0.7286000,0.3547000,0.7431000,0.6590000,0.3541000,0.7575000,0.5905000,0.3805000,0.8242000,0.5250000,0.4634000,0.5980327,0.7990009,-0.0437824},
{0.6734363,0.7925949,0.0120064,0.5588392,0.7612933,0.0609388,0.8500362,0.8044112,0.0357115,0.6882472,0.8522888,0.2207413,0.6442811,0.8680910,0.2921528,0.7020000,0.8198000,0.4626000,0.7001000,0.7275000,0.3542000,0.7411000,0.6584000,0.3539000,0.7558000,0.5901000,0.3803000,0.8224000,0.5249000,0.4636000,0.5948659,0.7973758,-0.0466239},
{0.6712608,0.7909404,0.0095353,0.5566378,0.7598647,0.0585225,0.8478826,0.8002082,0.0342338,0.6805142,0.8529452,0.2206147,0.6425841,0.8677360,0.2939313,0.6993000,0.8189000,0.4623000,0.6978000,0.7265000,0.3538000,0.7411000,0.6584000,0.3539000,0.7540000,0.5898000,0.3800000,0.8207000,0.5248000,0.4638000,0.5916142,0.7957048,-0.0495551},
{0.6686871,0.7889796,0.0065993,0.5542027,0.7582815,0.0558356,0.8457380,0.7960040,0.0327514,0.6724354,0.8535343,0.2205087,0.6406090,0.8673150,0.2959653,0.6965000,0.8181000,0.4621000,0.6956000,0.7254000,0.3534000,0.7384000,0.6575000,0.3531000,0.7523000,0.5894000,0.3798000,0.8190000,0.5247000,0.4640000,0.5882183,0.7939573,-0.0526311},
{0.6659330,0.7868769,0.0034422,0.5517287,0.7566698,0.0530906,0.8433655,0.7913313,0.0310985,0.6639959,0.8540450,0.2204264,0.6384564,0.8668470,0.2981407,0.6937000,0.8171000,0.4617000,0.6933000,0.7244000,0.3530000,0.7368000,0.6569000,0.3528000,0.7506000,0.5890000,0.3795000,0.8173000,0.5247000,0.4641000,0.5845804,0.7920825,-0.0559431},
{0.6631276,0.7847304,0.0002101,0.5489399,0.7548491,0.0499778,0.8409863,0.7866222,0.0294273,0.6552648,0.8544616,0.2203717,0.6361336,0.8663322,0.3004428,0.6907000,0.8160000,0.4614000,0.6910000,0.7233000,0.3526000,0.7352000,0.6565000,0.3524000,0.7489000,0.5887000,0.3793000,0.8156000,0.5246000,0.4643000,0.5810191,0.7902443,-0.0592022},
{0.6601079,0.7824146,-0.0032874,0.5462410,0.7530830,0.0469465,0.8384753,0.7816263,0.0276484,0.6464007,0.8547690,0.2203476,0.6335769,0.8657544,0.3029258,0.6877000,0.8150000,0.4611000,0.6887000,0.7223000,0.3521000,0.7333000,0.6557000,0.3521000,0.7472000,0.5883000,0.3790000,0.8138000,0.5246000,0.4645000,0.5771303,0.7882339,-0.0627803},
{0.6571993,0.7801787,-0.0066745,0.5431352,0.7510459,0.0434353,0.8360938,0.7768635,0.0259466,0.6374041,0.8549624,0.2203554,0.6308786,0.8651326,0.3054919,0.6846000,0.8137000,0.4608000,0.6864000,0.7212000,0.3517000,0.7316000,0.6550000,0.3517000,0.7454000,0.5879000,0.3788000,0.8121000,0.5245000,0.4647000,0.5731422,0.7861688,-0.0664707},
{0.6540596,0.7777593,-0.0103510,0.5402101,0.7491224,0.0401057,0.8336442,0.7719391,0.0241812,0.6282215,0.8550371,0.2203967,0.6279072,0.8644346,0.3082573,0.6814000,0.8124000,0.4605000,0.6842000,0.7202000,0.3513000,0.7316000,0.6550000,0.3517000,0.7437000,0.5875000,0.3785000,0.8103000,0.5245000,0.4649000,0.5689705,0.7840047,-0.0703539},
{0.6510004,0.7753961,-0.0139537,0.5370460,0.7470365,0.0364793,0.8310561,0.7667079,0.0222993,0.6190505,0.8549885,0.2204714,0.6245721,0.8636358,0.3112904,0.6782000,0.8111000,0.4603000,0.6819000,0.7191000,0.3509000,0.7288000,0.6540000,0.3509000,0.7420000,0.5872000,0.3783000,0.8086000,0.5245000,0.4652000,0.5650806,0.7819833,-0.0739960},
{0.6478155,0.7729296,-0.0177258,0.5339925,0.7450183,0.0329548,0.8286084,0.7617331,0.0205034,0.6098185,0.8548152,0.2205805,0.6212873,0.8628340,0.3142093,0.6749000,0.8096000,0.4600000,0.6796000,0.7181000,0.3505000,0.7260000,0.6530000,0.3501000,0.7403000,0.5868000,0.3780000,0.8068000,0.5245000,0.4655000,0.5611648,0.7799451,-0.0776831},
{0.6445770,0.7704150,-0.0215843,0.5307775,0.7428877,0.0292175,0.8260484,0.7565014,0.0186082,0.6007276,0.8545227,0.2207211,0.6178773,0.8619867,0.3171717,0.6716000,0.8082000,0.4597000,0.6773000,0.7170000,0.3500000,0.7260000,0.6530000,0.3501000,0.7386000,0.5864000,0.3778000,0.8050000,0.5246000,0.4658000,0.5573041,0.7779320,-0.0813391},
{0.6414707,0.7679968,-0.0253070,0.5276355,0.7407999,0.0255385,0.8235930,0.7514552,0.0167738,0.5917029,0.8541127,0.2208931,0.6143151,0.8610864,0.3201966,0.6683000,0.8067000,0.4594000,0.6750000,0.7160000,0.3496000,0.7239000,0.6522000,0.3497000,0.7368000,0.5861000,0.3775000,0.8033000,0.5246000,0.4662000,0.5535174,0.7759542,-0.0849450},
{0.6382277,0.7654656,-0.0292164,0.5246657,0.7388213,0.0220370,0.8210454,0.7461900,0.0148532,0.5827705,0.8535892,0.2210954,0.6107732,0.8601766,0.3231374,0.6649000,0.8054000,0.4590000,0.6728000,0.7149000,0.3492000,0.7222000,0.6515000,0.3494000,0.7351000,0.5857000,0.3773000,0.8015000,0.5247000,0.4665000,0.5497333,0.7739745,-0.0885684},
{0.6349884,0.7629305,-0.0331449,0.5215568,0.7367447,0.0183459,0.8185199,0.7409406,0.0129315,0.5739594,0.8529579,0.2213263,0.6070888,0.8592154,0.3261292,0.6621000,0.8037000,0.4581000,0.6705000,0.7139000,0.3488000,0.7211000,0.6514000,0.3490000,0.7334000,0.5853000,0.3770000,0.7997000,0.5247000,0.4668000,0.5460133,0.7720251,-0.0921500},
{0.6320448,0.7606208,-0.0367355,0.5184004,0.7346306,0.0145715,0.8161501,0.7359867,0.0111119,0.5653601,0.8522311,0.2215816,0.6034672,0.8582566,0.3290059,0.6588000,0.8024000,0.4578000,0.6682000,0.7128000,0.3484000,0.7191000,0.6507000,0.3487000,0.7317000,0.5850000,0.3768000,0.7979000,0.5247000,0.4670000,0.5423832,0.7701196,-0.0956640},
{0.6291272,0.7583260,-0.0403139,0.5153830,0.7326041,0.0109377,0.8137825,0.7310105,0.0092779,0.5570180,0.8514211,0.2218579,0.5999133,0.8573027,0.3317696,0.6555000,0.8010000,0.4575000,0.6659000,0.7118000,0.3479000,0.7168000,0.6497000,0.3484000,0.7300000,0.5846000,0.3765000,0.7961000,0.5247000,0.4672000,0.5387126,0.7681897,-0.0992363},
{0.6261263,0.7559597,-0.0440150,0.5124478,0.7306277,0.0073787,0.8114638,0.7261100,0.0074660,0.5488054,0.8505222,0.2221575,0.5964542,0.8563623,0.3344051,0.6522000,0.7997000,0.4572000,0.6659000,0.7118000,0.3479000,0.7168000,0.6497000,0.3484000,0.7282000,0.5842000,0.3763000,0.7942000,0.5247000,0.4674000,0.5351916,0.7663355,-0.1026813},
{0.6231058,0.7535718,-0.0477616,0.5095514,0.7286725,0.0038431,0.8094409,0.7218127,0.0058723,0.5410325,0.8495779,0.2224665,0.5929205,0.8553898,0.3370436,0.6490000,0.7984000,0.4569000,0.6634000,0.7098000,0.3481000,0.7133000,0.6486000,0.3477000,0.7265000,0.5838000,0.3760000,0.7923000,0.5247000,0.4675000,0.5315923,0.7644369,-0.1062216},
{0.6205568,0.7515518,-0.0509402,0.5068063,0.7268147,0.0004702,0.8074328,0.7175261,0.0042780,0.5335249,0.8485789,0.2227886,0.5895974,0.8544648,0.3394767,0.6458000,0.7973000,0.4566000,0.6608000,0.7084000,0.3477000,0.7109000,0.6477000,0.3473000,0.7248000,0.5835000,0.3758000,0.7903000,0.5247000,0.4675000,0.5282250,0.7626578,-0.1095508},
{0.6176582,0.7492495,-0.0545733,0.5038755,0.7248262,-0.0031547,0.8052213,0.7127811,0.0025080,0.5263627,0.8475457,0.2231176,0.5864105,0.8535682,0.3417672,0.6427000,0.7962000,0.4562000,0.6583000,0.7069000,0.3475000,0.7085000,0.6469000,0.3470000,0.7231000,0.5831000,0.3755000,0.7883000,0.5246000,0.4676000,0.5248664,0.7608806,-0.1128881},
{0.6151669,0.7472659,-0.0577122,0.5013140,0.7230839,-0.0063431,0.8032689,0.7085708,0.0009329,0.5196303,0.8465023,0.2234466,0.5833845,0.8527086,0.3439040,0.6396000,0.7952000,0.4559000,0.6557000,0.7058000,0.3470000,0.7071000,0.6468000,0.3465000,0.7214000,0.5827000,0.3753000,0.7861000,0.5245000,0.4675000,0.5216590,0.7591808,-0.1160909},
{0.6125379,0.7451681,-0.0610408,0.4986580,0.7212731,-0.0096694,0.8013309,0.7043713,-0.0006426,0.5131155,0.8454257,0.2237831,0.5803065,0.8518260,0.3460400,0.6366000,0.7943000,0.4555000,0.6530000,0.7045000,0.3465000,0.7043000,0.6458000,0.3460000,0.7214000,0.5827000,0.3753000,0.7838000,0.5244000,0.4673000,0.5183334,0.7574156,-0.1194281},
{0.6098491,0.7430174,-0.0644627,0.4957788,0.7193051,-0.0132986,0.7994505,0.7002775,-0.0021825,0.5069024,0.8443368,0.2241209,0.5774129,0.8509889,0.3480142,0.6338000,0.7935000,0.4550000,0.6504000,0.7037000,0.3457000,0.7025000,0.6455000,0.3454000,0.7199000,0.5826000,0.3746000,0.7815000,0.5243000,0.4672000,0.5151998,0.7557498,-0.1225880},
{0.6071488,0.7408525,-0.0679171,0.4930190,0.7174137,-0.0168006,0.7973668,0.6957181,-0.0039025,0.5010395,0.8432533,0.2244549,0.5745200,0.8501449,0.3499554,0.6312000,0.7928000,0.4545000,0.6478000,0.7027000,0.3451000,0.7008000,0.6452000,0.3447000,0.7174000,0.5820000,0.3741000,0.7791000,0.5242000,0.4669000,0.5117244,0.7538993,-0.1261102},
{0.6046133,0.7388147,-0.0711776,0.4903758,0.7155977,-0.0201763,0.7955415,0.6917040,-0.0054209,0.4952703,0.8421335,0.2247982,0.5717513,0.8493304,0.3517832,0.6286000,0.7920000,0.4539000,0.6453000,0.7018000,0.3447000,0.6983000,0.6446000,0.3440000,0.7158000,0.5820000,0.3734000,0.7766000,0.5241000,0.4666000,0.5084632,0.7521601,-0.1294323},
{0.6018306,0.7365731,-0.0747744,0.4874674,0.7135944,-0.0239151,0.7937255,0.6876920,-0.0069425,0.4897174,0.8410049,0.2251424,0.5689177,0.8484903,0.3536235,0.6261000,0.7914000,0.4534000,0.6428000,0.7008000,0.3441000,0.6960000,0.6441000,0.3433000,0.7135000,0.5815000,0.3729000,0.7742000,0.5241000,0.4662000,0.5052723,0.7504558,-0.1326987},
{0.5992981,0.7345280,-0.0780650,0.4846843,0.7116720,-0.0275174,0.7918961,0.6836310,-0.0084867,0.4842777,0.8398506,0.2254929,0.5662086,0.8476808,0.3553546,0.6237000,0.7908000,0.4528000,0.6406000,0.7000000,0.3435000,0.6943000,0.6440000,0.3426000,0.7119000,0.5815000,0.3723000,0.7718000,0.5240000,0.4659000,0.5021065,0.7487622,-0.1359555},
{0.5966163,0.7323571,-0.0815678,0.4819218,0.7097589,-0.0311170,0.7903045,0.6800819,-0.0098396,0.4790791,0.8387019,0.2258402,0.5635777,0.8468890,0.3570091,0.6214000,0.7902000,0.4521000,0.6384000,0.6993000,0.3430000,0.6926000,0.6439000,0.3418000,0.7102000,0.5816000,0.3717000,0.7695000,0.5240000,0.4655000,0.4993662,0.7472941,-0.1387873},
{0.5941072,0.7303211,-0.0848620,0.4789707,0.7077094,-0.0349890,0.7884303,0.6758833,-0.0114441,0.4740838,0.8375558,0.2261854,0.5611411,0.8461504,0.3585183,0.6190000,0.7896000,0.4514000,0.6364000,0.6988000,0.3423000,0.6903000,0.6434000,0.3411000,0.7077000,0.5810000,0.3711000,0.7672000,0.5239000,0.4652000,0.4962215,0.7456069,-0.1420520},
{0.5916224,0.7283001,-0.0881407,0.4763934,0.7059147,-0.0383935,0.7867743,0.6721561,-0.0128720,0.4693454,0.8364298,0.2265234,0.5585806,0.8453691,0.3600802,0.6168000,0.7889000,0.4507000,0.6346000,0.6983000,0.3416000,0.6895000,0.6438000,0.3403000,0.7064000,0.5812000,0.3706000,0.7650000,0.5240000,0.4649000,0.4934126,0.7440975,-0.1449817},
{0.5893291,0.7264307,-0.0911813,0.4736015,0.7039654,-0.0421057,0.7853221,0.6688737,-0.0141324,0.4647849,0.8353101,0.2268585,0.5562404,0.8446503,0.3614861,0.6146000,0.7883000,0.4500000,0.6330000,0.6980000,0.3411000,0.6872000,0.6432000,0.3396000,0.7043000,0.5808000,0.3700000,0.7629000,0.5240000,0.4646000,0.4905949,0.7425813,-0.1479335},
{0.5868970,0.7244437,-0.0944215,0.4710728,0.7021951,-0.0454902,0.7836973,0.6651857,-0.0155517,0.4604222,0.8342055,0.2271882,0.5540167,0.8439631,0.3628030,0.6124000,0.7876000,0.4493000,0.6315000,0.6978000,0.3405000,0.6860000,0.6432000,0.3389000,0.7026000,0.5807000,0.3695000,0.7608000,0.5240000,0.4643000,0.4877980,0.7410742,-0.1508765},
{0.5845595,0.7225296,-0.0975507,0.4685094,0.7003959,-0.0489429,0.7823199,0.6620464,-0.0167625,0.4564675,0.8331757,0.2274948,0.5519200,0.8433114,0.3640276,0.6102000,0.7870000,0.4486000,0.6301000,0.6977000,0.3395000,0.6847000,0.6431000,0.3382000,0.7026000,0.5807000,0.3695000,0.7588000,0.5240000,0.4641000,0.4853802,0.7397696,-0.1534311},
{0.5823717,0.7207341,-0.1004932,0.4658804,0.6985458,-0.0525071,0.7811316,0.6593283,-0.0178128,0.4528666,0.8322142,0.2277805,0.5499237,0.8426875,0.3651781,0.6081000,0.7862000,0.4478000,0.6286000,0.6969000,0.3388000,0.6833000,0.6429000,0.3376000,0.7003000,0.5805000,0.3687000,0.7569000,0.5240000,0.4639000,0.4825433,0.7382367,-0.1564412},
{0.5804182,0.7191277,-0.1031320,0.4635629,0.6969106,-0.0556688,0.7798207,0.6563193,-0.0189777,0.4496971,0.8313490,0.2280371,0.5481496,0.8421303,0.3661879,0.6061000,0.7854000,0.4470000,0.6274000,0.6965000,0.3380000,0.6833000,0.6429000,0.3376000,0.6980000,0.5803000,0.3680000,0.7551000,0.5239000,0.4637000,0.4802671,0.7370052,-0.1588662},
{0.5783355,0.7174116,-0.1059571,0.4610799,0.6951544,-0.0590768,0.7788135,0.6539996,-0.0198772,0.4469169,0.8305753,0.2282662,0.5464295,0.8415876,0.3671555,0.6041000,0.7846000,0.4462000,0.6264000,0.6968000,0.3369000,0.6797000,0.6421000,0.3359000,0.6957000,0.5801000,0.3672000,0.7534000,0.5238000,0.4635000,0.4780297,0.7357932,-0.1612586},
{0.5762621,0.7156996,-0.1087818,0.4590868,0.6937413,-0.0618282,0.7777172,0.6514673,-0.0208608,0.4445534,0.8299066,0.2284639,0.5449281,0.8411118,0.3679908,0.6022000,0.7840000,0.4454000,0.6251000,0.6958000,0.3360000,0.6797000,0.6421000,0.3359000,0.6957000,0.5801000,0.3672000,0.7518000,0.5237000,0.4634000,0.4758838,0.7346295,-0.1635612},
{0.5743163,0.7140898,-0.1114439,0.4565604,0.6919458,-0.0653361,0.7766561,0.6490088,-0.0218172,0.4424194,0.8292943,0.2286447,0.5435502,0.8406735,0.3687498,0.6004000,0.7834000,0.4447000,0.6237000,0.6950000,0.3354000,0.6785000,0.6417000,0.3353000,0.6945000,0.5798000,0.3669000,0.7504000,0.5236000,0.4633000,0.4738948,0.7335496,-0.1657027},
{0.5724844,0.7125713,-0.1139601,0.4542167,0.6902758,-0.0686109,0.7757705,0.6469508,-0.0226189,0.4404801,0.8287306,0.2288111,0.5423228,0.8402817,0.3694197,0.5987000,0.7828000,0.4440000,0.6224000,0.6935000,0.3350000,0.6777000,0.6414000,0.3349000,0.6935000,0.5796000,0.3665000,0.7489000,0.5234000,0.4632000,0.4719389,0.7324866,-0.1678154},
{0.5708115,0.7111821,-0.1162666,0.4519434,0.6886518,-0.0718067,0.7750064,0.6451711,-0.0233131,0.4387872,0.8282329,0.2289578,0.5411344,0.8399011,0.3700627,0.5971000,0.7822000,0.4433000,0.6210000,0.6926000,0.3346000,0.6771000,0.6415000,0.3344000,0.6925000,0.5793000,0.3661000,0.7476000,0.5232000,0.4631000,0.4701066,0.7314898,-0.1698007},
{0.5689775,0.7096565,-0.1188047,0.4503231,0.6874918,-0.0740962,0.7742872,0.6434922,-0.0239686,0.4372643,0.8277807,0.2290910,0.5401836,0.8395958,0.3705733,0.5955000,0.7816000,0.4426000,0.6200000,0.6919000,0.3341000,0.6756000,0.6404000,0.3341000,0.6913000,0.5787000,0.3659000,0.7466000,0.5226000,0.4632000,0.4683703,0.7305442,-0.1716874},
{0.5678987,0.7087577,-0.1203023,0.4499522,0.6872260,-0.0746217,0.7735887,0.6418586,-0.0246072,0.4360981,0.8274316,0.2291938,0.5392096,0.8392822,0.3710926,0.5940000,0.7811000,0.4420000,0.6191000,0.6909000,0.3342000,0.6749000,0.6403000,0.3336000,0.6903000,0.5783000,0.3656000,0.7454000,0.5223000,0.4631000,0.4667644,0.7296689,-0.1734374},
{0.5674515,0.7083848,-0.1209242,0.4499522,0.6872260,-0.0746217,0.7730131,0.6405096,-0.0251350,0.4353144,0.8271955,0.2292632,0.5385388,0.8390657,0.3714481,0.5926000,0.7807000,0.4414000,0.6188000,0.6928000,0.3328000,0.6738000,0.6397000,0.3333000,0.6893000,0.5779000,0.3652000,0.7442000,0.5221000,0.4629000,0.4661811,0.7293508,-0.1740742},
{0.5671560,0.7081384,-0.1213354,0.4496782,0.6870295,-0.0750103,0.7726299,0.6396102,-0.0254872,0.4348799,0.8270641,0.2293019,0.5380432,0.8389055,0.3717096,0.5913000,0.7802000,0.4407000,0.6180000,0.6926000,0.3322000,0.6726000,0.6392000,0.3327000,0.6885000,0.5776000,0.3648000,0.7431000,0.5217000,0.4627000,0.4660995,0.7293062,-0.1741633},
{0.5666866,0.7077467,-0.1219892,0.4496782,0.6870295,-0.0750103,0.7726406,0.6396353,-0.0254774,0.4351819,0.8271555,0.2292750,0.5377451,0.8388091,0.3718664,0.5901000,0.7799000,0.4400000,0.6171000,0.6924000,0.3315000,0.6723000,0.6393000,0.3325000,0.6875000,0.5772000,0.3644000,0.7420000,0.5214000,0.4625000,0.4659643,0.7292325,-0.1743109},
{0.5665340,0.7076193,-0.1222020,0.4496278,0.6869934,-0.0750818,0.7727154,0.6398109,-0.0254086,0.4360258,0.8274098,0.2292002,0.5377715,0.8388176,0.3718525,0.5889000,0.7798000,0.4391000,0.6156000,0.6905000,0.3308000,0.6717000,0.6393000,0.3318000,0.6866000,0.5767000,0.3641000,0.7411000,0.5211000,0.4623000,0.4659643,0.7292325,-0.1743109},
{0.5664683,0.7075644,-0.1222936,0.4495878,0.6869647,-0.0751384,0.7729529,0.6403683,-0.0251904,0.4373825,0.8278160,0.2290806,0.5382339,0.8389672,0.3716090,0.5881000,0.7797000,0.4383000,0.6148000,0.6905000,0.3300000,0.6709000,0.6391000,0.3311000,0.6859000,0.5763000,0.3637000,0.7401000,0.5208000,0.4620000,0.4659643,0.7292325,-0.1743109},
{0.5662827,0.7074095,-0.1225523,0.4495118,0.6869101,-0.0752464,0.7729529,0.6403683,-0.0251904,0.4391232,0.8283321,0.2289285,0.5389656,0.8392035,0.3712221,0.5874000,0.7798000,0.4374000,0.6141000,0.6904000,0.3293000,0.6693000,0.6378000,0.3311000,0.6851000,0.5759000,0.3633000,0.7392000,0.5205000,0.4616000,0.4659643,0.7292325,-0.1743109},
{0.5662827,0.7074095,-0.1225523,0.4495118,0.6869101,-0.0752464,0.7729529,0.6403683,-0.0251904,0.4404491,0.8287215,0.2288137,0.5397944,0.8394705,0.3707812,0.5869000,0.7800000,0.4367000,0.6136000,0.6906000,0.3287000,0.6686000,0.6375000,0.3305000,0.6846000,0.5758000,0.3628000,0.7382000,0.5202000,0.4613000,0.4662631,0.7293955,-0.1739846},
{0.5662827,0.7074095,-0.1225523,0.4495118,0.6869101,-0.0752464,0.7730601,0.6406196,-0.0250920,0.4411587,0.8289286,0.2287527,0.5405577,0.8397160,0.3703728,0.5865000,0.7804000,0.4361000,0.6130000,0.6912000,0.3280000,0.6680000,0.6374000,0.3301000,0.6838000,0.5755000,0.3624000,0.7373000,0.5198000,0.4609000,0.4662631,0.7293955,-0.1739846}
};
