fitErrPi Mean = 0.326604
fitErrTh Mean = 0.22726
fitErrWr Mean = 0.318964
fitErrLA Mean = 0.520648
fitErrEl Mean = 0.0251836
fitErrUA Mean = 0.425653
efPts = {
{0.5716903,0.7750272,0.0988744,0.4646225,0.7519102,0.1646986,0.8186104,0.8358585,0.0103123,0.4055472,0.4350034,0.0132752,0.8928329,0.8987324,0.1873686,0.6821000,0.8350000,0.4530000,0.6796000,0.7456000,0.3452000,0.7131000,0.6678000,0.3525000,0.7226000,0.6000000,0.3800000,0.7873000,0.5332000,0.4651000,0.5102613,0.7778075,0.0527588},
{0.5677212,0.7727516,0.0962822,0.4601762,0.7499226,0.1620603,0.8165055,0.8329135,0.0088192,0.7097357,0.9673894,0.1750521,0.8913056,0.8968949,0.1855034,0.6787000,0.8337000,0.4526000,0.6770000,0.7443000,0.3447000,0.7106000,0.6667000,0.3518000,0.7207000,0.5990000,0.3792000,0.7849000,0.5325000,0.4646000,0.5059074,0.7758384,0.0499935},
{0.5635251,0.7703407,0.0935287,0.4554470,0.7478020,0.1592328,0.8140696,0.8294977,0.0070846,0.7019366,0.9670797,0.1771844,0.8897416,0.8950088,0.1835868,0.6752000,0.8324000,0.4521000,0.6743000,0.7430000,0.3441000,0.7081000,0.6658000,0.3511000,0.7183000,0.5983000,0.3784000,0.7824000,0.5319000,0.4641000,0.5012677,0.7737353,0.0470317},
{0.5589425,0.7677016,0.0905063,0.4503946,0.7455291,0.1561878,0.8116544,0.8261023,0.0053572,0.6931715,0.9665644,0.1795020,0.8880616,0.8929780,0.1815209,0.6716000,0.8311000,0.4517000,0.6714000,0.7416000,0.3437000,0.7064000,0.6651000,0.3500000,0.7183000,0.5983000,0.3784000,0.7799000,0.5314000,0.4636000,0.4961202,0.7713962,0.0437275},
{0.5542389,0.7649862,0.0873874,0.4450905,0.7431347,0.1529639,0.8089373,0.8222727,0.0034052,0.6840291,0.9658438,0.1818332,0.8863611,0.8909172,0.1794219,0.6679000,0.8296000,0.4513000,0.6686000,0.7403000,0.3431000,0.7037000,0.6640000,0.3492000,0.7116000,0.5958000,0.3760000,0.7772000,0.5308000,0.4632000,0.4909275,0.7690305,0.0403747},
{0.5490976,0.7620103,0.0839587,0.4394939,0.7405989,0.1495319,0.8061913,0.8183913,0.0014228,0.6742822,0.9648761,0.1842246,0.8846061,0.8887848,0.1772473,0.6640000,0.8282000,0.4509000,0.6656000,0.7387000,0.3427000,0.7011000,0.6630000,0.3484000,0.7116000,0.5958000,0.3760000,0.7745000,0.5302000,0.4627000,0.4854741,0.7665393,0.0368323},
{0.5438023,0.7589367,0.0804059,0.4337870,0.7380035,0.1460003,0.8032417,0.8142100,-0.0007172,0.6639649,0.9636337,0.1866533,0.8827713,0.8865495,0.1749648,0.6601000,0.8267000,0.4505000,0.6627000,0.7373000,0.3421000,0.6986000,0.6620000,0.3475000,0.7083000,0.5955000,0.3748000,0.7717000,0.5296000,0.4624000,0.4798027,0.7639412,0.0331251},
{0.5383458,0.7557605,0.0767221,0.4277727,0.7352575,0.1422432,0.8002263,0.8099223,-0.0029165,0.6532039,0.9621056,0.1890771,0.8808992,0.8842622,0.1726263,0.6560000,0.8251000,0.4501000,0.6597000,0.7359000,0.3415000,0.6961000,0.6610000,0.3466000,0.7061000,0.5950000,0.3739000,0.7688000,0.5291000,0.4620000,0.4740041,0.7612771,0.0293101},
{0.5326516,0.7524359,0.0728528,0.4216457,0.7324487,0.1383783,0.7971719,0.8055654,-0.0051563,0.6421022,0.9602867,0.1914635,0.8790137,0.8819521,0.1702613,0.6518000,0.8235000,0.4497000,0.6566000,0.7342000,0.3409000,0.6935000,0.6601000,0.3458000,0.7036000,0.5942000,0.3731000,0.7659000,0.5286000,0.4616000,0.4679797,0.7585008,0.0253199},
{0.5269676,0.7491071,0.0689648,0.4154073,0.7295769,0.1344042,0.7938832,0.8008589,-0.0075815,0.6306387,0.9581562,0.1938090,0.8769472,0.8794126,0.1676578,0.6474000,0.8218000,0.4493000,0.6534000,0.7327000,0.3403000,0.6908000,0.6592000,0.3448000,0.7011000,0.5938000,0.3720000,0.7629000,0.5281000,0.4613000,0.4619380,0.7557080,0.0212909},
{0.5209684,0.7455825,0.0648332,0.4088884,0.7265631,0.1302092,0.7906374,0.7961977,-0.0099891,0.6190461,0.9557461,0.1960605,0.8749698,0.8769749,0.1651551,0.6428000,0.8201000,0.4490000,0.6500000,0.7310000,0.3397000,0.6881000,0.6581000,0.3439000,0.7011000,0.5938000,0.3720000,0.7598000,0.5276000,0.4610000,0.4557198,0.7528244,0.0171154},
{0.5147619,0.7419239,0.0605282,0.4022760,0.7234925,0.1259095,0.7871849,0.7912222,-0.0125653,0.6071687,0.9530150,0.1982440,0.8729746,0.8745079,0.1626187,0.6381000,0.8182000,0.4484000,0.6465000,0.7292000,0.3392000,0.6853000,0.6570000,0.3430000,0.6959000,0.5920000,0.3704000,0.7566000,0.5271000,0.4607000,0.4493012,0.7498382,0.0127742},
{0.5086354,0.7383002,0.0562478,0.3955404,0.7203505,0.1214832,0.7838196,0.7863548,-0.0150919,0.5952220,0.9500042,0.2003162,0.8708460,0.8718674,0.1599000,0.6332000,0.8163000,0.4480000,0.6430000,0.7275000,0.3386000,0.6824000,0.6559000,0.3421000,0.6933000,0.5914000,0.3695000,0.7533000,0.5267000,0.4604000,0.4428819,0.7468416,0.0084007},
{0.5023724,0.7345831,0.0518401,0.3886027,0.7170992,0.1168747,0.7806160,0.7817052,-0.0175113,0.5830937,0.9466801,0.2022939,0.8688094,0.8693329,0.1572866,0.6281000,0.8144000,0.4476000,0.6393000,0.7257000,0.3380000,0.6796000,0.6548000,0.3413000,0.6903000,0.5903000,0.3687000,0.7500000,0.5262000,0.4602000,0.4362160,0.7437192,0.0038253},
{0.4957760,0.7306539,0.0471622,0.3815658,0.7137856,0.1121485,0.7769248,0.7763279,-0.0203163,0.5709088,0.9430712,0.2041541,0.8667574,0.8667710,0.1546411,0.6230000,0.8125000,0.4472000,0.6356000,0.7238000,0.3374000,0.6796000,0.6548000,0.3413000,0.6878000,0.5877000,0.3697000,0.7465000,0.5259000,0.4600000,0.4295872,0.7406033,-0.0007595},
{0.4892729,0.7267659,0.0425145,0.3745479,0.7104649,0.1073825,0.7735811,0.7714383,-0.0228736,0.5587438,0.9392000,0.2058849,0.8646306,0.8641069,0.1518860,0.6178000,0.8105000,0.4469000,0.6317000,0.7217000,0.3370000,0.6740000,0.6539000,0.3391000,0.6854000,0.5876000,0.3690000,0.7430000,0.5256000,0.4599000,0.4229023,0.7374498,-0.0054185},
{0.4827027,0.7228231,0.0377820,0.3675708,0.7071475,0.1025915,0.7697973,0.7658838,-0.0257862,0.5465362,0.9350463,0.2074952,0.8625389,0.8614781,0.1491633,0.6126000,0.8086000,0.4466000,0.6277000,0.7198000,0.3366000,0.6740000,0.6539000,0.3391000,0.6824000,0.5869000,0.3684000,0.7394000,0.5253000,0.4598000,0.4161689,0.7342619,-0.0101478},
{0.4760601,0.7188216,0.0329591,0.3607832,0.7039045,0.0978794,0.7663186,0.7607567,-0.0284819,0.5345776,0.9307153,0.2089494,0.8605245,0.8589381,0.1465288,0.6073000,0.8067000,0.4462000,0.6235000,0.7176000,0.3361000,0.6699000,0.6517000,0.3390000,0.6793000,0.5861000,0.3677000,0.7358000,0.5250000,0.4598000,0.4095520,0.7311178,-0.0148313},
{0.4693615,0.7147708,0.0280561,0.3538943,0.7005973,0.0930449,0.7627713,0.7555084,-0.0312485,0.5226981,0.9261549,0.2102724,0.8585534,0.8564448,0.1439390,0.6019000,0.8047000,0.4457000,0.6193000,0.7155000,0.3357000,0.6662000,0.6503000,0.3384000,0.6793000,0.5861000,0.3677000,0.7320000,0.5248000,0.4597000,0.4030437,0.7280142,-0.0194734},
{0.4628734,0.7108319,0.0232688,0.3470746,0.6973072,0.0882063,0.7588701,0.7497124,-0.0343121,0.5110730,0.9214408,0.2114487,0.8565605,0.8539159,0.1413085,0.5965000,0.8028000,0.4452000,0.6150000,0.7132000,0.3352000,0.6612000,0.6483000,0.3379000,0.6782000,0.5855000,0.3673000,0.7284000,0.5245000,0.4597000,0.3964952,0.7248801,-0.0241801},
{0.4564836,0.7069377,0.0185164,0.3401801,0.6939646,0.0832606,0.7553886,0.7445187,-0.0370648,0.4998261,0.9166408,0.2124742,0.8546979,0.8515448,0.1388388,0.5911000,0.8009000,0.4445000,0.6106000,0.7110000,0.3347000,0.6568000,0.6467000,0.3373000,0.6772000,0.5849000,0.3668000,0.7246000,0.5244000,0.4597000,0.3900359,0.7217774,-0.0288585},
{0.4501482,0.7030618,0.0137671,0.3333302,0.6906268,0.0782920,0.7516920,0.7389816,-0.0400074,0.4888371,0.9117201,0.2133675,0.8527472,0.8490539,0.1362408,0.5866000,0.7987000,0.4430000,0.6063000,0.7088000,0.3340000,0.6544000,0.6466000,0.3361000,0.6762000,0.5843000,0.3664000,0.7208000,0.5243000,0.4598000,0.3834519,0.7186031,-0.0336644},
{0.4437756,0.6991479,0.0089517,0.3263936,0.6872296,0.0732040,0.7482500,0.7338048,-0.0427656,0.4780953,0.9066858,0.2141351,0.8509040,0.8466930,0.1337750,0.5813000,0.7971000,0.4419000,0.6019000,0.7067000,0.3334000,0.6538000,0.6477000,0.3349000,0.6751000,0.5837000,0.3660000,0.7170000,0.5243000,0.4597000,0.3770372,0.7154989,-0.0383833},
{0.4377156,0.6954115,0.0043363,0.3197388,0.6839538,0.0682681,0.7448948,0.7287391,-0.0454716,0.4678018,0.9016495,0.2147709,0.8490727,0.8443401,0.1313144,0.5761000,0.7957000,0.4408000,0.5977000,0.7047000,0.3327000,0.6503000,0.6469000,0.3341000,0.6741000,0.5831000,0.3656000,0.7130000,0.5244000,0.4598000,0.3705988,0.7123716,-0.0431566},
{0.4315125,0.6915721,-0.0004253,0.3132792,0.6807581,0.0634249,0.7414491,0.7235160,-0.0482686,0.4578070,0.8965563,0.2152925,0.8473920,0.8421745,0.1290467,0.5710000,0.7945000,0.4397000,0.5935000,0.7032000,0.3319000,0.6467000,0.6460000,0.3333000,0.6730000,0.5825000,0.3651000,0.7090000,0.5244000,0.4597000,0.3642725,0.7092872,-0.0478835},
{0.4258677,0.6880650,-0.0047918,0.3070050,0.6776388,0.0586704,0.7379316,0.7181625,-0.0511429,0.4482854,0.8915135,0.2156998,0.8457235,0.8400184,0.1267864,0.5660000,0.7937000,0.4385000,0.5893000,0.7015000,0.3312000,0.6430000,0.6452000,0.3326000,0.6720000,0.5819000,0.3647000,0.7048000,0.5245000,0.4597000,0.3580369,0.7062355,-0.0525788},
{0.4200379,0.6844294,-0.0093353,0.3010116,0.6746448,0.0540817,0.7346503,0.7131485,-0.0538417,0.4392517,0.8865528,0.2160031,0.8442587,0.8381208,0.1247947,0.5609000,0.7931000,0.4372000,0.5852000,0.7002000,0.3303000,0.6392000,0.6444000,0.3319000,0.6710000,0.5813000,0.3643000,0.7006000,0.5247000,0.4595000,0.3522405,0.7033886,-0.0569763},
{0.4143809,0.6808881,-0.0137778,0.2952681,0.6717622,0.0496402,0.7312022,0.7078585,-0.0566963,0.4308810,0.8817986,0.2162100,0.8427105,0.8361099,0.1226818,0.5557000,0.7926000,0.4358000,0.5811000,0.6989000,0.3295000,0.6353000,0.6436000,0.3310000,0.6699000,0.5807000,0.3639000,0.6961000,0.5249000,0.4592000,0.3468357,0.7007248,-0.0611056},
{0.4088768,0.6774297,-0.0181326,0.2897341,0.6689721,0.0453191,0.7280754,0.7030424,-0.0593015,0.4229967,0.8771784,0.2163379,0.8410469,0.8339432,0.1204026,0.5505000,0.7920000,0.4344000,0.5770000,0.6978000,0.3286000,0.6313000,0.6429000,0.3300000,0.6689000,0.5801000,0.3634000,0.6916000,0.5251000,0.4588000,0.3417352,0.6982027,-0.0650285},
{0.4037710,0.6742099,-0.0222015,0.2841513,0.6661444,0.0409175,0.7250559,0.6983744,-0.0618325,0.4157078,0.8727807,0.2163967,0.8394136,0.8318100,0.1181560,0.5454000,0.7913000,0.4329000,0.5729000,0.6966000,0.3275000,0.6275000,0.6423000,0.3290000,0.6679000,0.5795000,0.3630000,0.6871000,0.5253000,0.4582000,0.3370384,0.6958732,-0.0686637},
{0.3985326,0.6708946,-0.0264058,0.2789046,0.6634749,0.0367414,0.7217665,0.6932694,-0.0646069,0.4086656,0.8684133,0.2163976,0.8378202,0.8297232,0.1159557,0.5405000,0.7906000,0.4314000,0.5687000,0.6956000,0.3264000,0.6235000,0.6418000,0.3278000,0.6668000,0.5789000,0.3626000,0.6827000,0.5252000,0.4576000,0.3323418,0.6935367,-0.0723208},
{0.3935033,0.6677001,-0.0304712,0.2735645,0.6607456,0.0324507,0.7189797,0.6889283,-0.0669716,0.4018951,0.8641014,0.2163453,0.8363126,0.8277435,0.1138659,0.5358000,0.7896000,0.4298000,0.5646000,0.6947000,0.3252000,0.6195000,0.6412000,0.3265000,0.6658000,0.5784000,0.3622000,0.6782000,0.5251000,0.4568000,0.3276023,0.6911718,-0.0760342},
{0.3888617,0.6647417,-0.0342488,0.2685763,0.6581848,0.0284053,0.7161825,0.6845557,-0.0693585,0.3951852,0.8597154,0.2162405,0.8346907,0.8256078,0.1116089,0.5314000,0.7880000,0.4278000,0.5606000,0.6937000,0.3238000,0.6155000,0.6408000,0.3253000,0.6648000,0.5778000,0.3617000,0.6738000,0.5250000,0.4559000,0.3231961,0.6889665,-0.0795073},
{0.3841124,0.6617043,-0.0381401,0.2635884,0.6556127,0.0243230,0.7132703,0.6799872,-0.0718577,0.3886021,0.8553000,0.2160847,0.8331672,0.8235963,0.1094806,0.5267000,0.7869000,0.4261000,0.5566000,0.6925000,0.3225000,0.6115000,0.6403000,0.3239000,0.6637000,0.5772000,0.3613000,0.6696000,0.5249000,0.4548000,0.3185445,0.6866315,-0.0831962},
{0.3796256,0.6588249,-0.0418409,0.2587987,0.6531321,0.0203674,0.7104157,0.6754927,-0.0743219,0.3820775,0.8508103,0.2158769,0.8316046,0.8215275,0.1072894,0.5220000,0.7860000,0.4246000,0.5528000,0.6914000,0.3211000,0.6076000,0.6397000,0.3225000,0.6627000,0.5766000,0.3609000,0.6654000,0.5248000,0.4537000,0.3140432,0.6843649,-0.0867879},
{0.3751054,0.6559143,-0.0455940,0.2541697,0.6507243,0.0165104,0.7079972,0.6716719,-0.0764209,0.3758482,0.8464148,0.2156272,0.8302169,0.8196855,0.1053362,0.5178000,0.7842000,0.4227000,0.5492000,0.6903000,0.3195000,0.6040000,0.6392000,0.3209000,0.6617000,0.5760000,0.3605000,0.6614000,0.5245000,0.4525000,0.3100879,0.6823675,-0.0899621},
{0.3709547,0.6532328,-0.0490624,0.2498215,0.6484531,0.0128564,0.7053236,0.6674344,-0.0787534,0.3699099,0.8421221,0.2153409,0.8287851,0.8177800,0.1033137,0.5178000,0.7842000,0.4227000,0.5457000,0.6890000,0.3179000,0.6003000,0.6384000,0.3193000,0.6606000,0.5754000,0.3600000,0.6574000,0.5243000,0.4513000,0.3059842,0.6802894,-0.0932738},
{0.3668528,0.6505743,-0.0525114,0.2455825,0.6462299,0.0092646,0.7027385,0.6633230,-0.0810211,0.3642642,0.8379448,0.2150234,0.8273458,0.8158599,0.1012734,0.5177000,0.7842000,0.4226000,0.5422000,0.6877000,0.3163000,0.5969000,0.6378000,0.3177000,0.6596000,0.5748000,0.3596000,0.6536000,0.5240000,0.4500000,0.3020021,0.6782672,-0.0965054},
{0.3628722,0.6479863,-0.0558790,0.2417161,0.6441941,0.0059623,0.7004173,0.6596196,-0.0830676,0.3589450,0.8339202,0.2146825,0.8259326,0.8139695,0.0992627,0.5177000,0.7841000,0.4226000,0.5390000,0.6863000,0.3149000,0.5936000,0.6370000,0.3161000,0.6585000,0.5742000,0.3592000,0.6497000,0.5236000,0.4487000,0.2988020,0.6766380,-0.0991157},
{0.3592128,0.6455997,-0.0589932,0.2377026,0.6420727,0.0025075,0.6980770,0.6558741,-0.0851411,0.3538316,0.8299673,0.2143152,0.8245342,0.8120944,0.0972660,0.5177000,0.7841000,0.4226000,0.5360000,0.6852000,0.3133000,0.5904000,0.6362000,0.3146000,0.6575000,0.5736000,0.3588000,0.6461000,0.5233000,0.4474000,0.2955055,0.6749558,-0.1018169},
{0.3554140,0.6431147,-0.0622450,0.2339374,0.6400748,-0.0007591,0.6957079,0.6520707,-0.0872505,0.3490154,0.8261660,0.2139324,0.8233157,0.8104564,0.0955203,0.5176000,0.7841000,0.4226000,0.5330000,0.6837000,0.3119000,0.5874000,0.6354000,0.3132000,0.6565000,0.5730000,0.3583000,0.6424000,0.5229000,0.4461000,0.2918365,0.6730787,-0.1048383},
{0.3522828,0.6410605,-0.0649400,0.2306414,0.6383195,-0.0036392,0.6936673,0.6487851,-0.0890758,0.3444116,0.8224592,0.2135321,0.8219310,0.8085907,0.0935299,0.5176000,0.7841000,0.4225000,0.5300000,0.6823000,0.3105000,0.5844000,0.6343000,0.3117000,0.6554000,0.5724000,0.3579000,0.6390000,0.5224000,0.4448000,0.2890843,0.6716674,-0.1071154},
{0.3492340,0.6390553,-0.0675771,0.2276019,0.6366955,-0.0063127,0.6916554,0.6455366,-0.0908834,0.3401940,0.8189983,0.2131348,0.8205648,0.8067453,0.0915591,0.5175000,0.7841000,0.4225000,0.5271000,0.6808000,0.3091000,0.5816000,0.6334000,0.3104000,0.6544000,0.5718000,0.3575000,0.6358000,0.5218000,0.4437000,0.2860879,0.6701276,-0.1096048},
{0.3465333,0.6372746,-0.0699240,0.2247014,0.6351410,-0.0088798,0.6897710,0.6424860,-0.0925835,0.3362462,0.8157007,0.2127355,0.8193939,0.8051600,0.0898645,0.5175000,0.7840000,0.4225000,0.5243000,0.6793000,0.3077000,0.5787000,0.6322000,0.3092000,0.6534000,0.5712000,0.3571000,0.6326000,0.5214000,0.4426000,0.2834119,0.6687494,-0.1118374},
{0.3439755,0.6355844,-0.0721563,0.2221299,0.6337587,-0.0111690,0.6882462,0.6400117,-0.0939643,0.3326388,0.8126365,0.2123467,0.8180575,0.8033463,0.0879240,0.5175000,0.7840000,0.4225000,0.5216000,0.6779000,0.3064000,0.5759000,0.6310000,0.3079000,0.6523000,0.5706000,0.3566000,0.6297000,0.5209000,0.4415000,0.2807708,0.6673865,-0.1140497},
{0.3416720,0.6340590,-0.0741747,0.2196939,0.6324457,-0.0133491,0.6865462,0.6372471,-0.0955090,0.3292689,0.8097289,0.2119622,0.8168533,0.8017082,0.0861696,0.5174000,0.7840000,0.4224000,0.5191000,0.6766000,0.3049000,0.5734000,0.6304000,0.3063000,0.6513000,0.5700000,0.3562000,0.6268000,0.5206000,0.4405000,0.2781145,0.6660130,-0.1162834},
{0.3392023,0.6324200,-0.0763475,0.2174582,0.6312376,-0.0153602,0.6849454,0.6346378,-0.0969688,0.3262197,0.8070591,0.2115960,0.8158092,0.8002848,0.0846439,0.5174000,0.7840000,0.4224000,0.5166000,0.6752000,0.3035000,0.5710000,0.6295000,0.3051000,0.6503000,0.5694000,0.3558000,0.6241000,0.5202000,0.4396000,0.2757865,0.6648069,-0.1182485},
{0.3371698,0.6310685,-0.0781424,0.2152441,0.6300382,-0.0173616,0.6837445,0.6326765,-0.0980673,0.3233601,0.8045210,0.2112365,0.8146361,0.7986823,0.0829249,0.5173000,0.7840000,0.4224000,0.5143000,0.6741000,0.3022000,0.5686000,0.6286000,0.3040000,0.6492000,0.5688000,0.3554000,0.6215000,0.5198000,0.4389000,0.2735587,0.6636507,-0.1201355},
{0.3350051,0.6296264,-0.0800608,0.2132167,0.6289373,-0.0192027,0.6825971,0.6307994,-0.0991197,0.3207665,0.8021895,0.2108964,0.8133871,0.7969723,0.0810887,0.5173000,0.7839000,0.4224000,0.5119000,0.6728000,0.3009000,0.5663000,0.6277000,0.3028000,0.6482000,0.5682000,0.3549000,0.6190000,0.5195000,0.4382000,0.2713101,0.6624816,-0.1220467},
{0.3330795,0.6283412,-0.0817733,0.2114453,0.6279734,-0.0208182,0.6813499,0.6287558,-0.1002665,0.3182441,0.7998943,0.2105527,0.8124252,0.7956524,0.0796703,0.5173000,0.7839000,0.4223000,0.5098000,0.6720000,0.2996000,0.5640000,0.6268000,0.3019000,0.6471000,0.5676000,0.3545000,0.6168000,0.5191000,0.4376000,0.2694176,0.6614960,-0.1236604},
{0.3313129,0.6271601,-0.0833495,0.2094295,0.6268740,-0.0226645,0.6799570,0.6264690,-0.1015511,0.3159062,0.7977420,0.2102224,0.8114598,0.7943254,0.0782433,0.5172000,0.7839000,0.4223000,0.5076000,0.6709000,0.2984000,0.5619000,0.6261000,0.3009000,0.6461000,0.5670000,0.3541000,0.6144000,0.5186000,0.4370000,0.2672522,0.6603665,-0.1255126},
{0.3293884,0.6258712,-0.0850720,0.2076203,0.6258851,-0.0243288,0.6789867,0.6248734,-0.1024482,0.3135869,0.7955825,0.2098832,0.8105249,0.7930378,0.0768575,0.5172000,0.7839000,0.4223000,0.5055000,0.6699000,0.2972000,0.5599000,0.6252000,0.3000000,0.6451000,0.5664000,0.3537000,0.6122000,0.5181000,0.4365000,0.2651533,0.6592697,-0.1273140},
{0.3274305,0.6245576,-0.0868304,0.2055251,0.6247373,-0.0262648,0.6777675,0.6228653,-0.1035784,0.3114174,0.7935401,0.2095554,0.8095815,0.7917362,0.0754558,0.5171000,0.7839000,0.4223000,0.5035000,0.6691000,0.2961000,0.5579000,0.6243000,0.2991000,0.6440000,0.5658000,0.3532000,0.6100000,0.5177000,0.4359000,0.2633448,0.6583232,-0.1288709},
{0.3256561,0.6233650,-0.0884293,0.2036159,0.6236889,-0.0280371,0.6763500,0.6205262,-0.1048961,0.3093152,0.7915398,0.2092278,0.8085945,0.7903720,0.0739855,0.5171000,0.7838000,0.4222000,0.5015000,0.6680000,0.2950000,0.5561000,0.6236000,0.2983000,0.6430000,0.5652000,0.3528000,0.6077000,0.5172000,0.4352000,0.2612397,0.6572197,-0.1306888},
{0.3238294,0.6221351,-0.0900806,0.2018733,0.6227298,-0.0296616,0.6754859,0.6190979,-0.1057015,0.3073448,0.7896456,0.2089116,0.8078967,0.7894060,0.0729437,0.5171000,0.7838000,0.4222000,0.4996000,0.6671000,0.2938000,0.5543000,0.6227000,0.2973000,0.6420000,0.5646000,0.3524000,0.6054000,0.5167000,0.4345000,0.2592840,0.6561928,-0.1323832},
{0.3218055,0.6207699,-0.0919166,0.2000751,0.6217380,-0.0313451,0.6744831,0.6174380,-0.1066382,0.3054499,0.7878058,0.2085990,0.8069424,0.7880825,0.0715156,0.5170000,0.7838000,0.4222000,0.4980000,0.6662000,0.2927000,0.5525000,0.6220000,0.2963000,0.6409000,0.5640000,0.3520000,0.6033000,0.5162000,0.4339000,0.2574268,0.6552160,-0.1339973},
{0.3203899,0.6198134,-0.0932048,0.1982119,0.6207080,-0.0330970,0.6732922,0.6154638,-0.1077533,0.3036460,0.7860377,0.2082935,0.8062744,0.7871547,0.0705137,0.5170000,0.7838000,0.4222000,0.4962000,0.6654000,0.2915000,0.5508000,0.6212000,0.2954000,0.6399000,0.5634000,0.3515000,0.6012000,0.5158000,0.4331000,0.2555523,0.6542286,-0.1356312},
{0.3186619,0.6186441,-0.0947818,0.1966485,0.6198419,-0.0345731,0.6722465,0.6137274,-0.1087349,0.3020863,0.7844954,0.2080230,0.8053903,0.7859248,0.0691849,0.5169000,0.7838000,0.4221000,0.4946000,0.6647000,0.2903000,0.5491000,0.6205000,0.2944000,0.6389000,0.5628000,0.3511000,0.5992000,0.5152000,0.4324000,0.2540772,0.6534505,-0.1369206},
{0.3172682,0.6176996,-0.0960573,0.1952060,0.6190413,-0.0359400,0.6713339,0.6122098,-0.1095935,0.3005586,0.7829724,0.2077523,0.8048124,0.7851198,0.0683146,0.5169000,0.7837000,0.4221000,0.4930000,0.6639000,0.2893000,0.5475000,0.6197000,0.2936000,0.6378000,0.5622000,0.3507000,0.5974000,0.5146000,0.4316000,0.2525120,0.6526237,-0.1382922},
{0.3157686,0.6166817,-0.0974335,0.1937118,0.6182104,-0.0373610,0.6703718,0.6106078,-0.1105006,0.2992199,0.7816275,0.2075102,0.8039667,0.7839398,0.0670384,0.5169000,0.7837000,0.4221000,0.4915000,0.6631000,0.2883000,0.5461000,0.6190000,0.2926000,0.6368000,0.5616000,0.3503000,0.5956000,0.5139000,0.4310000,0.2510148,0.6518318,-0.1396075},
{0.3145492,0.6158529,-0.0985554,0.1924098,0.6174851,-0.0386035,0.6698416,0.6097239,-0.1110014,0.2979664,0.7803595,0.2072793,0.8033259,0.7830446,0.0660696,0.5168000,0.7837000,0.4220000,0.4902000,0.6623000,0.2873000,0.5446000,0.6182000,0.2917000,0.6358000,0.5611000,0.3498000,0.5940000,0.5132000,0.4302000,0.2495747,0.6510691,-0.1408758},
{0.3133157,0.6150136,-0.0996928,0.1910772,0.6167414,-0.0398794,0.6691208,0.6085212,-0.1116831,0.2968595,0.7792325,0.2070721,0.8025826,0.7820046,0.0649434,0.5168000,0.7837000,0.4220000,0.4890000,0.6614000,0.2864000,0.5434000,0.6175000,0.2909000,0.6347000,0.5605000,0.3494000,0.5924000,0.5125000,0.4295000,0.2481781,0.6503286,-0.1421087},
{0.3121253,0.6142025,-0.1007931,0.1897572,0.6160036,-0.0411474,0.6682956,0.6071427,-0.1124650,0.2958139,0.7781616,0.2068734,0.8020310,0.7812319,0.0641063,0.5167000,0.7836000,0.4220000,0.4880000,0.6607000,0.2855000,0.5422000,0.6168000,0.2900000,0.6337000,0.5599000,0.3490000,0.5909000,0.5118000,0.4289000,0.2467135,0.6495509,-0.1434048},
{0.3108412,0.6133264,-0.1019828,0.1884802,0.6152885,-0.0423781,0.6674068,0.6056560,-0.1133088,0.2948503,0.7771692,0.2066877,0.8014500,0.7804169,0.0632230,0.5167000,0.7836000,0.4220000,0.4870000,0.6600000,0.2844000,0.5411000,0.6161000,0.2893000,0.6326000,0.5593000,0.3486000,0.5895000,0.5111000,0.4281000,0.2453859,0.6488452,-0.1445824},
{0.3097506,0.6125815,-0.1029955,0.1872067,0.6145741,-0.0436095,0.6668482,0.6047205,-0.1138401,0.2939014,0.7761868,0.2065023,0.8009465,0.7797100,0.0624565,0.5167000,0.7836000,0.4219000,0.4860000,0.6593000,0.2836000,0.5401000,0.6154000,0.2885000,0.6316000,0.5587000,0.3481000,0.5882000,0.5104000,0.4273000,0.2444269,0.6483349,-0.1454346},
{0.3086785,0.6118484,-0.1039930,0.1858962,0.6138378,-0.0448808,0.6664176,0.6039989,-0.1142501,0.2930423,0.7752927,0.2063324,0.8002693,0.7787581,0.0614239,0.5166000,0.7836000,0.4219000,0.4851000,0.6586000,0.2829000,0.5393000,0.6149000,0.2877000,0.6306000,0.5581000,0.3477000,0.5870000,0.5097000,0.4264000,0.2430993,0.6476277,-0.1466169},
{0.3075385,0.6110679,-0.1050560,0.1845915,0.6131034,-0.0461508,0.6656492,0.6027103,-0.1149826,0.2922476,0.7744619,0.2061734,0.8000152,0.7784005,0.0610359,0.5166000,0.7836000,0.4219000,0.4844000,0.6581000,0.2820000,0.5384000,0.6143000,0.2870000,0.6295000,0.5575000,0.3473000,0.5859000,0.5091000,0.4256000,0.2417587,0.6469127,-0.1478134},
{0.3064160,0.6102984,-0.1061051,0.1831779,0.6123062,-0.0475317,0.6650594,0.6017199,-0.1155459,0.2914661,0.7736412,0.2060153,0.7996398,0.7778719,0.0604621,0.5165000,0.7835000,0.4219000,0.4837000,0.6574000,0.2814000,0.5376000,0.6136000,0.2864000,0.6285000,0.5569000,0.3469000,0.5850000,0.5085000,0.4248000,0.2407228,0.6463596,-0.1487399},
{0.3052027,0.6094658,-0.1072416,0.1817239,0.6114845,-0.0489575,0.6647201,0.6011498,-0.1158702,0.2908233,0.7729635,0.2058840,0.7991378,0.7771645,0.0596940,0.5165000,0.7835000,0.4218000,0.4832000,0.6569000,0.2806000,0.5370000,0.6131000,0.2856000,0.6275000,0.5563000,0.3464000,0.5841000,0.5078000,0.4241000,0.2395216,0.6457176,-0.1498164},
{0.3042251,0.6087941,-0.1081593,0.1801352,0.6105849,-0.0505215,0.6639489,0.5998530,-0.1166085,0.2901567,0.7722579,0.2057466,0.7986006,0.7764066,0.0588707,0.5165000,0.7835000,0.4218000,0.4826000,0.6564000,0.2800000,0.5363000,0.6126000,0.2850000,0.6264000,0.5557000,0.3460000,0.5833000,0.5071000,0.4235000,0.2385830,0.6452155,-0.1506591},
{0.3028698,0.6078616,-0.1094346,0.1786787,0.6097583,-0.0519614,0.6632683,0.5987072,-0.1172611,0.2895340,0.7715964,0.2056170,0.7982483,0.7759092,0.0583302,0.5164000,0.7835000,0.4218000,0.4822000,0.6560000,0.2793000,0.5358000,0.6122000,0.2843000,0.6254000,0.5551000,0.3456000,0.5825000,0.5065000,0.4228000,0.2374220,0.6445938,-0.1517033},
{0.3016129,0.6069957,-0.1106203,0.1772346,0.6089370,-0.0533945,0.6627076,0.5977625,-0.1177994,0.2889470,0.7709707,0.2054939,0.7979948,0.7755510,0.0579409,0.5164000,0.7835000,0.4218000,0.4817000,0.6555000,0.2788000,0.5354000,0.6117000,0.2838000,0.6244000,0.5545000,0.3452000,0.5818000,0.5058000,0.4222000,0.2361837,0.6439298,-0.1528196},
{0.3011134,0.6066512,-0.1110923,0.1765793,0.6085638,-0.0540467,0.6621485,0.5968195,-0.1183371,0.2885175,0.7705113,0.2054032,0.7975802,0.7749648,0.0573036,0.5163000,0.7834000,0.4217000,0.4812000,0.6549000,0.2783000,0.5350000,0.6112000,0.2833000,0.6233000,0.5539000,0.3447000,0.5812000,0.5052000,0.4216000,0.2353620,0.6434889,-0.1535616},
{0.3007857,0.6064251,-0.1114023,0.1760976,0.6082892,-0.0545269,0.6619183,0.5964310,-0.1185586,0.2881076,0.7700720,0.2053161,0.7972727,0.7745298,0.0568305,0.5163000,0.7834000,0.4217000,0.4810000,0.6546000,0.2778000,0.5347000,0.6108000,0.2828000,0.6223000,0.5533000,0.3443000,0.5806000,0.5045000,0.4210000,0.2345859,0.6430721,-0.1542635},
{0.3002810,0.6060767,-0.1118801,0.1757176,0.6080724,-0.0549062,0.6615214,0.5957609,-0.1189409,0.2879157,0.7698660,0.2052751,0.7972504,0.7744982,0.0567962,0.5163000,0.7834000,0.4217000,0.4807000,0.6541000,0.2774000,0.5345000,0.6104000,0.2824000,0.6213000,0.5527000,0.3439000,0.5802000,0.5039000,0.4206000,0.2338110,0.6426556,-0.1549652},
{0.2997571,0.6057149,-0.1123765,0.1756319,0.6080235,-0.0549918,0.6614835,0.5956969,-0.1189774,0.2878722,0.7698193,0.2052658,0.7967194,0.7737462,0.0559781,0.5162000,0.7834000,0.4217000,0.4805000,0.6536000,0.2770000,0.5342000,0.6100000,0.2820000,0.6202000,0.5521000,0.3435000,0.5799000,0.5033000,0.4201000,0.2334657,0.6424700,-0.1552782},
{0.2996960,0.6056727,-0.1124345,0.1753052,0.6078370,-0.0553183,0.6613739,0.5955118,-0.1190830,0.2879195,0.7698701,0.2052759,0.7965552,0.7735134,0.0557248,0.5162000,0.7834000,0.4216000,0.4803000,0.6531000,0.2766000,0.5340000,0.6094000,0.2816000,0.6192000,0.5515000,0.3430000,0.5796000,0.5027000,0.4197000,0.2334108,0.6424404,-0.1553280},
{0.2992481,0.6053632,-0.1128594,0.1751062,0.6077234,-0.0555172,0.6609555,0.5948047,-0.1194866,0.2878612,0.7698074,0.2052635,0.7962402,0.7730668,0.0552387,0.5161000,0.7833000,0.4216000,0.4802000,0.6527000,0.2762000,0.5339000,0.6090000,0.2813000,0.6181000,0.5509000,0.3426000,0.5794000,0.5021000,0.4194000,0.2332625,0.6423607,-0.1554625},
{0.2988532,0.6050901,-0.1132344,0.1749031,0.6076074,-0.0557204,0.6609555,0.5948047,-0.1194866,0.2878462,0.7697913,0.2052603,0.7961273,0.7729067,0.0550644,0.5161000,0.7833000,0.4216000,0.4801000,0.6524000,0.2759000,0.5339000,0.6086000,0.2810000,0.6171000,0.5503000,0.3422000,0.5793000,0.5015000,0.4191000,0.2332625,0.6423607,-0.1554625},
{0.2987757,0.6050365,-0.1133080,0.1747417,0.6075152,-0.0558820,0.6609179,0.5947412,-0.1195228,0.2877841,0.7697246,0.2052470,0.7959071,0.7725941,0.0547241,0.5161000,0.7833000,0.4216000,0.4801000,0.6521000,0.2755000,0.5338000,0.6081000,0.2807000,0.6161000,0.5497000,0.3418000,0.5792000,0.5009000,0.4187000,0.2332625,0.6423607,-0.1554625},
{0.2984996,0.6048455,-0.1135704,0.1747417,0.6075152,-0.0558820,0.6605163,0.5940622,-0.1199105,0.2876985,0.7696324,0.2052286,0.7959071,0.7725941,0.0547241,0.5160000,0.7833000,0.4215000,0.4801000,0.6517000,0.2753000,0.5339000,0.6076000,0.2805000,0.6150000,0.5491000,0.3413000,0.5792000,0.5004000,0.4185000,0.2331919,0.6423227,-0.1555265},
{0.2984996,0.6048455,-0.1135704,0.1745774,0.6074213,-0.0560466,0.6604020,0.5938689,-0.1200209,0.2874929,0.7694112,0.2051845,0.7956325,0.7722043,0.0542996,0.5160000,0.7833000,0.4215000,0.4801000,0.6513000,0.2751000,0.5339000,0.6072000,0.2803000,0.6140000,0.5485000,0.3409000,0.5791000,0.4999000,0.4182000,0.2331919,0.6423227,-0.1555265},
{0.2983098,0.6047142,-0.1137508,0.1745774,0.6074213,-0.0560466,0.6602618,0.5936316,-0.1201565,0.2873015,0.7692049,0.2051433,0.7956325,0.7722043,0.0542996,0.5159000,0.7832000,0.4215000,0.4802000,0.6508000,0.2750000,0.5340000,0.6068000,0.2801000,0.6130000,0.5479000,0.3405000,0.5793000,0.4994000,0.4180000,0.2329703,0.6422035,-0.1557276},
{0.2983098,0.6047142,-0.1137508,0.1744667,0.6073580,-0.0561575,0.6602556,0.5936211,-0.1201624,0.2870843,0.7689706,0.2050964,0.7956325,0.7722043,0.0542996,0.5159000,0.7832000,0.4215000,0.4803000,0.6505000,0.2749000,0.5340000,0.6063000,0.2800000,0.6119000,0.5473000,0.3401000,0.5795000,0.4990000,0.4177000,0.2330116,0.6422257,-0.1556902},
{0.2983098,0.6047142,-0.1137508,0.1744667,0.6073580,-0.0561575,0.6602556,0.5936211,-0.1201624,0.2869439,0.7688189,0.2050661,0.7956325,0.7722043,0.0542996,0.5159000,0.7832000,0.4214000,0.4804000,0.6501000,0.2749000,0.5341000,0.6059000,0.2799000,0.6109000,0.5467000,0.3396000,0.5797000,0.4985000,0.4175000,0.2330116,0.6422257,-0.1556902},
{0.2984439,0.6048070,-0.1136233,0.1744667,0.6073580,-0.0561575,0.6602556,0.5936211,-0.1201624,0.2868727,0.7687420,0.2050506,0.7955947,0.7721506,0.0542412,0.5158000,0.7832000,0.4214000,0.4806000,0.6496000,0.2751000,0.5343000,0.6055000,0.2798000,0.6099000,0.5461000,0.3392000,0.5801000,0.4980000,0.4174000,0.2330116,0.6422257,-0.1556902},
{0.2984439,0.6048070,-0.1136233,0.1744667,0.6073580,-0.0561575,0.6602556,0.5936211,-0.1201624,0.2868727,0.7687420,0.2050506,0.7955947,0.7721506,0.0542412,0.5158000,0.7831000,0.4214000,0.4807000,0.6492000,0.2752000,0.5345000,0.6052000,0.2799000,0.6088000,0.5455000,0.3388000,0.5805000,0.4976000,0.4173000,0.2330116,0.6422257,-0.1556902}
};
