fitErrPi Mean = 0.0331129
fitErrTh Mean = 0.0340439
fitErrWr Mean = 0.349803
fitErrLA Mean = 0.390157
fitErrEl Mean = 0.377158
fitErrUA Mean = 0.490193
efPts = {
{0.5676295,0.7977750,0.1177218,0.3397752,0.7939655,0.0973517,0.6794269,0.9153363,0.1164735,0.7810169,1.0400285,0.1160469,0.9348816,1.0497378,0.1597475,0.7225000,0.8563000,0.5383000,0.7197000,0.7494000,0.4254000,0.7301000,0.6506000,0.4429000,0.7478000,0.5870000,0.3909000,0.8499000,0.4621000,0.5325000,0.3309099,0.7494947,0.1325822},
{0.5650047,0.7962631,0.1146190,0.3362833,0.7952190,0.1012331,0.6775863,0.9140519,0.1141415,0.7791805,1.0383790,0.1134819,0.9334064,1.0488750,0.1575535,0.7188000,0.8551000,0.5380000,0.7174000,0.7486000,0.4246000,0.7283000,0.6499000,0.4422000,0.7467000,0.5863000,0.3904000,0.8489000,0.4622000,0.5326000,0.3279244,0.7507717,0.1362784},
{0.5624120,0.7947636,0.1115380,0.3321760,0.7965585,0.1054518,0.6753816,0.9125098,0.1113364,0.7772945,1.0366812,0.1108351,0.9317681,1.0479161,0.1551102,0.7151000,0.8539000,0.5377000,0.7150000,0.7476000,0.4240000,0.7266000,0.6491000,0.4416000,0.7454000,0.5856000,0.3900000,0.8480000,0.4624000,0.5328000,0.3243562,0.7521458,0.1403039},
{0.5596785,0.7931761,0.1082721,0.3275991,0.7979135,0.1097985,0.6732243,0.9109969,0.1085789,0.7753970,1.0349691,0.1081594,0.9300802,1.0469272,0.1525854,0.7113000,0.8526000,0.5374000,0.7125000,0.7467000,0.4234000,0.7248000,0.6483000,0.4410000,0.7443000,0.5849000,0.3896000,0.8469000,0.4626000,0.5329000,0.3202474,0.7535707,0.1445337},
{0.5568922,0.7915508,0.1049243,0.3225102,0.7992818,0.1142759,0.6710445,0.9094644,0.1057800,0.7734302,1.0331904,0.1053722,0.9285061,1.0460043,0.1502241,0.7075000,0.8513000,0.5371000,0.7093000,0.7456000,0.4230000,0.7229000,0.6476000,0.4405000,0.7437000,0.5844000,0.3892000,0.8458000,0.4628000,0.5331000,0.3155400,0.7550423,0.1489652},
{0.5539887,0.7898495,0.1014155,0.3168485,0.8006638,0.1188960,0.6688422,0.9079121,0.1029390,0.7714618,1.0314061,0.1025688,0.9268438,1.0450287,0.1477230,0.7036000,0.8499000,0.5368000,0.7075000,0.7448000,0.4222000,0.7210000,0.6469000,0.4399000,0.7424000,0.5837000,0.3887000,0.8447000,0.4630000,0.5332000,0.3101904,0.7565504,0.1535780},
{0.5511719,0.7881915,0.0979914,0.3108162,0.8020007,0.1234700,0.6664194,0.9061997,0.0997984,0.7694719,1.0295979,0.0997203,0.9249112,1.0438934,0.1448060,0.6997000,0.8485000,0.5364000,0.7050000,0.7438000,0.4216000,0.7191000,0.6462000,0.4392000,0.7424000,0.5837000,0.3887000,0.8433000,0.4632000,0.5333000,0.3043110,0.7580463,0.1582314},
{0.5482721,0.7864768,0.0944458,0.3044721,0.8032791,0.1279521,0.6641532,0.9045935,0.0968463,0.7675473,1.0278449,0.0969515,0.9231750,1.0428724,0.1421767,0.6957000,0.8470000,0.5360000,0.7026000,0.7429000,0.4209000,0.7172000,0.6455000,0.4385000,0.7397000,0.5825000,0.3877000,0.8418000,0.4634000,0.5334000,0.2978292,0.7595360,0.1629504},
{0.5453735,0.7847548,0.0908806,0.2978612,0.8044916,0.1323148,0.6620828,0.9031223,0.0941367,0.7654195,1.0259020,0.0938743,0.9213421,1.0417935,0.1393919,0.6917000,0.8456000,0.5354000,0.7001000,0.7421000,0.4200000,0.7153000,0.6448000,0.4378000,0.7371000,0.5813000,0.3867000,0.8402000,0.4635000,0.5335000,0.2908943,0.7609760,0.1676030},
{0.5424710,0.7830225,0.0872892,0.2910104,0.8056355,0.1365460,0.6595306,0.9013038,0.0907803,0.7633179,1.0239781,0.0908185,0.9194945,1.0407049,0.1365755,0.6876000,0.8441000,0.5349000,0.6976000,0.7412000,0.4191000,0.7132000,0.6440000,0.4370000,0.7371000,0.5813000,0.3867000,0.8388000,0.4638000,0.5337000,0.2834520,0.7623721,0.1722115},
{0.5396393,0.7813246,0.0837646,0.2838179,0.8067273,0.1407075,0.6572171,0.8996504,0.0877220,0.7612250,1.0220571,0.0877588,0.9177480,1.0396748,0.1339046,0.6835000,0.8428000,0.5343000,0.6952000,0.7403000,0.4181000,0.7108000,0.6432000,0.4364000,0.7358000,0.5808000,0.3861000,0.8383000,0.4644000,0.5341000,0.2758293,0.7636645,0.1765770},
{0.5367415,0.7795790,0.0801363,0.2763337,0.8077569,0.1447639,0.6548262,0.8979370,0.0845456,0.7593230,1.0203070,0.0849637,0.9158571,1.0385584,0.1310032,0.6794000,0.8412000,0.5338000,0.6929000,0.7395000,0.4172000,0.7095000,0.6428000,0.4354000,0.7345000,0.5803000,0.3855000,0.8370000,0.4647000,0.5342000,0.2679291,0.7648752,0.1807699},
{0.5340659,0.7779599,0.0767667,0.2687456,0.8087004,0.1486182,0.6525933,0.8963323,0.0815645,0.7571131,1.0182684,0.0816989,0.9140562,1.0374941,0.1282307,0.6753000,0.8397000,0.5332000,0.6905000,0.7387000,0.4163000,0.7077000,0.6422000,0.4345000,0.7332000,0.5798000,0.3850000,0.8356000,0.4651000,0.5345000,0.2599548,0.7659790,0.1846974},
{0.5314815,0.7763892,0.0734941,0.2609241,0.8095758,0.1523413,0.6501704,0.8945861,0.0783135,0.7553197,1.0166099,0.0790354,0.9121111,1.0363433,0.1252259,0.6712000,0.8383000,0.5325000,0.6882000,0.7379000,0.4154000,0.7058000,0.6415000,0.4338000,0.7320000,0.5793000,0.3845000,0.8343000,0.4656000,0.5347000,0.2519119,0.7669836,0.1883785},
{0.5290132,0.7748828,0.0703519,0.2531726,0.8103533,0.1557993,0.6481969,0.8931600,0.0756530,0.7531665,1.0146136,0.0758211,0.9104065,1.0353338,0.1225839,0.6671000,0.8367000,0.5318000,0.6858000,0.7371000,0.4145000,0.7040000,0.6409000,0.4330000,0.7307000,0.5788000,0.3840000,0.8330000,0.4660000,0.5351000,0.2438678,0.7678881,0.1918018},
{0.5264682,0.7733231,0.0670949,0.2455227,0.8110382,0.1590000,0.6459667,0.8915442,0.0726328,0.7511974,1.0127832,0.0728656,0.9086730,1.0343061,0.1198887,0.6630000,0.8353000,0.5310000,0.6834000,0.7364000,0.4135000,0.7022000,0.6403000,0.4323000,0.7295000,0.5783000,0.3836000,0.8318000,0.4665000,0.5355000,0.2359139,0.7686909,0.1949507},
{0.5240378,0.7718276,0.0639684,0.2380170,0.8116349,0.1619467,0.6440613,0.8901602,0.0700409,0.7490167,1.0107507,0.0695746,0.9067495,1.0331647,0.1168880,0.6591000,0.8338000,0.5302000,0.6811000,0.7356000,0.4125000,0.7004000,0.6397000,0.4315000,0.7283000,0.5778000,0.3831000,0.8307000,0.4670000,0.5358000,0.2279796,0.7694064,0.1978721},
{0.5216081,0.7703263,0.0608265,0.2307202,0.8121467,0.1646356,0.6419337,0.8886110,0.0671342,0.7471113,1.0089702,0.0666836,0.9051709,1.0322270,0.1144175,0.6552000,0.8325000,0.5294000,0.6787000,0.7348000,0.4114000,0.6986000,0.6391000,0.4307000,0.7270000,0.5773000,0.3827000,0.8296000,0.4675000,0.5363000,0.2201292,0.7700346,0.2005573},
{0.5195587,0.7690553,0.0581637,0.2233063,0.8126003,0.1671968,0.6399891,0.8871914,0.0644658,0.7451957,1.0071756,0.0637623,0.9036420,1.0313179,0.1120177,0.6513000,0.8311000,0.5284000,0.6762000,0.7340000,0.4104000,0.6968000,0.6384000,0.4299000,0.7259000,0.5767000,0.3823000,0.8285000,0.4680000,0.5367000,0.2124228,0.7705775,0.2030029},
{0.5174469,0.7677409,0.0554077,0.2165810,0.8129555,0.1693755,0.6381081,0.8858149,0.0618737,0.7434149,1.0055033,0.0610330,0.9017288,1.0301793,0.1090055,0.6474000,0.8297000,0.5276000,0.6738000,0.7332000,0.4094000,0.6950000,0.6378000,0.4291000,0.7245000,0.5763000,0.3818000,0.8274000,0.4686000,0.5370000,0.2048689,0.7710409,0.2052231},
{0.5154387,0.7664867,0.0527752,0.2100144,0.8132520,0.1713731,0.6361716,0.8843944,0.0591942,0.7416556,1.0038474,0.0583241,0.9002498,1.0292982,0.1066694,0.6436000,0.8284000,0.5267000,0.6713000,0.7325000,0.4084000,0.6933000,0.6372000,0.4284000,0.7233000,0.5757000,0.3815000,0.8263000,0.4691000,0.5374000,0.1973873,0.7714346,0.2072537},
{0.5135104,0.7652783,0.0502367,0.2035444,0.8134962,0.1732182,0.6346063,0.8832437,0.0570200,0.7399758,1.0022627,0.0557255,0.8985693,1.0282962,0.1040073,0.6399000,0.8271000,0.5256000,0.6689000,0.7316000,0.4074000,0.6916000,0.6367000,0.4276000,0.7221000,0.5753000,0.3810000,0.8252000,0.4697000,0.5377000,0.1902648,0.7717501,0.2090340},
{0.5115697,0.7640581,0.0476713,0.1973825,0.8136852,0.1748631,0.6329437,0.8820189,0.0547023,0.7385231,1.0008893,0.0534687,0.8970333,1.0273795,0.1015670,0.6361000,0.8259000,0.5246000,0.6663000,0.7308000,0.4065000,0.6898000,0.6360000,0.4269000,0.7209000,0.5747000,0.3806000,0.8241000,0.4702000,0.5380000,0.1833052,0.7720031,0.2106314},
{0.5097318,0.7628987,0.0452316,0.1913792,0.8138286,0.1763612,0.6310694,0.8806351,0.0520795,0.7368639,0.9993174,0.0508803,0.8955438,1.0264897,0.0991938,0.6326000,0.8247000,0.5234000,0.6639000,0.7301000,0.4055000,0.6882000,0.6354000,0.4261000,0.7196000,0.5742000,0.3802000,0.8229000,0.4707000,0.5383000,0.1767567,0.7721918,0.2120069},
{0.5079679,0.7617826,0.0428811,0.1857241,0.8139273,0.1776785,0.6295398,0.8795033,0.0499310,0.7351592,0.9976989,0.0482088,0.8938524,1.0254784,0.0964909,0.6290000,0.8236000,0.5224000,0.6614000,0.7293000,0.4045000,0.6865000,0.6349000,0.4253000,0.7185000,0.5738000,0.3797000,0.8218000,0.4713000,0.5385000,0.1703338,0.7723302,0.2132361},
{0.5061724,0.7606430,0.0404792,0.1804046,0.8139877,0.1788344,0.6279506,0.8783250,0.0476909,0.7334359,0.9960589,0.0454955,0.8925716,1.0247119,0.0944384,0.6257000,0.8225000,0.5212000,0.6591000,0.7284000,0.4034000,0.6848000,0.6344000,0.4246000,0.7172000,0.5733000,0.3793000,0.8206000,0.4718000,0.5387000,0.1643925,0.7724172,0.2142671},
{0.5045652,0.7596198,0.0383209,0.1754318,0.8140158,0.1798417,0.6262672,0.8770743,0.0453095,0.7319640,0.9946550,0.0431678,0.8910129,1.0237783,0.0919341,0.6223000,0.8215000,0.5203000,0.6567000,0.7276000,0.4025000,0.6830000,0.6338000,0.4239000,0.7160000,0.5729000,0.3788000,0.8193000,0.4722000,0.5389000,0.1586073,0.7724635,0.2151723},
{0.5029645,0.7585979,0.0361639,0.1705984,0.8140166,0.1807528,0.6246675,0.8758833,0.0430383,0.7303737,0.9931351,0.0406423,0.8898067,1.0230553,0.0899911,0.6191000,0.8204000,0.5194000,0.6544000,0.7270000,0.4016000,0.6813000,0.6333000,0.4231000,0.7148000,0.5724000,0.3784000,0.8180000,0.4727000,0.5390000,0.1532012,0.7724723,0.2159292},
{0.5013423,0.7575593,0.0339701,0.1660410,0.8139933,0.1815499,0.6234051,0.8749416,0.0412402,0.7288158,0.9916428,0.0381573,0.8884202,1.0222235,0.0877520,0.6159000,0.8195000,0.5185000,0.6522000,0.7264000,0.4007000,0.6796000,0.6328000,0.4225000,0.7135000,0.5720000,0.3779000,0.8167000,0.4731000,0.5392000,0.1479808,0.7724487,0.2165776},
{0.4999729,0.7566802,0.0321120,0.1616179,0.8139481,0.1822654,0.6219740,0.8738721,0.0391956,0.7274035,0.9902873,0.0358955,0.8870517,1.0214018,0.0855363,0.6128000,0.8185000,0.5175000,0.6501000,0.7257000,0.3999000,0.6779000,0.6324000,0.4218000,0.7123000,0.5717000,0.3774000,0.8154000,0.4735000,0.5392000,0.1431209,0.7723980,0.2171070},
{0.4984176,0.7556792,0.0299947,0.1575860,0.8138873,0.1828673,0.6205275,0.8727892,0.0371224,0.7262351,0.9891638,0.0340176,0.8859223,1.0207233,0.0837036,0.6096000,0.8176000,0.5167000,0.6480000,0.7251000,0.3990000,0.6762000,0.6320000,0.4211000,0.7111000,0.5714000,0.3769000,0.8140000,0.4738000,0.5393000,0.1385401,0.7723244,0.2175394},
{0.4969089,0.7547055,0.0279338,0.1536177,0.8138090,0.1834121,0.6192413,0.8718245,0.0352732,0.7250682,0.9880399,0.0321357,0.8848253,1.0200637,0.0819194,0.6066000,0.8167000,0.5158000,0.6460000,0.7246000,0.3981000,0.6745000,0.6315000,0.4204000,0.7098000,0.5711000,0.3764000,0.8126000,0.4741000,0.5393000,0.1342416,0.7722320,0.2178852},
{0.4955339,0.7538159,0.0260495,0.1497880,0.8137159,0.1838927,0.6178502,0.8707792,0.0332671,0.7238730,0.9868869,0.0302020,0.8834810,1.0192548,0.0797281,0.6037000,0.8157000,0.5148000,0.6440000,0.7241000,0.3973000,0.6728000,0.6311000,0.4197000,0.7086000,0.5709000,0.3759000,0.8112000,0.4744000,0.5393000,0.1302026,0.7721242,0.2181561},
{0.4940332,0.7528423,0.0239861,0.1461553,0.8136113,0.1843068,0.6166466,0.8698733,0.0315264,0.7227072,0.9857602,0.0283095,0.8826714,1.0187673,0.0784058,0.6010000,0.8149000,0.5139000,0.6420000,0.7237000,0.3965000,0.6711000,0.6308000,0.4189000,0.7075000,0.5707000,0.3754000,0.8098000,0.4747000,0.5392000,0.1263445,0.7720019,0.2183649},
{0.4926860,0.7519661,0.0221278,0.1426582,0.8134954,0.1846664,0.6154598,0.8689787,0.0298053,0.7216018,0.9846903,0.0265094,0.8813095,1.0179468,0.0761767,0.5983000,0.8140000,0.5130000,0.6400000,0.7232000,0.3957000,0.6695000,0.6304000,0.4182000,0.7063000,0.5706000,0.3748000,0.8083000,0.4749000,0.5391000,0.1228652,0.7718750,0.2185104},
{0.4914096,0.7511339,0.0203619,0.1393534,0.8133721,0.1849705,0.6142744,0.8680836,0.0280815,0.7205183,0.9836400,0.0247395,0.8805380,1.0174817,0.0749113,0.5958000,0.8131000,0.5122000,0.6380000,0.7228000,0.3949000,0.6678000,0.6301000,0.4174000,0.7051000,0.5704000,0.3743000,0.8068000,0.4751000,0.5390000,0.1195476,0.7717390,0.2186105},
{0.4901471,0.7503089,0.0186102,0.1362103,0.8132420,0.1852269,0.6131555,0.8672374,0.0264501,0.7194323,0.9825855,0.0229599,0.8793457,1.0167624,0.0729522,0.5934000,0.8123000,0.5114000,0.6362000,0.7224000,0.3941000,0.6662000,0.6298000,0.4167000,0.7040000,0.5703000,0.3738000,0.8054000,0.4752000,0.5390000,0.1164237,0.7715972,0.2186694},
{0.4888592,0.7494653,0.0168180,0.1333366,0.8131120,0.1854328,0.6119013,0.8662874,0.0246165,0.7184328,0.9816135,0.0213172,0.8780975,1.0160089,0.0708963,0.5911000,0.8115000,0.5106000,0.6345000,0.7220000,0.3934000,0.6648000,0.6295000,0.4160000,0.7029000,0.5701000,0.3733000,0.8040000,0.4753000,0.5389000,0.1135737,0.7714560,0.2186926},
{0.4877243,0.7487202,0.0152343,0.1304680,0.8129715,0.1856108,0.6109287,0.8655496,0.0231910,0.7176025,0.9808051,0.0199491,0.8776788,1.0157560,0.0702055,0.5889000,0.8109000,0.5098000,0.6329000,0.7216000,0.3926000,0.6634000,0.6292000,0.4153000,0.7018000,0.5700000,0.3729000,0.8027000,0.4754000,0.5389000,0.1108893,0.7713123,0.2186871},
{0.4865546,0.7479507,0.0135976,0.1280019,0.8128419,0.1857413,0.6100006,0.8648447,0.0218277,0.7167965,0.9800193,0.0186179,0.8767324,1.0151841,0.0686424,0.5868000,0.8102000,0.5090000,0.6315000,0.7211000,0.3920000,0.6621000,0.6289000,0.4148000,0.7008000,0.5697000,0.3724000,0.8013000,0.4754000,0.5389000,0.1083154,0.7711647,0.2186564},
{0.4855335,0.7472776,0.0121653,0.1256391,0.8127101,0.1858466,0.6091774,0.8642187,0.0206160,0.7159382,0.9791815,0.0171968,0.8760549,1.0147745,0.0675214,0.5849000,0.8097000,0.5082000,0.6301000,0.7207000,0.3913000,0.6608000,0.6286000,0.4142000,0.6997000,0.5694000,0.3720000,0.7999000,0.4755000,0.5388000,0.1059084,0.7710178,0.2186046},
{0.4844994,0.7465945,0.0107112,0.1234404,0.8125806,0.1859268,0.6081927,0.8634688,0.0191635,0.7151303,0.9783920,0.0158560,0.8751870,1.0142495,0.0660834,0.5831000,0.8091000,0.5074000,0.6287000,0.7203000,0.3905000,0.6596000,0.6283000,0.4136000,0.6986000,0.5691000,0.3717000,0.7987000,0.4755000,0.5387000,0.1035923,0.7708680,0.2185332},
{0.4835056,0.7459369,0.0093105,0.1213508,0.8124512,0.1859869,0.6073788,0.8628484,0.0179606,0.7144088,0.9776861,0.0146559,0.8743920,1.0137684,0.0647641,0.5814000,0.8086000,0.5066000,0.6273000,0.7199000,0.3899000,0.6585000,0.6279000,0.4130000,0.6976000,0.5688000,0.3712000,0.7974000,0.4755000,0.5386000,0.1014863,0.7707245,0.2184495},
{0.4823881,0.7451959,0.0077316,0.1195761,0.8123365,0.1860255,0.6064474,0.8621374,0.0165811,0.7138415,0.9771305,0.0137106,0.8738042,1.0134125,0.0637872,0.5797000,0.8082000,0.5058000,0.6260000,0.7194000,0.3892000,0.6573000,0.6276000,0.4125000,0.6967000,0.5685000,0.3708000,0.7962000,0.4754000,0.5385000,0.0994949,0.7705823,0.2183536},
{0.4819000,0.7448717,0.0070406,0.1177973,0.8122169,0.1860524,0.6056673,0.8615413,0.0154234,0.7132500,0.9765508,0.0127234,0.8730078,1.0129301,0.0624621,0.5781000,0.8077000,0.5051000,0.6247000,0.7189000,0.3886000,0.6562000,0.6273000,0.4119000,0.6958000,0.5682000,0.3703000,0.7951000,0.4753000,0.5384000,0.0975606,0.7704380,0.2182445},
{0.4810250,0.7442900,0.0058000,0.1162162,0.8121067,0.1860663,0.6049821,0.8610171,0.0144049,0.7126182,0.9759310,0.0116669,0.8724160,1.0125715,0.0614759,0.5766000,0.8073000,0.5044000,0.6235000,0.7184000,0.3880000,0.6552000,0.6270000,0.4114000,0.6949000,0.5679000,0.3699000,0.7939000,0.4752000,0.5382000,0.0957818,0.7702998,0.2181300},
{0.4804758,0.7439243,0.0050200,0.1147393,0.8120005,0.1860707,0.6043040,0.8604979,0.0133952,0.7120934,0.9754157,0.0107879,0.8719331,1.0122788,0.0606706,0.5752000,0.8068000,0.5038000,0.6224000,0.7179000,0.3874000,0.6541000,0.6267000,0.4108000,0.6941000,0.5677000,0.3695000,0.7928000,0.4751000,0.5380000,0.0941284,0.7701665,0.2180111},
{0.4795928,0.7433355,0.0037638,0.1134715,0.8119067,0.1860678,0.6035899,0.8599505,0.0123301,0.7117212,0.9750500,0.0101636,0.8711767,1.0118201,0.0594073,0.5739000,0.8064000,0.5031000,0.6212000,0.7175000,0.3868000,0.6531000,0.6263000,0.4103000,0.6934000,0.5675000,0.3691000,0.7917000,0.4750000,0.5379000,0.0926024,0.7700393,0.2178904},
{0.4789983,0.7429386,0.0029164,0.1122952,0.8118174,0.1860594,0.6031130,0.8595848,0.0116180,0.7109600,0.9743014,0.0088847,0.8707615,1.0115682,0.0587132,0.5726000,0.8061000,0.5025000,0.6202000,0.7171000,0.3863000,0.6521000,0.6259000,0.4099000,0.6926000,0.5672000,0.3687000,0.7907000,0.4749000,0.5378000,0.0911966,0.7699184,0.2177699},
{0.4783806,0.7425256,0.0020348,0.1112191,0.8117339,0.1860469,0.6027763,0.8593263,0.0111146,0.7104968,0.9738454,0.0081052,0.8702503,1.0112580,0.0578578,0.5715000,0.8057000,0.5018000,0.6192000,0.7167000,0.3858000,0.6512000,0.6256000,0.4095000,0.6920000,0.5670000,0.3683000,0.7898000,0.4747000,0.5376000,0.0899377,0.7698072,0.2176542},
{0.4777185,0.7420825,0.0010884,0.1102354,0.8116560,0.1860315,0.6020179,0.8587438,0.0099795,0.7101745,0.9735280,0.0075622,0.8699285,1.0110627,0.0573188,0.5704000,0.8054000,0.5012000,0.6184000,0.7164000,0.3854000,0.6503000,0.6252000,0.4090000,0.6914000,0.5668000,0.3680000,0.7889000,0.4746000,0.5375000,0.0888877,0.7697122,0.2175520},
{0.4771472,0.7416997,0.0002706,0.1094897,0.8115960,0.1860172,0.6014434,0.8583021,0.0091182,0.7096054,0.9729672,0.0066020,0.8696164,1.0108732,0.0567957,0.5693000,0.8051000,0.5007000,0.6176000,0.7160000,0.3849000,0.6495000,0.6250000,0.4087000,0.6907000,0.5666000,0.3677000,0.7881000,0.4744000,0.5373000,0.0879283,0.7696236,0.2174540},
{0.4767221,0.7414146,-0.0003387,0.1088197,0.8115413,0.1860024,0.6009913,0.8579543,0.0084396,0.7092298,0.9725968,0.0059675,0.8692142,1.0106290,0.0561213,0.5683000,0.8049000,0.5002000,0.6168000,0.7157000,0.3845000,0.6487000,0.6246000,0.4083000,0.6901000,0.5663000,0.3674000,0.7873000,0.4743000,0.5372000,0.0871914,0.7695543,0.2173757},
{0.4761376,0.7410221,-0.0011775,0.1082176,0.8114915,0.1859875,0.6007434,0.8577635,0.0080672,0.7089580,0.9723285,0.0055078,0.8686684,1.0102974,0.0552051,0.5674000,0.8046000,0.4998000,0.6160000,0.7153000,0.3842000,0.6480000,0.6244000,0.4081000,0.6895000,0.5660000,0.3671000,0.7867000,0.4741000,0.5370000,0.0865749,0.7694956,0.2173082},
{0.4758017,0.7407964,-0.0016600,0.1076347,0.8114427,0.1859717,0.6002080,0.8573511,0.0072621,0.7087456,0.9721189,0.0051483,0.8685083,1.0102002,0.0549363,0.5665000,0.8044000,0.4993000,0.6153000,0.7150000,0.3838000,0.6474000,0.6241000,0.4077000,0.6890000,0.5658000,0.3669000,0.7860000,0.4739000,0.5368000,0.0859592,0.7694362,0.2172388},
{0.4750903,0.7403179,-0.0026833,0.1070994,0.8113975,0.1859560,0.5997831,0.8570236,0.0066225,0.7085868,0.9719621,0.0048795,0.8680726,1.0099354,0.0542040,0.5656000,0.8042000,0.4988000,0.6147000,0.7147000,0.3834000,0.6467000,0.6238000,0.4074000,0.6884000,0.5656000,0.3665000,0.7853000,0.4737000,0.5366000,0.0854993,0.7693914,0.2171858},
{0.4748891,0.7401824,-0.0029731,0.1066688,0.8113607,0.1859424,0.5994330,0.8567536,0.0060949,0.7083975,0.9717751,0.0045587,0.8680394,1.0099152,0.0541480,0.5647000,0.8040000,0.4983000,0.6140000,0.7145000,0.3831000,0.6462000,0.6237000,0.4071000,0.6879000,0.5654000,0.3662000,0.7847000,0.4736000,0.5364000,0.0850312,0.7693454,0.2171307},
{0.4745306,0.7399409,-0.0034896,0.1061003,0.8113117,0.1859234,0.5990725,0.8564755,0.0055514,0.7081089,0.9714899,0.0040694,0.8675568,1.0096219,0.0533362,0.5639000,0.8038000,0.4978000,0.6135000,0.7143000,0.3828000,0.6456000,0.6235000,0.4067000,0.6875000,0.5653000,0.3660000,0.7841000,0.4734000,0.5362000,0.0845370,0.7692963,0.2170714},
{0.4741649,0.7396944,-0.0040170,0.1057722,0.8112832,0.1859117,0.5988700,0.8563192,0.0052457,0.7077770,0.9711619,0.0035063,0.8672829,1.0094553,0.0528752,0.5632000,0.8037000,0.4974000,0.6129000,0.7141000,0.3824000,0.6452000,0.6234000,0.4065000,0.6871000,0.5652000,0.3657000,0.7835000,0.4733000,0.5360000,0.0841518,0.7692577,0.2170242},
{0.4738984,0.7395146,-0.0044017,0.1053563,0.8112469,0.1858963,0.5986179,0.8561245,0.0048651,0.7076675,0.9710536,0.0033203,0.8672533,1.0094373,0.0528252,0.5626000,0.8035000,0.4970000,0.6125000,0.7140000,0.3821000,0.6448000,0.6233000,0.4061000,0.6867000,0.5651000,0.3654000,0.7830000,0.4731000,0.5358000,0.0837845,0.7692207,0.2169786},
{0.4734660,0.7392228,-0.0050262,0.1051449,0.8112282,0.1858882,0.5982646,0.8558517,0.0043314,0.7074547,0.9708431,0.0029588,0.8669801,1.0092712,0.0523650,0.5621000,0.8032000,0.4967000,0.6122000,0.7138000,0.3818000,0.6443000,0.6231000,0.4058000,0.6863000,0.5650000,0.3651000,0.7825000,0.4729000,0.5356000,0.0834308,0.7691847,0.2169340},
{0.4730964,0.7389731,-0.0055606,0.1049816,0.8112138,0.1858818,0.5979488,0.8556076,0.0038538,0.7073842,0.9707734,0.0028390,0.8668713,1.0092050,0.0521817,0.5615000,0.8030000,0.4965000,0.6119000,0.7137000,0.3816000,0.6440000,0.6230000,0.4056000,0.6860000,0.5649000,0.3648000,0.7820000,0.4728000,0.5353000,0.0830944,0.7691503,0.2168910},
{0.4727934,0.7387683,-0.0059991,0.1048648,0.8112035,0.1858772,0.5977159,0.8554275,0.0035013,0.7071332,0.9705250,0.0024122,0.8665255,1.0089947,0.0515988,0.5610000,0.8028000,0.4963000,0.6116000,0.7137000,0.3814000,0.6437000,0.6230000,0.4053000,0.6858000,0.5648000,0.3645000,0.7815000,0.4726000,0.5350000,0.0828044,0.7691204,0.2168534},
{0.4724693,0.7385491,-0.0064685,0.1050582,0.8112206,0.1858849,0.5972223,0.8550457,0.0027538,0.7070644,0.9704569,0.0022951,0.8665255,1.0089947,0.0515988,0.5605000,0.8025000,0.4960000,0.6114000,0.7137000,0.3812000,0.6434000,0.6229000,0.4050000,0.6855000,0.5647000,0.3642000,0.7812000,0.4724000,0.5347000,0.0826549,0.7691050,0.2168339},
{0.4722471,0.7383987,-0.0067905,0.1052768,0.8112399,0.1858933,0.5972223,0.8550457,0.0027538,0.7067500,0.9701456,0.0017599,0.8660812,1.0087243,0.0508491,0.5600000,0.8023000,0.4958000,0.6112000,0.7136000,0.3809000,0.6431000,0.6227000,0.4047000,0.6853000,0.5647000,0.3639000,0.7809000,0.4723000,0.5344000,0.0825523,0.7690943,0.2168204},
{0.4721867,0.7383578,-0.0068781,0.1055006,0.8112595,0.1859018,0.5970063,0.8548786,0.0024265,0.7067500,0.9701456,0.0017599,0.8660812,1.0087243,0.0508491,0.5595000,0.8020000,0.4955000,0.6110000,0.7136000,0.3806000,0.6428000,0.6227000,0.4044000,0.6851000,0.5646000,0.3636000,0.7806000,0.4722000,0.5342000,0.0824496,0.7690836,0.2168069},
{0.4721407,0.7383266,-0.0069448,0.1055956,0.8112678,0.1859053,0.5969512,0.8548359,0.0023428,0.7066669,0.9700633,0.0016185,0.8660812,1.0087243,0.0508491,0.5591000,0.8018000,0.4952000,0.6108000,0.7135000,0.3804000,0.6426000,0.6226000,0.4041000,0.6850000,0.5646000,0.3634000,0.7803000,0.4721000,0.5339000,0.0823105,0.7690692,0.2167884},
{0.4718776,0.7381485,-0.0073263,0.1055956,0.8112678,0.1859053,0.5967236,0.8546597,0.0019977,0.7066669,0.9700633,0.0016185,0.8659625,1.0086520,0.0506486,0.5587000,0.8016000,0.4949000,0.6107000,0.7134000,0.3803000,0.6425000,0.6225000,0.4039000,0.6849000,0.5646000,0.3631000,0.7801000,0.4720000,0.5336000,0.0821294,0.7690502,0.2167643},
{0.4718776,0.7381485,-0.0073263,0.1054358,0.8112538,0.1858993,0.5967236,0.8546597,0.0019977,0.7064832,0.9698814,0.0013055,0.8657464,1.0085205,0.0502837,0.5584000,0.8016000,0.4947000,0.6106000,0.7134000,0.3801000,0.6424000,0.6225000,0.4038000,0.6848000,0.5645000,0.3629000,0.7800000,0.4719000,0.5334000,0.0820482,0.7690417,0.2167534},
{0.4718289,0.7381155,-0.0073970,0.1054492,0.8112550,0.1858998,0.5966904,0.8546340,0.0019472,0.7064832,0.9698814,0.0013055,0.8657264,1.0085084,0.0502500,0.5583000,0.8015000,0.4945000,0.6105000,0.7133000,0.3799000,0.6423000,0.6224000,0.4036000,0.6847000,0.5645000,0.3627000,0.7799000,0.4718000,0.5332000,0.0819719,0.7690337,0.2167432},
{0.4718289,0.7381155,-0.0073970,0.1051725,0.8112307,0.1858893,0.5966635,0.8546132,0.0019065,0.7063301,0.9697297,0.0010446,0.8656426,1.0084573,0.0501083,0.5582000,0.8015000,0.4944000,0.6105000,0.7132000,0.3798000,0.6422000,0.6223000,0.4035000,0.6847000,0.5644000,0.3626000,0.7799000,0.4717000,0.5330000,0.0819719,0.7690337,0.2167432},
{0.4718289,0.7381155,-0.0073970,0.1050740,0.8112220,0.1858855,0.5966635,0.8546132,0.0019065,0.7062043,0.9696051,0.0008301,0.8656426,1.0084573,0.0501083,0.5581000,0.8015000,0.4944000,0.6104000,0.7131000,0.3797000,0.6422000,0.6222000,0.4033000,0.6847000,0.5643000,0.3625000,0.7799000,0.4716000,0.5329000,0.0818705,0.7690231,0.2167295},
{0.4718289,0.7381155,-0.0073970,0.1049374,0.8112099,0.1858801,0.5965636,0.8545358,0.0017549,0.7062043,0.9696051,0.0008301,0.8656426,1.0084573,0.0501083,0.5582000,0.8014000,0.4943000,0.6104000,0.7130000,0.3797000,0.6421000,0.6221000,0.4032000,0.6847000,0.5643000,0.3624000,0.7799000,0.4715000,0.5328000,0.0818677,0.7690228,0.2167291},
{0.4716150,0.7379705,-0.0077076,0.1048459,0.8112018,0.1858764,0.5965636,0.8545358,0.0017549,0.7062868,0.9696868,0.0009707,0.8656426,1.0084573,0.0501083,0.5582000,0.8013000,0.4943000,0.6104000,0.7129000,0.3797000,0.6421000,0.6220000,0.4032000,0.6847000,0.5643000,0.3623000,0.7799000,0.4714000,0.5326000,0.0817339,0.7690087,0.2167110},
{0.4716150,0.7379705,-0.0077076,0.1047582,0.8111940,0.1858729,0.5965636,0.8545358,0.0017549,0.7062868,0.9696868,0.0009707,0.8656426,1.0084573,0.0501083,0.5582000,0.8012000,0.4944000,0.6104000,0.7128000,0.3797000,0.6422000,0.6219000,0.4032000,0.6848000,0.5642000,0.3622000,0.7800000,0.4713000,0.5325000,0.0816005,0.7689946,0.2166928},
{0.4717121,0.7380363,-0.0075666,0.1045967,0.8111797,0.1858663,0.5965636,0.8545358,0.0017549,0.7066003,0.9699974,0.0015051,0.8656426,1.0084573,0.0501083,0.5582000,0.8012000,0.4945000,0.6104000,0.7127000,0.3797000,0.6422000,0.6219000,0.4031000,0.6848000,0.5642000,0.3621000,0.7801000,0.4712000,0.5324000,0.0814606,0.7689798,0.2166736},
{0.4717079,0.7380335,-0.0075727,0.1043460,0.8111573,0.1858559,0.5965991,0.8545633,0.0018088,0.7066003,0.9699974,0.0015051,0.8656426,1.0084573,0.0501083,0.5582000,0.8010000,0.4945000,0.6104000,0.7126000,0.3798000,0.6423000,0.6218000,0.4031000,0.6849000,0.5641000,0.3621000,0.7801000,0.4711000,0.5322000,0.0813205,0.7689649,0.2166543},
{0.4717079,0.7380335,-0.0075727,0.1042893,0.8111522,0.1858535,0.5966595,0.8546101,0.0019003,0.7066003,0.9699974,0.0015051,0.8657068,1.0084964,0.0502168,0.5582000,0.8008000,0.4947000,0.6105000,0.7125000,0.3799000,0.6424000,0.6218000,0.4031000,0.6850000,0.5641000,0.3620000,0.7803000,0.4711000,0.5321000,0.0811119,0.7689427,0.2166254},
{0.4717079,0.7380335,-0.0075727,0.1039993,0.8111261,0.1858410,0.5968199,0.8547343,0.0021438,0.7068455,0.9702402,0.0019226,0.8657068,1.0084964,0.0502168,0.5583000,0.8007000,0.4948000,0.6106000,0.7123000,0.3800000,0.6425000,0.6217000,0.4031000,0.6852000,0.5641000,0.3620000,0.7805000,0.4710000,0.5321000,0.0808775,0.7689176,0.2165926},
{0.4717958,0.7380930,-0.0074451,0.1038083,0.8111089,0.1858325,0.5968983,0.8547950,0.0022627,0.7068455,0.9702402,0.0019226,0.8659248,1.0086291,0.0505850,0.5584000,0.8005000,0.4949000,0.6107000,0.7122000,0.3801000,0.6427000,0.6217000,0.4032000,0.6854000,0.5641000,0.3620000,0.7807000,0.4710000,0.5320000,0.0806043,0.7688882,0.2165540},
{0.4717958,0.7380930,-0.0074451,0.1035813,0.8110883,0.1858223,0.5969879,0.8548643,0.0023985,0.7068455,0.9702402,0.0019226,0.8659248,1.0086291,0.0505850,0.5586000,0.8003000,0.4951000,0.6108000,0.7122000,0.3802000,0.6429000,0.6216000,0.4033000,0.6855000,0.5641000,0.3621000,0.7810000,0.4709000,0.5320000,0.0802632,0.7688514,0.2165053},
{0.4719059,0.7381676,-0.0072853,0.1033554,0.8110678,0.1858119,0.5971452,0.8549861,0.0026369,0.7068455,0.9702402,0.0019226,0.8659248,1.0086291,0.0505850,0.5588000,0.8002000,0.4953000,0.6111000,0.7121000,0.3804000,0.6431000,0.6216000,0.4034000,0.6857000,0.5640000,0.3622000,0.7813000,0.4708000,0.5320000,0.0799764,0.7688201,0.2164638},
{0.4721016,0.7383001,-0.0070015,0.1029648,0.8110320,0.1857934,0.5971770,0.8550107,0.0026851,0.7068455,0.9702402,0.0019226,0.8662362,1.0088186,0.0511106,0.5591000,0.8001000,0.4956000,0.6113000,0.7120000,0.3806000,0.6434000,0.6216000,0.4036000,0.6860000,0.5640000,0.3623000,0.7816000,0.4707000,0.5321000,0.0797004,0.7687899,0.2164235},
{0.4721016,0.7383001,-0.0070015,0.1027675,0.8110139,0.1857838,0.5975670,0.8553124,0.0032760,0.7070499,0.9704426,0.0022706,0.8662362,1.0088186,0.0511106,0.5593000,0.7999000,0.4958000,0.6115000,0.7119000,0.3808000,0.6437000,0.6215000,0.4038000,0.6862000,0.5639000,0.3624000,0.7821000,0.4706000,0.5321000,0.0793776,0.7687544,0.2163757},
{0.4723317,0.7384559,-0.0066680,0.1025476,0.8109936,0.1857729,0.5975865,0.8553275,0.0033055,0.7070499,0.9704426,0.0022706,0.8664295,1.0089362,0.0514367,0.5596000,0.7998000,0.4961000,0.6118000,0.7118000,0.3810000,0.6440000,0.6214000,0.4039000,0.6865000,0.5639000,0.3625000,0.7825000,0.4705000,0.5321000,0.0790586,0.7687191,0.2163280},
{0.4727770,0.7387571,-0.0060229,0.1023423,0.8109745,0.1857626,0.5978712,0.8555476,0.0037364,0.7072661,0.9706566,0.0026383,0.8665735,1.0090238,0.0516796,0.5599000,0.7996000,0.4963000,0.6121000,0.7117000,0.3814000,0.6443000,0.6213000,0.4041000,0.6868000,0.5638000,0.3626000,0.7829000,0.4704000,0.5322000,0.0788302,0.7686937,0.2162935},
{0.4727770,0.7387571,-0.0060229,0.1022053,0.8109618,0.1857555,0.5981852,0.8557903,0.0042112,0.7077892,0.9711739,0.0035269,0.8666503,1.0090705,0.0518091,0.5603000,0.7995000,0.4966000,0.6124000,0.7115000,0.3816000,0.6447000,0.6213000,0.4043000,0.6871000,0.5637000,0.3628000,0.7834000,0.4703000,0.5322000,0.0786631,0.7686750,0.2162681},
{0.4730689,0.7389545,-0.0056005,0.1020446,0.8109468,0.1857472,0.5983326,0.8559042,0.0044341,0.7079578,0.9713406,0.0038131,0.8671278,1.0093610,0.0526138,0.5607000,0.7993000,0.4969000,0.6127000,0.7113000,0.3818000,0.6451000,0.6212000,0.4045000,0.6875000,0.5636000,0.3630000,0.7839000,0.4702000,0.5322000,0.0785870,0.7686665,0.2162565},
{0.4734852,0.7392357,-0.0049985,0.1019911,0.8109418,0.1857444,0.5988291,0.8562876,0.0051840,0.7080783,0.9714597,0.0040176,0.8671278,1.0093610,0.0526138,0.5611000,0.7991000,0.4972000,0.6131000,0.7111000,0.3821000,0.6455000,0.6211000,0.4047000,0.6878000,0.5636000,0.3631000,0.7844000,0.4701000,0.5323000,0.0785608,0.7686635,0.2162525},
{0.4739570,0.7395542,-0.0043170,0.1020110,0.8109437,0.1857454,0.5989026,0.8563444,0.0052950,0.7082799,0.9716589,0.0043594,0.8675722,1.0096312,0.0533621,0.5616000,0.7989000,0.4975000,0.6135000,0.7110000,0.3824000,0.6460000,0.6210000,0.4049000,0.6882000,0.5635000,0.3633000,0.7850000,0.4700000,0.5323000,0.0786451,0.7686730,0.2162654},
{0.4740896,0.7396436,-0.0041257,0.1022728,0.8109681,0.1857590,0.5992927,0.8566454,0.0058834,0.7084341,0.9718112,0.0046207,0.8675722,1.0096312,0.0533621,0.5622000,0.7987000,0.4980000,0.6139000,0.7109000,0.3827000,0.6464000,0.6208000,0.4051000,0.6887000,0.5634000,0.3635000,0.7857000,0.4699000,0.5323000,0.0789264,0.7687044,0.2163081},
{0.4745159,0.7399310,-0.0035107,0.1025704,0.8109957,0.1857741,0.5999045,0.8571172,0.0068053,0.7087818,0.9721545,0.0052095,0.8680277,1.0099081,0.0541285,0.5629000,0.7986000,0.4984000,0.6144000,0.7107000,0.3831000,0.6470000,0.6208000,0.4054000,0.6892000,0.5633000,0.3637000,0.7864000,0.4697000,0.5324000,0.0792514,0.7687405,0.2163569},
{0.4752611,0.7404328,-0.0024374,0.1030671,0.8110414,0.1857983,0.6002521,0.8573851,0.0073284,0.7089639,0.9723343,0.0055177,0.8680277,1.0099081,0.0541285,0.5637000,0.7985000,0.4989000,0.6149000,0.7107000,0.3835000,0.6477000,0.6207000,0.4057000,0.6897000,0.5632000,0.3639000,0.7872000,0.4695000,0.5324000,0.0797784,0.7687985,0.2164349},
{0.4757803,0.7407820,-0.0016907,0.1038172,0.8111097,0.1858329,0.6006899,0.8577223,0.0079868,0.7091428,0.9725109,0.0058203,0.8686174,1.0102664,0.0551194,0.5645000,0.7984000,0.4995000,0.6156000,0.7107000,0.3839000,0.6483000,0.6206000,0.4061000,0.6902000,0.5631000,0.3641000,0.7880000,0.4693000,0.5324000,0.0803438,0.7688601,0.2165168},
{0.4763006,0.7411316,-0.0009435,0.1046870,0.8111877,0.1858700,0.6012688,0.8581678,0.0088562,0.7095570,0.9729194,0.0065202,0.8689178,1.0104489,0.0556239,0.5654000,0.7984000,0.5001000,0.6162000,0.7107000,0.3844000,0.6488000,0.6205000,0.4065000,0.6907000,0.5630000,0.3644000,0.7887000,0.4691000,0.5324000,0.0811367,0.7689454,0.2166288},
{0.4769446,0.7415638,-0.0000198,0.1057726,0.8112833,0.1859117,0.6016958,0.8584962,0.0094967,0.7099764,0.9733329,0.0072282,0.8693367,1.0107033,0.0563267,0.5663000,0.7983000,0.5008000,0.6170000,0.7107000,0.3849000,0.6496000,0.6204000,0.4069000,0.6913000,0.5629000,0.3646000,0.7895000,0.4689000,0.5324000,0.0821164,0.7690489,0.2167626},
{0.4776843,0.7420596,0.0010395,0.1069402,0.8113839,0.1859511,0.6022230,0.8589014,0.0102867,0.7103577,0.9737084,0.0078708,0.8697239,1.0109385,0.0569760,0.5673000,0.7982000,0.5014000,0.6178000,0.7107000,0.3854000,0.6502000,0.6204000,0.4073000,0.6918000,0.5628000,0.3649000,0.7904000,0.4686000,0.5324000,0.0832390,0.7691651,0.2169095},
{0.4782519,0.7424396,0.0018510,0.1086192,0.8115247,0.1859976,0.6029797,0.8594825,0.0114187,0.7108225,0.9741661,0.0086535,0.8703177,1.0112989,0.0579705,0.5685000,0.7982000,0.5020000,0.6185000,0.7107000,0.3859000,0.6509000,0.6202000,0.4077000,0.6924000,0.5627000,0.3652000,0.7914000,0.4683000,0.5323000,0.0847049,0.7693130,0.2170917},
{0.4792210,0.7430873,0.0032340,0.1103439,0.8116647,0.1860334,0.6035306,0.8599051,0.0122416,0.7110971,0.9744363,0.0091153,0.8706320,1.0114896,0.0584965,0.5696000,0.7982000,0.5026000,0.6195000,0.7108000,0.3865000,0.6517000,0.6202000,0.4080000,0.6930000,0.5627000,0.3654000,0.7923000,0.4680000,0.5322000,0.0864661,0.7694852,0.2172960},
{0.4801643,0.7437167,0.0045771,0.1124366,0.8118283,0.1860607,0.6043019,0.8604963,0.0133921,0.7115271,0.9748591,0.0098377,0.8711632,1.0118119,0.0593847,0.5709000,0.7982000,0.5034000,0.6204000,0.7109000,0.3870000,0.6525000,0.6201000,0.4085000,0.6937000,0.5626000,0.3657000,0.7933000,0.4678000,0.5321000,0.0884074,0.7696680,0.2175035},
{0.4810494,0.7443061,0.0058345,0.1146896,0.8119969,0.1860707,0.6050358,0.8610582,0.0144847,0.7119216,0.9752469,0.0104997,0.8715634,1.0120546,0.0600534,0.5722000,0.7983000,0.5041000,0.6213000,0.7110000,0.3876000,0.6534000,0.6200000,0.4089000,0.6943000,0.5625000,0.3660000,0.7943000,0.4674000,0.5320000,0.0907469,0.7698790,0.2177295},
{0.4819486,0.7449040,0.0071094,0.1173957,0.8121893,0.1860568,0.6058525,0.8616829,0.0156984,0.7125520,0.9758659,0.0115560,0.8721361,1.0124018,0.0610092,0.5735000,0.7985000,0.5048000,0.6223000,0.7112000,0.3882000,0.6542000,0.6199000,0.4094000,0.6950000,0.5624000,0.3662000,0.7954000,0.4671000,0.5318000,0.0934102,0.7701071,0.2179556},
{0.4831555,0.7457049,0.0088163,0.1203690,0.8123883,0.1860097,0.6066400,0.8622845,0.0168666,0.7131675,0.9764698,0.0125854,0.8727616,1.0127809,0.0620520,0.5750000,0.7988000,0.5056000,0.6234000,0.7113000,0.3889000,0.6551000,0.6199000,0.4099000,0.6958000,0.5624000,0.3665000,0.7966000,0.4668000,0.5316000,0.0964042,0.7703488,0.2181716},
{0.4842423,0.7464245,0.0103492,0.1238852,0.8126073,0.1859120,0.6075965,0.8630144,0.0182826,0.7137732,0.9770636,0.0135966,0.8735152,1.0132375,0.0633066,0.5764000,0.7992000,0.5063000,0.6244000,0.7115000,0.3896000,0.6560000,0.6198000,0.4104000,0.6965000,0.5624000,0.3668000,0.7977000,0.4664000,0.5313000,0.0998597,0.7706089,0.2183724},
{0.4852788,0.7471095,0.0118075,0.1276461,0.8128226,0.1857584,0.6081128,0.8634080,0.0190456,0.7142356,0.9775165,0.0143675,0.8739419,1.0134959,0.0640162,0.5780000,0.7998000,0.5071000,0.6255000,0.7117000,0.3903000,0.6571000,0.6198000,0.4110000,0.6974000,0.5624000,0.3670000,0.7989000,0.4659000,0.5310000,0.1037049,0.7708755,0.2185372},
{0.4865943,0.7479769,0.0136533,0.1317983,0.8130380,0.1855317,0.6093206,0.8643276,0.0208269,0.7149381,0.9782040,0.0155365,0.8749031,1.0140777,0.0656125,0.5795000,0.8005000,0.5078000,0.6267000,0.7119000,0.3909000,0.6580000,0.6198000,0.4114000,0.6981000,0.5624000,0.3673000,0.8002000,0.4655000,0.5308000,0.1080172,0.7711470,0.2186512}
};
