fitErrPi Mean = 0.318282
fitErrTh Mean = 0.0368843
fitErrWr Mean = 0.0399349
fitErrLA Mean = 0.0268252
fitErrEl Mean = 0.103749
fitErrUA Mean = 0.0368987
efPts = {
{0.5491261,0.8156410,0.1749092,0.4724409,0.8050498,0.1713565,0.5823091,0.9318911,0.2087858,0.8035434,0.7144423,0.3316878,0.6284193,0.6630845,0.3893247,0.6968000,0.7268000,0.5277000,0.7283000,0.5742000,0.4152000,0.7517000,0.5712000,0.2968000,0.7954000,0.5084000,0.3994000,0.9194000,0.4357000,0.4885000,0.3182823,0.0000000,0.0000000},
{0.7264986,0.3776560,0.2722880,0.7235984,0.3384170,0.2708086,0.6112010,0.5188227,0.2629224,0.5329966,0.6173532,0.2302808,0.6287001,0.6628291,0.3895003,0.6970000,0.7263000,0.5280000,0.7285000,0.5739000,0.4152000,0.7517000,0.5709000,0.2967000,0.7954000,0.5080000,0.3994000,0.9193000,0.4352000,0.4885000,0.3182823,0.0000000,0.0000000},
{0.7265437,0.3777740,0.2721884,0.7235604,0.3383376,0.2708982,0.6111926,0.5188203,0.2629250,0.5329966,0.6173532,0.2302808,0.6288388,0.6627043,0.3895867,0.6972000,0.7260000,0.5282000,0.7286000,0.5736000,0.4152000,0.7517000,0.5705000,0.2966000,0.7953000,0.5077000,0.3993000,0.9192000,0.4347000,0.4885000,0.3182823,0.0000000,0.0000000},
{0.7265306,0.3777396,0.2722174,0.7235174,0.3382495,0.2709982,0.6111679,0.5188133,0.2629328,0.5333961,0.6179805,0.2303227,0.6289807,0.6625775,0.3896749,0.6974000,0.7257000,0.5285000,0.7287000,0.5734000,0.4152000,0.7516000,0.5701000,0.2964000,0.7953000,0.5075000,0.3992000,0.9191000,0.4342000,0.4885000,0.3182823,0.0000000,0.0000000},
{0.7265233,0.3777204,0.2722336,0.7234915,0.3381971,0.2710580,0.6111406,0.5188056,0.2629413,0.5337297,0.6185035,0.2303578,0.6289917,0.6625677,0.3896817,0.6976000,0.7254000,0.5286000,0.7287000,0.5732000,0.4152000,0.7516000,0.5697000,0.2963000,0.7952000,0.5073000,0.3992000,0.9189000,0.4338000,0.4885000,0.3182823,0.0000000,0.0000000},
{0.7265295,0.3777365,0.2722199,0.7234478,0.3381104,0.2711578,0.6110825,0.5187895,0.2629594,0.5341499,0.6191617,0.2304022,0.6289147,0.6626363,0.3896339,0.6979000,0.7253000,0.5287000,0.7288000,0.5731000,0.4152000,0.7516000,0.5693000,0.2962000,0.7952000,0.5072000,0.3991000,0.9188000,0.4333000,0.4885000,0.3182823,0.0000000,0.0000000},
{0.7265357,0.3777529,0.2722062,0.7233886,0.3379957,0.2712909,0.6110380,0.5187773,0.2629732,0.5343833,0.6195267,0.2304270,0.6287832,0.6627542,0.3895521,0.6982000,0.7252000,0.5287000,0.7288000,0.5731000,0.4151000,0.7516000,0.5690000,0.2960000,0.7951000,0.5071000,0.3991000,0.9187000,0.4329000,0.4885000,0.3182823,0.0000000,0.0000000},
{0.7265357,0.3777529,0.2722062,0.7233179,0.3378627,0.2714471,0.6109981,0.5187665,0.2629856,0.5347419,0.6200871,0.2304652,0.6286022,0.6629177,0.3894392,0.6984000,0.7251000,0.5287000,0.7288000,0.5732000,0.4149000,0.7516000,0.5686000,0.2959000,0.7950000,0.5069000,0.3991000,0.9186000,0.4326000,0.4886000,0.3182823,0.0000000,0.0000000},
{0.7264686,0.3775781,0.2723540,0.7231878,0.3376285,0.2717275,0.6109673,0.5187583,0.2629952,0.5351530,0.6207286,0.2305092,0.6285190,0.6629935,0.3893871,0.6987000,0.7251000,0.5287000,0.7289000,0.5732000,0.4148000,0.7515000,0.5682000,0.2957000,0.7949000,0.5069000,0.3990000,0.9184000,0.4322000,0.4887000,0.3182823,0.0000000,0.0000000},
{0.7264076,0.3774211,0.2724874,0.7230474,0.3373903,0.2720197,0.6109036,0.5187414,0.2630149,0.5357028,0.6215852,0.2305683,0.6281970,0.6632893,0.3891849,0.6991000,0.7252000,0.5286000,0.7289000,0.5733000,0.4147000,0.7515000,0.5678000,0.2956000,0.7947000,0.5067000,0.3990000,0.9182000,0.4319000,0.4888000,0.3182823,0.0000000,0.0000000},
{0.7263253,0.3772129,0.2726654,0.7228410,0.3370649,0.2724321,0.6108587,0.5187297,0.2630288,0.5362394,0.6224196,0.2306263,0.6278577,0.6636065,0.3889704,0.6994000,0.7253000,0.5285000,0.7288000,0.5734000,0.4145000,0.7515000,0.5674000,0.2955000,0.7947000,0.5066000,0.3989000,0.9180000,0.4316000,0.4888000,0.3182823,0.0000000,0.0000000},
{0.7262111,0.3769298,0.2729092,0.7226166,0.3367411,0.2728595,0.6107961,0.5187136,0.2630481,0.5367973,0.6232855,0.2306871,0.6275477,0.6639009,0.3887733,0.6997000,0.7253000,0.5284000,0.7287000,0.5736000,0.4143000,0.7515000,0.5671000,0.2953000,0.7945000,0.5065000,0.3988000,0.9179000,0.4313000,0.4889000,0.3182823,0.0000000,0.0000000},
{0.7260925,0.3766428,0.2731587,0.7223530,0.3363959,0.2733371,0.6107311,0.5186972,0.2630681,0.5375596,0.6244659,0.2307706,0.6271762,0.6642599,0.3885353,0.7001000,0.7254000,0.5283000,0.7287000,0.5738000,0.4142000,0.7515000,0.5667000,0.2952000,0.7945000,0.5065000,0.3987000,0.9178000,0.4311000,0.4889000,0.3182823,0.0000000,0.0000000},
{0.7259571,0.3763238,0.2734387,0.7220547,0.3360459,0.2738494,0.6106734,0.5186830,0.2630859,0.5384090,0.6257776,0.2308646,0.6267113,0.6647183,0.3882352,0.7005000,0.7255000,0.5281000,0.7286000,0.5741000,0.4140000,0.7515000,0.5663000,0.2951000,0.7944000,0.5064000,0.3986000,0.9177000,0.4309000,0.4889000,0.3182823,0.0000000,0.0000000},
{0.7258442,0.3760643,0.2736687,0.7217208,0.3356989,0.2743915,0.6106060,0.5186666,0.2631065,0.5394232,0.6273391,0.2309778,0.6262095,0.6652247,0.3879081,0.7008000,0.7256000,0.5279000,0.7286000,0.5743000,0.4137000,0.7514000,0.5659000,0.2949000,0.7943000,0.5063000,0.3984000,0.9177000,0.4306000,0.4889000,0.3182823,0.0000000,0.0000000},
{0.7257216,0.3757892,0.2739149,0.7213294,0.3353447,0.2749902,0.6105268,0.5186478,0.2631307,0.5405094,0.6290053,0.2311004,0.6255264,0.6659339,0.3874577,0.7011000,0.7257000,0.5278000,0.7285000,0.5745000,0.4133000,0.7514000,0.5655000,0.2948000,0.7942000,0.5063000,0.3983000,0.9176000,0.4302000,0.4888000,0.3182823,0.0000000,0.0000000},
{0.7256375,0.3756044,0.2740815,0.7208781,0.3349972,0.2756382,0.6104899,0.5186392,0.2631420,0.5418650,0.6310764,0.2312553,0.6247184,0.6668022,0.3869171,0.7015000,0.7260000,0.5276000,0.7282000,0.5748000,0.4131000,0.7514000,0.5652000,0.2946000,0.7941000,0.5061000,0.3982000,0.9174000,0.4299000,0.4888000,0.3182823,0.0000000,0.0000000},
{0.7256139,0.3755530,0.2741282,0.7203345,0.3346530,0.2763670,0.6104320,0.5186259,0.2631596,0.5433228,0.6332935,0.2314241,0.6237322,0.6679061,0.3862458,0.7017000,0.7264000,0.5274000,0.7280000,0.5752000,0.4127000,0.7514000,0.5648000,0.2945000,0.7940000,0.5060000,0.3979000,0.9173000,0.4295000,0.4887000,0.3182823,0.0000000,0.0000000},
{0.7255593,0.3754351,0.2742352,0.7196413,0.3343140,0.2772265,0.6104064,0.5186201,0.2631674,0.5448565,0.6356147,0.2316042,0.6226559,0.6691672,0.3854982,0.7020000,0.7269000,0.5271000,0.7277000,0.5757000,0.4124000,0.7514000,0.5644000,0.2944000,0.7938000,0.5058000,0.3977000,0.9172000,0.4293000,0.4887000,0.3182823,0.0000000,0.0000000},
{0.7255739,0.3754666,0.2742066,0.7187845,0.3340242,0.2781989,0.6104064,0.5186201,0.2631674,0.5465269,0.6381299,0.2318033,0.6214816,0.6706116,0.3846646,0.7023000,0.7275000,0.5268000,0.7274000,0.5763000,0.4120000,0.7513000,0.5640000,0.2942000,0.7936000,0.5058000,0.3974000,0.9169000,0.4290000,0.4886000,0.3182823,0.0000000,0.0000000},
{0.7256608,0.3756553,0.2740356,0.7175387,0.3338090,0.2794690,0.6103834,0.5186150,0.2631743,0.5483384,0.6408426,0.2320225,0.6203254,0.6721055,0.3838249,0.7027000,0.7281000,0.5264000,0.7270000,0.5769000,0.4117000,0.7513000,0.5636000,0.2941000,0.7934000,0.5058000,0.3972000,0.9166000,0.4288000,0.4886000,0.3182823,0.0000000,0.0000000},
{0.7258858,0.3761592,0.2735844,0.7158179,0.3338266,0.2810039,0.6101356,0.5185618,0.2632492,0.5503166,0.6437876,0.2322658,0.6191145,0.6737485,0.3829249,0.7030000,0.7288000,0.5259000,0.7266000,0.5776000,0.4113000,0.7513000,0.5633000,0.2940000,0.7932000,0.5058000,0.3970000,0.9163000,0.4286000,0.4886000,0.3182823,0.0000000,0.0000000},
{0.7262824,0.3771059,0.2727573,0.7132946,0.3343476,0.2829095,0.6102095,0.5185772,0.2632270,0.5523849,0.6468478,0.2325243,0.6177960,0.6756316,0.3819200,0.7034000,0.7295000,0.5255000,0.7263000,0.5784000,0.4108000,0.7513000,0.5629000,0.2938000,0.7928000,0.5058000,0.3968000,0.9160000,0.4283000,0.4887000,0.3182823,0.0000000,0.0000000},
{0.7268699,0.3786628,0.2714484,0.7098677,0.3357374,0.2850219,0.6103643,0.5186107,0.2631802,0.5546679,0.6502035,0.2328147,0.6164818,0.6776098,0.3808918,0.7037000,0.7303000,0.5250000,0.7259000,0.5792000,0.4102000,0.7513000,0.5625000,0.2937000,0.7925000,0.5058000,0.3966000,0.9157000,0.4280000,0.4888000,0.3182823,0.0000000,0.0000000},
{0.6881490,0.3808577,0.3008650,0.7057770,0.3381333,0.2870298,0.6106104,0.5186677,0.2631052,0.5571790,0.6538683,0.2331398,0.6149497,0.6800487,0.3796582,0.7040000,0.7311000,0.5245000,0.7254000,0.5800000,0.4097000,0.7512000,0.5621000,0.2936000,0.7922000,0.5058000,0.3965000,0.9153000,0.4277000,0.4888000,0.3182823,0.0000000,0.0000000},
{0.6834059,0.3861470,0.3017451,0.7014710,0.3412900,0.2887009,0.6110628,0.5187841,0.2629655,0.5597757,0.6576299,0.2334824,0.6134138,0.6826442,0.3783818,0.7043000,0.7322000,0.5240000,0.7250000,0.5810000,0.4091000,0.7512000,0.5617000,0.2934000,0.7918000,0.5058000,0.3963000,0.9149000,0.4275000,0.4890000,0.3182823,0.0000000,0.0000000},
{0.6791089,0.3914036,0.3022903,0.6970347,0.3450627,0.2900598,0.6118901,0.5190366,0.2627042,0.5626089,0.6617023,0.2338632,0.6118513,0.6854482,0.3770403,0.7045000,0.7333000,0.5235000,0.7244000,0.5820000,0.4086000,0.7512000,0.5614000,0.2933000,0.7914000,0.5059000,0.3962000,0.9144000,0.4273000,0.4891000,0.3182823,0.0000000,0.0000000},
{0.6749610,0.3968623,0.3026079,0.6926818,0.3491748,0.2911072,0.6131080,0.5195026,0.2623055,0.5655535,0.6659005,0.2342666,0.6102070,0.6885879,0.3755788,0.7047000,0.7344000,0.5229000,0.7239000,0.5831000,0.4081000,0.7512000,0.5610000,0.2931000,0.7909000,0.5060000,0.3960000,0.9138000,0.4272000,0.4893000,0.3182823,0.0000000,0.0000000},
{0.6709600,0.4024620,0.3027330,0.6881656,0.3537970,0.2919459,0.6169687,0.5217502,0.2609258,0.5686286,0.6702482,0.2346961,0.6086352,0.6917833,0.3741307,0.7050000,0.7356000,0.5223000,0.7233000,0.5843000,0.4076000,0.7512000,0.5606000,0.2930000,0.7903000,0.5061000,0.3959000,0.9131000,0.4271000,0.4895000,0.3182823,0.0000000,0.0000000},
{0.6671537,0.4080770,0.3026959,0.6837422,0.3586231,0.2925588,0.6213034,0.5257678,0.2591528,0.5718277,0.6747328,0.2351515,0.6070256,0.6952675,0.3725919,0.7053000,0.7369000,0.5216000,0.7226000,0.5855000,0.4070000,0.7511000,0.5602000,0.2929000,0.7898000,0.5063000,0.3957000,0.9123000,0.4270000,0.4897000,0.3182823,0.0000000,0.0000000},
{0.6633290,0.4139885,0.3025125,0.6792140,0.3638302,0.2930005,0.6256023,0.5315001,0.2571323,0.5751951,0.6794117,0.2356400,0.6055090,0.6987631,0.3710860,0.7055000,0.7382000,0.5210000,0.7220000,0.5868000,0.4065000,0.7511000,0.5598000,0.2927000,0.7892000,0.5065000,0.3956000,0.9116000,0.4269000,0.4900000,0.3182823,0.0000000,0.0000000},
{0.6595842,0.4200280,0.3021964,0.6745661,0.3694232,0.2932809,0.6292608,0.5379590,0.2551758,0.5786075,0.6841110,0.2361445,0.6040070,0.7024474,0.3695360,0.7058000,0.7396000,0.5203000,0.7213000,0.5882000,0.4059000,0.7511000,0.5595000,0.2926000,0.7887000,0.5067000,0.3955000,0.9107000,0.4268000,0.4902000,0.3182823,0.0000000,0.0000000},
{0.6557785,0.4264125,0.3017414,0.6699297,0.3752268,0.2934041,0.6323886,0.5448360,0.2532999,0.5822803,0.6891225,0.2366979,0.6025221,0.7063287,0.3679407,0.7061000,0.7409000,0.5196000,0.7207000,0.5896000,0.4052000,0.7511000,0.5591000,0.2925000,0.7880000,0.5070000,0.3954000,0.9098000,0.4267000,0.4906000,0.3182823,0.0000000,0.0000000},
{0.6520136,0.4329666,0.3011621,0.6651597,0.3814101,0.2933827,0.6351384,0.5521093,0.2514667,0.5860751,0.6942510,0.2372806,0.6010530,0.7104286,0.3662940,0.7063000,0.7424000,0.5189000,0.7201000,0.5911000,0.4044000,0.7511000,0.5587000,0.2923000,0.7875000,0.5073000,0.3953000,0.9089000,0.4267000,0.4909000,0.3182823,0.0000000,0.0000000},
{0.6482458,0.4397577,0.3004566,0.6603912,0.3877888,0.2932237,0.6376159,0.5598476,0.2496372,0.5899668,0.6994597,0.2378896,0.5996303,0.7146750,0.3646266,0.7066000,0.7438000,0.5181000,0.7194000,0.5925000,0.4037000,0.7510000,0.5583000,0.2922000,0.7867000,0.5075000,0.3952000,0.9080000,0.4266000,0.4913000,0.3182823,0.0000000,0.0000000},
{0.6445186,0.4467004,0.2996368,0.6556563,0.3943036,0.2929398,0.6397826,0.5677416,0.2478684,0.5940587,0.7048819,0.2385420,0.5982181,0.7191946,0.3628914,0.7068000,0.7453000,0.5174000,0.7188000,0.5940000,0.4029000,0.7510000,0.5579000,0.2920000,0.7860000,0.5078000,0.3951000,0.9069000,0.4266000,0.4917000,0.3182823,0.0000000,0.0000000},
{0.6408041,0.4538391,0.2987006,0.6509076,0.4010065,0.2925371,0.6417205,0.5759095,0.2461203,0.5983274,0.7104803,0.2392355,0.5968647,0.7238538,0.3611420,0.7070000,0.7469000,0.5166000,0.7182000,0.5957000,0.4021000,0.7510000,0.5576000,0.2919000,0.7854000,0.5080000,0.3950000,0.9059000,0.4265000,0.4921000,0.3182823,0.0000000,0.0000000},
{0.6371505,0.4610733,0.2976644,0.6460785,0.4079864,0.2920135,0.6434379,0.5842541,0.2444052,0.6026538,0.7160954,0.2399516,0.5955818,0.7286143,0.3593933,0.7072000,0.7484000,0.5159000,0.7176000,0.5972000,0.4014000,0.7510000,0.5576000,0.2919000,0.7846000,0.5083000,0.3949000,0.9048000,0.4265000,0.4925000,0.3182823,0.0000000,0.0000000},
{0.6335270,0.4684560,0.2965238,0.6412609,0.4151057,0.2913825,0.6449504,0.5927160,0.2427279,0.6071472,0.7218653,0.2407091,0.6989071,0.7523595,0.3930239,0.7075000,0.7500000,0.5152000,0.7170000,0.5988000,0.4007000,0.7511000,0.5586000,0.2912000,0.7837000,0.5086000,0.3947000,0.9036000,0.4265000,0.4929000,0.3182823,0.0000000,0.0000000},
{0.6299645,0.4759171,0.2952926,0.6364792,0.4223190,0.2906538,0.6463052,0.6014693,0.2410495,0.6117130,0.7276650,0.2414929,0.6992840,0.7581149,0.3916538,0.7077000,0.7517000,0.5145000,0.7164000,0.6004000,0.3999000,0.7514000,0.5596000,0.2908000,0.7829000,0.5090000,0.3946000,0.9024000,0.4265000,0.4933000,0.3182823,0.0000000,0.0000000},
{0.6264578,0.4834587,0.2939735,0.6316061,0.4298146,0.2898102,0.6474843,0.6103214,0.2394037,0.6164456,0.7336107,0.2423201,0.6995484,0.7637185,0.3902802,0.7079000,0.7533000,0.5138000,0.7157000,0.6019000,0.3992000,0.7510000,0.5603000,0.2904000,0.7821000,0.5093000,0.3944000,0.9011000,0.4265000,0.4937000,0.3182823,0.0000000,0.0000000},
{0.6228790,0.4913603,0.2925163,0.6267788,0.4373790,0.2888777,0.6485033,0.6192873,0.2377841,0.6211884,0.7395027,0.2431638,0.6997170,0.7694492,0.3888362,0.7081000,0.7550000,0.5131000,0.7150000,0.6036000,0.3984000,0.7511000,0.5612000,0.2900000,0.7812000,0.5097000,0.3943000,0.8999000,0.4265000,0.4941000,0.3182823,0.0000000,0.0000000},
{0.6193569,0.4993415,0.2909710,0.6219745,0.4450406,0.2878567,0.6493663,0.6282988,0.2361998,0.6260533,0.7454785,0.2440444,0.6997850,0.7750752,0.3873809,0.7084000,0.7567000,0.5124000,0.7143000,0.6052000,0.3975000,0.7509000,0.5619000,0.2896000,0.7803000,0.5100000,0.3941000,0.8986000,0.4265000,0.4944000,0.3182823,0.0000000,0.0000000},
{0.6158870,0.5074077,0.2893383,0.6171481,0.4528683,0.2867398,0.6501035,0.6376285,0.2346017,0.6310699,0.7515697,0.2449682,0.6997566,0.7807986,0.3858628,0.7086000,0.7584000,0.5116000,0.7136000,0.6069000,0.3965000,0.7509000,0.5628000,0.2893000,0.7794000,0.5104000,0.3939000,0.8972000,0.4266000,0.4948000,0.3182823,0.0000000,0.0000000},
{0.6124910,0.5155022,0.2876318,0.6123692,0.4607455,0.2855457,0.6506914,0.6469270,0.2330487,0.6360779,0.7575795,0.2459063,0.6996375,0.7863099,0.3843655,0.7088000,0.7601000,0.5109000,0.7130000,0.6086000,0.3955000,0.7509000,0.5637000,0.2890000,0.7785000,0.5107000,0.3938000,0.8960000,0.4266000,0.4952000,0.3182823,0.0000000,0.0000000},
{0.6090786,0.5238417,0.2858055,0.6076001,0.4687302,0.2842678,0.6511414,0.6562153,0.2315344,0.6412575,0.7637214,0.2468930,0.6994130,0.7921708,0.3827355,0.7091000,0.7619000,0.5101000,0.7125000,0.6103000,0.3946000,0.7508000,0.5644000,0.2887000,0.7776000,0.5110000,0.3937000,0.8947000,0.4267000,0.4956000,0.3182823,0.0000000,0.0000000},
{0.6057743,0.5321200,0.2839268,0.6027778,0.4769284,0.2828890,0.6514656,0.6656457,0.2300327,0.6464291,0.7697798,0.2478946,0.6991014,0.7978183,0.3811280,0.7094000,0.7637000,0.5094000,0.7119000,0.6120000,0.3938000,0.7504000,0.5652000,0.2885000,0.7767000,0.5113000,0.3936000,0.8934000,0.4268000,0.4961000,0.3182823,0.0000000,0.0000000},
{0.6025250,0.5404635,0.2819693,0.5979354,0.4852858,0.2814173,0.6516626,0.6751078,0.2285607,0.6518942,0.7761022,0.2489709,0.6987109,0.8032819,0.3795385,0.7097000,0.7656000,0.5087000,0.7113000,0.6137000,0.3930000,0.7496000,0.5657000,0.2884000,0.7756000,0.5116000,0.3936000,0.8921000,0.4269000,0.4966000,0.3182823,0.0000000,0.0000000},
{0.5992295,0.5491404,0.2798675,0.5931966,0.4935852,0.2798928,0.6517361,0.6845748,0.2271213,0.6572623,0.7822331,0.2500458,0.6982467,0.8085920,0.3779611,0.7099000,0.7675000,0.5080000,0.7106000,0.6155000,0.3923000,0.7487000,0.5663000,0.2883000,0.7747000,0.5120000,0.3936000,0.8908000,0.4270000,0.4971000,0.3182823,0.0000000,0.0000000},
{0.5961367,0.5574897,0.2777831,0.5886171,0.5017197,0.2783401,0.6516898,0.6940415,0.2257143,0.6626557,0.7883141,0.2511433,0.6976810,0.8140568,0.3763036,0.7102000,0.7694000,0.5074000,0.7100000,0.6171000,0.3915000,0.7478000,0.5669000,0.2884000,0.7737000,0.5125000,0.3937000,0.8894000,0.4272000,0.4977000,0.3182823,0.0000000,0.0000000},
{0.5930486,0.5660371,0.2755876,0.5837947,0.5104075,0.2766201,0.6515277,0.7034662,0.2243448,0.6680652,0.7943341,0.2522617,0.6970977,0.8189490,0.3747902,0.7105000,0.7713000,0.5069000,0.7093000,0.6188000,0.3909000,0.7469000,0.5675000,0.2884000,0.7725000,0.5130000,0.3938000,0.8880000,0.4275000,0.4982000,0.3182823,0.0000000,0.0000000},
{0.5899512,0.5748342,0.2732640,0.5790338,0.5191084,0.2748356,0.6512533,0.7128480,0.2230121,0.6735142,0.8003181,0.2534062,0.6964892,0.8234959,0.3733580,0.7107000,0.7731000,0.5064000,0.7086000,0.6204000,0.3903000,0.7460000,0.5683000,0.2885000,0.7714000,0.5135000,0.3938000,0.8866000,0.4279000,0.4988000,0.3182823,0.0000000,0.0000000},
{0.5870304,0.5833493,0.2709538,0.5743610,0.5277697,0.2729995,0.6508761,0.7220443,0.2217350,0.6789812,0.8062410,0.2545724,0.6958466,0.8278413,0.3719656,0.7109000,0.7749000,0.5059000,0.7079000,0.6219000,0.3897000,0.7451000,0.5690000,0.2885000,0.7702000,0.5142000,0.3938000,0.8850000,0.4282000,0.4994000,0.3182823,0.0000000,0.0000000},
{0.5841343,0.5920179,0.2685408,0.5696887,0.5365528,0.2710781,0.6503913,0.7312589,0.2204842,0.6843256,0.8119528,0.2557299,0.6952050,0.8318179,0.3706708,0.7111000,0.7767000,0.5055000,0.7072000,0.6234000,0.3891000,0.7442000,0.5698000,0.2885000,0.7690000,0.5148000,0.3939000,0.8833000,0.4286000,0.4999000,0.3182823,0.0000000,0.0000000},
{0.5813244,0.6006597,0.2660741,0.5650749,0.5453490,0.2690949,0.6498172,0.7402202,0.2192955,0.6896692,0.8175857,0.2569046,0.6945116,0.8357908,0.3693570,0.7113000,0.7785000,0.5051000,0.7065000,0.6248000,0.3887000,0.7434000,0.5706000,0.2884000,0.7679000,0.5155000,0.3938000,0.8817000,0.4290000,0.5004000,0.3182823,0.0000000,0.0000000},
{0.5786199,0.6092114,0.2635730,0.5606136,0.5539742,0.2670938,0.6491623,0.7489208,0.2181677,0.6949311,0.8230561,0.2580784,0.6938062,0.8395486,0.3680951,0.7116000,0.7802000,0.5046000,0.7057000,0.6261000,0.3883000,0.7425000,0.5715000,0.2882000,0.7666000,0.5163000,0.3938000,0.8800000,0.4294000,0.5008000,0.3182823,0.0000000,0.0000000},
{0.5760544,0.6175552,0.2610749,0.5561562,0.5627131,0.2650100,0.6484222,0.7574904,0.2170826,0.7001004,0.8283555,0.2592482,0.6931348,0.8429024,0.3669528,0.7119000,0.7820000,0.5042000,0.7047000,0.6276000,0.3879000,0.7416000,0.5724000,0.2881000,0.7653000,0.5170000,0.3937000,0.8783000,0.4298000,0.5013000,0.3182823,0.0000000,0.0000000},
{0.5735621,0.6258977,0.2585196,0.5518604,0.5712541,0.2629188,0.6475884,0.7660386,0.2160260,0.7052612,0.8335718,0.2604327,0.6924551,0.8461080,0.3658463,0.7121000,0.7838000,0.5039000,0.7039000,0.6289000,0.3876000,0.7407000,0.5732000,0.2880000,0.7641000,0.5177000,0.3936000,0.8766000,0.4303000,0.5019000,0.3182823,0.0000000,0.0000000},
{0.5711625,0.6341737,0.2559270,0.5476224,0.5797993,0.2607728,0.6467028,0.7741872,0.2150433,0.7101746,0.8384681,0.2615760,0.6917709,0.8491666,0.3647768,0.7124000,0.7856000,0.5035000,0.7027000,0.6303000,0.3873000,0.7399000,0.5741000,0.2879000,0.7628000,0.5185000,0.3935000,0.8749000,0.4308000,0.5024000,0.3182823,0.0000000,0.0000000},
{0.5688901,0.6422564,0.2533388,0.5435284,0.5881713,0.2586179,0.6457754,0.7819418,0.2141310,0.7150746,0.8432823,0.2627315,0.6911188,0.8519426,0.3637941,0.7128000,0.7875000,0.5032000,0.7015000,0.6316000,0.3870000,0.7390000,0.5751000,0.2878000,0.7616000,0.5193000,0.3935000,0.8732000,0.4314000,0.5030000,0.3182823,0.0000000,0.0000000},
{0.5667347,0.6501702,0.2507498,0.5394260,0.5966818,0.2563741,0.6447926,0.7894776,0.2132664,0.7199260,0.8479800,0.2638908,0.6904688,0.8545891,0.3628462,0.7131000,0.7893000,0.5029000,0.7003000,0.6330000,0.3867000,0.7380000,0.5760000,0.2878000,0.7602000,0.5200000,0.3936000,0.8714000,0.4320000,0.5036000,0.3182823,0.0000000,0.0000000},
{0.5647517,0.6576899,0.2482382,0.5357072,0.6045071,0.2542631,0.6437604,0.7967840,0.2124495,0.7245245,0.8523688,0.2650040,0.6898318,0.8570761,0.3619454,0.7135000,0.7912000,0.5027000,0.6991000,0.6344000,0.3866000,0.7369000,0.5770000,0.2879000,0.7588000,0.5208000,0.3937000,0.8697000,0.4328000,0.5042000,0.3182823,0.0000000,0.0000000},
{0.5628270,0.6652372,0.2456656,0.5319999,0.6124186,0.2520815,0.6426964,0.8037772,0.2116883,0.7290690,0.8566437,0.2661180,0.6892256,0.8593541,0.3611116,0.7139000,0.7931000,0.5024000,0.6966000,0.6354000,0.3863000,0.7360000,0.5778000,0.2880000,0.7576000,0.5215000,0.3938000,0.8679000,0.4335000,0.5048000,0.3182823,0.0000000,0.0000000},
{0.5609725,0.6727741,0.2430431,0.5283603,0.6202996,0.2498605,0.6416015,0.8104926,0.2109770,0.7333722,0.8606335,0.2671857,0.6886729,0.8613606,0.3603699,0.7143000,0.7950000,0.5021000,0.6957000,0.6370000,0.3861000,0.7351000,0.5789000,0.2881000,0.7562000,0.5225000,0.3940000,0.8660000,0.4343000,0.5055000,0.3182823,0.0000000,0.0000000},
{0.5593631,0.6795569,0.2406359,0.5248434,0.6280290,0.2476347,0.6404887,0.8168905,0.2103181,0.7375622,0.8644631,0.2682378,0.6881269,0.8632818,0.3596532,0.7147000,0.7969000,0.5020000,0.6948000,0.6384000,0.3860000,0.7341000,0.5798000,0.2882000,0.7548000,0.5234000,0.3941000,0.8642000,0.4351000,0.5061000,0.3182823,0.0000000,0.0000000},
{0.5577514,0.6866116,0.2380831,0.5214918,0.6355066,0.2454358,0.6393537,0.8230297,0.2097041,0.7416392,0.8681359,0.2692734,0.6876290,0.8649842,0.3590127,0.7151000,0.7988000,0.5018000,0.6940000,0.6400000,0.3859000,0.7332000,0.5808000,0.2883000,0.7535000,0.5243000,0.3943000,0.8624000,0.4359000,0.5067000,0.3182823,0.0000000,0.0000000},
{0.5562490,0.6934635,0.2355539,0.5181823,0.6430053,0.2431843,0.6381976,0.8289309,0.2091314,0.7454608,0.8715298,0.2702550,0.6871681,0.8665200,0.3584304,0.7154000,0.8007000,0.5017000,0.6931000,0.6417000,0.3858000,0.7323000,0.5818000,0.2884000,0.7521000,0.5253000,0.3944000,0.8605000,0.4367000,0.5073000,0.3182823,0.0000000,0.0000000},
{0.5549149,0.6998119,0.2331648,0.5150416,0.6502355,0.2409684,0.6370660,0.8343994,0.2086170,0.7491309,0.8747437,0.2712078,0.6867185,0.8679831,0.3578715,0.7158000,0.8026000,0.5015000,0.6923000,0.6434000,0.3856000,0.7313000,0.5829000,0.2884000,0.7508000,0.5263000,0.3945000,0.8586000,0.4375000,0.5079000,0.3182823,0.0000000,0.0000000},
{0.5536450,0.7061296,0.2307415,0.5120019,0.6573474,0.2387440,0.6359246,0.8396377,0.2081398,0.7526067,0.8777455,0.2721195,0.6863087,0.8692877,0.3573698,0.7162000,0.8045000,0.5013000,0.6916000,0.6451000,0.3855000,0.7303000,0.5840000,0.2884000,0.7494000,0.5274000,0.3946000,0.8569000,0.4384000,0.5086000,0.3182823,0.0000000,0.0000000},
{0.5525045,0.7120783,0.2284162,0.5092028,0.6640046,0.2366202,0.6346905,0.8450166,0.2076665,0.7559626,0.8806043,0.2730086,0.6859114,0.8705270,0.3568901,0.7165000,0.8064000,0.5011000,0.6909000,0.6468000,0.3855000,0.7295000,0.5851000,0.2884000,0.7482000,0.5284000,0.3947000,0.8550000,0.4393000,0.5092000,0.3182823,0.0000000,0.0000000},
{0.5514429,0.7179002,0.2260973,0.5798510,0.6891017,0.1556057,0.6336211,0.8494585,0.2072893,0.7589973,0.8831553,0.2738202,0.6855263,0.8717052,0.3564312,0.7169000,0.8083000,0.5010000,0.6901000,0.6486000,0.3854000,0.7283000,0.5862000,0.2884000,0.7469000,0.5296000,0.3948000,0.8532000,0.4403000,0.5099000,0.3182823,0.0000000,0.0000000},
{0.5504625,0.7235769,0.2237929,0.5761486,0.6951373,0.1547274,0.6325340,0.8537804,0.2069348,0.7619344,0.8855927,0.2746127,0.6851576,0.8728133,0.3559971,0.7173000,0.8102000,0.5008000,0.6893000,0.6503000,0.3854000,0.7274000,0.5873000,0.2883000,0.7455000,0.5307000,0.3950000,0.8513000,0.4412000,0.5105000,0.3182823,0.0000000,0.0000000},
{0.5495931,0.7289123,0.2215859,0.5724931,0.7010215,0.1539124,0.6314047,0.8580782,0.2065953,0.7646062,0.8877824,0.2753397,0.6848204,0.8738096,0.3556046,0.7178000,0.8121000,0.5005000,0.6884000,0.6521000,0.3854000,0.7262000,0.5884000,0.2883000,0.7442000,0.5318000,0.3951000,0.8494000,0.4422000,0.5112000,0.3182823,0.0000000,0.0000000},
{0.5487939,0.7341347,0.2193848,0.5687748,0.7069291,0.1531377,0.6303188,0.8620379,0.2062948,0.7672099,0.8898907,0.2760540,0.6845042,0.8747295,0.3552402,0.7181000,0.8140000,0.5002000,0.6876000,0.6539000,0.3853000,0.7251000,0.5895000,0.2882000,0.7429000,0.5330000,0.3953000,0.8476000,0.4432000,0.5118000,0.3182823,0.0000000,0.0000000},
{0.5480609,0.7392712,0.2171780,0.5650306,0.7127971,0.1524138,0.6292173,0.8658914,0.2060144,0.7695475,0.8917614,0.2767002,0.6841751,0.8756728,0.3548648,0.7185000,0.8159000,0.4999000,0.6868000,0.6557000,0.3852000,0.7240000,0.5906000,0.2882000,0.7415000,0.5342000,0.3954000,0.8457000,0.4442000,0.5124000,0.3182823,0.0000000,0.0000000},
{0.5474230,0.7440989,0.2150634,0.5613375,0.7185037,0.1517564,0.6281578,0.8694513,0.2057668,0.7717610,0.8935132,0.2773164,0.6838560,0.8765738,0.3545044,0.7189000,0.8177000,0.4995000,0.6861000,0.6575000,0.3851000,0.7230000,0.5917000,0.2882000,0.7401000,0.5354000,0.3956000,0.8439000,0.4453000,0.5131000,0.3182823,0.0000000,0.0000000},
{0.5468572,0.7487612,0.2129816,0.5576959,0.7240497,0.1511647,0.6270948,0.8728860,0.2055388,0.7737527,0.8950729,0.2778746,0.6835390,0.8774561,0.3541497,0.7192000,0.8196000,0.4991000,0.6853000,0.6592000,0.3850000,0.7219000,0.5928000,0.2880000,0.7389000,0.5365000,0.3958000,0.8421000,0.4463000,0.5138000,0.3182823,0.0000000,0.0000000},
{0.5463540,0.7533294,0.2109013,0.5540208,0.7295628,0.1506260,0.6260726,0.8760654,0.2053381,0.7756007,0.8965058,0.2783957,0.6832223,0.8783250,0.3537986,0.7195000,0.8214000,0.4986000,0.6846000,0.6607000,0.3848000,0.7210000,0.5939000,0.2878000,0.7375000,0.5377000,0.3959000,0.8402000,0.4474000,0.5144000,0.3182823,0.0000000,0.0000000},
{0.5459270,0.7576623,0.2088884,0.5504739,0.7348012,0.1501637,0.6250171,0.8792262,0.2051492,0.7772792,0.8977951,0.2788717,0.6828949,0.8792106,0.3534391,0.7197000,0.8231000,0.4980000,0.6838000,0.6624000,0.3846000,0.7202000,0.5950000,0.2877000,0.7362000,0.5389000,0.3961000,0.8384000,0.4485000,0.5150000,0.3182823,0.0000000,0.0000000},
{0.5455638,0.7618575,0.2068998,0.5470245,0.7398150,0.1497702,0.6240255,0.8820879,0.2049879,0.7787982,0.8989517,0.2793048,0.6825569,0.8801114,0.3530714,0.7199000,0.8248000,0.4974000,0.6831000,0.6639000,0.3844000,0.7195000,0.5960000,0.2876000,0.7350000,0.5400000,0.3962000,0.8366000,0.4496000,0.5157000,0.3182823,0.0000000,0.0000000},
{0.5452779,0.7657006,0.2050412,0.5435117,0.7448362,0.1494285,0.6230544,0.8847922,0.2048446,0.7802650,0.9000595,0.2797250,0.6822590,0.8808947,0.3527501,0.7199000,0.8265000,0.4967000,0.6823000,0.6654000,0.3841000,0.7189000,0.5969000,0.2876000,0.7337000,0.5412000,0.3964000,0.8348000,0.4507000,0.5163000,0.3182823,0.0000000,0.0000000},
{0.5450475,0.7694149,0.2032085,0.4828111,0.7349212,0.2109163,0.6220613,0.8874612,0.2047126,0.7814768,0.9009677,0.2800737,0.6819169,0.8817814,0.3523846,0.7199000,0.8282000,0.4960000,0.6817000,0.6668000,0.3838000,0.7182000,0.5979000,0.2875000,0.7325000,0.5422000,0.3965000,0.8330000,0.4517000,0.5169000,0.3182823,0.0000000,0.0000000},
{0.5448772,0.7728622,0.2014730,0.4813213,0.7397256,0.2089068,0.6211008,0.8899524,0.2045984,0.7825906,0.9017968,0.2803954,0.6815915,0.8826129,0.3520400,0.7199000,0.8298000,0.4953000,0.6811000,0.6681000,0.3834000,0.7175000,0.5987000,0.2874000,0.7313000,0.5434000,0.3965000,0.8313000,0.4529000,0.5175000,0.3182823,0.0000000,0.0000000},
{0.5447591,0.7760914,0.1998148,0.4800096,0.7441050,0.2070335,0.6201921,0.8922300,0.2045023,0.7836063,0.9025481,0.2806899,0.6812893,0.8833749,0.3517227,0.7199000,0.8315000,0.4946000,0.6804000,0.6696000,0.3831000,0.7168000,0.5996000,0.2873000,0.7302000,0.5445000,0.3966000,0.8296000,0.4540000,0.5181000,0.3182823,0.0000000,0.0000000},
{0.5446903,0.7789606,0.1983128,0.4787697,0.7484004,0.2051541,0.6192420,0.8945310,0.2044139,0.7843636,0.9031054,0.2809101,0.6809735,0.8841609,0.3513938,0.7198000,0.8330000,0.4938000,0.6798000,0.6710000,0.3828000,0.7161000,0.6004000,0.2872000,0.7291000,0.5455000,0.3966000,0.8279000,0.4550000,0.5187000,0.3182823,0.0000000,0.0000000},
{0.5446584,0.7818270,0.1967831,0.4776200,0.7525486,0.2032963,0.6183741,0.8965633,0.2043435,0.7850843,0.9036333,0.2811202,0.6806537,0.8849464,0.3510635,0.7198000,0.8345000,0.4931000,0.6792000,0.6723000,0.3824000,0.7154000,0.6013000,0.2870000,0.7279000,0.5466000,0.3967000,0.8264000,0.4561000,0.5192000,0.3182823,0.0000000,0.0000000},
{0.5446637,0.7844158,0.1953746,0.4765426,0.7566155,0.2014301,0.6174576,0.8986388,0.2042798,0.7856027,0.9040117,0.2812717,0.6803323,0.8857252,0.3507344,0.7197000,0.8360000,0.4923000,0.6786000,0.6736000,0.3821000,0.7148000,0.6021000,0.2870000,0.7268000,0.5475000,0.3968000,0.8248000,0.4572000,0.5197000,0.3182823,0.0000000,0.0000000},
{0.5447009,0.7868533,0.1940230,0.4756110,0.7603096,0.1996927,0.6165607,0.9006009,0.2042278,0.7859441,0.9042601,0.2813716,0.6800029,0.8865126,0.3503999,0.7195000,0.8374000,0.4916000,0.6780000,0.6748000,0.3818000,0.7141000,0.6029000,0.2869000,0.7257000,0.5485000,0.3969000,0.8233000,0.4582000,0.5203000,0.3182823,0.0000000,0.0000000},
{0.5447652,0.7891074,0.1927494,0.4747123,0.7640748,0.1978762,0.6156500,0.9025253,0.2041852,0.7861617,0.9044182,0.2814353,0.6797341,0.8871475,0.3501290,0.7193000,0.8387000,0.4909000,0.6774000,0.6759000,0.3815000,0.7135000,0.6036000,0.2868000,0.7247000,0.5494000,0.3969000,0.8218000,0.4592000,0.5208000,0.3182823,0.0000000,0.0000000},
{0.5448512,0.7911669,0.1915643,0.4739242,0.7675911,0.1961337,0.6147359,0.9043890,0.2041526,0.7862676,0.9044951,0.2814663,0.6793616,0.8880158,0.3497565,0.7189000,0.8399000,0.4902000,0.6768000,0.6769000,0.3812000,0.7129000,0.6044000,0.2868000,0.7236000,0.5504000,0.3970000,0.8204000,0.4602000,0.5212000,0.3182823,0.0000000,0.0000000},
{0.5449555,0.7930701,0.1904495,0.4732207,0.7709621,0.1944165,0.6137955,0.9062370,0.2041294,0.7861917,0.9044400,0.2814441,0.6790423,0.8887494,0.3494401,0.7186000,0.8411000,0.4895000,0.6761000,0.6779000,0.3809000,0.7123000,0.6050000,0.2868000,0.7228000,0.5512000,0.3971000,0.8190000,0.4612000,0.5217000,0.3182823,0.0000000,0.0000000},
{0.5450708,0.7947746,0.1894337,0.4726086,0.7741450,0.1927482,0.6128316,0.9080593,0.2041165,0.7859894,0.9042930,0.2813848,0.6787005,0.8895245,0.3491040,0.7182000,0.8422000,0.4889000,0.6755000,0.6787000,0.3806000,0.7117000,0.6057000,0.2867000,0.7219000,0.5521000,0.3972000,0.8178000,0.4621000,0.5222000,0.3182823,0.0000000,0.0000000},
{0.5451928,0.7963005,0.1885095,0.4720800,0.7771683,0.1911160,0.6118053,0.9099213,0.2041145,0.7857111,0.9040906,0.2813034,0.6783974,0.8902030,0.3488083,0.7178000,0.8433000,0.4883000,0.6749000,0.6797000,0.3804000,0.7111000,0.6063000,0.2867000,0.7210000,0.5530000,0.3973000,0.8165000,0.4631000,0.5226000,0.3182823,0.0000000,0.0000000},
{0.5453281,0.7977685,0.1876063,0.4716350,0.7800183,0.1895295,0.6107274,0.9117911,0.2041252,0.7852007,0.9037184,0.2811542,0.6780796,0.8909056,0.3485007,0.7173000,0.8443000,0.4878000,0.6744000,0.6805000,0.3801000,0.7106000,0.6069000,0.2866000,0.7201000,0.5538000,0.3973000,0.8153000,0.4640000,0.5231000,0.3182823,0.0000000,0.0000000},
{0.5454508,0.7989522,0.1868672,0.4712729,0.7826764,0.1880022,0.6096279,0.9136096,0.2041494,0.7846436,0.9033108,0.2809917,0.6777313,0.8916653,0.3481662,0.7169000,0.8452000,0.4872000,0.6738000,0.6813000,0.3798000,0.7100000,0.6074000,0.2865000,0.7193000,0.5546000,0.3974000,0.8142000,0.4649000,0.5235000,0.3182823,0.0000000,0.0000000},
{0.5455764,0.8000524,0.1861711,0.4710086,0.7849561,0.1866508,0.6084307,0.9154889,0.2041909,0.7838681,0.9027411,0.2807660,0.6774053,0.8923669,0.3478556,0.7164000,0.8462000,0.4867000,0.6733000,0.6821000,0.3796000,0.7095000,0.6080000,0.2865000,0.7186000,0.5554000,0.3975000,0.8131000,0.4658000,0.5239000,0.3182823,0.0000000,0.0000000},
{0.5456950,0.8010070,0.1855596,0.4708021,0.7871273,0.1853230,0.6071522,0.9173822,0.2042523,0.7830484,0.9021360,0.2805280,0.6770192,0.8931862,0.3474908,0.7159000,0.8470000,0.4861000,0.6727000,0.6829000,0.3793000,0.7090000,0.6085000,0.2865000,0.7179000,0.5561000,0.3976000,0.8120000,0.4667000,0.5243000,0.3182823,0.0000000,0.0000000},
{0.5458025,0.8018144,0.1850366,0.4706701,0.7889053,0.1842023,0.6058315,0.9192160,0.2043340,0.7822004,0.9015069,0.2802826,0.6767031,0.8938479,0.3471945,0.7153000,0.8478000,0.4856000,0.6721000,0.6834000,0.3791000,0.7085000,0.6089000,0.2864000,0.7172000,0.5570000,0.3976000,0.8110000,0.4675000,0.5246000,0.3182823,0.0000000,0.0000000},
{0.5459039,0.8025320,0.1845672,0.4705799,0.7905907,0.1831086,0.6043532,0.9211238,0.2044471,0.7812254,0.9007797,0.2800012,0.6762750,0.8947308,0.3467968,0.7147000,0.8486000,0.4852000,0.6715000,0.6841000,0.3788000,0.7080000,0.6094000,0.2863000,0.7165000,0.5576000,0.3977000,0.8100000,0.4684000,0.5250000,0.3182823,0.0000000,0.0000000},
{0.5459898,0.8031098,0.1841859,0.4705341,0.7919893,0.1821749,0.6027635,0.9230068,0.2045941,0.7801071,0.8999407,0.2796797,0.6759255,0.8954408,0.3464749,0.7140000,0.8493000,0.4847000,0.6709000,0.6847000,0.3785000,0.7075000,0.6098000,0.2863000,0.7158000,0.5583000,0.3977000,0.8090000,0.4692000,0.5253000,0.3182823,0.0000000,0.0000000},
{0.5460799,0.8036905,0.1837997,0.4705181,0.7932096,0.1813386,0.6010228,0.9248701,0.2047848,0.7789255,0.8990482,0.2793412,0.6755864,0.8961204,0.3461651,0.7133000,0.8500000,0.4842000,0.6704000,0.6852000,0.3783000,0.7070000,0.6103000,0.2862000,0.7151000,0.5589000,0.3978000,0.8081000,0.4700000,0.5257000,0.3182823,0.0000000,0.0000000},
{0.5461614,0.8041943,0.1834619,0.4705256,0.7943511,0.1805362,0.5990495,0.9267342,0.2050382,0.7780516,0.8983845,0.2790917,0.6751351,0.8970109,0.3457564,0.7126000,0.8506000,0.4838000,0.6698000,0.6858000,0.3780000,0.7065000,0.6106000,0.2861000,0.7145000,0.5594000,0.3978000,0.8072000,0.4708000,0.5260000,0.3182823,0.0000000,0.0000000},
{0.5462232,0.8045643,0.1832124,0.4705464,0.7951896,0.1799330,0.5968817,0.9284795,0.2053619,0.7766828,0.8973383,0.2787023,0.6747712,0.8977179,0.3454297,0.7119000,0.8512000,0.4834000,0.6693000,0.6863000,0.3778000,0.7060000,0.6109000,0.2860000,0.7140000,0.5600000,0.3978000,0.8064000,0.4715000,0.5263000,0.3182823,0.0000000,0.0000000},
{0.5462885,0.8049447,0.1829544,0.4705748,0.7958958,0.1794152,0.5943669,0.9301083,0.2057968,0.7753911,0.8963440,0.2783365,0.6743542,0.8985157,0.3450587,0.7111000,0.8517000,0.4830000,0.6688000,0.6867000,0.3776000,0.7055000,0.6113000,0.2859000,0.7133000,0.5606000,0.3979000,0.8057000,0.4723000,0.5266000,0.3182823,0.0000000,0.0000000},
{0.5463335,0.8052007,0.1827800,0.4706100,0.7965376,0.1789362,0.5915898,0.9314116,0.2063513,0.7743722,0.8955548,0.2780490,0.6740201,0.8991457,0.3447638,0.7103000,0.8522000,0.4827000,0.6682000,0.6871000,0.3774000,0.7050000,0.6116000,0.2858000,0.7127000,0.5610000,0.3979000,0.8049000,0.4729000,0.5269000,0.3182823,0.0000000,0.0000000},
{0.5463958,0.8055470,0.1825429,0.4706501,0.7971190,0.1784949,0.5886245,0.9322230,0.2070305,0.7730270,0.8945065,0.2776708,0.6736735,0.8997907,0.3444602,0.7095000,0.8527000,0.4824000,0.6676000,0.6875000,0.3772000,0.7045000,0.6119000,0.2858000,0.7122000,0.5615000,0.3980000,0.8042000,0.4736000,0.5271000,0.3182823,0.0000000,0.0000000},
{0.5464334,0.8057524,0.1824017,0.4706830,0.7975248,0.1781824,0.5855306,0.9324178,0.2078368,0.7716826,0.8934515,0.2772945,0.6732412,0.9005829,0.3440847,0.7087000,0.8531000,0.4821000,0.6670000,0.6878000,0.3770000,0.7040000,0.6121000,0.2858000,0.7116000,0.5619000,0.3980000,0.8035000,0.4742000,0.5274000,0.3182823,0.0000000,0.0000000},
{0.5464702,0.8059500,0.1822654,0.4707149,0.7978761,0.1779089,0.5831712,0.9321067,0.2085206,0.7707572,0.8927212,0.2770364,0.6729064,0.9011876,0.3437962,0.7077000,0.8534000,0.4818000,0.6664000,0.6879000,0.3768000,0.7036000,0.6123000,0.2857000,0.7112000,0.5623000,0.3980000,0.8028000,0.4748000,0.5277000,0.3182823,0.0000000,0.0000000},
{0.5464847,0.8060270,0.1822122,0.4707446,0.7981741,0.1776744,0.5811979,0.9315312,0.2091398,0.7694133,0.8916547,0.2766630,0.6724935,0.9019226,0.3434433,0.7068000,0.8537000,0.4816000,0.6657000,0.6881000,0.3767000,0.7031000,0.6125000,0.2857000,0.7107000,0.5627000,0.3980000,0.8023000,0.4754000,0.5279000,0.3182823,0.0000000,0.0000000},
{0.5464886,0.8060477,0.1821979,0.4707626,0.7983440,0.1775398,0.5796028,0.9308498,0.2096728,0.7681402,0.8906377,0.2763106,0.6720567,0.9026875,0.3430733,0.7058000,0.8539000,0.4813000,0.6651000,0.6882000,0.3764000,0.7027000,0.6126000,0.2857000,0.7103000,0.5631000,0.3981000,0.8017000,0.4759000,0.5281000,0.3182823,0.0000000,0.0000000},
{0.5464886,0.8060477,0.1821979,0.4707681,0.7983940,0.1775001,0.5782905,0.9301401,0.2101336,0.7670422,0.8897557,0.2760078,0.6717402,0.9032336,0.3428073,0.7049000,0.8541000,0.4811000,0.6645000,0.6883000,0.3763000,0.7022000,0.6127000,0.2857000,0.7099000,0.5634000,0.3981000,0.8011000,0.4764000,0.5284000,0.3182823,0.0000000,0.0000000},
{0.5464778,0.8059904,0.1822375,0.4707769,0.7984733,0.1774368,0.5771620,0.9294191,0.2105465,0.7662750,0.8891367,0.2757969,0.6713846,0.9038393,0.3425105,0.7039000,0.8543000,0.4810000,0.6640000,0.6884000,0.3761000,0.7018000,0.6128000,0.2858000,0.7095000,0.5637000,0.3981000,0.8007000,0.4769000,0.5286000,0.3182823,0.0000000,0.0000000},
{0.5464652,0.8059233,0.1822839,0.4707695,0.7984067,0.1774899,0.5762233,0.9287397,0.2109018,0.7652559,0.8883110,0.2755174,0.6710396,0.9044191,0.3422247,0.7030000,0.8544000,0.4809000,0.6634000,0.6885000,0.3760000,0.7015000,0.6128000,0.2859000,0.7091000,0.5639000,0.3981000,0.8002000,0.4774000,0.5288000,0.3182823,0.0000000,0.0000000},
{0.5464373,0.8057732,0.1823874,0.4707656,0.7983716,0.1775179,0.5754546,0.9281282,0.2112011,0.7643752,0.8875942,0.2752767,0.6707300,0.9049328,0.3419699,0.7021000,0.8545000,0.4808000,0.6628000,0.6885000,0.3759000,0.7013000,0.6129000,0.2860000,0.7088000,0.5641000,0.3981000,0.7997000,0.4778000,0.5289000,0.3182823,0.0000000,0.0000000},
{0.5464098,0.8056239,0.1824901,0.4707523,0.7982476,0.1776163,0.5747203,0.9274966,0.2114941,0.7635513,0.8869210,0.2750520,0.6704656,0.9053666,0.3417536,0.7012000,0.8546000,0.4808000,0.6623000,0.6886000,0.3758000,0.7009000,0.6130000,0.2860000,0.7083000,0.5643000,0.3982000,0.7993000,0.4782000,0.5291000,0.3182823,0.0000000,0.0000000},
{0.5463707,0.8054088,0.1826376,0.4707355,0.7980860,0.1777440,0.5741086,0.9269348,0.2117435,0.7631232,0.8865703,0.2749355,0.6701697,0.9058467,0.3415130,0.7005000,0.8547000,0.4807000,0.6617000,0.6887000,0.3757000,0.7006000,0.6131000,0.2859000,0.7081000,0.5646000,0.3982000,0.7989000,0.4786000,0.5293000,0.3182823,0.0000000,0.0000000},
{0.5463275,0.8051669,0.1828031,0.4707132,0.7978580,0.1779230,0.5736067,0.9264489,0.2119519,0.7624323,0.8860028,0.2747477,0.6699527,0.9061955,0.3413374,0.6997000,0.8548000,0.4807000,0.6612000,0.6887000,0.3756000,0.7003000,0.6133000,0.2859000,0.7077000,0.5649000,0.3982000,0.7984000,0.4790000,0.5294000,0.3182823,0.0000000,0.0000000},
{0.5462823,0.8049091,0.1829786,0.4706906,0.7976121,0.1781147,0.5731764,0.9260143,0.2121333,0.7617963,0.8854788,0.2745753,0.6696763,0.9066352,0.3411149,0.6991000,0.8549000,0.4807000,0.6607000,0.6888000,0.3755000,0.7000000,0.6133000,0.2858000,0.7074000,0.5652000,0.3982000,0.7981000,0.4794000,0.5296000,0.3182823,0.0000000,0.0000000},
{0.5462270,0.8045871,0.1831970,0.4706660,0.7973218,0.1783392,0.5728017,0.9256222,0.2122933,0.7615687,0.8852910,0.2745136,0.6694806,0.9069439,0.3409581,0.6985000,0.8550000,0.4806000,0.6603000,0.6889000,0.3755000,0.6996000,0.6134000,0.2858000,0.7072000,0.5654000,0.3983000,0.7976000,0.4797000,0.5297000,0.3182823,0.0000000,0.0000000},
{0.5461749,0.8042764,0.1834067,0.4706366,0.7969363,0.1786344,0.5724651,0.9252588,0.2124387,0.7611767,0.8849669,0.2744076,0.6692699,0.9072734,0.3407899,0.6979000,0.8551000,0.4806000,0.6598000,0.6890000,0.3754000,0.6993000,0.6135000,0.2858000,0.7068000,0.5656000,0.3983000,0.7973000,0.4800000,0.5298000,0.3182823,0.0000000,0.0000000},
{0.5461213,0.8039488,0.1836268,0.4706098,0.7965346,0.1789385,0.5722016,0.9249671,0.2125536,0.7607954,0.8846512,0.2743045,0.6690880,0.9075557,0.3406454,0.6974000,0.8553000,0.4806000,0.6595000,0.6891000,0.3754000,0.6989000,0.6136000,0.2857000,0.7066000,0.5658000,0.3983000,0.7969000,0.4803000,0.5300000,0.3182823,0.0000000,0.0000000},
{0.5460612,0.8035721,0.1838786,0.4705829,0.7960596,0.1792937,0.5719950,0.9247338,0.2126444,0.7609373,0.8847688,0.2743429,0.6689378,0.9077874,0.3405264,0.6970000,0.8555000,0.4806000,0.6592000,0.6892000,0.3754000,0.6986000,0.6137000,0.2857000,0.7063000,0.5659000,0.3983000,0.7966000,0.4806000,0.5301000,0.3182823,0.0000000,0.0000000},
{0.5459894,0.8031072,0.1841876,0.4705613,0.7955912,0.1796396,0.5718432,0.9245598,0.2127115,0.7607281,0.8845955,0.2742864,0.6688076,0.9079869,0.3404236,0.6966000,0.8557000,0.4805000,0.6588000,0.6894000,0.3753000,0.6984000,0.6138000,0.2857000,0.7060000,0.5661000,0.3983000,0.7963000,0.4809000,0.5302000,0.3182823,0.0000000,0.0000000},
{0.5459354,0.8027468,0.1844257,0.4705394,0.7949624,0.1800977,0.5717258,0.9244238,0.2127636,0.7609200,0.8847544,0.2743382,0.6686769,0.9081864,0.3403206,0.6962000,0.8559000,0.4805000,0.6585000,0.6895000,0.3753000,0.6981000,0.6139000,0.2856000,0.7057000,0.5663000,0.3983000,0.7959000,0.4812000,0.5303000,0.3182823,0.0000000,0.0000000},
{0.5458773,0.8023473,0.1846884,0.4705256,0.7943480,0.1805384,0.5716579,0.9243445,0.2127938,0.7607536,0.8846165,0.2742932,0.6685134,0.9084344,0.3401922,0.6959000,0.8560000,0.4804000,0.6582000,0.6897000,0.3752000,0.6978000,0.6141000,0.2856000,0.7055000,0.5665000,0.3982000,0.7956000,0.4815000,0.5303000,0.3182823,0.0000000,0.0000000},
{0.5458118,0.8018818,0.1849927,0.4705184,0.7936680,0.1810189,0.5716230,0.9243036,0.2128094,0.7611803,0.8849699,0.2744086,0.6683904,0.9086199,0.3400959,0.6955000,0.8562000,0.4803000,0.6580000,0.6898000,0.3750000,0.6976000,0.6142000,0.2855000,0.7051000,0.5666000,0.3982000,0.7952000,0.4817000,0.5304000,0.3182823,0.0000000,0.0000000},
{0.5457531,0.8014497,0.1852735,0.4705193,0.7929703,0.1815043,0.5716656,0.9243535,0.2127904,0.7616406,0.8853503,0.2745331,0.6682636,0.9088102,0.3399968,0.6951000,0.8563000,0.4801000,0.6577000,0.6900000,0.3749000,0.6974000,0.6143000,0.2855000,0.7048000,0.5668000,0.3981000,0.7948000,0.4819000,0.5304000,0.3182823,0.0000000,0.0000000},
{0.5456963,0.8010172,0.1855530,0.4705353,0.7919369,0.1822103,0.5717885,0.9244967,0.2127357,0.7617135,0.8854105,0.2745528,0.6681853,0.9089273,0.3399358,0.6946000,0.8564000,0.4800000,0.6574000,0.6900000,0.3747000,0.6972000,0.6144000,0.2853000,0.7047000,0.5669000,0.3980000,0.7944000,0.4821000,0.5304000,0.3182823,0.0000000,0.0000000},
{0.5456367,0.8005468,0.1858553,0.4705658,0.7909422,0.1828763,0.5719421,0.9246734,0.2126677,0.7623056,0.8858985,0.2747133,0.6680942,0.9090629,0.3398649,0.6942000,0.8565000,0.4798000,0.6572000,0.6900000,0.3744000,0.6971000,0.6144000,0.2852000,0.7044000,0.5669000,0.3979000,0.7941000,0.4822000,0.5304000,0.3182823,0.0000000,0.0000000},
{0.5455765,0.8000532,0.1861706,0.4706178,0.7897985,0.1836267,0.5722141,0.9249811,0.2125482,0.7629546,0.8864320,0.2748896,0.6679773,0.9092363,0.3397741,0.6937000,0.8565000,0.4797000,0.6569000,0.6900000,0.3741000,0.6969000,0.6145000,0.2850000,0.7042000,0.5670000,0.3977000,0.7937000,0.4824000,0.5304000,0.3182823,0.0000000,0.0000000},
{0.5455220,0.7995885,0.1864658,0.4706931,0.7885568,0.1844245,0.5725234,0.9253225,0.2124134,0.7635903,0.8869529,0.2750626,0.6679447,0.9092846,0.3397488,0.6933000,0.8565000,0.4795000,0.6567000,0.6900000,0.3738000,0.6967000,0.6145000,0.2848000,0.7038000,0.5671000,0.3975000,0.7933000,0.4825000,0.5303000,0.3182823,0.0000000,0.0000000},
{0.5454725,0.7991499,0.1867428,0.4708027,0.7871194,0.1853280,0.5729372,0.9257654,0.2122353,0.7638857,0.8871946,0.2751431,0.6678942,0.9093591,0.3397097,0.6929000,0.8565000,0.4792000,0.6564000,0.6899000,0.3734000,0.6966000,0.6145000,0.2846000,0.7035000,0.5670000,0.3973000,0.7929000,0.4826000,0.5303000,0.3182823,0.0000000,0.0000000},
{0.5454282,0.7987431,0.1869985,0.4709362,0.7856634,0.1862228,0.5734313,0.9262738,0.2120256,0.7647171,0.8878728,0.2753701,0.6678484,0.9094267,0.3396742,0.6924000,0.8565000,0.4790000,0.6561000,0.6899000,0.3731000,0.6964000,0.6145000,0.2844000,0.7032000,0.5669000,0.3971000,0.7925000,0.4826000,0.5302000,0.3182823,0.0000000,0.0000000},
{0.5453881,0.7983629,0.1872364,0.4710986,0.7841340,0.1871429,0.5739859,0.9268181,0.2117942,0.7653695,0.8884032,0.2755486,0.6678180,0.9094715,0.3396507,0.6920000,0.8564000,0.4788000,0.6560000,0.6898000,0.3727000,0.6962000,0.6144000,0.2842000,0.7030000,0.5669000,0.3969000,0.7921000,0.4826000,0.5302000,0.3182823,0.0000000,0.0000000},
{0.5453669,0.7981566,0.1873651,0.4713069,0.7824082,0.1881586,0.5747564,0.9275289,0.2114795,0.7658453,0.8887890,0.2756789,0.6678088,0.9094849,0.3396436,0.6916000,0.8563000,0.4785000,0.6557000,0.6896000,0.3723000,0.6961000,0.6143000,0.2839000,0.7028000,0.5668000,0.3967000,0.7917000,0.4826000,0.5301000,0.3182823,0.0000000,0.0000000},
{0.5453445,0.7979339,0.1875037,0.4715311,0.7807416,0.1891187,0.5757687,0.9283841,0.2110779,0.7665534,0.8893616,0.2758734,0.6678103,0.9094828,0.3396447,0.6911000,0.8561000,0.4782000,0.6555000,0.6894000,0.3719000,0.6960000,0.6142000,0.2837000,0.7025000,0.5667000,0.3965000,0.7915000,0.4825000,0.5300000,0.3182823,0.0000000,0.0000000},
{0.5453217,0.7977034,0.1876467,0.4717956,0.7789480,0.1901311,0.5771852,0.9294350,0.2105378,0.7670588,0.8897691,0.2760124,0.6678480,0.9094272,0.3396739,0.6906000,0.8560000,0.4780000,0.6553000,0.6892000,0.3715000,0.6959000,0.6141000,0.2835000,0.7023000,0.5665000,0.3963000,0.7912000,0.4824000,0.5300000,0.3182823,0.0000000,0.0000000},
{0.5453211,0.7976974,0.1876504,0.4720704,0.7772263,0.1910842,0.5792077,0.9306505,0.2098094,0.7679772,0.8905071,0.2762656,0.6678642,0.9094034,0.3396864,0.6901000,0.8558000,0.4776000,0.6550000,0.6889000,0.3711000,0.6958000,0.6139000,0.2833000,0.7021000,0.5663000,0.3961000,0.7910000,0.4823000,0.5299000,0.3182823,0.0000000,0.0000000},
{0.5453133,0.7976175,0.1876999,0.4723926,0.7753429,0.1921074,0.5822590,0.9318769,0.2088014,0.7685595,0.8909734,0.2764265,0.6678760,0.9093861,0.3396956,0.6897000,0.8556000,0.4773000,0.6548000,0.6886000,0.3708000,0.6956000,0.6137000,0.2831000,0.7019000,0.5661000,0.3959000,0.7907000,0.4822000,0.5299000,0.3182823,0.0000000,0.0000000},
{0.5453318,0.7978065,0.1875827,0.4727079,0.7736085,0.1930328,0.5872713,0.9323911,0.2073707,0.7692271,0.8915063,0.2766114,0.6679062,0.9093415,0.3397189,0.6893000,0.8554000,0.4769000,0.6545000,0.6884000,0.3704000,0.6955000,0.6135000,0.2829000,0.7017000,0.5659000,0.3958000,0.7905000,0.4821000,0.5298000,0.3182823,0.0000000,0.0000000},
{0.5453569,0.7980579,0.1874265,0.4730118,0.7720177,0.1938685,0.5924753,0.9310528,0.2061660,0.7697552,0.8919266,0.2767578,0.6679782,0.9092351,0.3397748,0.6890000,0.8553000,0.4764000,0.6543000,0.6881000,0.3701000,0.6954000,0.6133000,0.2828000,0.7014000,0.5656000,0.3956000,0.7904000,0.4820000,0.5298000,0.3182823,0.0000000,0.0000000},
{0.5454043,0.7985178,0.1871396,0.4732517,0.7708077,0.1944962,0.5962240,0.9289465,0.2054695,0.7703819,0.8924241,0.2769320,0.6680342,0.9091521,0.3398182,0.6888000,0.8553000,0.4760000,0.6540000,0.6879000,0.3698000,0.6953000,0.6132000,0.2827000,0.7013000,0.5654000,0.3955000,0.7902000,0.4819000,0.5297000,0.3182823,0.0000000,0.0000000},
{0.5454770,0.7991900,0.1867176,0.5171842,0.7792794,0.1490909,0.5989159,0.9268509,0.2050568,0.7711632,0.8930421,0.2771496,0.6681243,0.9090181,0.3398883,0.6886000,0.8553000,0.4755000,0.6537000,0.6876000,0.3695000,0.6952000,0.6131000,0.2826000,0.7012000,0.5653000,0.3954000,0.7900000,0.4818000,0.5297000,0.3182823,0.0000000,0.0000000},
{0.5455750,0.8000404,0.1861788,0.5201396,0.7757392,0.1489013,0.6008226,0.9250713,0.2048087,0.7714185,0.8932435,0.2772208,0.6682031,0.9089006,0.3399497,0.6886000,0.8553000,0.4750000,0.6535000,0.6874000,0.3693000,0.6951000,0.6129000,0.2824000,0.7011000,0.5652000,0.3952000,0.7898000,0.4817000,0.5296000,0.3182823,0.0000000,0.0000000},
{0.5456938,0.8009976,0.1855656,0.5226117,0.7727057,0.1487932,0.6024975,0.9233048,0.2046212,0.7720349,0.8937287,0.2773930,0.6683134,0.9087356,0.3400357,0.6886000,0.8553000,0.4744000,0.6533000,0.6872000,0.3690000,0.6950000,0.6127000,0.2822000,0.7009000,0.5650000,0.3951000,0.7897000,0.4815000,0.5296000,0.3182823,0.0000000,0.0000000},
{0.5458680,0.8022821,0.1847311,0.5245764,0.7702503,0.1487383,0.6037677,0.9218375,0.2044982,0.7727669,0.8943029,0.2775979,0.6684047,0.9085983,0.3401071,0.6886000,0.8554000,0.4739000,0.6532000,0.6871000,0.3688000,0.6948000,0.6127000,0.2818000,0.7007000,0.5649000,0.3950000,0.7895000,0.4814000,0.5295000,0.3182823,0.0000000,0.0000000},
{0.5460929,0.8037722,0.1837450,0.5261671,0.7682348,0.1487131,0.6049188,0.9204118,0.2044012,0.7730945,0.8945593,0.2776898,0.6685191,0.9084258,0.3401967,0.6887000,0.8555000,0.4733000,0.6530000,0.6869000,0.3686000,0.6947000,0.6127000,0.2816000,0.7006000,0.5647000,0.3949000,0.7894000,0.4813000,0.5295000,0.3182823,0.0000000,0.0000000},
{0.5463827,0.8054751,0.1825922,0.5274237,0.7666255,0.1487050,0.6058375,0.9192079,0.2043336,0.7737171,0.8950452,0.2778646,0.6685982,0.9083059,0.3402588,0.6888000,0.8555000,0.4727000,0.6529000,0.6868000,0.3684000,0.6947000,0.6126000,0.2815000,0.7004000,0.5646000,0.3949000,0.7893000,0.4812000,0.5295000,0.3182823,0.0000000,0.0000000},
{0.5467337,0.8072873,0.1813318,0.5284322,0.7653234,0.1487059,0.6066549,0.9180871,0.2042809,0.7739820,0.8952515,0.2779391,0.6687192,0.9081219,0.3403540,0.6890000,0.8556000,0.4721000,0.6528000,0.6867000,0.3682000,0.6947000,0.6126000,0.2814000,0.7004000,0.5645000,0.3948000,0.7892000,0.4811000,0.5295000,0.3182823,0.0000000,0.0000000},
{0.5472337,0.8095151,0.1797281,0.5291601,0.7643778,0.1487105,0.6073530,0.9170925,0.2042415,0.7742765,0.8954805,0.2780220,0.6688215,0.9079657,0.3404346,0.6892000,0.8557000,0.4716000,0.6527000,0.6866000,0.3680000,0.6946000,0.6125000,0.2813000,0.7003000,0.5644000,0.3948000,0.7891000,0.4810000,0.5295000,0.3182823,0.0000000,0.0000000},
{0.5869643,0.8127465,0.1465698,0.5296998,0.7636737,0.1487160,0.6079747,0.9161776,0.2042108,0.7748933,0.8959590,0.2781959,0.6689030,0.9078408,0.3404989,0.6893000,0.8558000,0.4710000,0.6527000,0.6866000,0.3678000,0.6946000,0.6124000,0.2812000,0.7002000,0.5643000,0.3947000,0.7890000,0.4810000,0.5295000,0.3182823,0.0000000,0.0000000},
{0.5883096,0.8113199,0.1462803,0.5299583,0.7633355,0.1487193,0.6084512,0.9154576,0.2041901,0.7750530,0.8960826,0.2782410,0.6689664,0.9077433,0.3405491,0.6895000,0.8559000,0.4705000,0.6526000,0.6865000,0.3676000,0.6946000,0.6123000,0.2811000,0.7001000,0.5643000,0.3947000,0.7889000,0.4809000,0.5294000,0.3182823,0.0000000,0.0000000},
{0.5892962,0.8102437,0.1460842,0.5302911,0.7628993,0.1487242,0.6088475,0.9148465,0.2041747,0.7756624,0.8965534,0.2784132,0.6690761,0.9075742,0.3406359,0.6896000,0.8560000,0.4701000,0.6527000,0.6865000,0.3674000,0.6946000,0.6122000,0.2810000,0.7001000,0.5642000,0.3946000,0.7888000,0.4808000,0.5294000,0.3182823,0.0000000,0.0000000},
{0.5901848,0.8092533,0.1459190,0.5304844,0.7626455,0.1487273,0.6091912,0.9143071,0.2041628,0.7758819,0.8967226,0.2784753,0.6691337,0.9074850,0.3406817,0.6898000,0.8561000,0.4697000,0.6527000,0.6866000,0.3673000,0.6946000,0.6121000,0.2809000,0.7000000,0.5641000,0.3945000,0.7887000,0.4808000,0.5294000,0.3182823,0.0000000,0.0000000},
{0.5908194,0.8085340,0.1458076,0.5307065,0.7623535,0.1487312,0.6095401,0.9137509,0.2041519,0.7763436,0.8970778,0.2786061,0.6692179,0.9073543,0.3407485,0.6899000,0.8562000,0.4694000,0.6527000,0.6866000,0.3671000,0.6946000,0.6120000,0.2808000,0.6999000,0.5641000,0.3944000,0.7886000,0.4808000,0.5294000,0.3182823,0.0000000,0.0000000},
{0.5915232,0.8077247,0.1456903,0.5308736,0.7621335,0.1487343,0.6098082,0.9133175,0.2041445,0.7767901,0.8974206,0.2787328,0.6692808,0.9072564,0.3407986,0.6901000,0.8563000,0.4691000,0.6528000,0.6867000,0.3670000,0.6946000,0.6119000,0.2807000,0.6998000,0.5641000,0.3944000,0.7884000,0.4808000,0.5294000,0.3182823,0.0000000,0.0000000},
{0.5921822,0.8069560,0.1455863,0.5311507,0.7617682,0.1487399,0.6100138,0.9129815,0.2041394,0.7769133,0.8975150,0.2787678,0.6693606,0.9071319,0.3408622,0.6903000,0.8564000,0.4689000,0.6528000,0.6868000,0.3669000,0.6947000,0.6119000,0.2806000,0.6997000,0.5641000,0.3943000,0.7883000,0.4808000,0.5293000,0.3182823,0.0000000,0.0000000},
{0.5928046,0.8062206,0.1454933,0.5313869,0.7614562,0.1487449,0.6102843,0.9125347,0.2041333,0.7773550,0.8978530,0.2788933,0.6694133,0.9070494,0.3409043,0.6904000,0.8565000,0.4688000,0.6529000,0.6869000,0.3668000,0.6947000,0.6119000,0.2805000,0.6997000,0.5641000,0.3942000,0.7881000,0.4808000,0.5293000,0.3182823,0.0000000,0.0000000},
{0.5933040,0.8056239,0.1454222,0.5316213,0.7611461,0.1487503,0.6103624,0.9124046,0.2041317,0.7775727,0.8980194,0.2789553,0.6694528,0.9069875,0.3409358,0.6906000,0.8567000,0.4687000,0.6529000,0.6870000,0.3667000,0.6947000,0.6119000,0.2805000,0.6993000,0.5640000,0.3943000,0.7880000,0.4808000,0.5293000,0.3182823,0.0000000,0.0000000},
{0.5937105,0.8051340,0.1453666,0.5318571,0.7608337,0.1487561,0.6105208,0.9121395,0.2041287,0.7779146,0.8982801,0.2790526,0.6694953,0.9069208,0.3409698,0.6907000,0.8568000,0.4686000,0.6530000,0.6871000,0.3667000,0.6947000,0.6119000,0.2804000,0.6996000,0.5642000,0.3941000,0.7879000,0.4808000,0.5293000,0.3182823,0.0000000,0.0000000}
};
