fitErrPi Mean = 0.420525
fitErrTh Mean = 0.157191
fitErrWr Mean = 0.146265
fitErrLA Mean = 0.287569
fitErrEl Mean = 0.467585
fitErrUA Mean = 0.372259
efPts = {
{0.5602519,0.8303415,0.1748803,0.5206796,0.7984592,0.1679750,0.7113984,0.8656825,0.1127588,0.9468335,0.8839000,0.0678865,0.9081983,0.8966889,0.2046799,0.5312000,0.7972000,0.4211000,0.7102000,0.7531000,0.3572000,0.7417000,0.6742000,0.3616000,0.7566000,0.6062000,0.3873000,0.8288000,0.5385000,0.4690000,0.6162345,0.7459468,-0.0550909},
{0.5587771,0.8298872,0.1745923,0.5186985,0.7979545,0.1675790,0.7110833,0.8654047,0.1126245,0.9467546,0.8837977,0.0678368,0.9075156,0.8960637,0.2039480,0.5311000,0.7972000,0.4211000,0.7088000,0.7527000,0.3564000,0.7400000,0.6740000,0.3611000,0.7546000,0.6058000,0.3868000,0.8270000,0.5384000,0.4690000,0.6155148,0.7456362,-0.0554889},
{0.5567190,0.8292504,0.1741859,0.5161765,0.7973078,0.1670676,0.7106351,0.8650093,0.1124335,0.9463772,0.8833083,0.0675990,0.9066957,0.8953121,0.2030677,0.5309000,0.7973000,0.4210000,0.7073000,0.7524000,0.3557000,0.7386000,0.6738000,0.3606000,0.7525000,0.6054000,0.3863000,0.8251000,0.5382000,0.4690000,0.6144555,0.7451787,-0.0560752},
{0.5539180,0.8283783,0.1736243,0.5131200,0.7965181,0.1664370,0.7100011,0.8644494,0.1121627,0.9458364,0.8826064,0.0672580,0.9058738,0.8945578,0.2021839,0.5308000,0.7973000,0.4210000,0.7058000,0.7520000,0.3551000,0.7372000,0.6735000,0.3599000,0.7504000,0.6050000,0.3858000,0.8233000,0.5381000,0.4690000,0.6131208,0.7446017,-0.0568151},
{0.5506786,0.8273623,0.1729626,0.5095500,0.7955875,0.1656856,0.7091341,0.8636829,0.1117916,0.9452116,0.8817949,0.0668636,0.9050254,0.8937782,0.2012700,0.5307000,0.7973000,0.4209000,0.7042000,0.7515000,0.3545000,0.7362000,0.6733000,0.3592000,0.7484000,0.6046000,0.3854000,0.8213000,0.5379000,0.4690000,0.6114923,0.7438968,-0.0577196},
{0.5468361,0.8261465,0.1721608,0.5053478,0.7944807,0.1647806,0.7079955,0.8626747,0.1113028,0.9446165,0.8810213,0.0664875,0.9041475,0.8929706,0.2003229,0.5306000,0.7973000,0.4209000,0.7026000,0.7511000,0.3538000,0.7344000,0.6729000,0.3586000,0.7463000,0.6042000,0.3849000,0.8192000,0.5378000,0.4688000,0.6096768,0.7431096,-0.0587302},
{0.5424818,0.8247551,0.1712299,0.5006124,0.7932187,0.1637343,0.7066733,0.8615015,0.1107332,0.9436429,0.8797546,0.0658713,0.9033066,0.8921962,0.1994142,0.5305000,0.7973000,0.4209000,0.7006000,0.7505000,0.3531000,0.7327000,0.6726000,0.3581000,0.7442000,0.6039000,0.3844000,0.8170000,0.5377000,0.4687000,0.6073070,0.7420803,-0.0600530},
{0.5377824,0.8232370,0.1701989,0.4955120,0.7918421,0.1625760,0.7052162,0.8602058,0.1101029,0.9427077,0.8785364,0.0652785,0.9024663,0.8914215,0.1985047,0.5304000,0.7974000,0.4208000,0.6982000,0.7498000,0.3523000,0.7310000,0.6722000,0.3574000,0.7421000,0.6035000,0.3839000,0.8148000,0.5375000,0.4686000,0.6049714,0.7410637,-0.0613606},
{0.5327333,0.8215872,0.1690608,0.4898281,0.7902868,0.1612470,0.7034017,0.8585882,0.1093143,0.9417758,0.8773209,0.0646867,0.9016551,0.8906727,0.1976252,0.5303000,0.7974000,0.4208000,0.6960000,0.7494000,0.3512000,0.7289000,0.6718000,0.3569000,0.7401000,0.6031000,0.3835000,0.8124000,0.5377000,0.4682000,0.6022261,0.7398660,-0.0629026},
{0.5271880,0.8197528,0.1677747,0.4839975,0.7886683,0.1598421,0.7016034,0.8569803,0.1085286,0.9405420,0.8757096,0.0639017,0.9006029,0.8897002,0.1964825,0.5302000,0.7974000,0.4207000,0.6942000,0.7490000,0.3507000,0.7273000,0.6714000,0.3562000,0.7380000,0.6027000,0.3830000,0.8101000,0.5375000,0.4680000,0.5995086,0.7386776,-0.0644343},
{0.5214467,0.8178290,0.1664033,0.4777554,0.7869097,0.1582914,0.6995362,0.8551263,0.1076203,0.9391886,0.8739391,0.0630386,0.8996939,0.8888591,0.1954934,0.5301000,0.7974000,0.4207000,0.6923000,0.7485000,0.3501000,0.7252000,0.6709000,0.3556000,0.7359000,0.6023000,0.3825000,0.8077000,0.5373000,0.4679000,0.5964496,0.7373363,-0.0661648},
{0.5153742,0.8157669,0.1649089,0.4712903,0.7850602,0.1566348,0.6973442,0.8531538,0.1066513,0.9378961,0.8722454,0.0622123,0.8985956,0.8878412,0.1942960,0.5300000,0.7974000,0.4206000,0.6923000,0.7485000,0.3501000,0.7233000,0.6705000,0.3550000,0.7338000,0.6019000,0.3820000,0.8053000,0.5370000,0.4677000,0.5931108,0.7358683,-0.0680614},
{0.5091152,0.8136122,0.1633213,0.4647353,0.7831559,0.1549028,0.6948849,0.8509325,0.1055568,0.9362354,0.8700652,0.0611479,0.8975124,0.8868359,0.1931125,0.5299000,0.7975000,0.4206000,0.6891000,0.7475000,0.3495000,0.7205000,0.6699000,0.3545000,0.7318000,0.6015000,0.3816000,0.8029000,0.5368000,0.4676000,0.5895986,0.7343193,-0.0700650},
{0.5026326,0.8113492,0.1616266,0.4578853,0.7811346,0.1530365,0.6922723,0.8485631,0.1043857,0.9346034,0.8679183,0.0600988,0.8962963,0.8857055,0.1917810,0.5298000,0.7975000,0.4205000,0.6860000,0.7466000,0.3489000,0.7182000,0.6693000,0.3539000,0.7297000,0.6012000,0.3811000,0.8003000,0.5366000,0.4675000,0.5860108,0.7327320,-0.0721211},
{0.4960349,0.8090135,0.1598491,0.4510118,0.7790745,0.1511061,0.6896765,0.8461994,0.1032134,0.9328050,0.8655471,0.0589391,0.8951846,0.8846704,0.1905610,0.5296000,0.7975000,0.4205000,0.6829000,0.7456000,0.3483000,0.7158000,0.6687000,0.3534000,0.7297000,0.6012000,0.3811000,0.7978000,0.5364000,0.4674000,0.5820586,0.7309777,-0.0743968},
{0.4893624,0.8066179,0.1579976,0.4440951,0.7769690,0.1491053,0.6868513,0.8436157,0.1019277,0.9310718,0.8632567,0.0578178,0.8939875,0.8835541,0.1892444,0.5295000,0.7975000,0.4205000,0.6797000,0.7447000,0.3476000,0.7134000,0.6680000,0.3528000,0.7271000,0.6005000,0.3809000,0.7951000,0.5362000,0.4673000,0.5782265,0.7292709,-0.0766141},
{0.4825550,0.8041392,0.1560526,0.4371302,0.7748161,0.1470316,0.6838825,0.8408881,0.1005654,0.9290518,0.8605809,0.0565066,0.8924577,0.8821248,0.1875573,0.5294000,0.7975000,0.4204000,0.6766000,0.7437000,0.3470000,0.7110000,0.6673000,0.3522000,0.7248000,0.5999000,0.3802000,0.7925000,0.5360000,0.4672000,0.5742717,0.7275033,-0.0789136},
{0.4757219,0.8016159,0.1540435,0.4302445,0.7726554,0.1449233,0.6809032,0.8381379,0.0991869,0.9270057,0.8578635,0.0551735,0.8912052,0.8809524,0.1861724,0.5293000,0.7976000,0.4204000,0.6735000,0.7427000,0.3464000,0.7086000,0.6667000,0.3517000,0.7229000,0.5999000,0.3797000,0.7897000,0.5359000,0.4672000,0.5703014,0.7257226,-0.0812336},
{0.4688847,0.7990557,0.1519761,0.4232452,0.7704262,0.1427208,0.6775989,0.8350726,0.0976444,0.9249375,0.8551095,0.0538210,0.8896020,0.8794486,0.1843946,0.5292000,0.7976000,0.4203000,0.6703000,0.7418000,0.3458000,0.7086000,0.6667000,0.3517000,0.7202000,0.5994000,0.3794000,0.7869000,0.5358000,0.4672000,0.5663037,0.7239234,-0.0835812},
{0.4620044,0.7964436,0.1498379,0.4162829,0.7681758,0.1404707,0.6742928,0.8319895,0.0960869,0.9227122,0.8521379,0.0523601,0.8882913,0.8782168,0.1829372,0.5291000,0.7976000,0.4203000,0.6672000,0.7408000,0.3452000,0.7094000,0.6693000,0.3497000,0.7202000,0.5994000,0.3794000,0.7839000,0.5356000,0.4672000,0.5619089,0.7219381,-0.0861755},
{0.4549951,0.7937455,0.1475999,0.4093576,0.7659048,0.1381737,0.6708198,0.8287333,0.0944351,0.9204901,0.8491623,0.0508954,0.8866040,0.8766277,0.1810554,0.5290000,0.7976000,0.4202000,0.6641000,0.7399000,0.3445000,0.7066000,0.6686000,0.3490000,0.7165000,0.5989000,0.3788000,0.7811000,0.5355000,0.4674000,0.5577325,0.7200444,-0.0886540},
{0.4479705,0.7910039,0.1452964,0.4022876,0.7635526,0.1357681,0.6672263,0.8253453,0.0927093,0.9179765,0.8457858,0.0492314,0.8850321,0.8751440,0.1792968,0.5289000,0.7976000,0.4202000,0.6609000,0.7389000,0.3439000,0.7037000,0.6680000,0.3486000,0.7127000,0.5984000,0.3781000,0.7781000,0.5353000,0.4675000,0.5532881,0.7180216,-0.0913056},
{0.4408275,0.7881775,0.1428915,0.3952143,0.7611652,0.1332998,0.6636043,0.8219109,0.0909524,0.9156575,0.8426609,0.0476894,0.8835346,0.8737274,0.1776163,0.5288000,0.7976000,0.4201000,0.6578000,0.7380000,0.3433000,0.7006000,0.6673000,0.3481000,0.7089000,0.5979000,0.3775000,0.7747000,0.5355000,0.4675000,0.5487708,0.7159576,-0.0940157},
{0.4337045,0.7853198,0.1404303,0.3879452,0.7586760,0.1306990,0.6597840,0.8182670,0.0890802,0.9130856,0.8391841,0.0459716,0.8817008,0.8719887,0.1755518,0.5287000,0.7977000,0.4201000,0.6578000,0.7380000,0.3433000,0.6977000,0.6665000,0.3475000,0.7052000,0.5974000,0.3769000,0.7714000,0.5355000,0.4675000,0.5440550,0.7137941,-0.0968610},
{0.4264857,0.7823837,0.1378715,0.3807892,0.7561902,0.1280748,0.6560574,0.8146912,0.0872350,0.9105614,0.8357605,0.0442778,0.8800184,0.8703896,0.1736512,0.5286000,0.7977000,0.4201000,0.6542000,0.7368000,0.3424000,0.6941000,0.6656000,0.3470000,0.7014000,0.5969000,0.3763000,0.7681000,0.5355000,0.4676000,0.5393803,0.7116407,-0.0996977},
{0.4193392,0.7794372,0.1352739,0.3734988,0.7536213,0.1253358,0.6521602,0.8109291,0.0852852,0.9079990,0.8322734,0.0425503,0.8782198,0.8686757,0.1716122,0.5285000,0.7977000,0.4200000,0.6506000,0.7358000,0.3418000,0.6902000,0.6647000,0.3465000,0.7014000,0.5969000,0.3763000,0.7646000,0.5356000,0.4678000,0.5346657,0.7094600,-0.1025751},
{0.4121635,0.7764384,0.1326008,0.3662610,0.7510345,0.1225509,0.6482927,0.8071726,0.0833297,0.9053279,0.8286258,0.0407408,0.8764097,0.8669466,0.1695529,0.5283000,0.7977000,0.4200000,0.6470000,0.7348000,0.3413000,0.6866000,0.6639000,0.3464000,0.6983000,0.5965000,0.3759000,0.7611000,0.5357000,0.4679000,0.5297267,0.7071660,-0.1056074},
{0.4050022,0.7734051,0.1298677,0.3591126,0.7484438,0.1197358,0.6442414,0.8032126,0.0812592,0.9028280,0.8252003,0.0390393,0.8745715,0.8651860,0.1674541,0.5282000,0.7977000,0.4199000,0.6431000,0.7337000,0.3410000,0.6866000,0.6639000,0.3464000,0.6952000,0.5963000,0.3755000,0.7576000,0.5358000,0.4681000,0.5251039,0.7050098,-0.1084620},
{0.3978404,0.7703308,0.1270687,0.3519091,0.7457969,0.1168336,0.6401318,0.7991696,0.0791356,0.8999212,0.8212029,0.0370508,0.8726739,0.8633637,0.1652794,0.5281000,0.7978000,0.4199000,0.6391000,0.7326000,0.3406000,0.6826000,0.6634000,0.3456000,0.6921000,0.5960000,0.3751000,0.7539000,0.5360000,0.4682000,0.5202241,0.7027243,-0.1114929},
{0.3907166,0.7672321,0.1242187,0.3448676,0.7431740,0.1139328,0.6361135,0.7951908,0.0770364,0.8973246,0.8176190,0.0352655,0.8708072,0.8615663,0.1631322,0.5280000,0.7978000,0.4198000,0.6349000,0.7314000,0.3402000,0.6785000,0.6630000,0.3448000,0.6888000,0.5957000,0.3747000,0.7502000,0.5362000,0.4684000,0.5152333,0.7003768,-0.1146112},
{0.3837104,0.7641445,0.1213511,0.3378162,0.7405121,0.1109642,0.6321375,0.7912286,0.0749368,0.8945368,0.8137572,0.0333391,0.8688745,0.8597002,0.1609006,0.5279000,0.7978000,0.4198000,0.6308000,0.7303000,0.3397000,0.6744000,0.6626000,0.3440000,0.6856000,0.5954000,0.3743000,0.7465000,0.5364000,0.4685000,0.5103588,0.6980741,-0.1176753},
{0.3768168,0.7610674,0.1184663,0.3308746,0.7378568,0.1079790,0.6280822,0.7871615,0.0727723,0.8918568,0.8100312,0.0314778,0.8668622,0.8577517,0.1585678,0.5278000,0.7978000,0.4197000,0.6265000,0.7289000,0.3392000,0.6704000,0.6622000,0.3432000,0.6823000,0.5952000,0.3738000,0.7426000,0.5366000,0.4686000,0.5057117,0.6958697,-0.1206132},
{0.3701543,0.7580560,0.1156181,0.3239031,0.7351549,0.1049176,0.6241171,0.7831591,0.0706331,0.8890391,0.8060991,0.0295108,0.8649166,0.8558624,0.1563034,0.5277000,0.7978000,0.4197000,0.6222000,0.7277000,0.3387000,0.6663000,0.6617000,0.3424000,0.6792000,0.5951000,0.3731000,0.7387000,0.5370000,0.4686000,0.5005983,0.6934338,-0.1238651},
{0.3635301,0.7550252,0.1127269,0.3171301,0.7324960,0.1018822,0.6201897,0.7791696,0.0684918,0.8863060,0.8022707,0.0275929,0.8628698,0.8538690,0.1539115,0.5276000,0.7979000,0.4197000,0.6180000,0.7264000,0.3384000,0.6622000,0.6613000,0.3416000,0.6792000,0.5951000,0.3731000,0.7347000,0.5372000,0.4686000,0.4954449,0.6909678,-0.1271628},
{0.3569211,0.7519644,0.1097826,0.3104826,0.7298534,0.0988437,0.6162235,0.7751151,0.0663065,0.8835884,0.7984499,0.0256761,0.8608383,0.8518847,0.1515279,0.5275000,0.7979000,0.4196000,0.6137000,0.7250000,0.3378000,0.6581000,0.6609000,0.3408000,0.6754000,0.5944000,0.3720000,0.7307000,0.5376000,0.4685000,0.4906659,0.6886710,-0.1302393},
{0.3505361,0.7489719,0.1068809,0.3039007,0.7272044,0.0957766,0.6122407,0.7710174,0.0640888,0.8807405,0.7944305,0.0236568,0.8587612,0.8498496,0.1490805,0.5274000,0.7979000,0.4196000,0.6093000,0.7238000,0.3369000,0.6541000,0.6605000,0.3400000,0.6716000,0.5937000,0.3710000,0.7267000,0.5379000,0.4684000,0.4853753,0.6861172,-0.1336658},
{0.3441751,0.7459555,0.1039334,0.2973308,0.7245277,0.0926566,0.6083699,0.7670095,0.0619109,0.8778630,0.7903533,0.0216054,0.8568585,0.8479800,0.1468295,0.5273000,0.7979000,0.4195000,0.6051000,0.7224000,0.3360000,0.6541000,0.6605000,0.3400000,0.6677000,0.5930000,0.3700000,0.7228000,0.5379000,0.4683000,0.4804909,0.6837489,-0.1368488},
{0.3379622,0.7429751,0.1009992,0.2909410,0.7218929,0.0895653,0.6043938,0.7628662,0.0596502,0.8752026,0.7865694,0.0196988,0.8548390,0.8459898,0.1444307,0.5272000,0.7979000,0.4195000,0.6008000,0.7213000,0.3351000,0.6503000,0.6600000,0.3391000,0.6639000,0.5923000,0.3690000,0.7187000,0.5382000,0.4681000,0.4758371,0.6814831,-0.1398989},
{0.3317951,0.7399826,0.0980318,0.2846464,0.7192666,0.0864645,0.6003560,0.7586313,0.0573301,0.8724178,0.7825933,0.0176926,0.8527067,0.8438820,0.1418872,0.5270000,0.7980000,0.4194000,0.5966000,0.7200000,0.3343000,0.6465000,0.6595000,0.3382000,0.6601000,0.5916000,0.3680000,0.7147000,0.5385000,0.4677000,0.4712926,0.6792615,-0.1428939},
{0.3258597,0.7370701,0.0951235,0.2783118,0.7165924,0.0832879,0.5964479,0.7545055,0.0550606,0.8696395,0.7786111,0.0156805,0.8506261,0.8418188,0.1393946,0.5269000,0.7980000,0.4194000,0.5930000,0.7197000,0.3333000,0.6430000,0.6592000,0.3369000,0.6563000,0.5908000,0.3669000,0.7107000,0.5389000,0.4672000,0.4661597,0.6767416,-0.1462966},
{0.3200731,0.7341996,0.0922380,0.2723700,0.7140552,0.0802564,0.5929091,0.7507468,0.0529853,0.8669871,0.7747949,0.0137495,0.8486455,0.8398487,0.1370117,0.5268000,0.7980000,0.4193000,0.5889000,0.7186000,0.3321000,0.6387000,0.6584000,0.3362000,0.6525000,0.5901000,0.3659000,0.7068000,0.5394000,0.4666000,0.4614567,0.6744227,-0.1494327},
{0.3145690,0.7314404,0.0894469,0.2663363,0.7114499,0.0771259,0.5890753,0.7466500,0.0507149,0.8639852,0.7704585,0.0115521,0.8464996,0.8377075,0.1344190,0.5267000,0.7980000,0.4193000,0.5847000,0.7177000,0.3310000,0.6347000,0.6578000,0.3351000,0.6486000,0.5894000,0.3649000,0.7029000,0.5398000,0.4660000,0.4565885,0.6720123,-0.1526977},
{0.3089086,0.7285730,0.0865284,0.2607750,0.7090224,0.0741935,0.5854270,0.7427272,0.0485328,0.8611807,0.7663905,0.0094876,0.8444162,0.8356220,0.1318906,0.5266000,0.7980000,0.4192000,0.5802000,0.7162000,0.3297000,0.6311000,0.6574000,0.3341000,0.6448000,0.5887000,0.3639000,0.6993000,0.5403000,0.4653000,0.4521600,0.6698105,-0.1556845},
{0.3035777,0.7258446,0.0837346,0.2552698,0.7065945,0.0712456,0.5819459,0.7389619,0.0464309,0.8584934,0.7624771,0.0074987,0.8423282,0.8335252,0.1293456,0.5265000,0.7980000,0.4192000,0.5757000,0.7144000,0.3290000,0.6272000,0.6567000,0.3330000,0.6410000,0.5880000,0.3628000,0.6959000,0.5406000,0.4646000,0.4476790,0.6675739,-0.1587230},
{0.2982206,0.7230748,0.0808821,0.2498710,0.7041890,0.0683106,0.5783138,0.7350100,0.0442171,0.8561178,0.7590052,0.0057319,0.8403168,0.8314991,0.1268834,0.5264000,0.7981000,0.4192000,0.5715000,0.7131000,0.3277000,0.6232000,0.6558000,0.3319000,0.6372000,0.5872000,0.3618000,0.6926000,0.5410000,0.4640000,0.4433106,0.6653850,-0.1617010},
{0.2931969,0.7204517,0.0781655,0.2446954,0.7018600,0.0654555,0.5749343,0.7313113,0.0421380,0.8533048,0.7548783,0.0036290,0.8384639,0.8296270,0.1246060,0.5263000,0.7981000,0.4191000,0.5675000,0.7120000,0.3262000,0.6232000,0.6558000,0.3319000,0.6333000,0.5865000,0.3608000,0.6895000,0.5412000,0.4633000,0.4386628,0.6630466,-0.1648868},
{0.2880712,0.7177493,0.0753518,0.2395559,0.6995245,0.0625794,0.5714612,0.7274882,0.0399818,0.8508137,0.7512096,0.0017570,0.8364494,0.8275854,0.1221196,0.5262000,0.7981000,0.4191000,0.5636000,0.7110000,0.3247000,0.6148000,0.6532000,0.3297000,0.6295000,0.5858000,0.3598000,0.6863000,0.5414000,0.4627000,0.4345218,0.6609551,-0.1677402},
{0.2831577,0.7151336,0.0726139,0.2345968,0.6972494,0.0597654,0.5680478,0.7237088,0.0378431,0.8483515,0.7475703,-0.0001024,0.8343073,0.8254075,0.1194641,0.5261000,0.7981000,0.4190000,0.5597000,0.7095000,0.3233000,0.6063000,0.6506000,0.3276000,0.6257000,0.5851000,0.3588000,0.6831000,0.5415000,0.4619000,0.4303465,0.6588384,-0.1706318},
{0.2782562,0.7124994,0.0698426,0.2295664,0.6949195,0.0568711,0.5646396,0.7199134,0.0356883,0.8454415,0.7432521,-0.0023117,0.8321093,0.8231651,0.1167266,0.5260000,0.7981000,0.4190000,0.5559000,0.7084000,0.3218000,0.6063000,0.6506000,0.3276000,0.6219000,0.5844000,0.3577000,0.6799000,0.5416000,0.4612000,0.4265132,0.6568882,-0.1732995},
{0.2735823,0.7099639,0.0671618,0.2247226,0.6926548,0.0540459,0.5613437,0.7162219,0.0335856,0.8431335,0.7398140,-0.0040732,0.8302626,0.8212750,0.1144167,0.5259000,0.7982000,0.4189000,0.5522000,0.7070000,0.3204000,0.6029000,0.6496000,0.3264000,0.6219000,0.5844000,0.3577000,0.6767000,0.5417000,0.4605000,0.4221156,0.6546425,-0.1763752},
{0.2689403,0.7074226,0.0644620,0.2200656,0.6904575,0.0512937,0.5580535,0.7125160,0.0314681,0.8405535,0.7359565,-0.0060520,0.8282509,0.8192098,0.1118897,0.5257000,0.7982000,0.4189000,0.5487000,0.7057000,0.3188000,0.5995000,0.6485000,0.3251000,0.6191000,0.5833000,0.3566000,0.6734000,0.5418000,0.4597000,0.4181161,0.6525924,-0.1791868},
{0.2642998,0.7048587,0.0617252,0.2153546,0.6882145,0.0484732,0.5547780,0.7088057,0.0293414,0.8381605,0.7323654,-0.0078965,0.8263197,0.8172209,0.1094536,0.5256000,0.7982000,0.4188000,0.5452000,0.7041000,0.3174000,0.5958000,0.6472000,0.3239000,0.6162000,0.5826000,0.3553000,0.6702000,0.5419000,0.4589000,0.4141406,0.6505474,-0.1819950},
{0.2600128,0.7024688,0.0591627,0.2110346,0.6861396,0.0458541,0.5515510,0.7051297,0.0272278,0.8358041,0.7288164,-0.0097217,0.8244759,0.8153163,0.1071181,0.5255000,0.7982000,0.4188000,0.5419000,0.7030000,0.3159000,0.5930000,0.6465000,0.3225000,0.6137000,0.5820000,0.3542000,0.6670000,0.5419000,0.4580000,0.4108145,0.6488307,-0.1843550},
{0.2556748,0.7000294,0.0565356,0.2066210,0.6840015,0.0431456,0.5485603,0.7017044,0.0252525,0.8334753,0.7252964,-0.0115341,0.8226813,0.8134570,0.1048358,0.5254000,0.7982000,0.4188000,0.5388000,0.7017000,0.3143000,0.5902000,0.6457000,0.3211000,0.6111000,0.5812000,0.3531000,0.6638000,0.5419000,0.4571000,0.4068254,0.6467649,-0.1871981},
{0.2515502,0.6976900,0.0540055,0.2023474,0.6819136,0.0404911,0.5457890,0.6985143,0.0234079,0.8311610,0.7217860,-0.0133439,0.8209155,0.8116222,0.1025811,0.5253000,0.7983000,0.4187000,0.5358000,0.7006000,0.3127000,0.5873000,0.6450000,0.3197000,0.6085000,0.5805000,0.3520000,0.6607000,0.5419000,0.4562000,0.4028836,0.6447163,-0.1900212},
{0.2474700,0.6953563,0.0514711,0.1983449,0.6799420,0.0379760,0.5428715,0.6951392,0.0214510,0.8289720,0.7184540,-0.0150636,0.8191129,0.8097437,0.1002706,0.5252000,0.7983000,0.4187000,0.5329000,0.6995000,0.3110000,0.5847000,0.6443000,0.3181000,0.6060000,0.5800000,0.3507000,0.6577000,0.5419000,0.4553000,0.3991634,0.6427762,-0.1926980},
{0.2436489,0.6931529,0.0490688,0.1944633,0.6780150,0.0355098,0.5400391,0.6918456,0.0195362,0.8267779,0.7151030,-0.0167952,0.8172886,0.8078368,0.0979226,0.5251000,0.7983000,0.4186000,0.5301000,0.6983000,0.3094000,0.5821000,0.6436000,0.3167000,0.6037000,0.5796000,0.3493000,0.6548000,0.5419000,0.4544000,0.3958644,0.6410501,-0.1950820},
{0.2398837,0.6909645,0.0466738,0.1906866,0.6761256,0.0330843,0.5373491,0.6887024,0.0177041,0.8244726,0.7115697,-0.0186231,0.8156406,0.8061093,0.0957933,0.5250000,0.7983000,0.4186000,0.5275000,0.6975000,0.3078000,0.5796000,0.6430000,0.3153000,0.6013000,0.5790000,0.3481000,0.6519000,0.5418000,0.4535000,0.3927604,0.6394213,-0.1973339},
{0.2361666,0.6887870,0.0442818,0.1870622,0.6742988,0.0307321,0.5349550,0.6858922,0.0160622,0.8225210,0.7085686,-0.0201774,0.8140869,0.8044763,0.0937787,0.5249000,0.7983000,0.4185000,0.5248000,0.6962000,0.3064000,0.5775000,0.6426000,0.3138000,0.5992000,0.5789000,0.3467000,0.6491000,0.5418000,0.4526000,0.3894198,0.6376632,-0.1997671},
{0.2328410,0.6868241,0.0421182,0.1835389,0.6725102,0.0284224,0.5321775,0.6826167,0.0141438,0.8205651,0.7055516,-0.0217416,0.8125213,0.8028264,0.0917415,0.5248000,0.7984000,0.4185000,0.5223000,0.6952000,0.3049000,0.5752000,0.6420000,0.3124000,0.5971000,0.5784000,0.3457000,0.6463000,0.5417000,0.4518000,0.3864404,0.6360906,-0.2019457},
{0.2295483,0.6848669,0.0399537,0.1802281,0.6708176,0.0262307,0.5297616,0.6797543,0.0124632,0.8185967,0.7025058,-0.0233224,0.8109606,0.8011774,0.0897033,0.5247000,0.7984000,0.4184000,0.5200000,0.6943000,0.3034000,0.5735000,0.6417000,0.3110000,0.5950000,0.5782000,0.3443000,0.6436000,0.5416000,0.4510000,0.3834112,0.6344872,-0.2041690},
{0.2264328,0.6830022,0.0378849,0.1769361,0.6691233,0.0240310,0.5274343,0.6769849,0.0108337,0.8167370,0.6996195,-0.0248219,0.8093640,0.7994859,0.0876108,0.5246000,0.7984000,0.4184000,0.5180000,0.6934000,0.3019000,0.5718000,0.6415000,0.3098000,0.5932000,0.5779000,0.3431000,0.6410000,0.5416000,0.4502000,0.3806572,0.6330255,-0.2061975},
{0.2233606,0.6811510,0.0358248,0.1738974,0.6675490,0.0219819,0.5253330,0.6744744,0.0093534,0.8151441,0.6971402,-0.0261111,0.8081086,0.7981526,0.0859601,0.5244000,0.7984000,0.4184000,0.5160000,0.6926000,0.3005000,0.5697000,0.6409000,0.3086000,0.5905000,0.5768000,0.3423000,0.6385000,0.5415000,0.4495000,0.3779208,0.6315696,-0.2082199},
{0.2205371,0.6794385,0.0339137,0.1708880,0.6659801,0.0199349,0.5232219,0.6719425,0.0078576,0.8133968,0.6944134,-0.0275302,0.8067764,0.7967345,0.0842030,0.5243000,0.7984000,0.4183000,0.5141000,0.6917000,0.2991000,0.5679000,0.6406000,0.3073000,0.5886000,0.5766000,0.3411000,0.6360000,0.5415000,0.4487000,0.3751863,0.6301109,-0.2102478},
{0.2177402,0.6777317,0.0320035,0.1679054,0.6644154,0.0178886,0.5212660,0.6695879,0.0064639,0.8116883,0.6917398,-0.0289230,0.8054901,0.7953624,0.0825016,0.5242000,0.7984000,0.4183000,0.5124000,0.6909000,0.2977000,0.5665000,0.6403000,0.3061000,0.5869000,0.5762000,0.3402000,0.6336000,0.5414000,0.4480000,0.3725310,0.6286908,-0.2122236},
{0.2153151,0.6762430,0.0303332,0.1650971,0.6629331,0.0159456,0.5195178,0.6674761,0.0052118,0.8106684,0.6901400,-0.0297570,0.8042073,0.7939909,0.0807996,0.5241000,0.7985000,0.4182000,0.5108000,0.6902000,0.2963000,0.5649000,0.6399000,0.3050000,0.5865000,0.5774000,0.3385000,0.6313000,0.5413000,0.4473000,0.3697462,0.6271977,-0.2143028},
{0.2128930,0.6747481,0.0286518,0.1625887,0.6616017,0.0141967,0.5178866,0.6654994,0.0040380,0.8090804,0.6876442,-0.0310590,0.8028978,0.7925876,0.0790569,0.5240000,0.7985000,0.4182000,0.5092000,0.6895000,0.2950000,0.5635000,0.6396000,0.3040000,0.5846000,0.5769000,0.3375000,0.6292000,0.5411000,0.4466000,0.3672782,0.6258713,-0.2161515},
{0.2106385,0.6733491,0.0270748,0.1599062,0.6601699,0.0123121,0.5163996,0.6636923,0.0029632,0.8078059,0.6856360,-0.0321074,0.8019639,0.7915848,0.0778108,0.5239000,0.7985000,0.4181000,0.5076000,0.6888000,0.2937000,0.5621000,0.6391000,0.3029000,0.5829000,0.5764000,0.3366000,0.6271000,0.5409000,0.4460000,0.3649406,0.6246120,-0.2179078},
{0.2084030,0.6719549,0.0254996,0.1578686,0.6590769,0.0108707,0.5147944,0.6617359,0.0017981,0.8064590,0.6835095,-0.0332184,0.8006765,0.7901998,0.0760885,0.5238000,0.7985000,0.4181000,0.5061000,0.6880000,0.2925000,0.5601000,0.6382000,0.3020000,0.5813000,0.5758000,0.3357000,0.6251000,0.5407000,0.4453000,0.3628762,0.6234975,-0.2194632},
{0.2063564,0.6706722,0.0240474,0.1553754,0.6577329,0.0090952,0.5133111,0.6599226,0.0007167,0.8053861,0.6818121,-0.0341057,0.7998081,0.7892638,0.0749238,0.5237000,0.7985000,0.4180000,0.5048000,0.6874000,0.2913000,0.5591000,0.6380000,0.3009000,0.5796000,0.5750000,0.3349000,0.6231000,0.5405000,0.4446000,0.3611780,0.6225792,-0.2207457},
{0.2042216,0.6693276,0.0225220,0.1533352,0.6566276,0.0076324,0.5119802,0.6582915,-0.0002574,0.8041306,0.6798220,-0.0351467,0.7987527,0.7881242,0.0735050,0.5236000,0.7986000,0.4180000,0.5035000,0.6868000,0.2901000,0.5579000,0.6376000,0.3000000,0.5781000,0.5741000,0.3342000,0.6211000,0.5402000,0.4439000,0.3591098,0.6214588,-0.2223112},
{0.2022578,0.6680849,0.0211093,0.1513081,0.6555246,0.0061704,0.5103962,0.6563448,-0.0014215,0.8032344,0.6783987,-0.0358917,0.7978046,0.7870987,0.0722274,0.5235000,0.7986000,0.4180000,0.5024000,0.6862000,0.2889000,0.5567000,0.6371000,0.2990000,0.5767000,0.5736000,0.3333000,0.6192000,0.5399000,0.4431000,0.3576127,0.6206463,-0.2234471},
{0.2004193,0.6669162,0.0197783,0.1495823,0.6545817,0.0049186,0.5093206,0.6550196,-0.0022150,0.8020716,0.6765490,-0.0368604,0.7968697,0.7860858,0.0709649,0.5234000,0.7986000,0.4179000,0.5013000,0.6857000,0.2878000,0.5555000,0.6368000,0.2979000,0.5753000,0.5732000,0.3324000,0.6174000,0.5396000,0.4423000,0.3556342,0.6195708,-0.2249515},
{0.1988097,0.6658888,0.0186063,0.1477544,0.6535791,0.0035857,0.5079831,0.6533679,-0.0032050,0.8014157,0.6755041,-0.0374079,0.7962232,0.7853844,0.0700902,0.5232000,0.7986000,0.4179000,0.5003000,0.6851000,0.2868000,0.5543000,0.6365000,0.2969000,0.5741000,0.5727000,0.3315000,0.6157000,0.5393000,0.4414000,0.3542792,0.6188331,-0.2259840},
{0.1972315,0.6648777,0.0174509,0.1459288,0.6525736,0.0022473,0.5069520,0.6520918,-0.0039707,0.8003702,0.6738360,-0.0382823,0.7952499,0.7843268,0.0687707,0.5231000,0.7986000,0.4178000,0.4992000,0.6845000,0.2858000,0.5543000,0.6365000,0.2969000,0.5741000,0.5727000,0.3315000,0.6142000,0.5389000,0.4407000,0.3528955,0.6180788,-0.2270401},
{0.1956162,0.6638388,0.0162620,0.1442330,0.6516360,0.0009974,0.5058457,0.6507197,-0.0047949,0.7996834,0.6727385,-0.0388578,0.7943414,0.7833379,0.0675362,0.5230000,0.7987000,0.4178000,0.4984000,0.6840000,0.2846000,0.5522000,0.6356000,0.2949000,0.5719000,0.5719000,0.3297000,0.6127000,0.5386000,0.4399000,0.3513180,0.6172176,-0.2282465}
};
