fitErrPi Mean = 0.375525
fitErrTh Mean = 0.116577
fitErrWr Mean = 0.232895
fitErrLA Mean = 0.808008
fitErrEl Mean = 0.784409
fitErrUA Mean = 0.530492
efPts = {
{0.6172129,0.7794812,0.0752440,0.5499363,0.7347719,0.1409834,1.1317862,0.7141052,-0.2443686,-0.4958708,-0.7356679,0.8343814,1.1228794,0.7830601,0.2739225,0.7378000,0.8743000,0.4641000,0.7202000,0.7547000,0.4149000,0.7528000,0.6187000,0.4377000,0.7097000,0.6770000,0.3524000,0.6801000,0.5257000,0.4638000,0.6528432,0.7618788,-0.0490369},
{0.6165050,0.7790108,0.0748774,0.5485222,0.7341450,0.1407491,1.1315812,0.7138348,-0.2445212,0.3981722,0.1140008,0.4859619,1.1227130,0.7826462,0.2739134,0.7363000,0.8737000,0.4642000,0.7195000,0.7542000,0.4147000,0.7524000,0.6183000,0.4375000,0.7093000,0.6766000,0.3522000,0.6801000,0.5257000,0.4638000,0.6522067,0.7614763,-0.0494820},
{0.6155835,0.7783980,0.0743989,0.5466817,0.7333270,0.1404380,1.1311315,0.7132414,-0.2448562,0.3968238,0.1145203,0.4856910,1.1223783,0.7818128,0.2738951,0.7349000,0.8731000,0.4643000,0.7187000,0.7537000,0.4146000,0.7519000,0.6180000,0.4374000,0.7088000,0.6761000,0.3519000,0.6801000,0.5257000,0.4638000,0.6516220,0.7611063,-0.0498914},
{0.6143666,0.7775876,0.0737648,0.5445121,0.7323597,0.1400624,1.1306748,0.7126387,-0.2451965,0.3954704,0.1150412,0.4854192,1.1219223,0.7806764,0.2738701,0.7335000,0.8725000,0.4644000,0.7179000,0.7532000,0.4145000,0.7515000,0.6176000,0.4372000,0.7083000,0.6756000,0.3518000,0.6801000,0.5257000,0.4638000,0.6506563,0.7604949,-0.0505687},
{0.6128854,0.7765996,0.0729896,0.5418401,0.7311637,0.1395867,1.1298756,0.7115836,-0.2457925,0.3943419,0.1154752,0.4851928,1.1217318,0.7802013,0.2738596,0.7321000,0.8720000,0.4646000,0.7169000,0.7528000,0.4144000,0.7509000,0.6172000,0.4370000,0.7077000,0.6751000,0.3516000,0.6802000,0.5257000,0.4638000,0.6496561,0.7598610,-0.0512717},
{0.6111795,0.7754596,0.0720922,0.5388309,0.7298106,0.1390334,1.1290511,0.7104943,-0.2464080,0.3903690,0.1170004,0.4843969,1.1214956,0.7796119,0.2738466,0.7307000,0.8714000,0.4647000,0.7159000,0.7522000,0.4143000,0.7503000,0.6168000,0.4369000,0.7071000,0.6747000,0.3513000,0.6802000,0.5257000,0.4638000,0.6482899,0.7589944,-0.0522345},
{0.6091354,0.7740904,0.0710103,0.5353440,0.7282346,0.1383694,1.1274731,0.7084080,-0.2475876,0.3874802,0.1181068,0.4838193,1.1211631,0.7787814,0.2738283,0.7293000,0.8708000,0.4648000,0.7149000,0.7516000,0.4142000,0.7497000,0.6164000,0.4367000,0.7065000,0.6742000,0.3511000,0.6802000,0.5257000,0.4638000,0.6466722,0.7579668,-0.0533783},
{0.6069228,0.7726045,0.0698313,0.5316017,0.7265336,0.1376291,1.1264201,0.7070144,-0.2483761,0.3834656,0.1196408,0.4830182,1.1205996,0.7773720,0.2737972,0.7278000,0.8702000,0.4649000,0.7137000,0.7510000,0.4142000,0.7490000,0.6159000,0.4364000,0.7058000,0.6736000,0.3508000,0.6802000,0.5257000,0.4638000,0.6449896,0.7568964,-0.0545723},
{0.6044694,0.7709523,0.0685141,0.5273628,0.7245947,0.1367563,1.1250007,0.7051343,-0.2494404,0.3803106,0.1208434,0.4823900,1.1201782,0.7763168,0.2737738,0.7262000,0.8697000,0.4650000,0.7126000,0.7503000,0.4141000,0.7483000,0.6154000,0.4362000,0.7051000,0.6730000,0.3507000,0.6802000,0.5257000,0.4638000,0.6429466,0.7555946,-0.0560280},
{0.6017201,0.7690949,0.0670257,0.5229281,0.7225527,0.1358040,1.1232251,0.7027797,-0.2507744,0.3777220,0.1218281,0.4818754,1.1197576,0.7752622,0.2737505,0.7246000,0.8691000,0.4650000,0.7113000,0.7498000,0.4140000,0.7476000,0.6149000,0.4360000,0.7042000,0.6725000,0.3505000,0.6802000,0.5257000,0.4638000,0.6407699,0.7542051,-0.0575860},
{0.5987861,0.7671060,0.0654231,0.5182138,0.7203664,0.1347479,1.1214691,0.7004481,-0.2520965,0.3739798,0.1232486,0.4811328,1.1191654,0.7737753,0.2737175,0.7228000,0.8684000,0.4650000,0.7101000,0.7489000,0.4138000,0.7468000,0.6144000,0.4358000,0.7034000,0.6719000,0.3501000,0.6802000,0.5257000,0.4638000,0.6385921,0.7528121,-0.0591523},
{0.5956243,0.7649547,0.0636794,0.5133107,0.7180758,0.1336016,1.1197052,0.6981031,-0.2534274,0.3699435,0.1247767,0.4803337,1.1183920,0.7718300,0.2736743,0.7209000,0.8676000,0.4650000,0.7087000,0.7482000,0.4138000,0.7460000,0.6138000,0.4355000,0.7025000,0.6712000,0.3499000,0.6802000,0.5257000,0.4638000,0.6361291,0.7512335,-0.0609326},
{0.5922900,0.7626771,0.0618218,0.5080703,0.7156086,0.1323224,1.1180790,0.6959386,-0.2546568,0.3658569,0.1263195,0.4795265,1.1176320,0.7699140,0.2736317,0.7190000,0.8667000,0.4650000,0.7073000,0.7475000,0.4136000,0.7451000,0.6133000,0.4352000,0.7016000,0.6705000,0.3496000,0.6802000,0.5257000,0.4638000,0.6334784,0.7495308,-0.0628591},
{0.5888877,0.7603437,0.0599064,0.5027775,0.7130968,0.1309736,1.1156243,0.6926666,-0.2565172,0.3613109,0.1280307,0.4786308,1.1168269,0.7678799,0.2735863,0.7169000,0.8659000,0.4650000,0.7058000,0.7467000,0.4135000,0.7442000,0.6127000,0.4350000,0.7007000,0.6698000,0.3493000,0.6802000,0.5257000,0.4638000,0.6307655,0.7477839,-0.0648423},
{0.5854024,0.7579433,0.0579233,0.4973775,0.7105135,0.1295387,1.1135812,0.6899389,-0.2580698,0.3570993,0.1296113,0.4778031,1.1159408,0.7656361,0.2735361,0.7147000,0.8650000,0.4649000,0.7043000,0.7458000,0.4133000,0.7433000,0.6121000,0.4347000,0.6997000,0.6691000,0.3489000,0.6803000,0.5257000,0.4638000,0.6278584,0.7459073,-0.0669804},
{0.5817927,0.7554464,0.0558468,0.4917019,0.7077759,0.1279664,1.1112949,0.6868816,-0.2598117,0.3523835,0.1313756,0.4768787,1.1149307,0.7630712,0.2734786,0.7125000,0.8640000,0.4649000,0.7026000,0.7450000,0.4131000,0.7424000,0.6114000,0.4344000,0.6987000,0.6684000,0.3486000,0.6803000,0.5257000,0.4638000,0.6249530,0.7440271,-0.0691305},
{0.5780351,0.7528358,0.0536610,0.4861297,0.7050655,0.1263584,1.1089263,0.6837091,-0.2616215,0.3478562,0.1330641,0.4759937,1.1138475,0.7603125,0.2734166,0.7101000,0.8630000,0.4648000,0.7009000,0.7439000,0.4129000,0.7413000,0.6108000,0.4341000,0.6977000,0.6676000,0.3482000,0.6803000,0.5257000,0.4638000,0.6220330,0.7421324,-0.0713049},
{0.5741767,0.7501426,0.0513903,0.4803981,0.7022543,0.1246380,1.1069371,0.6810404,-0.2631454,0.3427918,0.1349466,0.4750064,1.1127324,0.7574635,0.2733524,0.7075000,0.8619000,0.4647000,0.6990000,0.7431000,0.4127000,0.7403000,0.6102000,0.4338000,0.6967000,0.6668000,0.3478000,0.6803000,0.5257000,0.4638000,0.6188017,0.7400302,-0.0737268},
{0.5702380,0.7473804,0.0490450,0.4746141,0.6993932,0.1228330,1.1043672,0.6775872,-0.2651195,0.3381997,0.1366479,0.4741136,1.1115631,0.7544664,0.2732846,0.7049000,0.8607000,0.4646000,0.6972000,0.7419000,0.4125000,0.7392000,0.6093000,0.4335000,0.6956000,0.6659000,0.3474000,0.6803000,0.5257000,0.4638000,0.6155884,0.7379336,-0.0761517},
{0.5662442,0.7445660,0.0466385,0.4688425,0.6965141,0.1209629,1.1018635,0.6742167,-0.2670487,0.3325835,0.1387214,0.4730251,1.1103926,0.7514561,0.2732163,0.7020000,0.8596000,0.4644000,0.6952000,0.7408000,0.4122000,0.7382000,0.6086000,0.4332000,0.6946000,0.6650000,0.3469000,0.6803000,0.5257000,0.4638000,0.6123120,0.7357898,-0.0786412},
{0.5621354,0.7416563,0.0441326,0.4630066,0.6935781,0.1190014,1.0993517,0.6708291,-0.2689901,0.3273134,0.1406598,0.4720068,1.1090991,0.7481177,0.2731403,0.6991000,0.8583000,0.4643000,0.6932000,0.7396000,0.4119000,0.7370000,0.6079000,0.4328000,0.6935000,0.6640000,0.3464000,0.6803000,0.5257000,0.4638000,0.6089057,0.7335543,-0.0812476},
{0.5579509,0.7386779,0.0415490,0.4572162,0.6906402,0.1169847,1.0969132,0.6675344,-0.2708805,0.3218004,0.1426800,0.4709449,1.1078694,0.7449323,0.2730676,0.6960000,0.8570000,0.4642000,0.6912000,0.7385000,0.4114000,0.7359000,0.6071000,0.4324000,0.6924000,0.6631000,0.3458000,0.6803000,0.5257000,0.4638000,0.6055896,0.7313716,-0.0838029},
{0.5539826,0.7358393,0.0390692,0.4512635,0.6875942,0.1148378,1.0940637,0.6636770,-0.2730967,0.3160020,0.1447965,0.4698317,1.1066415,0.7417401,0.2729944,0.6929000,0.8556000,0.4640000,0.6892000,0.7372000,0.4111000,0.7348000,0.6063000,0.4320000,0.6912000,0.6620000,0.3453000,0.6803000,0.5257000,0.4638000,0.6020579,0.7290398,-0.0865438},
{0.5497004,0.7327607,0.0363606,0.4453255,0.6845293,0.1126213,1.0909902,0.6595074,-0.2754956,0.3116468,0.1463806,0.4689980,1.1051060,0.7377318,0.2729022,0.6895000,0.8542000,0.4638000,0.6870000,0.7359000,0.4107000,0.7336000,0.6054000,0.4317000,0.6900000,0.6609000,0.3448000,0.6803000,0.5257000,0.4638000,0.5985545,0.7267196,-0.0892827},
{0.5454498,0.7296887,0.0336382,0.4394425,0.6814668,0.1103511,1.0888614,0.6566137,-0.2771626,0.3059916,0.1484304,0.4679187,1.1038863,0.7345349,0.2728284,0.6861000,0.8526000,0.4636000,0.6849000,0.7344000,0.4104000,0.7324000,0.6046000,0.4313000,0.6888000,0.6598000,0.3442000,0.6804000,0.5257000,0.4638000,0.5949942,0.7243542,-0.0920865},
{0.5412773,0.7266575,0.0309330,0.4335042,0.6783489,0.1079838,1.0858384,0.6524969,-0.2795372,0.3006357,0.1503644,0.4668997,1.1024827,0.7308415,0.2727428,0.6827000,0.8510000,0.4634000,0.6824000,0.7329000,0.4101000,0.7311000,0.6037000,0.4308000,0.6875000,0.6586000,0.3437000,0.6804000,0.5257000,0.4638000,0.5912516,0.7218597,-0.0950561},
{0.5370490,0.7235698,0.0281579,0.4277014,0.6752762,0.1055965,1.0834722,0.6492681,-0.2814020,0.2953272,0.1522742,0.4658929,1.1012874,0.7276840,0.2726694,0.6792000,0.8493000,0.4632000,0.6799000,0.7313000,0.4098000,0.7299000,0.6027000,0.4304000,0.6858000,0.6573000,0.3434000,0.6804000,0.5257000,0.4638000,0.5876922,0.7194796,-0.0979017},
{0.5328593,0.7204943,0.0253746,0.4218361,0.6721440,0.1031084,1.0805939,0.6453329,-0.2836776,0.2899892,0.1541874,0.4648837,1.0999383,0.7241068,0.2725860,0.6756000,0.8475000,0.4630000,0.6772000,0.7296000,0.4094000,0.7287000,0.6019000,0.4300000,0.6839000,0.6558000,0.3432000,0.6804000,0.5257000,0.4638000,0.5840393,0.7170290,-0.1008437},
{0.5287129,0.7174347,0.0225867,0.4162930,0.6691593,0.1006868,1.0778970,0.6416379,-0.2858173,0.2853540,0.1558430,0.4640098,1.0984700,0.7201964,0.2724944,0.6719000,0.8457000,0.4627000,0.6744000,0.7280000,0.4092000,0.7274000,0.6009000,0.4296000,0.6837000,0.6549000,0.3422000,0.6804000,0.5257000,0.4639000,0.5804501,0.7146135,-0.1037558},
{0.5245918,0.7143780,0.0197828,0.4107336,0.6661416,0.0981891,1.0752849,0.6380521,-0.2878964,0.2791174,0.1580622,0.4628378,1.0973571,0.7172208,0.2724245,0.6681000,0.8438000,0.4624000,0.6711000,0.7254000,0.4087000,0.7262000,0.6000000,0.4292000,0.6825000,0.6537000,0.3417000,0.6804000,0.5257000,0.4639000,0.5770525,0.7123198,-0.1065322},
{0.5205628,0.7113744,0.0170094,0.4052937,0.6631649,0.0956773,1.0725263,0.6342575,-0.2900995,0.2749227,0.1595494,0.4620519,1.0959835,0.7135343,0.2723376,0.6641000,0.8414000,0.4621000,0.6681000,0.7231000,0.4085000,0.7247000,0.5989000,0.4290000,0.6812000,0.6525000,0.3410000,0.6804000,0.5257000,0.4639000,0.5737934,0.7101130,-0.1092135},
{0.5166037,0.7084080,0.0142529,0.3998443,0.6601592,0.0930933,1.0701920,0.6310404,-0.2919696,0.2694832,0.1614714,0.4610357,1.0946777,0.7100150,0.2722543,0.6603000,0.8394000,0.4618000,0.6651000,0.7206000,0.4084000,0.7232000,0.5979000,0.4288000,0.6797000,0.6512000,0.3405000,0.6804000,0.5257000,0.4639000,0.5701091,0.7076105,-0.1122660},
{0.5126137,0.7054034,0.0114431,0.3945036,0.6571901,0.0904941,1.0675315,0.6273669,-0.2941076,0.2655135,0.1628695,0.4602961,1.0933994,0.7065560,0.2721722,0.6566000,0.8373000,0.4615000,0.6651000,0.7206000,0.4084000,0.7217000,0.5969000,0.4287000,0.6784000,0.6499000,0.3399000,0.6804000,0.5257000,0.4639000,0.5665652,0.7051957,-0.1152237},
{0.5086920,0.7024354,0.0086502,0.3892185,0.6542287,0.0878561,1.0650293,0.6239051,-0.2961249,0.2597369,0.1648970,0.4592229,1.0919390,0.7025872,0.2720776,0.6530000,0.8353000,0.4614000,0.6639000,0.7201000,0.4066000,0.7205000,0.5960000,0.4283000,0.6771000,0.6486000,0.3393000,0.6804000,0.5257000,0.4639000,0.5632488,0.7029288,-0.1180108},
{0.5049250,0.6995704,0.0059379,0.3840726,0.6513230,0.0852239,1.0623593,0.6202039,-0.2982844,0.2555352,0.1663665,0.4584446,1.0905877,0.6988985,0.2719894,0.6495000,0.8331000,0.4612000,0.6616000,0.7185000,0.4061000,0.7200000,0.5953000,0.4274000,0.6758000,0.6473000,0.3388000,0.6805000,0.5257000,0.4639000,0.5598137,0.7005737,-0.1209174},
{0.5010472,0.6966066,0.0031154,0.3789616,0.6484149,0.0825466,1.0599519,0.6168604,-0.3002377,0.2511140,0.1679082,0.4576277,1.0893028,0.6953764,0.2719049,0.6460000,0.8310000,0.4610000,0.6593000,0.7168000,0.4056000,0.7188000,0.5943000,0.4269000,0.6744000,0.6460000,0.3382000,0.6805000,0.5257000,0.4639000,0.5563473,0.6981897,-0.1238708},
{0.4974089,0.6938124,0.0004388,0.3741039,0.6456302,0.0799429,1.0572413,0.6130881,-0.3024442,0.2468398,0.1693940,0.4568400,1.0880430,0.6919090,0.2718214,0.6424000,0.8288000,0.4608000,0.6570000,0.7153000,0.4052000,0.7175000,0.5936000,0.4266000,0.6731000,0.6448000,0.3377000,0.6805000,0.5257000,0.4639000,0.5530737,0.6959315,-0.1266789},
{0.4937953,0.6910240,-0.0022471,0.3694062,0.6429178,0.0773696,1.0548461,0.6097484,-0.3044001,0.2416810,0.1711814,0.4558919,1.0869095,0.6887769,0.2717457,0.6389000,0.8267000,0.4607000,0.6549000,0.7136000,0.4048000,0.7163000,0.5926000,0.4262000,0.6716000,0.6436000,0.3372000,0.6805000,0.5257000,0.4639000,0.5495360,0.6934836,-0.1297344},
{0.4903564,0.6883583,-0.0048288,0.3647883,0.6402325,0.0747862,1.0524505,0.6064020,-0.3063622,0.2376815,0.1725626,0.4551588,1.0855810,0.6850912,0.2716564,0.6355000,0.8246000,0.4605000,0.6526000,0.7120000,0.4045000,0.7151000,0.5917000,0.4258000,0.6702000,0.6424000,0.3367000,0.6805000,0.5257000,0.4639000,0.5464461,0.6913391,-0.1324208},
{0.4868300,0.6856122,-0.0075026,0.3603671,0.6376438,0.0722621,1.0504118,0.6035492,-0.3080367,0.2342880,0.1737315,0.4545382,1.0844198,0.6818569,0.2715777,0.6321000,0.8225000,0.4603000,0.6504000,0.7103000,0.4040000,0.7138000,0.5908000,0.4254000,0.6689000,0.6412000,0.3362000,0.6805000,0.5257000,0.4639000,0.5433512,0.6891851,-0.1351282},
{0.4837744,0.6832224,-0.0098411,0.3560541,0.6351015,0.0697514,1.0480207,0.6001975,-0.3100062,0.2305277,0.1750235,0.4538519,1.0831493,0.6783036,0.2714911,0.6288000,0.8205000,0.4602000,0.6482000,0.7088000,0.4036000,0.7126000,0.5900000,0.4250000,0.6676000,0.6400000,0.3357000,0.6805000,0.5257000,0.4639000,0.5404896,0.6871880,-0.1376465},
{0.4805666,0.6807032,-0.0123179,0.3520961,0.6327535,0.0674047,1.0462693,0.5977385,-0.3114526,0.2265715,0.1763791,0.4531315,1.0819254,0.6748662,0.2714069,0.6255000,0.8184000,0.4599000,0.6461000,0.7072000,0.4031000,0.7114000,0.5891000,0.4246000,0.6662000,0.6388000,0.3352000,0.6805000,0.5257000,0.4639000,0.5373396,0.6849837,-0.1404352},
{0.4777013,0.6784438,-0.0145496,0.3482491,0.6304574,0.0650841,1.0445886,0.5953757,-0.3128435,0.2233364,0.1774847,0.4525437,1.0809654,0.6721603,0.2713405,0.6224000,0.8162000,0.4597000,0.6440000,0.7055000,0.4027000,0.7102000,0.5882000,0.4243000,0.6649000,0.6376000,0.3347000,0.6805000,0.5257000,0.4639000,0.5347643,0.6831767,-0.1427282},
{0.4748168,0.6761605,-0.0168145,0.3445370,0.6282287,0.0628074,1.0420738,0.5918344,-0.3149304,0.2203487,0.1785036,0.4520018,1.0798020,0.6688693,0.2712595,0.6193000,0.8141000,0.4594000,0.6420000,0.7039000,0.4021000,0.7090000,0.5874000,0.4239000,0.6636000,0.6364000,0.3342000,0.6805000,0.5257000,0.4639000,0.5321002,0.6813031,-0.1451126},
{0.4720935,0.6739966,-0.0189701,0.3411098,0.6261593,0.0606723,1.0407729,0.5899998,-0.3160126,0.2171651,0.1795868,0.4514255,1.0787989,0.6660215,0.2711892,0.6163000,0.8119000,0.4592000,0.6401000,0.7024000,0.4016000,0.7078000,0.5864000,0.4235000,0.6624000,0.6352000,0.3337000,0.6806000,0.5257000,0.4639000,0.5294404,0.6794278,-0.1475057},
{0.4696920,0.6720819,-0.0208848,0.3378544,0.6241832,0.0586143,1.0387318,0.5871174,-0.3177141,0.2144785,0.1804990,0.4509399,1.0777801,0.6631189,0.2711173,0.6134000,0.8098000,0.4589000,0.6382000,0.7008000,0.4011000,0.7067000,0.5855000,0.4232000,0.6612000,0.6340000,0.3332000,0.6806000,0.5257000,0.4639000,0.5272939,0.6779112,-0.1494463},
{0.4673075,0.6701744,-0.0227991,0.3347770,0.6223057,0.0566419,1.0368800,0.5844982,-0.3192617,0.2111070,0.1816414,0.4503317,1.0768348,0.6604167,0.2710503,0.6106000,0.8076000,0.4586000,0.6365000,0.6993000,0.4004000,0.7056000,0.5847000,0.4228000,0.6600000,0.6328000,0.3327000,0.6806000,0.5257000,0.4639000,0.5249257,0.6762343,-0.1515970},
{0.4649762,0.6683036,-0.0246832,0.3318748,0.6205265,0.0547572,1.0355089,0.5825566,-0.3204099,0.2088446,0.1824064,0.4499243,1.0758105,0.6574787,0.2709772,0.6079000,0.8055000,0.4582000,0.6346000,0.6977000,0.3999000,0.7046000,0.5838000,0.4224000,0.6589000,0.6316000,0.3322000,0.6806000,0.5257000,0.4639000,0.5226277,0.6746037,-0.1536935},
{0.4627796,0.6665353,-0.0264700,0.3292170,0.6188898,0.0530104,1.0340269,0.5804556,-0.3216533,0.2062938,0.1832674,0.4494655,1.0750015,0.6551509,0.2709191,0.6053000,0.8034000,0.4578000,0.6329000,0.6962000,0.3992000,0.7035000,0.5828000,0.4220000,0.6578000,0.6304000,0.3317000,0.6806000,0.5257000,0.4639000,0.5206016,0.6731631,-0.1555500},
{0.4608412,0.6649705,-0.0280561,0.3266565,0.6173062,0.0513083,1.0322319,0.5779074,-0.3231624,0.2038104,0.1841042,0.4490196,1.0742261,0.6529134,0.2708632,0.6027000,0.8015000,0.4574000,0.6311000,0.6946000,0.3986000,0.7024000,0.5819000,0.4216000,0.6567000,0.6292000,0.3312000,0.6806000,0.5257000,0.4639000,0.5188085,0.6718859,-0.1571992},
{0.4589066,0.6634045,-0.0296480,0.3242313,0.6158001,0.0496786,1.0310269,0.5761948,-0.3241775,0.2020576,0.1846939,0.4487052,1.0733924,0.6505011,0.2708027,0.6003000,0.7996000,0.4569000,0.6294000,0.6931000,0.3981000,0.7014000,0.5811000,0.4212000,0.6557000,0.6281000,0.3306000,0.6806000,0.5257000,0.4639000,0.5169019,0.6705256,-0.1589592},
{0.4571925,0.6620134,-0.0310658,0.3220659,0.6144503,0.0482089,1.0298523,0.5745237,-0.3251685,0.2003657,0.1852624,0.4484021,1.0727135,0.6485313,0.2707533,0.5979000,0.7978000,0.4565000,0.6278000,0.6917000,0.3976000,0.7004000,0.5802000,0.4208000,0.6547000,0.6270000,0.3301000,0.6806000,0.5257000,0.4639000,0.5151973,0.6693073,-0.1605385},
{0.4553586,0.6605216,-0.0325904,0.3200505,0.6131896,0.0468285,1.0288524,0.5731000,-0.3260132,0.1980692,0.1860330,0.4479911,1.0720198,0.6465137,0.2707026,0.5956000,0.7961000,0.4560000,0.6263000,0.6903000,0.3970000,0.6993000,0.5794000,0.4205000,0.6537000,0.6259000,0.3296000,0.6806000,0.5257000,0.4639000,0.5136414,0.6681936,-0.1619846},
{0.4539385,0.6593636,-0.0337766,0.3181047,0.6119685,0.0454843,1.0275952,0.5713082,-0.3270769,0.1962389,0.1866462,0.4476640,1.0713837,0.6446593,0.2706558,0.5933000,0.7945000,0.4556000,0.6248000,0.6889000,0.3965000,0.6983000,0.5784000,0.4202000,0.6527000,0.6248000,0.3292000,0.6806000,0.5257000,0.4639000,0.5120798,0.6670742,-0.1634405},
{0.4524316,0.6581324,-0.0350406,0.3162500,0.6108007,0.0441924,1.0272634,0.5708351,-0.3273579,0.1942809,0.1873013,0.4473145,1.0707065,0.6426803,0.2706059,0.5912000,0.7929000,0.4552000,0.6234000,0.6877000,0.3960000,0.6974000,0.5776000,0.4198000,0.6517000,0.6237000,0.3288000,0.6806000,0.5257000,0.4639000,0.5106693,0.6660618,-0.1647594},
{0.4511565,0.6570886,-0.0361144,0.3145293,0.6097141,0.0429846,1.0253603,0.5681187,-0.3289721,0.1938637,0.1874408,0.4472400,1.0702409,0.6413170,0.2705715,0.5891000,0.7913000,0.4548000,0.6220000,0.6864000,0.3955000,0.6965000,0.5767000,0.4194000,0.6508000,0.6228000,0.3283000,0.6807000,0.5257000,0.4639000,0.5093783,0.6651338,-0.1659698},
{0.4497444,0.6559304,-0.0373082,0.3129366,0.6087054,0.0418586,1.0247729,0.5672795,-0.3294711,0.1920114,0.1880595,0.4469098,1.0695670,0.6393397,0.2705214,0.5872000,0.7897000,0.4543000,0.6207000,0.6852000,0.3950000,0.6955000,0.5759000,0.4191000,0.6499000,0.6218000,0.3279000,0.6807000,0.5257000,0.4639000,0.5083596,0.6644009,-0.1669271},
{0.4483877,0.6548154,-0.0384598,0.3113371,0.6076897,0.0407198,1.0238345,0.5659378,-0.3302691,0.1902116,0.1886599,0.4465893,1.0690224,0.6377383,0.2704808,0.5854000,0.7883000,0.4539000,0.6195000,0.6840000,0.3945000,0.6946000,0.5751000,0.4187000,0.6490000,0.6209000,0.3274000,0.6807000,0.5257000,0.4639000,0.5069830,0.6634093,-0.1682238},
{0.4473510,0.6539620,-0.0393428,0.3098735,0.6067578,0.0396708,1.0235289,0.5655007,-0.3305292,0.1893582,0.1889443,0.4464374,1.0685325,0.6362949,0.2704442,0.5836000,0.7869000,0.4535000,0.6183000,0.6829000,0.3940000,0.6937000,0.5743000,0.4183000,0.6481000,0.6200000,0.3270000,0.6807000,0.5257000,0.4639000,0.5057650,0.6625309,-0.1693740},
{0.4463722,0.6531550,-0.0401790,0.3084561,0.6058532,0.0386487,1.0216357,0.5627902,-0.3321428,0.1880983,0.1893639,0.4462134,1.0681163,0.6350665,0.2704129,0.5820000,0.7856000,0.4531000,0.6171000,0.6819000,0.3935000,0.6927000,0.5736000,0.4180000,0.6472000,0.6191000,0.3265000,0.6807000,0.5257000,0.4639000,0.5049519,0.6619439,-0.1701435},
{0.4453326,0.6522967,-0.0410696,0.3071219,0.6049995,0.0376806,1.0213542,0.5623869,-0.3323831,0.1875598,0.1895431,0.4461177,1.0674706,0.6331575,0.2703643,0.5805000,0.7843000,0.4527000,0.6160000,0.6809000,0.3930000,0.6917000,0.5728000,0.4176000,0.6465000,0.6184000,0.3261000,0.6807000,0.5257000,0.4639000,0.5037794,0.6610967,-0.1712552},
{0.4443369,0.6514735,-0.0419253,0.3059449,0.6042449,0.0368221,1.0208455,0.5616577,-0.3328175,0.1860090,0.1900588,0.4458422,1.0672364,0.6324638,0.2703467,0.5792000,0.7830000,0.4523000,0.6150000,0.6799000,0.3925000,0.6909000,0.5720000,0.4172000,0.6457000,0.6176000,0.3257000,0.6807000,0.5257000,0.4639000,0.5028554,0.6604284,-0.1721330},
{0.4434420,0.6507326,-0.0426963,0.3047331,0.6034663,0.0359334,1.0199608,0.5603888,-0.3335737,0.1853976,0.1902620,0.4457337,1.0668912,0.6314404,0.2703206,0.5778000,0.7819000,0.4519000,0.6140000,0.6790000,0.3921000,0.6900000,0.5714000,0.4169000,0.6449000,0.6169000,0.3252000,0.6807000,0.5257000,0.4639000,0.5018813,0.6597232,-0.1730603},
{0.4425708,0.6500103,-0.0434489,0.3036189,0.6027490,0.0351123,1.0196093,0.5598845,-0.3338743,0.1850452,0.1903790,0.4456711,1.0665069,0.6302996,0.2702914,0.5766000,0.7808000,0.4515000,0.6130000,0.6782000,0.3916000,0.6892000,0.5706000,0.4165000,0.6442000,0.6162000,0.3248000,0.6807000,0.5257000,0.4639000,0.5009564,0.6590531,-0.1739423},
{0.4416688,0.6492617,-0.0442302,0.3026954,0.6021533,0.0344286,1.0194892,0.5597121,-0.3339771,0.1837462,0.1908103,0.4454407,1.0661395,0.6292072,0.2702635,0.5754000,0.7798000,0.4512000,0.6121000,0.6773000,0.3912000,0.6884000,0.5699000,0.4161000,0.6435000,0.6155000,0.3244000,0.6807000,0.5257000,0.4639000,0.5002090,0.6585111,-0.1746564},
{0.4409393,0.6486554,-0.0448635,0.3015567,0.6014175,0.0335818,1.0181274,0.5577565,-0.3351435,0.1825609,0.1912034,0.4452306,1.0657809,0.6281397,0.2702362,0.5743000,0.7788000,0.4509000,0.6111000,0.6765000,0.3907000,0.6875000,0.5693000,0.4158000,0.6428000,0.6149000,0.3240000,0.6808000,0.5257000,0.4639000,0.4991987,0.6577779,-0.1756231},
{0.4402999,0.6481235,-0.0454197,0.3006410,0.6008248,0.0328979,1.0178351,0.5573364,-0.3353942,0.1825609,0.1912034,0.4452306,1.0657620,0.6280835,0.2702348,0.5734000,0.7780000,0.4506000,0.6102000,0.6757000,0.3904000,0.6867000,0.5686000,0.4155000,0.6421000,0.6143000,0.3236000,0.6808000,0.5257000,0.4639000,0.4986643,0.6573898,-0.1761353},
{0.4395768,0.6475214,-0.0460500,0.3002839,0.6005934,0.0326304,1.0175895,0.5569833,-0.3356049,0.1812885,0.1916251,0.4450053,1.0654771,0.6272343,0.2702130,0.5724000,0.7771000,0.4503000,0.6094000,0.6749000,0.3900000,0.6859000,0.5680000,0.4151000,0.6415000,0.6137000,0.3232000,0.6808000,0.5257000,0.4639000,0.4980991,0.6569791,-0.1766776},
{0.4391952,0.6472034,-0.0463831,0.2996493,0.6001818,0.0321540,1.0175895,0.5569833,-0.3356049,0.1802530,0.1919679,0.4448220,1.0652342,0.6265096,0.2701945,0.5716000,0.7764000,0.4500000,0.6085000,0.6742000,0.3896000,0.6851000,0.5675000,0.4148000,0.6409000,0.6132000,0.3228000,0.6808000,0.5257000,0.4639000,0.4978103,0.6567692,-0.1769549},
{0.4388375,0.6469051,-0.0466958,0.2991878,0.5998822,0.0318067,1.0169832,0.5561116,-0.3361252,0.1802530,0.1919679,0.4448220,1.0649857,0.6257674,0.2701755,0.5708000,0.7757000,0.4498000,0.6079000,0.6735000,0.3893000,0.6844000,0.5668000,0.4144000,0.6403000,0.6127000,0.3224000,0.6808000,0.5257000,0.4639000,0.4972484,0.6563605,-0.1774949},
{0.4385293,0.6466481,-0.0469654,0.2987258,0.5995819,0.0314584,1.0167810,0.5558208,-0.3362988,0.1798721,0.1920939,0.4447546,1.0649230,0.6255800,0.2701707,0.5701000,0.7749000,0.4495000,0.6072000,0.6728000,0.3890000,0.6837000,0.5662000,0.4141000,0.6397000,0.6121000,0.3221000,0.6808000,0.5257000,0.4639000,0.4967088,0.6559679,-0.1780142},
{0.4380397,0.6462394,-0.0473942,0.2982729,0.5992874,0.0311162,1.0163331,0.5551763,-0.3366836,0.1787332,0.1924707,0.4445532,1.0647180,0.6249673,0.2701549,0.5694000,0.7743000,0.4493000,0.6065000,0.6723000,0.3887000,0.6831000,0.5657000,0.4137000,0.6391000,0.6116000,0.3217000,0.6808000,0.5257000,0.4639000,0.4965578,0.6558580,-0.1781595},
{0.4377979,0.6460375,-0.0476062,0.2978271,0.5989973,0.0307788,1.0161917,0.5549729,-0.3368051,0.1787332,0.1924707,0.4445532,1.0643434,0.6238460,0.2701261,0.5688000,0.7737000,0.4490000,0.6059000,0.6718000,0.3883000,0.6824000,0.5652000,0.4134000,0.6385000,0.6112000,0.3214000,0.6808000,0.5257000,0.4639000,0.4959838,0.6554400,-0.1787125},
{0.4374959,0.6457852,-0.0478711,0.2973739,0.5987021,0.0304350,1.0157956,0.5544028,-0.3371456,0.1783828,0.1925865,0.4444913,1.0643434,0.6238460,0.2701261,0.5683000,0.7731000,0.4488000,0.6054000,0.6713000,0.3880000,0.6818000,0.5647000,0.4130000,0.6379000,0.6108000,0.3211000,0.6808000,0.5257000,0.4639000,0.4959838,0.6554400,-0.1787125},
{0.4371143,0.6454662,-0.0482064,0.2969017,0.5983943,0.0300762,1.0157419,0.5543255,-0.3371918,0.1775337,0.1928671,0.4443412,1.0642948,0.6237004,0.2701224,0.5678000,0.7726000,0.4486000,0.6048000,0.6708000,0.3877000,0.6812000,0.5642000,0.4127000,0.6374000,0.6104000,0.3208000,0.6808000,0.5257000,0.4639000,0.4953407,0.6549715,-0.1793330},
{0.4367483,0.6451601,-0.0485282,0.2965116,0.5981398,0.0297792,1.0149494,0.5531841,-0.3378737,0.1774267,0.1929024,0.4443224,1.0640543,0.6229798,0.2701039,0.5673000,0.7722000,0.4484000,0.6043000,0.6703000,0.3875000,0.6807000,0.5639000,0.4125000,0.6370000,0.6100000,0.3205000,0.6809000,0.5257000,0.4639000,0.4950208,0.6547383,-0.1796418},
{0.4364033,0.6448714,-0.0488319,0.2962586,0.5979747,0.0295863,1.0150841,0.5533782,-0.3377577,0.1769631,0.1930555,0.4442405,1.0640249,0.6228915,0.2701016,0.5670000,0.7718000,0.4482000,0.6038000,0.6700000,0.3872000,0.6801000,0.5635000,0.4122000,0.6365000,0.6097000,0.3202000,0.6809000,0.5257000,0.4639000,0.4948212,0.6545928,-0.1798346},
{0.4361507,0.6446599,-0.0490544,0.2959718,0.5977874,0.0293673,1.0149719,0.5532166,-0.3378543,0.1769631,0.1930555,0.4442405,1.0637936,0.6221977,0.2700838,0.5667000,0.7714000,0.4482000,0.6034000,0.6697000,0.3870000,0.6797000,0.5631000,0.4119000,0.6362000,0.6094000,0.3199000,0.6809000,0.5257000,0.4639000,0.4946548,0.6544715,-0.1799954},
{0.4359368,0.6444809,-0.0492429,0.2955612,0.5975190,0.0290534,1.0143202,0.5522775,-0.3384155,0.1765312,0.1931981,0.4441642,1.0637936,0.6221977,0.2700838,0.5664000,0.7709000,0.4482000,0.6031000,0.6693000,0.3869000,0.6792000,0.5627000,0.4117000,0.6359000,0.6091000,0.3197000,0.6809000,0.5257000,0.4639000,0.4945227,0.6543752,-0.1801231},
{0.4356564,0.6442460,-0.0494903,0.2951995,0.5972825,0.0287763,1.0143202,0.5522775,-0.3384155,0.1765312,0.1931981,0.4441642,1.0635619,0.6215022,0.2700659,0.5662000,0.7705000,0.4482000,0.6028000,0.6690000,0.3867000,0.6788000,0.5623000,0.4115000,0.6356000,0.6089000,0.3195000,0.6809000,0.5257000,0.4639000,0.4941381,0.6540946,-0.1804951},
{0.4352755,0.6439267,-0.0498267,0.2949075,0.5970914,0.0285524,1.0143202,0.5522775,-0.3384155,0.1763749,0.1932497,0.4441366,1.0635619,0.6215022,0.2700659,0.5661000,0.7701000,0.4481000,0.6026000,0.6687000,0.3865000,0.6784000,0.5619000,0.4113000,0.6353000,0.6086000,0.3193000,0.6809000,0.5257000,0.4639000,0.4940333,0.6540181,-0.1805965},
{0.4350717,0.6437558,-0.0500068,0.2944728,0.5968068,0.0282185,1.0143202,0.5522775,-0.3384155,0.1763749,0.1932497,0.4441366,1.0634273,0.6210978,0.2700555,0.5659000,0.7697000,0.4481000,0.6023000,0.6685000,0.3863000,0.6782000,0.5617000,0.4111000,0.6351000,0.6083000,0.3191000,0.6809000,0.5257000,0.4639000,0.4935412,0.6536590,-0.1810730},
{0.4349706,0.6436711,-0.0500962,0.2942165,0.5966389,0.0280213,1.0140599,0.5519022,-0.3386399,0.1756488,0.1934893,0.4440085,1.0633351,0.6208204,0.2700483,0.5657000,0.7693000,0.4480000,0.6021000,0.6682000,0.3862000,0.6779000,0.5614000,0.4110000,0.6348000,0.6081000,0.3190000,0.6809000,0.5257000,0.4640000,0.4931703,0.6533882,-0.1814324},
{0.4345719,0.6433365,-0.0504491,0.2938546,0.5964016,0.0277424,1.0140599,0.5519022,-0.3386399,0.1756488,0.1934893,0.4440085,1.0632618,0.6206003,0.2700426,0.5654000,0.7689000,0.4480000,0.6019000,0.6679000,0.3861000,0.6776000,0.5611000,0.4108000,0.6345000,0.6079000,0.3189000,0.6809000,0.5257000,0.4640000,0.4931271,0.6533566,-0.1814744},
{0.4345719,0.6433365,-0.0504491,0.2937254,0.5963169,0.0276428,1.0140599,0.5519022,-0.3386399,0.1756488,0.1934893,0.4440085,1.0632618,0.6206003,0.2700426,0.5652000,0.7686000,0.4480000,0.6017000,0.6677000,0.3860000,0.6775000,0.5609000,0.4106000,0.6344000,0.6077000,0.3187000,0.6809000,0.5257000,0.4640000,0.4928994,0.6531903,-0.1816951},
{0.4342812,0.6430925,-0.0507066,0.2934851,0.5961592,0.0274573,1.0136096,0.5512529,-0.3390281,0.1753679,0.1935819,0.4439589,1.0630267,0.6198928,0.2700244,0.5651000,0.7683000,0.4479000,0.6016000,0.6675000,0.3859000,0.6773000,0.5605000,0.4105000,0.6343000,0.6075000,0.3186000,0.6810000,0.5257000,0.4640000,0.4927482,0.6530799,-0.1818418},
{0.4341301,0.6429657,-0.0508404,0.2932551,0.5960083,0.0272797,1.0130559,0.5504542,-0.3395057,0.1753679,0.1935819,0.4439589,1.0629140,0.6195535,0.2700157,0.5649000,0.7680000,0.4479000,0.6015000,0.6672000,0.3858000,0.6772000,0.5603000,0.4104000,0.6342000,0.6072000,0.3185000,0.6810000,0.5257000,0.4640000,0.4925572,0.6529403,-0.1820271},
{0.4339376,0.6428040,-0.0510112,0.2932002,0.5959723,0.0272372,1.0130559,0.5504542,-0.3395057,0.1750390,0.1936904,0.4439009,1.0628782,0.6194459,0.2700129,0.5648000,0.7676000,0.4479000,0.6014000,0.6670000,0.3857000,0.6771000,0.5601000,0.4103000,0.6341000,0.6070000,0.3184000,0.6810000,0.5257000,0.4640000,0.4925572,0.6529403,-0.1820271},
{0.4339376,0.6428040,-0.0510112,0.2929855,0.5958312,0.0270711,1.0130559,0.5504542,-0.3395057,0.1750390,0.1936904,0.4439009,1.0628782,0.6194459,0.2700129,0.5647000,0.7673000,0.4479000,0.6014000,0.6667000,0.3856000,0.6771000,0.5598000,0.4101000,0.6341000,0.6068000,0.3183000,0.6810000,0.5257000,0.4640000,0.4922566,0.6527206,-0.1823190},
{0.4336839,0.6425908,-0.0512363,0.2928639,0.5957514,0.0269769,1.0130559,0.5504542,-0.3395057,0.1751802,0.1936438,0.4439258,1.0628650,0.6194060,0.2700119,0.5647000,0.7669000,0.4479000,0.6014000,0.6665000,0.3855000,0.6771000,0.5596000,0.4100000,0.6341000,0.6066000,0.3182000,0.6810000,0.5257000,0.4640000,0.4922566,0.6527206,-0.1823190},
{0.4334718,0.6424125,-0.0514247,0.2926824,0.5956321,0.0268363,1.0130559,0.5504542,-0.3395057,0.1751802,0.1936438,0.4439258,1.0626348,0.6187125,0.2699940,0.5646000,0.7666000,0.4478000,0.6014000,0.6662000,0.3855000,0.6771000,0.5594000,0.4100000,0.6341000,0.6063000,0.3181000,0.6810000,0.5256000,0.4640000,0.4920838,0.6525943,-0.1824868},
{0.4333548,0.6423142,-0.0515286,0.2924309,0.5954668,0.0266413,1.0130559,0.5504542,-0.3395057,0.1751802,0.1936438,0.4439258,1.0625813,0.6185512,0.2699898,0.5645000,0.7664000,0.4478000,0.6014000,0.6659000,0.3854000,0.6771000,0.5592000,0.4099000,0.6341000,0.6061000,0.3181000,0.6810000,0.5256000,0.4640000,0.4918675,0.6524362,-0.1826970},
{0.4332124,0.6421945,-0.0516552,0.2923701,0.5954269,0.0265942,1.0125343,0.5497014,-0.3399560,0.1751802,0.1936438,0.4439258,1.0624803,0.6182465,0.2699819,0.5644000,0.7662000,0.4477000,0.6013000,0.6657000,0.3854000,0.6771000,0.5590000,0.4098000,0.6341000,0.6059000,0.3180000,0.6810000,0.5256000,0.4640000,0.4918583,0.6524295,-0.1827060},
{0.4331527,0.6421443,-0.0517083,0.2922125,0.5953232,0.0264718,1.0125343,0.5497014,-0.3399560,0.1750751,0.1936785,0.4439073,1.0624386,0.6181208,0.2699787,0.5644000,0.7660000,0.4477000,0.6013000,0.6655000,0.3854000,0.6772000,0.5589000,0.4097000,0.6342000,0.6058000,0.3179000,0.6810000,0.5256000,0.4640000,0.4917439,0.6523458,-0.1828172},
{0.4330420,0.6420512,-0.0518067,0.2920460,0.5952137,0.0263425,1.0125343,0.5497014,-0.3399560,0.1750751,0.1936785,0.4439073,1.0624386,0.6181208,0.2699787,0.5643000,0.7657000,0.4476000,0.6014000,0.6653000,0.3853000,0.6773000,0.5587000,0.4097000,0.6342000,0.6056000,0.3179000,0.6810000,0.5256000,0.4640000,0.4916267,0.6522601,-0.1829312},
{0.4330063,0.6420211,-0.0518385,0.2919525,0.5951521,0.0262698,1.0125343,0.5497014,-0.3399560,0.1750751,0.1936785,0.4439073,1.0624190,0.6180616,0.2699772,0.5643000,0.7655000,0.4476000,0.6015000,0.6651000,0.3853000,0.6775000,0.5586000,0.4096000,0.6343000,0.6055000,0.3178000,0.6811000,0.5256000,0.4640000,0.4915409,0.6521974,-0.1830146},
{0.4328445,0.6418850,-0.0519824,0.2919112,0.5951250,0.0262377,1.0122123,0.5492365,-0.3402342,0.1750751,0.1936785,0.4439073,1.0623110,0.6177360,0.2699688,0.5642000,0.7652000,0.4476000,0.6017000,0.6650000,0.3852000,0.6777000,0.5584000,0.4095000,0.6344000,0.6054000,0.3178000,0.6811000,0.5256000,0.4640000,0.4915409,0.6521974,-0.1830146},
{0.4328295,0.6418723,-0.0519958,0.2918209,0.5950655,0.0261674,1.0122123,0.5492365,-0.3402342,0.1747164,0.1937968,0.4438440,1.0623110,0.6177360,0.2699688,0.5641000,0.7649000,0.4476000,0.6018000,0.6649000,0.3851000,0.6778000,0.5584000,0.4095000,0.6345000,0.6053000,0.3177000,0.6811000,0.5256000,0.4640000,0.4913545,0.6520610,-0.1831959},
{0.4327232,0.6417829,-0.0520904,0.2918084,0.5950573,0.0261577,1.0122123,0.5492365,-0.3402342,0.1747164,0.1937968,0.4438440,1.0622155,0.6174474,0.2699613,0.5641000,0.7647000,0.4476000,0.6018000,0.6647000,0.3851000,0.6779000,0.5583000,0.4095000,0.6347000,0.6052000,0.3177000,0.6811000,0.5256000,0.4640000,0.4913545,0.6520610,-0.1831959},
{0.4327232,0.6417829,-0.0520904,0.2916753,0.5949697,0.0260541,1.0122123,0.5492365,-0.3402342,0.1747164,0.1937968,0.4438440,1.0622100,0.6174311,0.2699609,0.5640000,0.7646000,0.4475000,0.6019000,0.6646000,0.3851000,0.6781000,0.5583000,0.4095000,0.6348000,0.6051000,0.3177000,0.6811000,0.5256000,0.4640000,0.4913460,0.6520548,-0.1832041}
};
