fitErrPi Mean = 0.0399109
fitErrTh Mean = 0.0537153
fitErrWr Mean = 0.0225917
fitErrLA Mean = 0.0647508
fitErrEl Mean = 0.023581
fitErrUA Mean = 0.0832576
efPts = {
{0.6173248,0.7458038,0.0374440,0.6214075,0.2329279,0.2403258,0.5724458,0.5388733,0.2861842,0.8953614,0.9221282,0.2645261,0.8195071,0.7020005,0.5287550,0.7670000,0.7493000,0.4985000,0.7724000,0.6684000,0.3909000,0.8358000,0.6185000,0.3759000,0.8740000,0.5643000,0.4026000,0.9786000,0.5310000,0.4635000,0.5229872,0.6505758,0.0035643},
{0.6297068,0.3633736,0.2832551,0.6213984,0.2329463,0.2402604,0.5725346,0.5391162,0.2861115,0.6030943,0.6442938,0.2890244,0.6765785,0.7649460,0.3911982,0.7674000,0.7497000,0.4983000,0.7724000,0.6685000,0.3908000,0.8358000,0.6186000,0.3758000,0.8739000,0.5644000,0.4026000,0.9784000,0.5309000,0.4634000,0.5785086,0.3317263,0.2951378},
{0.6297266,0.3638741,0.2834818,0.6213949,0.2329534,0.2402352,0.5726719,0.5394907,0.2859994,0.6028112,0.6448483,0.2885099,0.6770996,0.7652549,0.3913252,0.7677000,0.7502000,0.4982000,0.7724000,0.6685000,0.3908000,0.8358000,0.6188000,0.3758000,0.8738000,0.5645000,0.4025000,0.9782000,0.5308000,0.4634000,0.5785214,0.3326433,0.2949982},
{0.6297544,0.3645823,0.2837976,0.6285390,0.2956556,0.3372857,0.5728734,0.5400387,0.2858356,0.6025042,0.6454751,0.2879354,0.6776062,0.7655546,0.3914490,0.7680000,0.7507000,0.4980000,0.7724000,0.6685000,0.3907000,0.8358000,0.6190000,0.3757000,0.8736000,0.5646000,0.4025000,0.9780000,0.5308000,0.4633000,0.5785359,0.3337189,0.2948324},
{0.6297909,0.3655307,0.2842116,0.6283419,0.2994675,0.3378802,0.5731897,0.5408944,0.2855806,0.6021027,0.6463390,0.2871552,0.6779743,0.7657719,0.3915392,0.7684000,0.7511000,0.4978000,0.7724000,0.6686000,0.3906000,0.8358000,0.6192000,0.3757000,0.8735000,0.5647000,0.4025000,0.9778000,0.5307000,0.4633000,0.5785553,0.3352209,0.2945972},
{0.6298411,0.3668604,0.2847754,0.6281188,0.3035281,0.3384040,0.5736377,0.5420980,0.2852232,0.6016225,0.6474469,0.2861732,0.6783518,0.7659945,0.3916320,0.7687000,0.7515000,0.4976000,0.7724000,0.6686000,0.3906000,0.8358000,0.6194000,0.3757000,0.8735000,0.5648000,0.4025000,0.9777000,0.5307000,0.4633000,0.5785768,0.3369892,0.2943149},
{0.6299058,0.3686266,0.2854952,0.6278805,0.3076352,0.3388263,0.5742141,0.5436320,0.2847699,0.6009793,0.6490837,0.2847582,0.6787234,0.7662134,0.3917235,0.7688000,0.7518000,0.4973000,0.7724000,0.6686000,0.3905000,0.8358000,0.6195000,0.3756000,0.8734000,0.5649000,0.4025000,0.9776000,0.5307000,0.4633000,0.5785986,0.3389180,0.2940005},
{0.6299800,0.3707238,0.2863090,0.6276288,0.3117617,0.3391488,0.5749072,0.5454560,0.2842341,0.6002007,0.6513724,0.2828443,0.6790778,0.7664218,0.3918111,0.7684000,0.7527000,0.4974000,0.7724000,0.6686000,0.3905000,0.8358000,0.6195000,0.3756000,0.8734000,0.5650000,0.4025000,0.9774000,0.5306000,0.4634000,0.5786213,0.3411014,0.2936364},
{0.6300627,0.3731593,0.2872016,0.6273576,0.3160138,0.3393806,0.5757332,0.5476015,0.2836083,0.5994660,0.6539836,0.2807432,0.6793872,0.7666035,0.3918876,0.7684000,0.7532000,0.4969000,0.7724000,0.6687000,0.3904000,0.8357000,0.6196000,0.3755000,0.8733000,0.5651000,0.4025000,0.9773000,0.5306000,0.4634000,0.5786431,0.3434253,0.2932394},
{0.6301476,0.3757760,0.2881015,0.6270654,0.3204057,0.3395191,0.5765918,0.5498010,0.2829717,0.5987905,0.6570339,0.2783871,0.6798636,0.7668829,0.3920058,0.7683000,0.7537000,0.4965000,0.7724000,0.6687000,0.3903000,0.8356000,0.6196000,0.3754000,0.8732000,0.5651000,0.4024000,0.9771000,0.5305000,0.4635000,0.5786644,0.3459757,0.2927929},
{0.6302370,0.3786642,0.2890282,0.6267487,0.3249818,0.3395606,0.5776088,0.5523676,0.2822350,0.5982445,0.6604145,0.2758848,0.6804792,0.7672431,0.3921590,0.7683000,0.7543000,0.4959000,0.7724000,0.6687000,0.3903000,0.8354000,0.6196000,0.3753000,0.8730000,0.5652000,0.4024000,0.9768000,0.5304000,0.4636000,0.5786833,0.3485866,0.2923240},
{0.6303309,0.3818599,0.2899773,0.6264240,0.3295054,0.3395038,0.5786509,0.5549571,0.2814984,0.5978718,0.6639816,0.2733537,0.6812424,0.7676886,0.3923497,0.7683000,0.7552000,0.4954000,0.7724000,0.6687000,0.3902000,0.8352000,0.6197000,0.3752000,0.8727000,0.5653000,0.4023000,0.9764000,0.5302000,0.4637000,0.5787008,0.3514825,0.2917904},
{0.6304294,0.3854074,0.2909435,0.6260644,0.3343472,0.3393409,0.5798347,0.5578516,0.2806828,0.5976783,0.6677713,0.2707735,0.6820153,0.7681383,0.3925438,0.7683000,0.7561000,0.4949000,0.7724000,0.6688000,0.3901000,0.8350000,0.6198000,0.3751000,0.8724000,0.5654000,0.4022000,0.9759000,0.5300000,0.4637000,0.5787157,0.3545481,0.2912102},
{0.6305309,0.3892982,0.2919049,0.6256810,0.3393394,0.3390679,0.5811800,0.5610843,0.2797816,0.5976779,0.6718587,0.2681024,0.6828404,0.7686170,0.3927521,0.7684000,0.7570000,0.4942000,0.7724000,0.6688000,0.3901000,0.8347000,0.6201000,0.3750000,0.8720000,0.5655000,0.4020000,0.9754000,0.5297000,0.4638000,0.5787274,0.3578592,0.2905662},
{0.6306378,0.3936818,0.2928738,0.6252649,0.3445895,0.3386714,0.5826714,0.5646021,0.2788122,0.5978948,0.6762786,0.2653309,0.6837267,0.7691296,0.3929770,0.7690000,0.7573000,0.4931000,0.7724000,0.6688000,0.3900000,0.8345000,0.6204000,0.3749000,0.8716000,0.5655000,0.4020000,0.9748000,0.5294000,0.4639000,0.5787353,0.3615570,0.2898260},
{0.6307438,0.3983595,0.2937837,0.6248160,0.3500804,0.3381424,0.5843708,0.5685320,0.2777431,0.5983572,0.6810556,0.2624579,0.6846473,0.7696601,0.3932118,0.7690000,0.7584000,0.4925000,0.7723000,0.6689000,0.3899000,0.8343000,0.6207000,0.3748000,0.8712000,0.5656000,0.4019000,0.9741000,0.5291000,0.4639000,0.5787379,0.3656769,0.2889759},
{0.6308503,0.4034562,0.2946404,0.6243289,0.3558641,0.3374647,0.5862158,0.5727110,0.2766218,0.5990869,0.6861592,0.2595153,0.6856360,0.7702278,0.3934654,0.7691000,0.7594000,0.4918000,0.7723000,0.6689000,0.3899000,0.8340000,0.6210000,0.3747000,0.8707000,0.5658000,0.4017000,0.9734000,0.5287000,0.4640000,0.5787332,0.3702014,0.2880120},
{0.6309551,0.4089258,0.2954148,0.6237847,0.3621365,0.3365963,0.5882667,0.5772574,0.2754201,0.6000954,0.6915404,0.2565409,0.6867185,0.7708470,0.3937448,0.7690000,0.7604000,0.4911000,0.7723000,0.6689000,0.3898000,0.8336000,0.6213000,0.3746000,0.8701000,0.5658000,0.4017000,0.9725000,0.5284000,0.4641000,0.5787194,0.3751340,0.2869258},
{0.6310544,0.4146097,0.2960720,0.6232235,0.3684222,0.3355931,0.5904348,0.5819591,0.2741967,0.6013828,0.6971423,0.2535723,0.6879650,0.7715568,0.3940687,0.7690000,0.7616000,0.4904000,0.7723000,0.6689000,0.3897000,0.8331000,0.6215000,0.3745000,0.8694000,0.5659000,0.4015000,0.9716000,0.5280000,0.4642000,0.5786948,0.3804099,0.2857243},
{0.6311506,0.4207020,0.2966211,0.6226210,0.3749897,0.3344086,0.5927190,0.5868059,0.2729560,0.6029190,0.7028348,0.2506782,0.6892937,0.7723098,0.3944165,0.7684000,0.7635000,0.4904000,0.7723000,0.6690000,0.3897000,0.8326000,0.6218000,0.3744000,0.8686000,0.5659000,0.4013000,0.9705000,0.5276000,0.4642000,0.5786609,0.3856070,0.2845014},
{0.6312408,0.4270904,0.2970360,0.6219630,0.3819719,0.3330028,0.5951729,0.5918999,0.2716740,0.6046915,0.7085998,0.2478636,0.6908110,0.7731650,0.3948168,0.7685000,0.7649000,0.4899000,0.7723000,0.6690000,0.3896000,0.8318000,0.6223000,0.3742000,0.8677000,0.5660000,0.4011000,0.9693000,0.5272000,0.4643000,0.5786152,0.3910611,0.2831769},
{0.6313244,0.4337701,0.2973050,0.6213221,0.3886016,0.3315333,0.5976657,0.5969640,0.2704215,0.6066971,0.7144469,0.2451206,0.6923748,0.7740414,0.3952330,0.7687000,0.7663000,0.4894000,0.7723000,0.6690000,0.3895000,0.8312000,0.6228000,0.3741000,0.8666000,0.5661000,0.4010000,0.9678000,0.5268000,0.4643000,0.5785566,0.3967507,0.2817514},
{0.6314017,0.4408559,0.2974178,0.6206236,0.3956573,0.3298304,0.6004108,0.6024213,0.2690961,0.6089745,0.7204853,0.2423987,0.6940057,0.7749499,0.3956708,0.7691000,0.7677000,0.4891000,0.7723000,0.6690000,0.3895000,0.8301000,0.6226000,0.3745000,0.8655000,0.5662000,0.4008000,0.9664000,0.5263000,0.4643000,0.5784835,0.4027251,0.2802073},
{0.6314722,0.4484365,0.2973534,0.6198828,0.4029637,0.3279207,0.6033322,0.6081019,0.2677430,0.6114953,0.7266297,0.2397383,0.6955912,0.7758278,0.3961002,0.7698000,0.7686000,0.4883000,0.7723000,0.6705000,0.3895000,0.8297000,0.6237000,0.3740000,0.8645000,0.5664000,0.4007000,0.9648000,0.5257000,0.4643000,0.5783927,0.4090932,0.2785093},
{0.6315336,0.4564123,0.2970910,0.6190990,0.4105167,0.3257949,0.6065001,0.6141244,0.2663376,0.6142930,0.7329529,0.2371099,0.6972607,0.7767466,0.3965562,0.7701000,0.7700000,0.4880000,0.7714000,0.6727000,0.3880000,0.8290000,0.6245000,0.3737000,0.8633000,0.5667000,0.4005000,0.9632000,0.5251000,0.4643000,0.5782830,0.4157964,0.2766649},
{0.6315847,0.4647727,0.2966133,0.6182555,0.4184592,0.3233976,0.6098982,0.6204376,0.2648963,0.6173971,0.7394987,0.2345007,0.6988598,0.7776213,0.3969967,0.7705000,0.7713000,0.4876000,0.7712000,0.6738000,0.3884000,0.8283000,0.6250000,0.3737000,0.8621000,0.5670000,0.4004000,0.9616000,0.5245000,0.4643000,0.5781489,0.4230261,0.2746113},
{0.6316243,0.4735230,0.2959022,0.6173487,0.4268016,0.3207055,0.6134537,0.6268918,0.2634565,0.6207566,0.7461445,0.2319633,0.7004817,0.7785032,0.3974471,0.7707000,0.7727000,0.4872000,0.7709000,0.6754000,0.3883000,0.8279000,0.6263000,0.3734000,0.8608000,0.5671000,0.4003000,0.9599000,0.5239000,0.4642000,0.5779933,0.4304968,0.2724204},
{0.6316513,0.4827531,0.2949292,0.6163900,0.4354222,0.3177403,0.6173713,0.6338375,0.2619450,0.6245059,0.7531299,0.2294135,0.7022700,0.7794693,0.3979481,0.7709000,0.7741000,0.4868000,0.7702000,0.6785000,0.3868000,0.8268000,0.6263000,0.3735000,0.8595000,0.5671000,0.4002000,0.9582000,0.5232000,0.4642000,0.5778124,0.4383096,0.2700556},
{0.6316642,0.4922695,0.2936964,0.6153720,0.4443689,0.3144699,0.6214485,0.6408942,0.2604493,0.6284240,0.7600318,0.2270090,0.7042238,0.7805175,0.3985006,0.7710000,0.7756000,0.4864000,0.7702000,0.6785000,0.3868000,0.8256000,0.6265000,0.3737000,0.8581000,0.5673000,0.4001000,0.9564000,0.5225000,0.4642000,0.5776029,0.4465050,0.2674953},
{0.6316619,0.5021573,0.2921780,0.6143189,0.4534181,0.3109650,0.6257490,0.6481606,0.2589515,0.6325296,0.7669011,0.2247265,0.7064697,0.7817131,0.3991421,0.7709000,0.7772000,0.4863000,0.7694000,0.6804000,0.3865000,0.8245000,0.6272000,0.3737000,0.8567000,0.5675000,0.4000000,0.9545000,0.5218000,0.4642000,0.5773599,0.4551726,0.2647001},
{0.6316442,0.5120838,0.2904180,0.6132295,0.4625748,0.3072193,0.6304580,0.6559230,0.2573989,0.6370615,0.7741189,0.2224453,0.7088920,0.7829914,0.3998419,0.7711000,0.7788000,0.4861000,0.7687000,0.6822000,0.3861000,0.8234000,0.6276000,0.3738000,0.8553000,0.5676000,0.3999000,0.9525000,0.5210000,0.4642000,0.5770801,0.4643031,0.2616594},
{0.6316103,0.5222668,0.2883738,0.6121028,0.4718431,0.3032256,0.6352166,0.6635742,0.2559170,0.6419537,0.7815437,0.2202226,0.7117105,0.7844643,0.4006662,0.7715000,0.7805000,0.4861000,0.7679000,0.6841000,0.3857000,0.8223000,0.6282000,0.3739000,0.8539000,0.5680000,0.3998000,0.9503000,0.5202000,0.4642000,0.5767671,0.4736954,0.2584296},
{0.6315600,0.5325972,0.2860583,0.6109666,0.4809947,0.2990831,0.6402333,0.6714434,0.2544435,0.6472044,0.7891465,0.2180761,0.7146535,0.7859857,0.4015383,0.7721000,0.7823000,0.4860000,0.7672000,0.6859000,0.3853000,0.8213000,0.6290000,0.3740000,0.8523000,0.5683000,0.3996000,0.9481000,0.5194000,0.4642000,0.5764071,0.4836668,0.2548883},
{0.6314931,0.5430446,0.2834726,0.6097788,0.4903654,0.2946364,0.6454067,0.6793589,0.2530139,0.6528221,0.7969150,0.2160186,0.7177866,0.7875872,0.4024796,0.7729000,0.7841000,0.4859000,0.7672000,0.6859000,0.3853000,0.8200000,0.6295000,0.3741000,0.8508000,0.5685000,0.3994000,0.9457000,0.5185000,0.4643000,0.5760123,0.4937971,0.2511725},
{0.6314107,0.5534334,0.2806605,0.6085581,0.4997982,0.2899498,0.6507913,0.6873945,0.2516176,0.6588494,0.8048798,0.2140529,0.7210976,0.7892590,0.4034884,0.7737000,0.7859000,0.4859000,0.7674000,0.6894000,0.3850000,0.8188000,0.6303000,0.3743000,0.8491000,0.5688000,0.3993000,0.9434000,0.5177000,0.4644000,0.5755684,0.5043819,0.2471630},
{0.6313115,0.5639382,0.2775738,0.6073223,0.5091541,0.2850910,0.6563274,0.6954510,0.2502745,0.6652528,0.8129688,0.2122081,0.7244473,0.7909294,0.4045239,0.7745000,0.7879000,0.4859000,0.7667000,0.6912000,0.3849000,0.8176000,0.6309000,0.3745000,0.8475000,0.5692000,0.3992000,0.9409000,0.5169000,0.4644000,0.5750876,0.5150694,0.2429826},
{0.6311950,0.5745392,0.2742100,0.6060398,0.5186665,0.2799331,0.6619737,0.7034639,0.2489966,0.6719549,0.8210662,0.2105184,0.7279233,0.7926403,0.4056139,0.7754000,0.7899000,0.4858000,0.7658000,0.6924000,0.3849000,0.8164000,0.6318000,0.3746000,0.8458000,0.5696000,0.3990000,0.9385000,0.5162000,0.4644000,0.5745595,0.5260456,0.2385502},
{0.6310650,0.5849131,0.2706743,0.6047250,0.5282207,0.2745273,0.6676854,0.7113691,0.2477944,0.6789488,0.8291513,0.2089934,0.7314803,0.7943676,0.4067455,0.7764000,0.7920000,0.4859000,0.7652000,0.6946000,0.3848000,0.8142000,0.6316000,0.3752000,0.8438000,0.5699000,0.3990000,0.9360000,0.5156000,0.4644000,0.5739905,0.5371299,0.2339294},
{0.6309200,0.5952084,0.2669232,0.6034211,0.5375040,0.2690536,0.6734520,0.7191536,0.2466692,0.6861997,0.8371736,0.2076476,0.7356291,0.7963526,0.4080862,0.7774000,0.7940000,0.4861000,0.7649000,0.6972000,0.3844000,0.8131000,0.6328000,0.3754000,0.8421000,0.5704000,0.3989000,0.9333000,0.5150000,0.4644000,0.5733775,0.5483485,0.2291024},
{0.6307585,0.6055228,0.2629182,0.6020751,0.5468938,0.2632892,0.6792913,0.7268419,0.2456175,0.6937229,0.8451390,0.2064853,0.7395832,0.7982148,0.4093847,0.7784000,0.7960000,0.4863000,0.7645000,0.6997000,0.3841000,0.8119000,0.6340000,0.3756000,0.8402000,0.5711000,0.3987000,0.9307000,0.5145000,0.4644000,0.5727226,0.5596311,0.2240922},
{0.6305854,0.6155584,0.2587776,0.6007274,0.5561046,0.2574044,0.6851873,0.7344124,0.2446423,0.7013807,0.8528971,0.2055307,0.7435483,0.8000530,0.4107069,0.7796000,0.7980000,0.4865000,0.7643000,0.7022000,0.3841000,0.8108000,0.6353000,0.3758000,0.8383000,0.5717000,0.3987000,0.9280000,0.5140000,0.4644000,0.5720250,0.5709644,0.2188983},
{0.6303950,0.6256407,0.2543673,0.5993667,0.5652142,0.2513513,0.6910989,0.7418142,0.2437497,0.7091925,0.8604684,0.2047811,0.7475266,0.8018683,0.4120539,0.7808000,0.8000000,0.4867000,0.7641000,0.7051000,0.3839000,0.8095000,0.6367000,0.3762000,0.8365000,0.5725000,0.3986000,0.9253000,0.5136000,0.4643000,0.5712839,0.5823330,0.2135209},
{0.6301952,0.6353610,0.2498680,0.5980008,0.5741713,0.2451636,0.6969550,0.7489641,0.2429477,0.7170007,0.8677066,0.2042471,0.7514278,0.8036200,0.4133944,0.7820000,0.8019000,0.4868000,0.7637000,0.7072000,0.3841000,0.8083000,0.6380000,0.3764000,0.8346000,0.5734000,0.3984000,0.9224000,0.5132000,0.4642000,0.5705116,0.5935376,0.2080512},
{0.6299851,0.6448032,0.2452541,0.5966324,0.5829581,0.2388552,0.7028389,0.7559686,0.2422228,0.7249058,0.8747119,0.2039173,0.7553094,0.8053352,0.4147476,0.7831000,0.8039000,0.4871000,0.7636000,0.7101000,0.3839000,0.8070000,0.6393000,0.3767000,0.8327000,0.5743000,0.3983000,0.9197000,0.5129000,0.4641000,0.5697012,0.6046710,0.2024422},
{0.6297651,0.6539757,0.2405300,0.5952785,0.5914708,0.2325058,0.7085205,0.7625640,0.2415986,0.7326933,0.8813051,0.2037937,0.7590633,0.8069673,0.4160747,0.7842000,0.8059000,0.4872000,0.7635000,0.7127000,0.3839000,0.8057000,0.6407000,0.3769000,0.8308000,0.5753000,0.3983000,0.9169000,0.5128000,0.4640000,0.5688457,0.6158073,0.1966496},
{0.6295428,0.6626140,0.2358503,0.5939291,0.5997756,0.2260726,0.7141866,0.7689786,0.2410495,0.7403023,0.8874580,0.2038618,0.7627180,0.8085313,0.4173841,0.7852000,0.8079000,0.4873000,0.7627000,0.7145000,0.3839000,0.8045000,0.6422000,0.3771000,0.8288000,0.5763000,0.3982000,0.9141000,0.5127000,0.4639000,0.5679662,0.6266621,0.1908188},
{0.6293078,0.6711445,0.2309949,0.5926018,0.6077710,0.2196414,0.7195808,0.7749355,0.2405945,0.7478360,0.8932723,0.2041107,0.7663811,0.8100740,0.4187139,0.7861000,0.8099000,0.4874000,0.7629000,0.7167000,0.3844000,0.8033000,0.6438000,0.3773000,0.8269000,0.5774000,0.3981000,0.9115000,0.5128000,0.4638000,0.5670598,0.6372793,0.1849284},
{0.6290659,0.6793654,0.2260799,0.5912729,0.6156018,0.2131002,0.7248375,0.7806002,0.2402142,0.7551326,0.8986413,0.2045232,0.7698010,0.8114915,0.4199712,0.7870000,0.8118000,0.4875000,0.7631000,0.7195000,0.3841000,0.8020000,0.6453000,0.3775000,0.8251000,0.5786000,0.3980000,0.9087000,0.5128000,0.4637000,0.5661203,0.6477266,0.1789394},
{0.6288200,0.6872031,0.2211618,0.5899722,0.6230972,0.2065973,0.7298608,0.7858840,0.2399092,0.7622163,0.9036065,0.2050851,0.7730106,0.8128019,0.4211651,0.7879000,0.8136000,0.4873000,0.7626000,0.7218000,0.3836000,0.8008000,0.6468000,0.3777000,0.8232000,0.5797000,0.3980000,0.9059000,0.5129000,0.4637000,0.5651491,0.6579777,0.1728628},
{0.6285685,0.6947350,0.2162040,0.5887209,0.6301473,0.2002470,0.7347738,0.7909295,0.2396661,0.7690469,0.9081615,0.2057791,0.7763068,0.8141274,0.4224053,0.7889000,0.8154000,0.4875000,0.7621000,0.7237000,0.3834000,0.7996000,0.6484000,0.3778000,0.8213000,0.5809000,0.3979000,0.9032000,0.5131000,0.4636000,0.5642022,0.6674741,0.1670426},
{0.6283173,0.7018135,0.2113190,0.5874842,0.6369583,0.1938778,0.7394077,0.7955767,0.2394870,0.7756074,0.9123183,0.2065882,0.7794273,0.8153632,0.4235926,0.7899000,0.8171000,0.4874000,0.7619000,0.7260000,0.3832000,0.7985000,0.6499000,0.3779000,0.8195000,0.5822000,0.3977000,0.9006000,0.5133000,0.4636000,0.5632238,0.6768048,0.1611291},
{0.6280636,0.7085491,0.2064482,0.5863078,0.6432892,0.1877322,0.7438767,0.7999554,0.2393609,0.7819521,0.9161307,0.2075063,0.7823552,0.8165057,0.4247185,0.7909000,0.8189000,0.4873000,0.7616000,0.7282000,0.3829000,0.7974000,0.6514000,0.3780000,0.8179000,0.5834000,0.3978000,0.8981000,0.5136000,0.4637000,0.5622483,0.6856491,0.1553291},
{0.6278153,0.7147731,0.2017351,0.5851780,0.6492306,0.1817482,0.7481395,0.8040367,0.2392836,0.7879029,0.9195163,0.2084916,0.7852780,0.8176297,0.4258540,0.7918000,0.8206000,0.4872000,0.7611000,0.7298000,0.3828000,0.7964000,0.6528000,0.3781000,0.8161000,0.5845000,0.3977000,0.8958000,0.5139000,0.4637000,0.5612748,0.6940430,0.1496312},
{0.6275649,0.7207023,0.1970355,0.5840914,0.6548134,0.1759150,0.7520270,0.8076768,0.2392500,0.7934612,0.9225074,0.2095238,0.7880676,0.8186868,0.4269485,0.7927000,0.8225000,0.4870000,0.7605000,0.7314000,0.3827000,0.7952000,0.6543000,0.3782000,0.8147000,0.5858000,0.3978000,0.8934000,0.5143000,0.4637000,0.5603162,0.7019058,0.1441049},
{0.6273228,0.7261263,0.1925374,0.5830686,0.6599476,0.1703525,0.7556667,0.8110131,0.2392509,0.7986368,0.9251391,0.2105852,0.7906510,0.8196522,0.4279717,0.7936000,0.8241000,0.4869000,0.7603000,0.7333000,0.3821000,0.7944000,0.6559000,0.3782000,0.8129000,0.5869000,0.3975000,0.8911000,0.5148000,0.4638000,0.5593832,0.7091928,0.1388020},
{0.6270817,0.7312423,0.1881005,0.5820796,0.6647962,0.1649065,0.7589809,0.8139902,0.2392792,0.8033947,0.9274232,0.2116493,0.7931316,0.8205666,0.4289628,0.7946000,0.8258000,0.4867000,0.7602000,0.7352000,0.3821000,0.7935000,0.6574000,0.3782000,0.8114000,0.5881000,0.3973000,0.8889000,0.5152000,0.4638000,0.5584677,0.7160030,0.1336700},
{0.6268477,0.7359478,0.1838338,0.5811647,0.6691778,0.1598068,0.7620346,0.8166810,0.2393287,0.8075695,0.9293168,0.2126553,0.7953590,0.8213772,0.4298600,0.7955000,0.8274000,0.4865000,0.7597000,0.7368000,0.3822000,0.7928000,0.6589000,0.3782000,0.8099000,0.5893000,0.3974000,0.8868000,0.5157000,0.4638000,0.5575833,0.7222722,0.1287772},
{0.6266254,0.7401917,0.1798142,0.5803088,0.6731834,0.1549802,0.7648720,0.8191360,0.2393952,0.8114740,0.9309909,0.2136594,0.7975074,0.8221496,0.4307321,0.7965000,0.8289000,0.4861000,0.7603000,0.7389000,0.3823000,0.7920000,0.6603000,0.3782000,0.8085000,0.5905000,0.3973000,0.8848000,0.5162000,0.4638000,0.5567464,0.7279325,0.1242037},
{0.6264139,0.7440329,0.1760189,0.5795261,0.6767639,0.1505187,0.7675422,0.8214059,0.2394761,0.8150936,0.9324560,0.2146470,0.7994280,0.8228320,0.4315173,0.7975000,0.8304000,0.4858000,0.7626000,0.7419000,0.3809000,0.7913000,0.6615000,0.3781000,0.8072000,0.5917000,0.3973000,0.8829000,0.5167000,0.4639000,0.5559484,0.7330879,0.1198934},
{0.6262116,0.7475332,0.1724148,0.5788167,0.6799396,0.1464332,0.7700655,0.8235143,0.2395689,0.8181601,0.9336295,0.2155279,0.8011552,0.8234393,0.4322279,0.7983000,0.8320000,0.4854000,0.7622000,0.7432000,0.3809000,0.7905000,0.6629000,0.3780000,0.8060000,0.5930000,0.3973000,0.8811000,0.5172000,0.4639000,0.5552151,0.7376213,0.1159750},
{0.6260307,0.7505235,0.1692126,0.5781785,0.6827375,0.1427236,0.7723445,0.8253879,0.2396666,0.8210990,0.9346938,0.2164117,0.8026753,0.8239686,0.4328568,0.7991000,0.8335000,0.4849000,0.7618000,0.7446000,0.3809000,0.7898000,0.6644000,0.3777000,0.8050000,0.5943000,0.3971000,0.8793000,0.5178000,0.4639000,0.5545428,0.7416081,0.1124179},
{0.6258618,0.7531981,0.1662415,0.5776143,0.6851637,0.1394152,0.7743439,0.8270071,0.2397634,0.8240266,0.9356933,0.2173317,0.8040987,0.8244598,0.4334488,0.7999000,0.8350000,0.4844000,0.7614000,0.7458000,0.3808000,0.7896000,0.6657000,0.3774000,0.8039000,0.5955000,0.3971000,0.8777000,0.5185000,0.4639000,0.5539288,0.7451087,0.1091990},
{0.6257105,0.7555006,0.1635939,0.5771210,0.6872467,0.1365010,0.7761674,0.8284638,0.2398607,0.8264831,0.9364834,0.2181354,0.8055787,0.8249661,0.4340675,0.8004000,0.8366000,0.4843000,0.7610000,0.7472000,0.3808000,0.7891000,0.6671000,0.3774000,0.8028000,0.5967000,0.3972000,0.8758000,0.5196000,0.4637000,0.5533908,0.7480673,0.1064008},
{0.6255732,0.7575156,0.1612016,0.5766682,0.6891272,0.1338065,0.7777229,0.8296909,0.2399507,0.8285111,0.9371013,0.2188214,0.8067759,0.8253723,0.4345704,0.8012000,0.8380000,0.4839000,0.7614000,0.7489000,0.3806000,0.7890000,0.6684000,0.3772000,0.8016000,0.5979000,0.3972000,0.8743000,0.5203000,0.4638000,0.5528501,0.7509382,0.1036105},
{0.6254556,0.7591844,0.1591621,0.5762773,0.6907250,0.1314662,0.7789361,0.8306382,0.2400253,0.8301011,0.9375633,0.2193738,0.8079220,0.8257582,0.4350537,0.8020000,0.8394000,0.4836000,0.7614000,0.7489000,0.3806000,0.7887000,0.6697000,0.3771000,0.8007000,0.5991000,0.3973000,0.8729000,0.5210000,0.4638000,0.5524601,0.7529464,0.1016106},
{0.6253493,0.7606490,0.1573251,0.5759506,0.6920422,0.1294990,0.7799921,0.8314557,0.2400934,0.8313750,0.9379189,0.2198260,0.8089755,0.8261104,0.4354997,0.8027000,0.8407000,0.4833000,0.7615000,0.7499000,0.3804000,0.7885000,0.6708000,0.3770000,0.7999000,0.6002000,0.3973000,0.8716000,0.5217000,0.4639000,0.5521045,0.7547308,0.0997972},
{0.6252552,0.7619109,0.1557042,0.5756661,0.6931755,0.1277776,0.7808570,0.8321201,0.2401515,0.8322088,0.9381446,0.2201266,0.8098278,0.8263937,0.4358618,0.8034000,0.8420000,0.4830000,0.7615000,0.7510000,0.3802000,0.7884000,0.6721000,0.3769000,0.7988000,0.6013000,0.3972000,0.8703000,0.5224000,0.4640000,0.5517960,0.7562441,0.0982308},
{0.6251784,0.7629179,0.1543836,0.5754198,0.6941459,0.1262812,0.7815849,0.8326759,0.2402019,0.8327820,0.9382964,0.2203353,0.8106408,0.8266624,0.4362082,0.8041000,0.8432000,0.4826000,0.7616000,0.7520000,0.3801000,0.7882000,0.6733000,0.3768000,0.7979000,0.6025000,0.3972000,0.8692000,0.5232000,0.4641000,0.5515463,0.7574443,0.0969684},
{0.6251104,0.7637911,0.1532179,0.5752230,0.6949142,0.1250811,0.7821152,0.8330787,0.2402396,0.8330964,0.9383785,0.2204506,0.8111733,0.8268376,0.4364357,0.8046000,0.8443000,0.4823000,0.7616000,0.7531000,0.3799000,0.7881000,0.6743000,0.3767000,0.7973000,0.6036000,0.3973000,0.8682000,0.5239000,0.4642000,0.5513456,0.7583938,0.0959567},
{0.6250549,0.7644910,0.1522688,0.5750572,0.6955562,0.1240675,0.7825055,0.8333741,0.2402678,0.8333318,0.9384394,0.2205373,0.8115761,0.8269697,0.4366080,0.8050000,0.8455000,0.4819000,0.7617000,0.7541000,0.3797000,0.7880000,0.6755000,0.3767000,0.7968000,0.6046000,0.3974000,0.8672000,0.5247000,0.4644000,0.5511763,0.7591837,0.0951058},
{0.6250061,0.7650987,0.1514339,0.5749202,0.6960834,0.1232275,0.7826812,0.8335069,0.2402807,0.8334015,0.9384574,0.2205630,0.8117719,0.8270338,0.4366918,0.8053000,0.8465000,0.4816000,0.7617000,0.7551000,0.3796000,0.7878000,0.6764000,0.3767000,0.7965000,0.6056000,0.3976000,0.8665000,0.5254000,0.4647000,0.5510511,0.7597613,0.0944779},
{0.6249683,0.7655621,0.1507900,0.5748071,0.6965161,0.1225327,0.7827382,0.8335498,0.2402848,0.8333624,0.9384473,0.2205486,0.8119424,0.8270895,0.4367649,0.8055000,0.8476000,0.4812000,0.7618000,0.7562000,0.3794000,0.7876000,0.6774000,0.3766000,0.7957000,0.6064000,0.3979000,0.8658000,0.5262000,0.4650000,0.5509310,0.7603105,0.0938766},
{0.6249380,0.7659309,0.1502731,0.5747009,0.6969203,0.1218793,0.7826669,0.8334961,0.2402796,0.8330635,0.9383699,0.2204385,0.8119696,0.8270984,0.4367766,0.8057000,0.8485000,0.4809000,0.7618000,0.7572000,0.3792000,0.7874000,0.6782000,0.3766000,0.7956000,0.6075000,0.3980000,0.8652000,0.5270000,0.4652000,0.5508375,0.7607348,0.0934089},
{0.6249077,0.7662959,0.1497574,0.5746145,0.6972478,0.1213467,0.7824350,0.8333209,0.2402627,0.8326427,0.9382597,0.2202844,0.8119571,0.8270943,0.4367712,0.8058000,0.8494000,0.4805000,0.7619000,0.7583000,0.3790000,0.7873000,0.6792000,0.3765000,0.7952000,0.6084000,0.3982000,0.8646000,0.5277000,0.4655000,0.5507645,0.7610636,0.0930447},
{0.6248825,0.7665971,0.1493287,0.5745375,0.6975385,0.1208716,0.7820534,0.8330318,0.2402352,0.8319955,0.9380874,0.2200493,0.8119053,0.8270774,0.4367490,0.8058000,0.8503000,0.4802000,0.7619000,0.7593000,0.3789000,0.7870000,0.6797000,0.3765000,0.7950000,0.6094000,0.3983000,0.8642000,0.5285000,0.4659000,0.5507065,0.7613239,0.0927551},
{0.6248626,0.7668334,0.1489903,0.5744607,0.6978278,0.1203964,0.7816235,0.8327053,0.2402047,0.8311400,0.9378543,0.2197419,0.8115629,0.8269654,0.4366024,0.8057000,0.8511000,0.4799000,0.7620000,0.7604000,0.3787000,0.7872000,0.6805000,0.3761000,0.7946000,0.6100000,0.3985000,0.8638000,0.5292000,0.4662000,0.5506537,0.7615597,0.0924919},
{0.6248431,0.7670638,0.1486588,0.5744098,0.6980185,0.1200819,0.7810272,0.8322504,0.2401632,0.8302128,0.9375950,0.2194131,0.8113357,0.8268909,0.4365051,0.8055000,0.8519000,0.4796000,0.7620000,0.7614000,0.3785000,0.7870000,0.6810000,0.3761000,0.7943000,0.6107000,0.3987000,0.8636000,0.5300000,0.4666000,0.5506311,0.7616603,0.0923793},
{0.6248291,0.7672282,0.1484210,0.5743508,0.6982395,0.1197162,0.7804075,0.8317753,0.2401211,0.8291874,0.9373002,0.2190548,0.8109435,0.8267620,0.4363375,0.8053000,0.8527000,0.4793000,0.7621000,0.7624000,0.3784000,0.7869000,0.6814000,0.3761000,0.7941000,0.6115000,0.3987000,0.8634000,0.5308000,0.4669000,0.5506110,0.7617495,0.0922794},
{0.6248108,0.7674422,0.1481102,0.5743042,0.6984132,0.1194277,0.7798078,0.8313135,0.2400813,0.8280452,0.9369621,0.2186619,0.8102991,0.8265496,0.4360625,0.8049000,0.8534000,0.4790000,0.7621000,0.7635000,0.3782000,0.7865000,0.6822000,0.3761000,0.7939000,0.6119000,0.3990000,0.8633000,0.5315000,0.4673000,0.5506110,0.7617495,0.0922794},
{0.6247932,0.7676464,0.1478122,0.5742551,0.6985959,0.1191233,0.7789948,0.8306838,0.2400290,0.8266076,0.9365222,0.2181769,0.8097123,0.8263554,0.4358127,0.8045000,0.8540000,0.4786000,0.7622000,0.7645000,0.3780000,0.7864000,0.6826000,0.3760000,0.7936000,0.6126000,0.3993000,0.8632000,0.5322000,0.4676000,0.5506011,0.7617937,0.0922298},
{0.6247784,0.7678179,0.1475609,0.5742062,0.6987778,0.1188193,0.7781866,0.8300540,0.2399787,0.8254044,0.9361420,0.2177788,0.8090636,0.8261398,0.4355371,0.8039000,0.8547000,0.4783000,0.7623000,0.7656000,0.3779000,0.7863000,0.6826000,0.3759000,0.7929000,0.6129000,0.3998000,0.8632000,0.5329000,0.4679000,0.5505909,0.7618390,0.0921790},
{0.6247567,0.7680673,0.1471935,0.5741475,0.6989952,0.1184547,0.7772396,0.8293112,0.2399220,0.8241056,0.9357194,0.2173571,0.8083371,0.8258972,0.4352293,0.8034000,0.8552000,0.4779000,0.7623000,0.7666000,0.3777000,0.7861000,0.6831000,0.3759000,0.7934000,0.6136000,0.3994000,0.8632000,0.5336000,0.4682000,0.5505634,0.7619605,0.0920425},
{0.6247401,0.7682568,0.1469130,0.5740806,0.6992422,0.1180387,0.7762598,0.8285371,0.2398659,0.8227585,0.9352679,0.2169282,0.8075016,0.8256169,0.4348762,0.8028000,0.8558000,0.4775000,0.7623000,0.7666000,0.3777000,0.7857000,0.6838000,0.3759000,0.7927000,0.6139000,0.4000000,0.8632000,0.5343000,0.4685000,0.5505466,0.7620352,0.0919585},
{0.6247202,0.7684837,0.1465753,0.5739956,0.6995553,0.1175087,0.7752840,0.8277605,0.2398125,0.8212981,0.9347638,0.2164730,0.8066640,0.8253344,0.4345233,0.8021000,0.8563000,0.4771000,0.7619000,0.7669000,0.3775000,0.7853000,0.6841000,0.3760000,0.7928000,0.6143000,0.4002000,0.8632000,0.5349000,0.4689000,0.5505014,0.7622342,0.0917340},
{0.6246963,0.7687533,0.1461715,0.5739139,0.6998547,0.1169991,0.7742356,0.8269200,0.2397579,0.8197572,0.9342153,0.2160033,0.8057722,0.8250320,0.4341486,0.8014000,0.8568000,0.4767000,0.7614000,0.7671000,0.3773000,0.7851000,0.6843000,0.3760000,0.7922000,0.6147000,0.4005000,0.8633000,0.5356000,0.4692000,0.5504539,0.7624432,0.0914978},
{0.6246743,0.7689993,0.1458008,0.5738294,0.7001631,0.1164711,0.7732172,0.8260975,0.2397076,0.8182235,0.9336531,0.2155466,0.8047767,0.8246923,0.4337319,0.8007000,0.8573000,0.4762000,0.7610000,0.7672000,0.3770000,0.7847000,0.6845000,0.3760000,0.7919000,0.6150000,0.4007000,0.8633000,0.5363000,0.4695000,0.5504155,0.7626115,0.0913069},
{0.6246457,0.7693181,0.1453170,0.5737135,0.7005840,0.1157458,0.7721553,0.8252335,0.2396580,0.8166398,0.9330556,0.2150860,0.8038478,0.8243735,0.4333442,0.7999000,0.8577000,0.4758000,0.7605000,0.7674000,0.3768000,0.7841000,0.6847000,0.3761000,0.7922000,0.6154000,0.4005000,0.8634000,0.5369000,0.4698000,0.5504064,0.7626511,0.0912620},
{0.6246104,0.7697067,0.1447218,0.5736010,0.7009897,0.1150409,0.7710607,0.8243362,0.2396099,0.8151473,0.9324771,0.2146621,0.8028970,0.8240454,0.4329488,0.7990000,0.8581000,0.4754000,0.7600000,0.7674000,0.3766000,0.7834000,0.6849000,0.3764000,0.7919000,0.6156000,0.4006000,0.8635000,0.5376000,0.4700000,0.5503280,0.7629928,0.0908729},
{0.6245786,0.7700534,0.1441856,0.5734639,0.7014816,0.1141788,0.7698664,0.8233493,0.2395610,0.8135983,0.9318610,0.2142323,0.8019890,0.8237302,0.4325724,0.7982000,0.8585000,0.4749000,0.7595000,0.7675000,0.3763000,0.7831000,0.6850000,0.3764000,0.7917000,0.6159000,0.4007000,0.8640000,0.5378000,0.4705000,0.5502681,0.7632526,0.0905757},
{0.6245349,0.7705244,0.1434492,0.5733143,0.7020140,0.1132363,0.7688448,0.8224988,0.2395220,0.8120288,0.9312209,0.2138072,0.8009551,0.8233693,0.4321453,0.7973000,0.8589000,0.4745000,0.7589000,0.7675000,0.3760000,0.7827000,0.6852000,0.3763000,0.7917000,0.6162000,0.4007000,0.8642000,0.5383000,0.4708000,0.5501726,0.7636637,0.0901031},
{0.6244885,0.7710162,0.1426702,0.5731564,0.7025711,0.1122389,0.7676704,0.8215139,0.2394804,0.8105331,0.9305962,0.2134117,0.7999584,0.8230191,0.4317350,0.7963000,0.8592000,0.4741000,0.7583000,0.7675000,0.3758000,0.7824000,0.6852000,0.3764000,0.7916000,0.6164000,0.4008000,0.8643000,0.5389000,0.4711000,0.5500638,0.7641285,0.0895651},
{0.6244343,0.7715821,0.1417601,0.5729739,0.7032090,0.1110824,0.7665123,0.8205350,0.2394428,0.8089976,0.9299402,0.2130153,0.7989212,0.8226527,0.4313096,0.7954000,0.8594000,0.4736000,0.7578000,0.7676000,0.3755000,0.7822000,0.6853000,0.3763000,0.7915000,0.6166000,0.4009000,0.8646000,0.5395000,0.4713000,0.5499567,0.7645822,0.0890362},
{0.6243804,0.7721348,0.1408566,0.5727931,0.7038348,0.1099321,0.7654107,0.8195971,0.2394101,0.8074910,0.9292822,0.2126357,0.7978949,0.8222879,0.4308901,0.7945000,0.8597000,0.4731000,0.7572000,0.7675000,0.3753000,0.7821000,0.6854000,0.3762000,0.7913000,0.6167000,0.4010000,0.8647000,0.5400000,0.4715000,0.5498112,0.7651916,0.0883196},
{0.6243197,0.7727441,0.1398429,0.5725728,0.7045877,0.1085266,0.7643736,0.8187080,0.2393821,0.8060918,0.9286586,0.2122913,0.7968818,0.8219256,0.4304775,0.7936000,0.8599000,0.4727000,0.7567000,0.7673000,0.3750000,0.7819000,0.6855000,0.3761000,0.7914000,0.6169000,0.4011000,0.8649000,0.5406000,0.4718000,0.5496513,0.7658533,0.0875335},
{0.6242461,0.7734678,0.1386129,0.5723274,0.7054153,0.1069529,0.7633327,0.8178096,0.2393567,0.8047392,0.9280445,0.2119658,0.7958334,0.8215486,0.4300521,0.7926000,0.8601000,0.4722000,0.7561000,0.7673000,0.3748000,0.7816000,0.6855000,0.3760000,0.7914000,0.6171000,0.4010000,0.8651000,0.5411000,0.4720000,0.5494772,0.7665639,0.0866793},
{0.6241694,0.7742008,0.1373366,0.5720603,0.7063014,0.1052320,0.7622952,0.8169084,0.2393340,0.8034077,0.9274292,0.2116524,0.7948788,0.8212033,0.4296660,0.7916000,0.8602000,0.4718000,0.7556000,0.7672000,0.3745000,0.7814000,0.6855000,0.3760000,0.7914000,0.6171000,0.4010000,0.8653000,0.5416000,0.4722000,0.5492539,0.7674597,0.0855875},
{0.6240720,0.7751034,0.1357190,0.5717402,0.7073431,0.1031578,0.7613534,0.8160852,0.2393157,0.8019667,0.9267516,0.2113209,0.7938603,0.8208329,0.4292556,0.7906000,0.8604000,0.4715000,0.7552000,0.7672000,0.3742000,0.7813000,0.6856000,0.3759000,0.7914000,0.6172000,0.4011000,0.8654000,0.5421000,0.4725000,0.5489993,0.7684597,0.0843471},
{0.6239654,0.7760543,0.1339539,0.5713746,0.7085050,0.1007723,0.7603211,0.8151773,0.2392981,0.8008380,0.9262122,0.2110668,0.7928846,0.8204761,0.4288637,0.7896000,0.8606000,0.4713000,0.7548000,0.7671000,0.3740000,0.7811000,0.6856000,0.3758000,0.7910000,0.6174000,0.4011000,0.8656000,0.5426000,0.4727000,0.5486844,0.7696661,0.0828189},
{0.6238228,0.7772653,0.1316029,0.5710115,0.7096288,0.0983850,0.7592861,0.8142613,0.2392831,0.7994789,0.9255529,0.2107673,0.7920375,0.8201648,0.4285246,0.7886000,0.8607000,0.4710000,0.7543000,0.7671000,0.3737000,0.7809000,0.6856000,0.3757000,0.7903000,0.6164000,0.4020000,0.8657000,0.5430000,0.4729000,0.5482467,0.7712851,0.0807072},
{0.6236780,0.7784254,0.1292241,0.5707399,0.7104491,0.0965869,0.7583695,0.8134454,0.2392720,0.7981711,0.9249085,0.2104857,0.7911492,0.8198368,0.4281700,0.7876000,0.8608000,0.4709000,0.7539000,0.7670000,0.3738000,0.7806000,0.6857000,0.3756000,0.7902000,0.6165000,0.4019000,0.8658000,0.5435000,0.4731000,0.5477922,0.7728954,0.0785294}
};
