fitErrPi Mean = 0.0834031
fitErrTh Mean = 0.0146239
fitErrWr Mean = 0.0672871
fitErrLA Mean = 0.00789199
fitErrEl Mean = 0.0221978
fitErrUA Mean = 0.243704
efPts = {
{0.6660190,0.3730716,0.3289939,0.7100215,0.2990363,0.2699501,0.6516363,0.5334623,0.2691016,0.9953587,0.8953277,0.3404335,0.9343074,0.8303963,0.4522079,0.7080000,0.7301000,0.4853000,0.7152000,0.6528000,0.3713000,0.7954000,0.6117000,0.3605000,0.8286000,0.5562000,0.3885000,0.9241000,0.5164000,0.4630000,0.6153526,0.3158346,0.3089434},
{0.6665002,0.3718052,0.3291409,0.7104731,0.2986551,0.2694789,0.6522913,0.5323953,0.2690360,0.6340685,0.6564535,0.2550397,0.9344226,0.8299009,0.4523811,0.7092000,0.7301000,0.4857000,0.7167000,0.6524000,0.3719000,0.7961000,0.6118000,0.3607000,0.8293000,0.5561000,0.3885000,0.9250000,0.5162000,0.4627000,0.6154247,0.3156226,0.3089824},
{0.6669131,0.3707259,0.3292620,0.7108442,0.2983436,0.2690898,0.6528201,0.5315442,0.2689814,0.6342008,0.6558034,0.2552730,0.9344623,0.8297305,0.4524407,0.7103000,0.7302000,0.4860000,0.7181000,0.6521000,0.3724000,0.7969000,0.6118000,0.3608000,0.8300000,0.5561000,0.3885000,0.9257000,0.5160000,0.4624000,0.6154959,0.3154135,0.3090207},
{0.6672997,0.3697211,0.3293712,0.7111135,0.2981185,0.2688065,0.6532748,0.5308197,0.2689334,0.6343176,0.6552374,0.2554767,0.9345243,0.8294644,0.4525338,0.7114000,0.7304000,0.4863000,0.7195000,0.6517000,0.3730000,0.7974000,0.6118000,0.3609000,0.8305000,0.5560000,0.3886000,0.9264000,0.5158000,0.4622000,0.6154959,0.3154135,0.3090207},
{0.6675247,0.3691389,0.3294330,0.7111589,0.2980807,0.2687586,0.6536019,0.5303025,0.2688981,0.6343876,0.6549014,0.2555979,0.9345905,0.8291803,0.4526332,0.7125000,0.7306000,0.4866000,0.7209000,0.6513000,0.3735000,0.7979000,0.6119000,0.3609000,0.8310000,0.5559000,0.3886000,0.9269000,0.5156000,0.4619000,0.6155347,0.3152997,0.3090415},
{0.6676586,0.3687934,0.3294691,0.7112252,0.2980254,0.2686887,0.6538501,0.5299124,0.2688710,0.6344271,0.6547128,0.2556661,0.9345905,0.8291803,0.4526332,0.7134000,0.7309000,0.4868000,0.7224000,0.6509000,0.3741000,0.7983000,0.6119000,0.3610000,0.8314000,0.5559000,0.3885000,0.9273000,0.5153000,0.4617000,0.6155498,0.3152555,0.3090496},
{0.6677763,0.3684901,0.3295004,0.7111954,0.2980502,0.2687201,0.6540619,0.5295810,0.2688477,0.6344290,0.6547036,0.2556694,0.9345712,0.8292631,0.4526043,0.7144000,0.7313000,0.4870000,0.7238000,0.6506000,0.3746000,0.7986000,0.6120000,0.3610000,0.8316000,0.5559000,0.3885000,0.9276000,0.5151000,0.4614000,0.6155869,0.3151467,0.3090694},
{0.6678232,0.3683694,0.3295128,0.7111257,0.2981084,0.2687936,0.6541868,0.5293863,0.2688338,0.6344290,0.6547036,0.2556694,0.9345168,0.8294963,0.4525227,0.7154000,0.7318000,0.4872000,0.7252000,0.6502000,0.3752000,0.7989000,0.6121000,0.3611000,0.8318000,0.5559000,0.3885000,0.9277000,0.5148000,0.4613000,0.6156282,0.3150254,0.3090915},
{0.6677877,0.3684608,0.3295034,0.7109642,0.2982432,0.2689636,0.6542760,0.5292475,0.2688238,0.6344194,0.6547497,0.2556527,0.9344882,0.8296193,0.4524796,0.7163000,0.7325000,0.4875000,0.7267000,0.6498000,0.3757000,0.7992000,0.6124000,0.3611000,0.8318000,0.5560000,0.3884000,0.9277000,0.5144000,0.4611000,0.6156442,0.3149786,0.3091000},
{0.6676640,0.3687793,0.3294705,0.7108917,0.2983038,0.2690399,0.6543434,0.5291428,0.2688163,0.6343939,0.6548714,0.2556088,0.9344036,0.8299824,0.4523526,0.7172000,0.7330000,0.4877000,0.7281000,0.6495000,0.3763000,0.7994000,0.6127000,0.3612000,0.8319000,0.5562000,0.3884000,0.9276000,0.5141000,0.4609000,0.6156442,0.3149786,0.3091000},
{0.6674374,0.3693646,0.3294092,0.7105556,0.2985856,0.2693924,0.6542153,0.5293418,0.2688306,0.6343638,0.6550153,0.2555568,0.9343438,0.8302399,0.4522626,0.7180000,0.7336000,0.4879000,0.7295000,0.6491000,0.3768000,0.7996000,0.6130000,0.3612000,0.8318000,0.5564000,0.3883000,0.9273000,0.5137000,0.4607000,0.6154372,0.3155860,0.3089891},
{0.6669999,0.3704996,0.3292869,0.7097044,0.2993054,0.2702796,0.6539772,0.5297133,0.2688570,0.6343014,0.6553154,0.2554486,0.9342924,0.8304608,0.4521854,0.7189000,0.7342000,0.4883000,0.7310000,0.6487000,0.3774000,0.7997000,0.6133000,0.3612000,0.8317000,0.5565000,0.3883000,0.9271000,0.5133000,0.4606000,0.6150942,0.3165962,0.3088026},
{0.6663600,0.3721734,0.3290987,0.7083013,0.3005106,0.2717242,0.6535183,0.5304344,0.2689072,0.6341593,0.6560064,0.2552000,0.9342660,0.8305745,0.4521456,0.7197000,0.7347000,0.4886000,0.7324000,0.6483000,0.3779000,0.7998000,0.6136000,0.3613000,0.8316000,0.5566000,0.3883000,0.9267000,0.5129000,0.4605000,0.6145434,0.3182289,0.3084960},
{0.6655256,0.3743796,0.3288364,0.7064243,0.3021584,0.2736220,0.6527852,0.5316002,0.2689851,0.6339605,0.6569912,0.2548474,0.9341246,0.8311845,0.4519324,0.7205000,0.7353000,0.4888000,0.7338000,0.6480000,0.3785000,0.7999000,0.6139000,0.3613000,0.8314000,0.5567000,0.3883000,0.9264000,0.5125000,0.4604000,0.6137830,0.3205054,0.3080579},
{0.6644744,0.3771990,0.3284779,0.7040424,0.3043077,0.2759744,0.6517928,0.5332060,0.2690861,0.6336698,0.6584716,0.2543207,0.9340677,0.8314302,0.4518466,0.7212000,0.7357000,0.4887000,0.7353000,0.6476000,0.3790000,0.8000000,0.6141000,0.3613000,0.8313000,0.5568000,0.3884000,0.9260000,0.5120000,0.4603000,0.6128466,0.3233450,0.3074940},
{0.6632702,0.3804851,0.3280275,0.7012519,0.3069069,0.2786518,0.6505217,0.5353110,0.2692078,0.6332891,0.6604897,0.2536092,0.9338964,0.8321717,0.4515877,0.7220000,0.7358000,0.4883000,0.7367000,0.6472000,0.3796000,0.8001000,0.6143000,0.3613000,0.8310000,0.5569000,0.3884000,0.9256000,0.5116000,0.4602000,0.6117773,0.3266383,0.3068160},
{0.6619219,0.3842386,0.3274708,0.6980978,0.3099486,0.2815780,0.6490517,0.5378156,0.2693373,0.6328540,0.6629215,0.2527616,0.9336766,0.8331257,0.4512548,0.7225000,0.7365000,0.4883000,0.7381000,0.6469000,0.3801000,0.8001000,0.6146000,0.3613000,0.8308000,0.5569000,0.3884000,0.9251000,0.5111000,0.4601000,0.6106208,0.3302635,0.3060404},
{0.6604613,0.3883978,0.3268022,0.6944352,0.3136163,0.2848451,0.6474140,0.5406988,0.2694668,0.6323812,0.6657409,0.2517922,0.9334777,0.8339925,0.4509525,0.7230000,0.7372000,0.4883000,0.7396000,0.6465000,0.3807000,0.8001000,0.6148000,0.3612000,0.8305000,0.5571000,0.3883000,0.9247000,0.5106000,0.4601000,0.6093691,0.3342647,0.3051489},
{0.6588296,0.3931643,0.3259704,0.6904896,0.3177273,0.2882102,0.6455839,0.5440434,0.2695920,0.6319058,0.6688007,0.2507559,0.9331704,0.8353369,0.4504842,0.7234000,0.7380000,0.4882000,0.7410000,0.6461000,0.3812000,0.8001000,0.6151000,0.3612000,0.8302000,0.5572000,0.3882000,0.9242000,0.5102000,0.4600000,0.6080161,0.3386848,0.3041213},
{0.6571158,0.3983165,0.3249940,0.6862907,0.3222816,0.2916184,0.6435607,0.5479014,0.2697047,0.6314360,0.6721026,0.2496556,0.9328640,0.8366843,0.4500153,0.7240000,0.7388000,0.4881000,0.7410000,0.6461000,0.3812000,0.8000000,0.6154000,0.3611000,0.8298000,0.5573000,0.3881000,0.9236000,0.5096000,0.4599000,0.6065951,0.3434401,0.3029665},
{0.6552568,0.4040861,0.3238072,0.6816184,0.3275631,0.2952044,0.6413419,0.5523422,0.2697949,0.6309587,0.6758265,0.2484367,0.9325366,0.8381316,0.4495122,0.7246000,0.7396000,0.4880000,0.7404000,0.6459000,0.3816000,0.7998000,0.6157000,0.3612000,0.8296000,0.5575000,0.3880000,0.9230000,0.5091000,0.4597000,0.6050985,0.3485817,0.3016609},
{0.6533492,0.4102185,0.3224399,0.6767032,0.3333593,0.2987452,0.6390137,0.5572602,0.2698483,0.6304947,0.6799407,0.2471164,0.9321425,0.8398846,0.4489037,0.7251000,0.7405000,0.4879000,0.7402000,0.6473000,0.3811000,0.7999000,0.6161000,0.3611000,0.8292000,0.5576000,0.3878000,0.9223000,0.5085000,0.4595000,0.6035416,0.3540857,0.3001985},
{0.6513922,0.4167534,0.3208652,0.6713806,0.3399109,0.3023141,0.6365789,0.5627176,0.2698539,0.6300495,0.6845798,0.2456602,0.9317494,0.8416451,0.4482935,0.7257000,0.7415000,0.4877000,0.7401000,0.6486000,0.3806000,0.7997000,0.6164000,0.3612000,0.8289000,0.5577000,0.3876000,0.9216000,0.5080000,0.4594000,0.6018619,0.3602159,0.2984920},
{0.6494394,0.4235463,0.3191022,0.6658848,0.3469741,0.3057111,0.6340999,0.5686464,0.2698003,0.6296650,0.6895020,0.2441519,0.9313113,0.8436212,0.4476096,0.7263000,0.7427000,0.4876000,0.7401000,0.6502000,0.3802000,0.7995000,0.6169000,0.3611000,0.8285000,0.5578000,0.3875000,0.9209000,0.5074000,0.4592000,0.6001868,0.3665462,0.2966449},
{0.6474798,0.4306660,0.3171190,0.6600819,0.3547612,0.3089803,0.6316954,0.5748076,0.2696828,0.6293499,0.6948014,0.2425692,0.9308747,0.8456057,0.4469238,0.7269000,0.7438000,0.4875000,0.7402000,0.6518000,0.3798000,0.7994000,0.6173000,0.3611000,0.8278000,0.5578000,0.3873000,0.9200000,0.5069000,0.4590000,0.5984217,0.3734741,0.2945258},
{0.6455319,0.4380822,0.3149086,0.6541656,0.3630504,0.3119759,0.6292573,0.5815349,0.2694870,0.6291234,0.7004653,0.2409237,0.9304409,0.8475931,0.4462382,0.7275000,0.7451000,0.4875000,0.7403000,0.6537000,0.3794000,0.7991000,0.6178000,0.3611000,0.8273000,0.5578000,0.3871000,0.9192000,0.5063000,0.4587000,0.5966495,0.3807255,0.2921999},
{0.6436120,0.4457680,0.3124647,0.6481298,0.3718753,0.3146763,0.6268851,0.5886305,0.2692088,0.6290061,0.7063358,0.2392672,0.9299692,0.8497713,0.4454881,0.7282000,0.7463000,0.4869000,0.7403000,0.6555000,0.3790000,0.7987000,0.6181000,0.3612000,0.8266000,0.5578000,0.3870000,0.9182000,0.5057000,0.4585000,0.5948760,0.3883168,0.2896483},
{0.6417490,0.4536366,0.3098035,0.6420467,0.3811531,0.3170279,0.6245345,0.5963104,0.2688295,0.6290079,0.7124408,0.2375962,0.9294827,0.8520380,0.4447088,0.7289000,0.7478000,0.4873000,0.7404000,0.6578000,0.3785000,0.7982000,0.6186000,0.3612000,0.8260000,0.5578000,0.3869000,0.9172000,0.5051000,0.4583000,0.5930981,0.3963083,0.2868345},
{0.6399272,0.4617874,0.3068795,0.6359787,0.3908013,0.3189938,0.6223075,0.6043295,0.2683516,0.6291404,0.7187770,0.2359164,0.9290195,0.8542155,0.4439616,0.7301000,0.7487000,0.4865000,0.7405000,0.6596000,0.3783000,0.7978000,0.6190000,0.3612000,0.8254000,0.5581000,0.3867000,0.9162000,0.5047000,0.4581000,0.5913913,0.4043942,0.2838557},
{0.6381920,0.4700468,0.3037445,0.6298844,0.4009004,0.3205736,0.6202065,0.6127468,0.2677648,0.6294181,0.7253966,0.2342196,0.9284863,0.8567452,0.4430952,0.7305000,0.7505000,0.4869000,0.7407000,0.6617000,0.3779000,0.7975000,0.6195000,0.3613000,0.8247000,0.5582000,0.3865000,0.9153000,0.5042000,0.4578000,0.5896864,0.4129441,0.2805631},
{0.6365855,0.4782106,0.3004774,0.6238568,0.4113089,0.3217308,0.6181594,0.6220146,0.2670228,0.6298554,0.7322885,0.2325150,0.9279770,0.8591862,0.4422609,0.7313000,0.7521000,0.4867000,0.7408000,0.6637000,0.3776000,0.7970000,0.6199000,0.3614000,0.8241000,0.5583000,0.3864000,0.9140000,0.5034000,0.4577000,0.5880666,0.4215856,0.2770872},
{0.6350682,0.4864762,0.2970000,0.6178457,0.4221258,0.3224632,0.6164389,0.6309447,0.2662172,0.6304957,0.7397402,0.2307417,0.9274390,0.8617909,0.4413724,0.7325000,0.7533000,0.4860000,0.7406000,0.6655000,0.3776000,0.7965000,0.6204000,0.3615000,0.8233000,0.5585000,0.3862000,0.9131000,0.5030000,0.4574000,0.5865024,0.4305091,0.2733428},
{0.6336711,0.4946772,0.2933819,0.6120408,0.4330105,0.3227472,0.6149339,0.6400170,0.2653113,0.6313816,0.7478059,0.2289028,0.9268327,0.8647605,0.4403618,0.7332000,0.7554000,0.4863000,0.7403000,0.6673000,0.3774000,0.7960000,0.6208000,0.3615000,0.8225000,0.5586000,0.3861000,0.9119000,0.5024000,0.4572000,0.5850270,0.4395657,0.2693823},
{0.6323851,0.5028536,0.2896088,0.6062824,0.4442627,0.3225898,0.6136357,0.6493226,0.2642937,0.6324317,0.7556400,0.2271959,0.9261847,0.8679749,0.4392706,0.7342000,0.7573000,0.4862000,0.7397000,0.6692000,0.3765000,0.7954000,0.6212000,0.3617000,0.8217000,0.5589000,0.3860000,0.9107000,0.5020000,0.4570000,0.5836065,0.4490212,0.2650756},
{0.6311925,0.5111288,0.2856212,0.6006501,0.4557414,0.3219797,0.6125690,0.6587255,0.2631773,0.6336546,0.7634022,0.2255808,0.9255909,0.8709585,0.4382603,0.7355000,0.7589000,0.4857000,0.7395000,0.6713000,0.3765000,0.7948000,0.6217000,0.3618000,0.8209000,0.5591000,0.3859000,0.9094000,0.5014000,0.4568000,0.5823060,0.4584947,0.2605852},
{0.6301187,0.5193314,0.2815005,0.5952216,0.4672864,0.3209268,0.6117261,0.6683456,0.2619456,0.6351229,0.7715014,0.2239759,0.9249804,0.8740654,0.4372109,0.7365000,0.7610000,0.4860000,0.7395000,0.6735000,0.3763000,0.7942000,0.6223000,0.3620000,0.8201000,0.5594000,0.3858000,0.9081000,0.5009000,0.4566000,0.5811394,0.4678745,0.2559661},
{0.6291533,0.5275337,0.2772121,0.5900511,0.4787664,0.3194574,0.6111112,0.6783445,0.2605714,0.6368278,0.7797882,0.2224183,0.9243809,0.8771572,0.4361692,0.7381000,0.7625000,0.4855000,0.7397000,0.6760000,0.3760000,0.7936000,0.6228000,0.3622000,0.8192000,0.5597000,0.3857000,0.9067000,0.5004000,0.4565000,0.5800926,0.4772622,0.2511702},
{0.6283087,0.5356148,0.2728217,0.5851096,0.4902270,0.3175811,0.6107606,0.6882453,0.2591177,0.6387947,0.7883101,0.2209057,0.9238316,0.8800269,0.4352046,0.7393000,0.7646000,0.4855000,0.7399000,0.6783000,0.3757000,0.7930000,0.6234000,0.3624000,0.8183000,0.5601000,0.3856000,0.9054000,0.4999000,0.4563000,0.5791721,0.4865951,0.2462304},
{0.6275794,0.5435978,0.2683218,0.5804516,0.5015206,0.3153390,0.6106652,0.6983040,0.2575470,0.6410528,0.7971063,0.2194396,0.9232752,0.8829702,0.4342177,0.7405000,0.7665000,0.4854000,0.7403000,0.6808000,0.3753000,0.7928000,0.6245000,0.3626000,0.8173000,0.5604000,0.3855000,0.9039000,0.4994000,0.4561000,0.5783768,0.4958701,0.2411503},
{0.6269568,0.5515624,0.2636693,0.5759619,0.5129161,0.3126858,0.6108278,0.7082397,0.2559030,0.6436249,0.8061743,0.2180300,0.9226835,0.8861429,0.4331564,0.7414000,0.7688000,0.4857000,0.7417000,0.6833000,0.3753000,0.7917000,0.6246000,0.3628000,0.8163000,0.5606000,0.3855000,0.9025000,0.4990000,0.4560000,0.5777040,0.5051062,0.2359210},
{0.6264528,0.5593166,0.2589813,0.5717167,0.5242190,0.3096679,0.6112395,0.7180529,0.2541888,0.6464569,0.8152703,0.2167214,0.9220919,0.8893597,0.4320832,0.7426000,0.7708000,0.4857000,0.7424000,0.6862000,0.3737000,0.7910000,0.6253000,0.3629000,0.8152000,0.5610000,0.3854000,0.9010000,0.4986000,0.4558000,0.5771470,0.5144206,0.2304734},
{0.6260558,0.5669701,0.2541984,0.5676164,0.5357014,0.3062071,0.6119081,0.7279386,0.2523706,0.6495705,0.8244371,0.2155108,0.9215121,0.8925589,0.4310187,0.7438000,0.7727000,0.4857000,0.7419000,0.6877000,0.3742000,0.7903000,0.6260000,0.3631000,0.8143000,0.5614000,0.3853000,0.8994000,0.4983000,0.4557000,0.5767169,0.5236512,0.2249006},
{0.6257598,0.5746403,0.2492472,0.5637303,0.5471903,0.3023423,0.6128093,0.7375841,0.2505070,0.6528619,0.8333742,0.2144374,0.9209754,0.8955621,0.4300219,0.7450000,0.7746000,0.4857000,0.7419000,0.6877000,0.3742000,0.7895000,0.6267000,0.3633000,0.8132000,0.5619000,0.3851000,0.8978000,0.4980000,0.4555000,0.5764099,0.5328705,0.2191591},
{0.6255700,0.5821838,0.2442205,0.5601004,0.5585618,0.2981143,0.6139570,0.7472040,0.2485587,0.6563974,0.8422750,0.2134758,0.9205137,0.8981798,0.4291551,0.7463000,0.7764000,0.4858000,0.7417000,0.6894000,0.3740000,0.7888000,0.6275000,0.3634000,0.8121000,0.5623000,0.3850000,0.8962000,0.4977000,0.4553000,0.5762260,0.5421869,0.2131763},
{0.6254821,0.5899528,0.2388769,0.5567097,0.5698700,0.2935034,0.6153068,0.7564939,0.2465904,0.6600939,0.8509411,0.2126457,0.9200550,0.9008118,0.4282853,0.7473000,0.7782000,0.4860000,0.7416000,0.6910000,0.3738000,0.7879000,0.6283000,0.3636000,0.8111000,0.5629000,0.3848000,0.8947000,0.4974000,0.4551000,0.5761713,0.5513421,0.2071169},
{0.6255029,0.5974185,0.2335786,0.5535758,0.5810598,0.2885291,0.6169132,0.7658521,0.2445187,0.6640163,0.8595366,0.2119292,0.9195576,0.9037035,0.4273319,0.7483000,0.7799000,0.4862000,0.7415000,0.6927000,0.3736000,0.7873000,0.6292000,0.3638000,0.8101000,0.5633000,0.3848000,0.8932000,0.4972000,0.4550000,0.5762446,0.5605510,0.2008383},
{0.6256256,0.6047127,0.2282432,0.5507563,0.5919076,0.2833008,0.6187032,0.7748698,0.2424353,0.6681836,0.8680920,0.2113259,0.9191920,0.9058550,0.4266240,0.7493000,0.7814000,0.4861000,0.7413000,0.6944000,0.3735000,0.7867000,0.6299000,0.3639000,0.8091000,0.5638000,0.3848000,0.8917000,0.4970000,0.4549000,0.5764477,0.5697009,0.1944135},
{0.6258501,0.6119480,0.2227914,0.5481759,0.6026936,0.2776877,0.6206946,0.7836977,0.2403097,0.6724890,0.8763933,0.2108498,0.9187758,0.9083314,0.4258108,0.7502000,0.7828000,0.4859000,0.7412000,0.6961000,0.3733000,0.7861000,0.6307000,0.3640000,0.8080000,0.5643000,0.3847000,0.8902000,0.4968000,0.4548000,0.5767726,0.5785965,0.1879850},
{0.6261691,0.6189718,0.2173423,0.5458992,0.6131454,0.2718329,0.6228842,0.7923424,0.2381419,0.6769698,0.8845271,0.2104928,0.9183903,0.9106523,0.4250501,0.7510000,0.7843000,0.4857000,0.7411000,0.6978000,0.3731000,0.7846000,0.6304000,0.3642000,0.8070000,0.5648000,0.3845000,0.8887000,0.4967000,0.4547000,0.5772280,0.5875194,0.1813514},
{0.6265858,0.6259178,0.2117967,0.5439200,0.6232525,0.2657576,0.6251779,0.8004990,0.2360146,0.6815457,0.8923641,0.2102568,0.9180301,0.9128450,0.4243328,0.7517000,0.7857000,0.4856000,0.7409000,0.6995000,0.3729000,0.7840000,0.6313000,0.3641000,0.8060000,0.5653000,0.3844000,0.8872000,0.4967000,0.4547000,0.5778004,0.5962213,0.1746987},
{0.6270944,0.6327162,0.2062125,0.5422018,0.6331929,0.2593584,0.6275982,0.8083261,0.2338943,0.6862670,0.9000074,0.2101345,0.9176403,0.9152446,0.4235492,0.7524000,0.7871000,0.4855000,0.7408000,0.7012000,0.3728000,0.7835000,0.6322000,0.3642000,0.8049000,0.5657000,0.3843000,0.8857000,0.4968000,0.4546000,0.5784719,0.6045667,0.1681431},
{0.6276871,0.6393146,0.2006391,0.5407844,0.6427191,0.2527997,0.6301386,0.8158500,0.2317791,0.6909322,0.9071624,0.2101226,0.9173235,0.9172169,0.4229063,0.7532000,0.7886000,0.4855000,0.7407000,0.7029000,0.3726000,0.7828000,0.6332000,0.3642000,0.8038000,0.5661000,0.3843000,0.8842000,0.4969000,0.4547000,0.5792596,0.6128393,0.1614699},
{0.6283539,0.6456718,0.1951208,0.5396695,0.6517170,0.2461887,0.6327947,0.8230932,0.2296670,0.6957012,0.9141056,0.2102119,0.9170412,0.9189911,0.4223289,0.7539000,0.7899000,0.4855000,0.7406000,0.7046000,0.3724000,0.7822000,0.6340000,0.3643000,0.8026000,0.5666000,0.3842000,0.8826000,0.4971000,0.4547000,0.5801361,0.6207989,0.1548796},
{0.6290651,0.6516086,0.1898303,0.5388402,0.6601559,0.2395865,0.6355083,0.8299416,0.2275973,0.7004721,0.9207079,0.2103954,0.9167850,0.9206156,0.4218010,0.7546000,0.7912000,0.4854000,0.7404000,0.7063000,0.3722000,0.7815000,0.6351000,0.3644000,0.8017000,0.5673000,0.3842000,0.8811000,0.4972000,0.4547000,0.5811018,0.6285240,0.1483190},
{0.6298538,0.6574657,0.1844758,0.5382719,0.6680692,0.2330064,0.6383784,0.8366679,0.2254907,0.7052983,0.9270638,0.2106694,0.9164888,0.9225102,0.4211861,0.7552000,0.7926000,0.4852000,0.7403000,0.7080000,0.3721000,0.7806000,0.6358000,0.3645000,0.8009000,0.5681000,0.3840000,0.8796000,0.4975000,0.4547000,0.5821281,0.6358648,0.1419293},
{0.6306749,0.6629558,0.1793298,0.5379412,0.6755409,0.2264109,0.6411954,0.8428221,0.2234945,0.7100541,0.9330318,0.2110203,0.9162542,0.9240249,0.4206953,0.7557000,0.7940000,0.4850000,0.7402000,0.7097000,0.3719000,0.7799000,0.6368000,0.3645000,0.7999000,0.5689000,0.3839000,0.8780000,0.4977000,0.4547000,0.5832050,0.6428409,0.1357116},
{0.6315372,0.6682038,0.1742908,0.5378336,0.6825707,0.2198273,0.6440543,0.8486702,0.2215320,0.7147971,0.9387108,0.2114450,0.9160004,0.9256767,0.4201607,0.7561000,0.7951000,0.4845000,0.7400000,0.7113000,0.3717000,0.7791000,0.6377000,0.3646000,0.7987000,0.5696000,0.3838000,0.8765000,0.4981000,0.4548000,0.5843289,0.6495002,0.1296390},
{0.6324420,0.6732570,0.1693234,0.5379301,0.6890494,0.2133962,0.6468850,0.8541089,0.2196451,0.7193990,0.9439755,0.2119242,0.9157692,0.9271939,0.4196703,0.7564000,0.7967000,0.4844000,0.7400000,0.7113000,0.3717000,0.7783000,0.6387000,0.3646000,0.7976000,0.5706000,0.3837000,0.8748000,0.4985000,0.4548000,0.5854688,0.6557329,0.1238297},
{0.6333523,0.6779581,0.1645956,0.5382112,0.6950977,0.2070374,0.6496869,0.8591823,0.2178268,0.7237928,0.9487883,0.2124403,0.9155540,0.9286175,0.4192107,0.7569000,0.7983000,0.4846000,0.7392000,0.7120000,0.3729000,0.7774000,0.6397000,0.3645000,0.7964000,0.5716000,0.3835000,0.8731000,0.4990000,0.4549000,0.5866451,0.6617117,0.1181385},
{0.6342703,0.6823744,0.1600569,0.5386379,0.7004934,0.2010377,0.6524153,0.8638529,0.2160992,0.7279440,0.9531525,0.2129780,0.9153873,0.9297275,0.4188528,0.7574000,0.7997000,0.4845000,0.7394000,0.7138000,0.3727000,0.7766000,0.6409000,0.3645000,0.7954000,0.5725000,0.3834000,0.8712000,0.4995000,0.4549000,0.5878094,0.6672482,0.1127609},
{0.6351815,0.6864837,0.1557453,0.5391990,0.7054752,0.1951875,0.6550749,0.8681703,0.2144528,0.7323763,0.9576245,0.2136035,0.9152369,0.9307349,0.4185282,0.7579000,0.8012000,0.4844000,0.7396000,0.7158000,0.3724000,0.7756000,0.6421000,0.3646000,0.7940000,0.5734000,0.3833000,0.8694000,0.5001000,0.4549000,0.5889263,0.6722537,0.1078070},
{0.6360785,0.6902975,0.1516640,0.5398763,0.7100573,0.1895073,0.6576768,0.8721859,0.2128753,0.7360405,0.9611805,0.2141592,0.9150700,0.9318596,0.4181661,0.7583000,0.8027000,0.4842000,0.7396000,0.7178000,0.3721000,0.7749000,0.6433000,0.3645000,0.7927000,0.5745000,0.3833000,0.8675000,0.5006000,0.4549000,0.5900271,0.6769306,0.1030966},
{0.6369737,0.6939022,0.1477331,0.5406505,0.7142497,0.1840230,0.6601930,0.8758861,0.2113790,0.7395376,0.9644592,0.2147211,0.9149099,0.9329446,0.4178172,0.7587000,0.8042000,0.4840000,0.7396000,0.7198000,0.3717000,0.7739000,0.6446000,0.3645000,0.7914000,0.5755000,0.3831000,0.8656000,0.5012000,0.4548000,0.5910857,0.6812150,0.0987098},
{0.6378978,0.6974361,0.1438073,0.5415127,0.7181088,0.1786969,0.6626598,0.8793498,0.2099382,0.7428643,0.9674768,0.2152834,0.9147436,0.9340792,0.4174526,0.7590000,0.8056000,0.4836000,0.7396000,0.7216000,0.3715000,0.7733000,0.6459000,0.3643000,0.7901000,0.5765000,0.3830000,0.8638000,0.5018000,0.4548000,0.5921512,0.6853388,0.0944206},
{0.6387745,0.7006310,0.1401942,0.5424643,0.7217039,0.1734593,0.6650298,0.8825329,0.2085771,0.7459412,0.9701819,0.2158269,0.9145702,0.9352695,0.4170705,0.7593000,0.8070000,0.4830000,0.7395000,0.7236000,0.3711000,0.7725000,0.6472000,0.3641000,0.7888000,0.5776000,0.3830000,0.8618000,0.5028000,0.4545000,0.5931938,0.6892076,0.0903352},
{0.6396420,0.7036556,0.1367154,0.5434818,0.7249987,0.1683891,0.6672716,0.8854200,0.2073093,0.7486957,0.9725351,0.2163323,0.9144177,0.9363225,0.4167328,0.7596000,0.8086000,0.4824000,0.7394000,0.7253000,0.3707000,0.7719000,0.6484000,0.3638000,0.7878000,0.5790000,0.3827000,0.8600000,0.5035000,0.4545000,0.5942166,0.6928568,0.0864254},
{0.6405064,0.7065455,0.1333365,0.5445914,0.7281105,0.1633243,0.6694819,0.8881540,0.2060773,0.7510521,0.9744978,0.2167784,0.9142325,0.9376101,0.4163202,0.7598000,0.8102000,0.4818000,0.7393000,0.7272000,0.3702000,0.7712000,0.6497000,0.3637000,0.7878000,0.5790000,0.3827000,0.8582000,0.5042000,0.4545000,0.5952566,0.6964313,0.0825410},
{0.6413788,0.7093472,0.1300073,0.5457531,0.7309539,0.1584215,0.6715523,0.8906177,0.2049388,0.7534285,0.9764309,0.2172410,0.9140763,0.9387039,0.4159701,0.7600000,0.8118000,0.4810000,0.7393000,0.7290000,0.3696000,0.7704000,0.6510000,0.3635000,0.7854000,0.5812000,0.3824000,0.8565000,0.5049000,0.4546000,0.5962484,0.6997218,0.0789159},
{0.6422159,0.7119353,0.1268836,0.5469951,0.7336224,0.1535385,0.6734276,0.8927711,0.2039200,0.7553537,0.9779632,0.2176250,0.9139010,0.9399388,0.4155752,0.7601000,0.8132000,0.4802000,0.7394000,0.7312000,0.3694000,0.7700000,0.6523000,0.3631000,0.7840000,0.5824000,0.3825000,0.8548000,0.5057000,0.4547000,0.5972428,0.7029134,0.0753535},
{0.6430575,0.7144451,0.1238081,0.5482778,0.7360517,0.1488106,0.6751809,0.8947194,0.2029779,0.7569625,0.9792210,0.2179521,0.9137811,0.9407886,0.4153037,0.7601000,0.8147000,0.4793000,0.7392000,0.7325000,0.3688000,0.7692000,0.6535000,0.3628000,0.7829000,0.5836000,0.3823000,0.8532000,0.5065000,0.4548000,0.5981997,0.7058895,0.0719891},
{0.6438428,0.7167092,0.1209932,0.5496215,0.7383025,0.1441417,0.6767743,0.8964372,0.2021302,0.7582296,0.9801971,0.2182137,0.9136132,0.9419859,0.4149215,0.7600000,0.8161000,0.4784000,0.7392000,0.7325000,0.3688000,0.7687000,0.6547000,0.3625000,0.7820000,0.5849000,0.3822000,0.8515000,0.5073000,0.4549000,0.5990956,0.7085961,0.0688928},
{0.6446245,0.7188929,0.1182407,0.5509853,0.7403279,0.1396528,0.6781456,0.8978761,0.2014069,0.7592247,0.9809547,0.2184216,0.9134825,0.9429231,0.4146226,0.7598000,0.8175000,0.4776000,0.7387000,0.7343000,0.3678000,0.7681000,0.6558000,0.3621000,0.7809000,0.5859000,0.3821000,0.8500000,0.5081000,0.4551000,0.5999539,0.7111215,0.0659716},
{0.6453870,0.7209595,0.1156005,0.5523697,0.7421556,0.1353165,0.6794129,0.8991742,0.2007435,0.7599808,0.9815252,0.2185810,0.9133361,0.9439801,0.4142858,0.7595000,0.8188000,0.4767000,0.7382000,0.7361000,0.3668000,0.7673000,0.6568000,0.3619000,0.7800000,0.5871000,0.3819000,0.8485000,0.5090000,0.4553000,0.6007755,0.7134792,0.0632156},
{0.6460921,0.7228175,0.1131965,0.5538021,0.7438369,0.1310322,0.6805312,0.9002950,0.2001621,0.7604094,0.9818466,0.2186719,0.9132167,0.9448461,0.4140100,0.7591000,0.8200000,0.4758000,0.7378000,0.7379000,0.3658000,0.7666000,0.6580000,0.3617000,0.7800000,0.5871000,0.3819000,0.8470000,0.5099000,0.4555000,0.6015924,0.7157687,0.0605119},
{0.6467426,0.7244887,0.1110088,0.5552018,0.7452988,0.1270204,0.6814977,0.9012453,0.1996625,0.7607212,0.9820795,0.2187383,0.9131014,0.9456874,0.4137423,0.7586000,0.8213000,0.4749000,0.7373000,0.7396000,0.3649000,0.7660000,0.6589000,0.3613000,0.7787000,0.5879000,0.3819000,0.8455000,0.5108000,0.4558000,0.6023535,0.7178552,0.0580240},
{0.6473909,0.7261149,0.1088564,0.5565651,0.7465699,0.1232605,0.6823325,0.9020524,0.1992331,0.7606270,0.9820093,0.2187182,0.9129716,0.9466393,0.4134397,0.7581000,0.8225000,0.4740000,0.7373000,0.7396000,0.3649000,0.7653000,0.6598000,0.3609000,0.7773000,0.5888000,0.3818000,0.8441000,0.5117000,0.4560000,0.6030622,0.7197586,0.0557341},
{0.6479761,0.7275507,0.1069361,0.5579510,0.7477231,0.1195721,0.6830422,0.9027288,0.1988697,0.7607096,0.9820708,0.2187358,0.9128558,0.9474924,0.4131687,0.7574000,0.8236000,0.4731000,0.7369000,0.7412000,0.3643000,0.7647000,0.6607000,0.3605000,0.7760000,0.5896000,0.3817000,0.8428000,0.5126000,0.4563000,0.6037564,0.7215880,0.0535144},
{0.6485519,0.7289345,0.1050670,0.5593092,0.7487300,0.1160765,0.6836565,0.9033072,0.1985563,0.7606138,0.9819993,0.2187154,0.9127539,0.9482475,0.4129289,0.7565000,0.8247000,0.4722000,0.7361000,0.7412000,0.3633000,0.7640000,0.6615000,0.3602000,0.7747000,0.5905000,0.3817000,0.8415000,0.5135000,0.4566000,0.6044500,0.7233823,0.0513191}
};
