fitErrPi Mean = 0.580925
fitErrTh Mean = 0.195111
fitErrWr Mean = 0.0066073
fitErrLA Mean = 0.197657
fitErrEl Mean = 0.181475
fitErrUA Mean = 0.163586
efPts = {
{0.5690805,0.7924931,0.1308787,0.5211568,0.7622103,0.1300881,0.6815031,0.8715896,0.1479840,0.5999856,0.7336119,0.2504016,0.5897291,0.7781539,0.2014920,0.7274000,0.8368000,0.4631000,0.7146000,0.7456000,0.3593000,0.7453000,0.6681000,0.3626000,0.7545000,0.5992000,0.3898000,0.8132000,0.5338000,0.4747000,0.7234745,0.6357229,-0.1560162},
{0.5668773,0.7935608,0.1324913,0.5198309,0.7620218,0.1294877,0.6809304,0.8712051,0.1478869,0.5986245,0.7344044,0.2502870,0.5884614,0.7786392,0.2022206,0.7242000,0.8367000,0.4619000,0.7124000,0.7456000,0.3584000,0.7436000,0.6681000,0.3618000,0.7521000,0.5993000,0.3891000,0.8112000,0.5341000,0.4746000,0.7223972,0.6354545,-0.1567683},
{0.5640225,0.7949120,0.1345268,0.5181585,0.7617823,0.1287273,0.6802744,0.8707642,0.1477753,0.5970926,0.7352939,0.2501586,0.5869570,0.7792128,0.2030825,0.7208000,0.8367000,0.4607000,0.7102000,0.7453000,0.3572000,0.7417000,0.6681000,0.3611000,0.7498000,0.5994000,0.3884000,0.8091000,0.5345000,0.4745000,0.7216759,0.6352746,-0.1572723},
{0.5605574,0.7965060,0.1369196,0.5160238,0.7614737,0.1277516,0.6794255,0.8701928,0.1476306,0.5955749,0.7361724,0.2500319,0.5855473,0.7797479,0.2038876,0.7175000,0.8367000,0.4595000,0.7102000,0.7453000,0.3572000,0.7398000,0.6681000,0.3603000,0.7474000,0.5995000,0.3876000,0.8069000,0.5349000,0.4744000,0.7202543,0.6349196,-0.1582664},
{0.5566538,0.7982448,0.1395193,0.5134934,0.7611036,0.1265876,0.6783828,0.8694896,0.1474521,0.5935620,0.7373334,0.2498647,0.5841706,0.7802683,0.2046714,0.7142000,0.8367000,0.4582000,0.7074000,0.7451000,0.3561000,0.7377000,0.6681000,0.3595000,0.7450000,0.5995000,0.3869000,0.8046000,0.5353000,0.4743000,0.7188242,0.6345619,-0.1592675},
{0.5522000,0.8001595,0.1423692,0.5106074,0.7606760,0.1252503,0.6770515,0.8685894,0.1472230,0.5916595,0.7384265,0.2497076,0.5826222,0.7808510,0.2055501,0.7110000,0.8367000,0.4570000,0.7046000,0.7448000,0.3550000,0.7357000,0.6680000,0.3587000,0.7426000,0.5996000,0.3862000,0.8022000,0.5357000,0.4742000,0.7173081,0.6341821,-0.1603300},
{0.5471598,0.8022438,0.1454550,0.5073007,0.7601786,0.1237051,0.6754379,0.8674951,0.1469436,0.5894187,0.7397087,0.2495236,0.5812687,0.7813582,0.2063158,0.7077000,0.8368000,0.4559000,0.7018000,0.7446000,0.3539000,0.7334000,0.6680000,0.3579000,0.7403000,0.5997000,0.3855000,0.7998000,0.5360000,0.4740000,0.7155735,0.6337466,-0.1615471},
{0.5415688,0.8044606,0.1487177,0.5035803,0.7596098,0.1219504,0.6734794,0.8661619,0.1466020,0.5870491,0.7410583,0.2493303,0.5797648,0.7819194,0.2071640,0.7046000,0.8369000,0.4548000,0.6990000,0.7444000,0.3528000,0.7313000,0.6679000,0.3572000,0.7379000,0.5998000,0.3848000,0.7972000,0.5364000,0.4739000,0.7134457,0.6332112,-0.1630425},
{0.5353903,0.8068025,0.1521414,0.4995994,0.7589902,0.1200537,0.6710708,0.8645149,0.1461780,0.5845743,0.7424611,0.2491298,0.5783774,0.7824348,0.2079440,0.7016000,0.8370000,0.4538000,0.6961000,0.7441000,0.3518000,0.7289000,0.6679000,0.3564000,0.7355000,0.5998000,0.3840000,0.7946000,0.5368000,0.4736000,0.7112125,0.6326479,-0.1646145},
{0.5286190,0.8092489,0.1556913,0.4951504,0.7582844,0.1179105,0.6684092,0.8626853,0.1457046,0.5817347,0.7440620,0.2489015,0.5767523,0.7830360,0.2088547,0.6985000,0.8371000,0.4530000,0.6933000,0.7439000,0.3507000,0.7266000,0.6678000,0.3556000,0.7331000,0.5999000,0.3833000,0.7919000,0.5371000,0.4735000,0.7085431,0.6319726,-0.1664970},
{0.5210696,0.8118395,0.1594184,0.4904164,0.7575179,0.1156030,0.6653052,0.8605389,0.1451459,0.5784891,0.7458808,0.2486428,0.5751289,0.7836336,0.2097613,0.6955000,0.8372000,0.4521000,0.6905000,0.7436000,0.3496000,0.7241000,0.6676000,0.3548000,0.7307000,0.6000000,0.3826000,0.7891000,0.5375000,0.4732000,0.7058423,0.6312873,-0.1684058},
{0.5130017,0.8144608,0.1631534,0.4853038,0.7566722,0.1130795,0.6621271,0.8583271,0.1445666,0.5753008,0.7476560,0.2483910,0.5733829,0.7842733,0.2107329,0.6925000,0.8372000,0.4512000,0.6877000,0.7434000,0.3485000,0.7216000,0.6675000,0.3541000,0.7284000,0.6001000,0.3819000,0.7863000,0.5378000,0.4730000,0.7028708,0.6305307,-0.1705103},
{0.5041272,0.8171820,0.1669885,0.4799961,0.7557746,0.1104253,0.6586035,0.8558579,0.1439156,0.5716736,0.7496618,0.2481074,0.5714693,0.7849705,0.2117935,0.6895000,0.8372000,0.4504000,0.6849000,0.7431000,0.3474000,0.7185000,0.6672000,0.3534000,0.7284000,0.6001000,0.3819000,0.7835000,0.5381000,0.4727000,0.6995431,0.6296804,-0.1728729},
{0.4947645,0.8198822,0.1707472,0.4744703,0.7548188,0.1076247,0.6548059,0.8531767,0.1432037,0.5676755,0.7518559,0.2477983,0.5694114,0.7857160,0.2129294,0.6865000,0.8372000,0.4496000,0.6821000,0.7429000,0.3464000,0.7160000,0.6670000,0.3526000,0.7260000,0.6002000,0.3812000,0.7807000,0.5384000,0.4725000,0.6957423,0.6287051,-0.1755788},
{0.4848924,0.8225533,0.1744139,0.4687130,0.7537998,0.1046663,0.6506522,0.8502204,0.1424129,0.5633239,0.7542240,0.2474659,0.5671216,0.7865404,0.2141875,0.6833000,0.8371000,0.4488000,0.6793000,0.7427000,0.3453000,0.7134000,0.6669000,0.3518000,0.7238000,0.6002000,0.3806000,0.7778000,0.5388000,0.4722000,0.6921056,0.6277679,-0.1781752},
{0.4747078,0.8251325,0.1778993,0.4629307,0.7527527,0.1016534,0.6464365,0.8471943,0.1415970,0.5587608,0.7566849,0.2471219,0.5645414,0.7874627,0.2155979,0.6801000,0.8370000,0.4480000,0.6765000,0.7424000,0.3442000,0.7107000,0.6667000,0.3510000,0.7215000,0.6003000,0.3799000,0.7749000,0.5391000,0.4721000,0.6884331,0.6268176,-0.1808045},
{0.4640798,0.8276451,0.1812350,0.4571149,0.7516753,0.0985809,0.6419429,0.8439402,0.1407127,0.5534452,0.7595233,0.2467270,0.5622036,0.7882925,0.2168693,0.6768000,0.8369000,0.4473000,0.6737000,0.7422000,0.3431000,0.7081000,0.6665000,0.3503000,0.7192000,0.6004000,0.3793000,0.7720000,0.5395000,0.4719000,0.6846505,0.6258345,-0.1835204},
{0.4537389,0.8299246,0.1842023,0.4512274,0.7505601,0.0954272,0.6372176,0.8404863,0.1397664,0.5484930,0.7621402,0.2463646,0.5592793,0.7893227,0.2184512,0.6734000,0.8367000,0.4465000,0.6709000,0.7419000,0.3420000,0.7055000,0.6662000,0.3495000,0.7168000,0.6007000,0.3786000,0.7691000,0.5399000,0.4717000,0.6803564,0.6247133,-0.1866130},
{0.4428738,0.8321533,0.1870398,0.4452493,0.7494023,0.0921805,0.6323291,0.8368785,0.1387695,0.5426395,0.7651997,0.2459433,0.5565134,0.7902891,0.2199385,0.6700000,0.8365000,0.4458000,0.6681000,0.7417000,0.3409000,0.7066000,0.6684000,0.3485000,0.7168000,0.6007000,0.3786000,0.7661000,0.5403000,0.4716000,0.6765145,0.6237055,-0.1893886},
{0.4316961,0.8342768,0.1896737,0.4393786,0.7482402,0.0889483,0.6272512,0.8330932,0.1377146,0.5370420,0.7680914,0.2455473,0.5534500,0.7913507,0.2215761,0.6666000,0.8363000,0.4451000,0.6681000,0.7417000,0.3409000,0.7044000,0.6685000,0.3478000,0.7137000,0.6010000,0.3779000,0.7631000,0.5408000,0.4715000,0.6721392,0.6225524,-0.1925594},
{0.4203432,0.8362654,0.1920656,0.4334314,0.7470377,0.0856296,0.6219859,0.8291273,0.1365998,0.5311434,0.7711030,0.2451374,0.5502068,0.7924646,0.2232986,0.6631000,0.8361000,0.4446000,0.6653000,0.7412000,0.3401000,0.7019000,0.6685000,0.3471000,0.7106000,0.6013000,0.3772000,0.7600000,0.5412000,0.4714000,0.6673402,0.6212810,-0.1960495},
{0.4087558,0.8381272,0.1942240,0.4274620,0.7458049,0.0822532,0.6166568,0.8250707,0.1354494,0.5248478,0.7742772,0.2447080,0.5469720,0.7935654,0.2250055,0.6594000,0.8359000,0.4441000,0.6624000,0.7407000,0.3391000,0.6995000,0.6685000,0.3463000,0.7075000,0.6017000,0.3765000,0.7568000,0.5418000,0.4713000,0.6631988,0.6201782,-0.1990716},
{0.3969935,0.8398495,0.1961327,0.4215614,0.7445608,0.0788712,0.6113749,0.8210073,0.1342873,0.5186192,0.7773772,0.2442915,0.5437628,0.7946477,0.2266881,0.6557000,0.8356000,0.4435000,0.6594000,0.7402000,0.3383000,0.6969000,0.6685000,0.3456000,0.7044000,0.6020000,0.3758000,0.7537000,0.5423000,0.4712000,0.6584525,0.6189080,-0.2025467},
{0.3851874,0.8414134,0.1977707,0.4156014,0.7432784,0.0754099,0.6060819,0.8168921,0.1331005,0.5122352,0.7805132,0.2438731,0.5402205,0.7958310,0.2285327,0.6519000,0.8353000,0.4430000,0.6564000,0.7395000,0.3376000,0.6944000,0.6684000,0.3449000,0.7013000,0.6023000,0.3750000,0.7504000,0.5429000,0.4711000,0.6541496,0.6177506,-0.2057082},
{0.3733845,0.8428158,0.1991371,0.4097402,0.7419917,0.0719613,0.6008896,0.8128129,0.1319144,0.5058735,0.7835969,0.2434645,0.5366534,0.7970107,0.2303772,0.6479000,0.8350000,0.4424000,0.6532000,0.7389000,0.3369000,0.6918000,0.6684000,0.3443000,0.6982000,0.6026000,0.3743000,0.7472000,0.5435000,0.4710000,0.6496760,0.6165413,-0.2090060},
{0.3616768,0.8440509,0.2002296,0.4039718,0.7407007,0.0685239,0.5955038,0.8085368,0.1306611,0.4995418,0.7866253,0.2430663,0.5328774,0.7982469,0.2323157,0.6439000,0.8346000,0.4419000,0.6500000,0.7383000,0.3362000,0.6894000,0.6686000,0.3435000,0.6951000,0.6029000,0.3736000,0.7439000,0.5441000,0.4709000,0.6446808,0.6151837,-0.2127015},
{0.3502953,0.8451049,0.2010445,0.3981195,0.7393655,0.0649921,0.5905391,0.8045541,0.1294848,0.4933141,0.7895646,0.2426826,0.5289760,0.7995104,0.2343034,0.6398000,0.8343000,0.4414000,0.6465000,0.7376000,0.3356000,0.6868000,0.6687000,0.3427000,0.6920000,0.6032000,0.3729000,0.7405000,0.5447000,0.4708000,0.6404968,0.6140408,-0.2158077},
{0.3390559,0.8460053,0.2016126,0.3923788,0.7380309,0.0614841,0.5855303,0.8004960,0.1282774,0.4872345,0.7923966,0.2423158,0.5251958,0.8007217,0.2362150,0.6356000,0.8339000,0.4410000,0.6433000,0.7369000,0.3350000,0.6840000,0.6687000,0.3419000,0.6920000,0.6032000,0.3729000,0.7371000,0.5454000,0.4706000,0.6365122,0.6129473,-0.2187751},
{0.3281524,0.8467460,0.2019402,0.3867719,0.7367034,0.0580157,0.5805950,0.7964575,0.1270671,0.4810161,0.7952552,0.2419483,0.5210935,0.8020219,0.2382737,0.6313000,0.8335000,0.4405000,0.6401000,0.7364000,0.3345000,0.6814000,0.6688000,0.3412000,0.6907000,0.6049000,0.3717000,0.7338000,0.5462000,0.4705000,0.6318385,0.6116585,-0.2222671},
{0.3173917,0.8473492,0.2020480,0.3812164,0.7353646,0.0545380,0.5755700,0.7923044,0.1258137,0.4750628,0.7979562,0.2416038,0.5172767,0.8032184,0.2401745,0.6271000,0.8332000,0.4402000,0.6366000,0.7356000,0.3340000,0.6788000,0.6690000,0.3404000,0.6864000,0.6041000,0.3718000,0.7305000,0.5470000,0.4703000,0.6275173,0.6104610,-0.2255068},
{0.3069779,0.8478118,0.2019483,0.3758171,0.7340407,0.0511182,0.5707783,0.7883051,0.1245983,0.4691620,0.8005989,0.2412694,0.5134186,0.8044150,0.2420817,0.6228000,0.8328000,0.4397000,0.6334000,0.7350000,0.3334000,0.6788000,0.6690000,0.3404000,0.6848000,0.6052000,0.3704000,0.7273000,0.5477000,0.4702000,0.6233111,0.6092897,-0.2286705},
{0.2969031,0.8481452,0.2016596,0.3703847,0.7326860,0.0476378,0.5660692,0.7843371,0.1233846,0.4636745,0.8030259,0.2409647,0.5098075,0.8055235,0.2438541,0.6188000,0.8323000,0.4392000,0.6302000,0.7345000,0.3327000,0.6782000,0.6688000,0.3402000,0.6820000,0.6055000,0.3699000,0.7240000,0.5485000,0.4700000,0.6191189,0.6081168,-0.2318337},
{0.2871737,0.8483598,0.2011999,0.3651246,0.7313524,0.0442294,0.5614260,0.7803876,0.1221687,0.4582920,0.8053780,0.2406717,0.5063414,0.8065771,0.2455438,0.6148000,0.8319000,0.4386000,0.6271000,0.7341000,0.3321000,0.6777000,0.6686000,0.3400000,0.6798000,0.6061000,0.3690000,0.7209000,0.5493000,0.4699000,0.6146954,0.6068733,-0.2351823},
{0.2776895,0.8484663,0.2005786,0.3599910,0.7300299,0.0408663,0.5569161,0.7765158,0.1209695,0.4528886,0.8077109,0.2403833,0.5030569,0.8075662,0.2471346,0.6108000,0.8315000,0.4379000,0.6239000,0.7337000,0.3315000,0.6772000,0.6684000,0.3398000,0.6751000,0.6047000,0.3697000,0.7178000,0.5500000,0.4696000,0.6105795,0.6057108,-0.2383082},
{0.2686361,0.8484718,0.1998238,0.3548362,0.7286810,0.0374525,0.5526265,0.7728003,0.1198119,0.4477550,0.8099012,0.2401147,0.4995970,0.8085984,0.2487998,0.6076000,0.8308000,0.4366000,0.6207000,0.7332000,0.3310000,0.6767000,0.6682000,0.3397000,0.6727000,0.6052000,0.3689000,0.7148000,0.5507000,0.4694000,0.6062060,0.6044696,-0.2416405},
{0.2599198,0.8483871,0.1989453,0.3499946,0.7273947,0.0342123,0.5484367,0.7691398,0.1186651,0.4424291,0.8121467,0.2398414,0.4962353,0.8095919,0.2504072,0.6037000,0.8304000,0.4359000,0.6175000,0.7326000,0.3305000,0.6762000,0.6680000,0.3395000,0.6698000,0.6051000,0.3683000,0.7117000,0.5513000,0.4692000,0.6021989,0.6033272,-0.2447034},
{0.2515304,0.8482204,0.1979564,0.3452201,0.7261077,0.0309845,0.5445066,0.7656777,0.1175747,0.4375570,0.8141770,0.2395964,0.4931329,0.8105006,0.2518816,0.5998000,0.8300000,0.4352000,0.6144000,0.7321000,0.3298000,0.6756000,0.6678000,0.3393000,0.6675000,0.6055000,0.3675000,0.7088000,0.5520000,0.4689000,0.5979104,0.6020989,-0.2479917},
{0.2435541,0.8479830,0.1968831,0.3407205,0.7248778,0.0279127,0.5405609,0.7621737,0.1164655,0.4329243,0.8160865,0.2393677,0.4902278,0.8113444,0.2532544,0.5960000,0.8298000,0.4344000,0.6113000,0.7315000,0.3292000,0.6751000,0.6676000,0.3391000,0.6646000,0.6055000,0.3668000,0.7057000,0.5525000,0.4685000,0.5941148,0.6010069,-0.2509111},
{0.2359896,0.8476850,0.1957426,0.3362309,0.7236340,0.0248188,0.5368430,0.7588460,0.1154069,0.4285402,0.8178746,0.2391551,0.4871319,0.8122361,0.2547090,0.5923000,0.8295000,0.4336000,0.6083000,0.7310000,0.3286000,0.6746000,0.6674000,0.3389000,0.6627000,0.6059000,0.3658000,0.7029000,0.5528000,0.4684000,0.5900880,0.5998433,-0.2540174},
{0.2288009,0.8473347,0.1945456,0.3318907,0.7224158,0.0218000,0.5332292,0.7555868,0.1143653,0.4242182,0.8196195,0.2389492,0.4843018,0.8130445,0.2560314,0.5887000,0.8293000,0.4328000,0.6055000,0.7306000,0.3279000,0.6741000,0.6672000,0.3387000,0.6627000,0.6059000,0.3658000,0.7000000,0.5533000,0.4680000,0.5867845,0.5988849,-0.2565730},
{0.2219937,0.8469410,0.1933078,0.3277601,0.7212417,0.0189013,0.5296676,0.7523509,0.1133265,0.4201696,0.8212380,0.2387597,0.4816894,0.8137852,0.2572458,0.5853000,0.8290000,0.4320000,0.6027000,0.7303000,0.3274000,0.6736000,0.6671000,0.3385000,0.6596000,0.6061000,0.3648000,0.6970000,0.5539000,0.4675000,0.5829412,0.5977654,-0.2595543},
{0.2154874,0.8465070,0.1920274,0.3236011,0.7200450,0.0159571,0.5262053,0.7491821,0.1123047,0.4163463,0.8227521,0.2385836,0.4790579,0.8145258,0.2584631,0.5819000,0.8287000,0.4312000,0.6001000,0.7299000,0.3265000,0.6730000,0.6669000,0.3383000,0.6565000,0.6063000,0.3638000,0.6941000,0.5544000,0.4671000,0.5795660,0.5967784,-0.2621797},
{0.2092758,0.8460386,0.1907140,0.3195156,0.7188551,0.0130398,0.5229440,0.7461762,0.1113315,0.4127782,0.8241526,0.2384218,0.4767011,0.8151844,0.2595481,0.5787000,0.8284000,0.4303000,0.5976000,0.7297000,0.3258000,0.6725000,0.6667000,0.3381000,0.6534000,0.6066000,0.3628000,0.6913000,0.5549000,0.4666000,0.5756835,0.5956384,-0.2652081},
{0.2033290,0.8455393,0.1893710,0.3156611,0.7177193,0.0102643,0.5197335,0.7431970,0.1103630,0.4093599,0.8254830,0.2382691,0.4742730,0.8158584,0.2606610,0.5754000,0.8283000,0.4295000,0.5952000,0.7295000,0.3249000,0.6720000,0.6665000,0.3379000,0.6504000,0.6068000,0.3617000,0.6884000,0.5554000,0.4660000,0.5724895,0.5946969,-0.2677062},
{0.1976655,0.8450163,0.1880118,0.3118753,0.7165911,0.0075163,0.5169005,0.7405513,0.1094998,0.4060980,0.8267423,0.2381255,0.4720071,0.8164833,0.2616949,0.5722000,0.8280000,0.4287000,0.5929000,0.7292000,0.3241000,0.6715000,0.6663000,0.3377000,0.6473000,0.6070000,0.3607000,0.6857000,0.5558000,0.4654000,0.5689769,0.5936576,-0.2704606},
{0.1923598,0.8444831,0.1866656,0.3084223,0.7155511,0.0049906,0.5141729,0.7379891,0.1086610,0.4029925,0.8279319,0.2379907,0.4697902,0.8170908,0.2627023,0.5691000,0.8277000,0.4278000,0.5906000,0.7289000,0.3233000,0.6710000,0.6661000,0.3376000,0.6442000,0.6072000,0.3597000,0.6831000,0.5562000,0.4647000,0.5660996,0.5928033,-0.2727224},
{0.1873495,0.8439400,0.1853277,0.3048846,0.7144746,0.0023837,0.5114709,0.7354362,0.1078225,0.3999809,0.8290769,0.2378618,0.4676475,0.8176743,0.2636719,0.5661000,0.8275000,0.4270000,0.5883000,0.7285000,0.3224000,0.6705000,0.6659000,0.3374000,0.6442000,0.6072000,0.3597000,0.6805000,0.5565000,0.4641000,0.5625663,0.5917506,-0.2755066},
{0.1825670,0.8433847,0.1839886,0.3017839,0.7135220,0.0000827,0.5089147,0.7330075,0.1070222,0.3972406,0.8301113,0.2377459,0.4655826,0.8182334,0.2646026,0.5631000,0.8273000,0.4262000,0.5861000,0.7283000,0.3216000,0.6699000,0.6657000,0.3372000,0.6420000,0.6071000,0.3587000,0.6781000,0.5568000,0.4634000,0.5596809,0.5908878,-0.2777859},
{0.1778984,0.8428069,0.1826212,0.2985709,0.7125256,-0.0023177,0.5065388,0.7307381,0.1062722,0.3946008,0.8311011,0.2376357,0.4636648,0.8187497,0.2654638,0.5602000,0.8271000,0.4253000,0.5840000,0.7278000,0.3206000,0.6694000,0.6655000,0.3370000,0.6400000,0.6072000,0.3578000,0.6757000,0.5572000,0.4627000,0.5567946,0.5900219,-0.2800711},
{0.1734417,0.8422215,0.1812587,0.2951785,0.7114634,-0.0048700,0.5041791,0.7284727,0.1055215,0.3921159,0.8320269,0.2375332,0.4618610,0.8192327,0.2662710,0.5575000,0.8271000,0.4245000,0.5819000,0.7276000,0.3198000,0.6689000,0.6653000,0.3368000,0.6380000,0.6072000,0.3571000,0.6734000,0.5575000,0.4620000,0.5539014,0.5891513,-0.2823667},
{0.1692614,0.8416413,0.1799285,0.2923347,0.7105648,-0.0070240,0.5018494,0.7262247,0.1047744,0.3897262,0.8329117,0.2374358,0.4599559,0.8197402,0.2671205,0.5548000,0.8269000,0.4236000,0.5800000,0.7271000,0.3188000,0.6684000,0.6651000,0.3366000,0.6362000,0.6071000,0.3561000,0.6711000,0.5577000,0.4613000,0.5511774,0.5883290,-0.2845329},
{0.1652326,0.8410530,0.1785974,0.2892562,0.7095836,-0.0093704,0.4996250,0.7240678,0.1040557,0.3874026,0.8337669,0.2373420,0.4585849,0.8201036,0.2677300,0.5523000,0.8269000,0.4227000,0.5780000,0.7270000,0.3182000,0.6679000,0.6649000,0.3364000,0.6345000,0.6071000,0.3553000,0.6690000,0.5579000,0.4607000,0.5479860,0.5873624,-0.2870765},
{0.1615014,0.8404819,0.1773202,0.2864118,0.7086691,-0.0115522,0.4974856,0.7219834,0.1033593,0.3852212,0.8345652,0.2372550,0.4568645,0.8205578,0.2684926,0.5498000,0.8268000,0.4217000,0.5763000,0.7267000,0.3171000,0.6673000,0.6647000,0.3362000,0.6327000,0.6071000,0.3544000,0.6670000,0.5581000,0.4600000,0.5462152,0.5868246,-0.2884905},
{0.1580448,0.8399295,0.1760978,0.2837797,0.7078160,-0.0135832,0.4957797,0.7203143,0.1028004,0.3831451,0.8353208,0.2371730,0.4555293,0.8209087,0.2690827,0.5474000,0.8266000,0.4208000,0.5745000,0.7266000,0.3163000,0.6668000,0.6645000,0.3360000,0.6310000,0.6070000,0.3537000,0.6650000,0.5583000,0.4593000,0.5432867,0.5859329,-0.2908334},
{0.1547592,0.8393832,0.1749001,0.2812452,0.7069884,-0.0155497,0.4942153,0.7187782,0.1022851,0.3812270,0.8360153,0.2370980,0.4542249,0.8212502,0.2696578,0.5451000,0.8264000,0.4199000,0.5745000,0.7266000,0.3163000,0.6663000,0.6643000,0.3358000,0.6295000,0.6068000,0.3529000,0.6631000,0.5584000,0.4587000,0.5409135,0.5852082,-0.2927359},
{0.1517950,0.8388720,0.1737888,0.2789575,0.7062360,-0.0173340,0.4926671,0.7172528,0.1017724,0.3795681,0.8366132,0.2370336,0.4530635,0.8215532,0.2701686,0.5429000,0.8261000,0.4188000,0.5728000,0.7263000,0.3154000,0.6658000,0.6641000,0.3356000,0.6279000,0.6066000,0.3521000,0.6613000,0.5585000,0.4580000,0.5384160,0.5844434,-0.2947418},
{0.1487957,0.8383367,0.1726338,0.2767854,0.7055170,-0.0190364,0.4914459,0.7160459,0.1013661,0.3782400,0.8370900,0.2369825,0.4519178,0.8218511,0.2706714,0.5408000,0.8258000,0.4178000,0.5712000,0.7259000,0.3144000,0.6653000,0.6639000,0.3355000,0.6252000,0.6057000,0.3523000,0.6597000,0.5586000,0.4575000,0.5364583,0.5838425,-0.2963169},
{0.1459767,0.8378165,0.1715195,0.2747955,0.7048543,-0.0206030,0.4902685,0.7148792,0.1009728,0.3770341,0.8375215,0.2369364,0.4509461,0.8221030,0.2710971,0.5389000,0.8255000,0.4168000,0.5695000,0.7256000,0.3134000,0.6647000,0.6637000,0.3353000,0.6236000,0.6053000,0.3515000,0.6581000,0.5587000,0.4569000,0.5346320,0.5832807,-0.2977884},
{0.1433049,0.8373079,0.1704371,0.2727746,0.7041772,-0.0222011,0.4888743,0.7134937,0.1005050,0.3759804,0.8378975,0.2368963,0.4499913,0.8223498,0.2715146,0.5371000,0.8253000,0.4158000,0.5678000,0.7253000,0.3125000,0.6642000,0.6635000,0.3351000,0.6238000,0.6062000,0.3502000,0.6566000,0.5588000,0.4563000,0.5324614,0.5826115,-0.2995401},
{0.1407548,0.8368078,0.1693795,0.2706225,0.7034518,-0.0239106,0.4876149,0.7122385,0.1000806,0.3747975,0.8383183,0.2368516,0.4491838,0.8225580,0.2718670,0.5353000,0.8250000,0.4149000,0.5661000,0.7250000,0.3115000,0.6637000,0.6633000,0.3349000,0.6242000,0.6074000,0.3488000,0.6552000,0.5589000,0.4558000,0.5312109,0.5822252,-0.3005506},
{0.1383259,0.8363181,0.1683493,0.2690286,0.7029115,-0.0251820,0.4866087,0.7112331,0.0997402,0.3737300,0.8386969,0.2368115,0.4484400,0.8227493,0.2721912,0.5338000,0.8246000,0.4140000,0.5644000,0.7246000,0.3106000,0.6632000,0.6632000,0.3347000,0.6230000,0.6072000,0.3482000,0.6539000,0.5589000,0.4553000,0.5296041,0.5817281,-0.3018505},
{0.1360504,0.8358469,0.1673636,0.2678134,0.7024979,-0.0261543,0.4854712,0.7100938,0.0993540,0.3726203,0.8390893,0.2367700,0.4476147,0.8229612,0.2725504,0.5321000,0.8245000,0.4132000,0.5627000,0.7243000,0.3096000,0.6627000,0.6630000,0.3345000,0.6218000,0.6069000,0.3478000,0.6527000,0.5590000,0.4548000,0.5281786,0.5812864,-0.3030051},
{0.1345074,0.8355206,0.1666835,0.2672127,0.7022929,-0.0266358,0.4844759,0.7090944,0.0990148,0.3715348,0.8394722,0.2367296,0.4468244,0.8231636,0.2728938,0.5306000,0.8242000,0.4125000,0.5610000,0.7240000,0.3086000,0.6621000,0.6628000,0.3343000,0.6181000,0.6045000,0.3485000,0.6517000,0.5590000,0.4544000,0.5268528,0.5808749,-0.3040801},
{0.1332005,0.8352397,0.1661000,0.2665958,0.7020820,-0.0271311,0.4837791,0.7083935,0.0987766,0.3705920,0.8398037,0.2366947,0.4461238,0.8233426,0.2731978,0.5293000,0.8239000,0.4118000,0.5610000,0.7240000,0.3086000,0.6616000,0.6626000,0.3341000,0.6193000,0.6059000,0.3467000,0.6507000,0.5589000,0.4540000,0.5256398,0.5804979,-0.3050646},
{0.1321121,0.8350027,0.1656088,0.2660784,0.7019048,-0.0275470,0.4832697,0.7078804,0.0986022,0.3697506,0.8400989,0.2366638,0.4454845,0.8235056,0.2734748,0.5280000,0.8235000,0.4111000,0.5602000,0.7236000,0.3079000,0.6611000,0.6624000,0.3339000,0.6211000,0.6081000,0.3462000,0.6499000,0.5589000,0.4537000,0.5249996,0.5802987,-0.3055846},
{0.1311538,0.8347916,0.1651723,0.2656529,0.7017589,-0.0278893,0.4829684,0.7075767,0.0984989,0.3691637,0.8403045,0.2366422,0.4450192,0.8236241,0.2736763,0.5269000,0.8232000,0.4106000,0.5593000,0.7235000,0.3075000,0.6606000,0.6622000,0.3337000,0.6211000,0.6081000,0.3462000,0.6491000,0.5588000,0.4534000,0.5245799,0.5801680,-0.3059256},
{0.1304116,0.8346265,0.1648316,0.2651594,0.7015894,-0.0282868,0.4826834,0.7072892,0.0984010,0.3687173,0.8404606,0.2366259,0.4446008,0.8237305,0.2738573,0.5259000,0.8229000,0.4100000,0.5586000,0.7232000,0.3069000,0.6601000,0.6620000,0.3335000,0.6202000,0.6075000,0.3457000,0.6484000,0.5587000,0.4531000,0.5236653,0.5798831,-0.3066692},
{0.1298509,0.8345009,0.1645726,0.2650885,0.7015651,-0.0283439,0.4825017,0.7071058,0.0983386,0.3685160,0.8405309,0.2366186,0.4442061,0.8238307,0.2740279,0.5251000,0.8227000,0.4097000,0.5579000,0.7229000,0.3065000,0.6595000,0.6618000,0.3334000,0.6192000,0.6069000,0.3452000,0.6477000,0.5586000,0.4528000,0.5236653,0.5798831,-0.3066692}
};
