fitErrPi Mean = 0.45587
fitErrTh Mean = 0.190583
fitErrWr Mean = 0.328353
fitErrLA Mean = 0.461127
fitErrEl Mean = 0.354352
fitErrUA Mean = 0.300719
efPts = {
{0.5809142,0.7959081,0.1179124,0.4464761,0.8156074,0.2068294,0.7978287,0.8499624,0.0587599,0.8246074,0.9310660,0.1141082,0.8200780,0.9147388,0.2475302,0.7174000,0.8433000,0.4521000,0.7142000,0.7505000,0.3497000,0.7489000,0.6748000,0.3544000,0.7630000,0.6078000,0.3821000,0.8323000,0.5420000,0.4660000,0.6078649,0.7795425,-0.0175363},
{0.5793927,0.7949481,0.1166952,0.4432157,0.8143121,0.2051244,0.7969533,0.8488587,0.0581533,0.8231637,0.9293304,0.1133819,0.8185098,0.9134223,0.2459273,0.7135000,0.8431000,0.4512000,0.7106000,0.7501000,0.3485000,0.7463000,0.6748000,0.3534000,0.7630000,0.6078000,0.3821000,0.8285000,0.5425000,0.4653000,0.6058783,0.7785177,-0.0190664},
{0.5776225,0.7938288,0.1152750,0.4394434,0.8128024,0.2031291,0.7958796,0.8475031,0.0574078,0.8214643,0.9272827,0.1125238,0.8170200,0.9121688,0.2443992,0.7097000,0.8430000,0.4504000,0.7070000,0.7497000,0.3474000,0.7435000,0.6748000,0.3524000,0.7588000,0.6074000,0.3811000,0.8249000,0.5426000,0.4650000,0.6036888,0.7773862,-0.0207566},
{0.5755844,0.7925368,0.1136341,0.4355858,0.8112466,0.2010639,0.7946719,0.8459762,0.0565673,0.8197543,0.9252172,0.1116569,0.8155018,0.9108884,0.2428365,0.7058000,0.8428000,0.4496000,0.7033000,0.7493000,0.3463000,0.7406000,0.6747000,0.3515000,0.7545000,0.6071000,0.3802000,0.8212000,0.5425000,0.4647000,0.6014290,0.7762163,-0.0225053},
{0.5734402,0.7911738,0.1119014,0.4316001,0.8096263,0.1989036,0.7933271,0.8442730,0.0556290,0.8178518,0.9229130,0.1106884,0.8139057,0.9095392,0.2411878,0.7019000,0.8424000,0.4488000,0.6997000,0.7489000,0.3451000,0.7377000,0.6746000,0.3506000,0.7502000,0.6067000,0.3792000,0.8174000,0.5425000,0.4643000,0.5989719,0.7749418,-0.0244117},
{0.5710687,0.7896618,0.1099772,0.4274569,0.8079283,0.1966295,0.7918953,0.8424564,0.0546273,0.8157592,0.9203711,0.1096182,0.8123663,0.9082347,0.2395919,0.6980000,0.8420000,0.4482000,0.6961000,0.7485000,0.3440000,0.7347000,0.6743000,0.3497000,0.7460000,0.6064000,0.3783000,0.8136000,0.5425000,0.4640000,0.5965125,0.7736636,-0.0263249},
{0.5684484,0.7879857,0.1078416,0.4231101,0.8061317,0.1942124,0.7902507,0.8403655,0.0534731,0.8135469,0.9176753,0.1084811,0.8107270,0.9068423,0.2378862,0.6940000,0.8416000,0.4476000,0.6925000,0.7481000,0.3429000,0.7316000,0.6741000,0.3490000,0.7417000,0.6061000,0.3773000,0.8098000,0.5425000,0.4637000,0.5936555,0.7721754,-0.0285540},
{0.5657624,0.7862616,0.1056422,0.4186223,0.8042606,0.1916834,0.7883814,0.8379835,0.0521566,0.8111203,0.9147084,0.1072271,0.8090099,0.9053800,0.2360927,0.6900000,0.8412000,0.4472000,0.6889000,0.7477000,0.3417000,0.7284000,0.6738000,0.3482000,0.7374000,0.6057000,0.3764000,0.8059000,0.5424000,0.4634000,0.5907986,0.7706840,-0.0307899},
{0.5628687,0.7843973,0.1032608,0.4138631,0.8022583,0.1889642,0.7866066,0.8357164,0.0509021,0.8087187,0.9117614,0.1059791,0.8072692,0.9038937,0.2342673,0.6860000,0.8407000,0.4468000,0.6853000,0.7473000,0.3406000,0.7251000,0.6733000,0.3475000,0.7332000,0.6054000,0.3755000,0.8021000,0.5424000,0.4633000,0.5876845,0.7690542,-0.0332350},
{0.5600003,0.7825422,0.1008881,0.4089956,0.8001914,0.1861436,0.7846190,0.8331711,0.0494918,0.8060697,0.9084989,0.1045944,0.8054922,0.9023723,0.2323962,0.6818000,0.8401000,0.4463000,0.6853000,0.7473000,0.3406000,0.7218000,0.6729000,0.3467000,0.7332000,0.6054000,0.3755000,0.7981000,0.5423000,0.4631000,0.5843063,0.7672816,-0.0358968},
{0.5568477,0.7804953,0.0982664,0.4038732,0.7979952,0.1831318,0.7825542,0.8305199,0.0480208,0.8033442,0.9051288,0.1031608,0.8036030,0.9007503,0.2303986,0.6775000,0.8394000,0.4460000,0.6816000,0.7466000,0.3402000,0.7183000,0.6724000,0.3459000,0.7298000,0.6051000,0.3748000,0.7941000,0.5422000,0.4629000,0.5806221,0.7653429,-0.0388110},
{0.5536217,0.7783919,0.0955684,0.3986415,0.7957298,0.1800096,0.7805078,0.8278853,0.0465569,0.8005494,0.9016588,0.1016814,0.8017417,0.8991476,0.2284219,0.6730000,0.8386000,0.4457000,0.6779000,0.7457000,0.3392000,0.7148000,0.6717000,0.3452000,0.7266000,0.6050000,0.3741000,0.7902000,0.5421000,0.4628000,0.5768966,0.7633765,-0.0417697},
{0.5503652,0.7762595,0.0928293,0.3934145,0.7934440,0.1768438,0.7782651,0.8249895,0.0449456,0.7976882,0.8980916,0.1001568,0.7997628,0.8974386,0.2263111,0.6684000,0.8378000,0.4453000,0.6725000,0.7438000,0.3393000,0.7112000,0.6711000,0.3444000,0.7233000,0.6048000,0.3734000,0.7860000,0.5421000,0.4627000,0.5729652,0.7612950,-0.0449049},
{0.5469636,0.7740223,0.0899511,0.3879827,0.7910448,0.1735045,0.7760352,0.8221018,0.0433364,0.7946826,0.8943278,0.0985444,0.7977223,0.8956709,0.2241243,0.6638000,0.8369000,0.4451000,0.6703000,0.7440000,0.3378000,0.7077000,0.6706000,0.3437000,0.7197000,0.6044000,0.3727000,0.7819000,0.5420000,0.4626000,0.5688680,0.7591186,-0.0481866},
{0.5433576,0.7716397,0.0868811,0.3825886,0.7886379,0.1701382,0.7737689,0.8191582,0.0416934,0.7916194,0.8904746,0.0968895,0.7957140,0.8939256,0.2219619,0.6591000,0.8359000,0.4449000,0.6662000,0.7428000,0.3370000,0.7077000,0.6706000,0.3437000,0.7164000,0.6042000,0.3720000,0.7776000,0.5420000,0.4625000,0.5648930,0.7570002,-0.0513844},
{0.5397524,0.7692464,0.0837922,0.3771305,0.7861779,0.1666810,0.7713230,0.8159712,0.0399119,0.7886170,0.8866807,0.0952560,0.7936386,0.8921162,0.2197166,0.6542000,0.8349000,0.4448000,0.6625000,0.7420000,0.3365000,0.7065000,0.6703000,0.3434000,0.7128000,0.6039000,0.3713000,0.7733000,0.5420000,0.4624000,0.5608792,0.7548541,-0.0546274},
{0.5360192,0.7667560,0.0805728,0.3715876,0.7836541,0.1631172,0.7686519,0.8124789,0.0379563,0.7854067,0.8826051,0.0934967,0.7914988,0.8902445,0.2173903,0.6492000,0.8339000,0.4447000,0.6585000,0.7411000,0.3360000,0.7053000,0.6700000,0.3430000,0.7092000,0.6036000,0.3707000,0.7689000,0.5420000,0.4624000,0.5569513,0.7527471,-0.0578147},
{0.5321122,0.7641365,0.0771809,0.3660904,0.7811255,0.1595299,0.7658897,0.8088544,0.0359230,0.7821597,0.8784626,0.0917039,0.7895127,0.8885017,0.2152207,0.6441000,0.8329000,0.4447000,0.6543000,0.7402000,0.3354000,0.7042000,0.6696000,0.3427000,0.7055000,0.6034000,0.3701000,0.7644000,0.5421000,0.4624000,0.5527479,0.7504849,-0.0612406},
{0.5280715,0.7614130,0.0736482,0.3604443,0.7785017,0.1557903,0.7632169,0.8053343,0.0339447,0.7789399,0.8743349,0.0899127,0.7874629,0.8866972,0.2129708,0.6389000,0.8319000,0.4446000,0.6498000,0.7389000,0.3351000,0.7030000,0.6693000,0.3423000,0.7020000,0.6032000,0.3694000,0.7599000,0.5423000,0.4624000,0.5487932,0.7483493,-0.0644781},
{0.5241151,0.7587323,0.0701648,0.3548131,0.7758578,0.1520045,0.7602323,0.8013886,0.0317230,0.7757909,0.8702784,0.0881478,0.7853955,0.8848712,0.2106907,0.6336000,0.8309000,0.4446000,0.6453000,0.7375000,0.3347000,0.7019000,0.6690000,0.3420000,0.6980000,0.6029000,0.3688000,0.7553000,0.5423000,0.4624000,0.5444221,0.7459809,-0.0680726},
{0.5199267,0.7558790,0.0664506,0.3492131,0.7732015,0.1481838,0.7571842,0.7973425,0.0294403,0.7725772,0.8661183,0.0863332,0.7833171,0.8830295,0.2083872,0.6281000,0.8301000,0.4447000,0.6405000,0.7361000,0.3343000,0.7007000,0.6687000,0.3417000,0.6942000,0.6026000,0.3681000,0.7507000,0.5424000,0.4624000,0.5400483,0.7436025,-0.0716865},
{0.5158107,0.7530594,0.0627738,0.3434884,0.7704578,0.1442196,0.7543590,0.7935773,0.0273119,0.7693390,0.8619058,0.0844910,0.7813435,0.8812749,0.2061894,0.6227000,0.8289000,0.4445000,0.6358000,0.7346000,0.3338000,0.6995000,0.6683000,0.3413000,0.6902000,0.6023000,0.3674000,0.7461000,0.5426000,0.4623000,0.5357282,0.7412449,-0.0752729},
{0.5116565,0.7501980,0.0590358,0.3377992,0.7677027,0.1402213,0.7515260,0.7897872,0.0251654,0.7661420,0.8577261,0.0826584,0.7791806,0.8793457,0.2037690,0.6171000,0.8277000,0.4442000,0.6310000,0.7333000,0.3332000,0.6984000,0.6680000,0.3410000,0.6862000,0.6019000,0.3666000,0.7413000,0.5427000,0.4622000,0.5313493,0.7388467,-0.0789253},
{0.5074929,0.7473141,0.0552617,0.3320305,0.7648798,0.1361064,0.7486071,0.7858667,0.0229409,0.7630066,0.8536068,0.0808476,0.7770521,0.8774405,0.2013749,0.6113000,0.8265000,0.4439000,0.6261000,0.7320000,0.3325000,0.6972000,0.6677000,0.3406000,0.6821000,0.6014000,0.3658000,0.7365000,0.5427000,0.4622000,0.5270261,0.7364705,-0.0825483},
{0.5034857,0.7445234,0.0516031,0.3263950,0.7620934,0.1320272,0.7456206,0.7818393,0.0206512,0.7596775,0.8492110,0.0789103,0.7749467,0.8755497,0.1989949,0.6053000,0.8253000,0.4434000,0.6213000,0.7306000,0.3320000,0.6960000,0.6673000,0.3403000,0.6780000,0.6010000,0.3650000,0.7316000,0.5427000,0.4621000,0.5223849,0.7339099,-0.0864570},
{0.4992841,0.7415810,0.0477390,0.3207125,0.7592546,0.1278536,0.7427778,0.7779904,0.0184589,0.7564309,0.8449021,0.0770063,0.7728387,0.8736499,0.1965999,0.5993000,0.8241000,0.4429000,0.6163000,0.7291000,0.3314000,0.6949000,0.6670000,0.3400000,0.6738000,0.6005000,0.3642000,0.7267000,0.5429000,0.4618000,0.5179021,0.7314274,-0.0902510},
{0.4952780,0.7387600,0.0440279,0.3151305,0.7564371,0.1236942,0.7397891,0.7739275,0.0161403,0.7530507,0.8403924,0.0750082,0.7707312,0.8717440,0.1941934,0.5948000,0.8219000,0.4417000,0.6113000,0.7277000,0.3308000,0.6937000,0.6667000,0.3396000,0.6696000,0.6000000,0.3633000,0.7217000,0.5430000,0.4615000,0.5135013,0.7289813,-0.0939937},
{0.4911501,0.7358372,0.0401762,0.3095655,0.7535994,0.1194878,0.7365715,0.7695347,0.0136283,0.7497596,0.8359782,0.0730474,0.7684328,0.8696580,0.1915549,0.5889000,0.8206000,0.4410000,0.6062000,0.7261000,0.3300000,0.6926000,0.6664000,0.3393000,0.6653000,0.5995000,0.3623000,0.7166000,0.5430000,0.4612000,0.5090422,0.7264936,-0.0978045},
{0.4869881,0.7328736,0.0362640,0.3040585,0.7507626,0.1152660,0.7335568,0.7654010,0.0112597,0.7463735,0.8314123,0.0710136,0.7665180,0.8679140,0.1893455,0.5830000,0.8193000,0.4402000,0.6014000,0.7251000,0.3292000,0.6914000,0.6660000,0.3389000,0.6608000,0.5989000,0.3613000,0.7115000,0.5431000,0.4608000,0.5046146,0.7240144,-0.1016068},
{0.4827543,0.7298415,0.0322544,0.2987933,0.7480231,0.1111733,0.7306077,0.7613404,0.0089284,0.7430502,0.8269070,0.0690016,0.7643991,0.8659777,0.1868887,0.5772000,0.8180000,0.4393000,0.5960000,0.7231000,0.3285000,0.6902000,0.6657000,0.3386000,0.6563000,0.5983000,0.3604000,0.7064000,0.5431000,0.4603000,0.5002401,0.7215557,-0.1053817},
{0.4786763,0.7269044,0.0283636,0.2937858,0.7453928,0.1072294,0.7271139,0.7565079,0.0061482,0.7397295,0.8223808,0.0669748,0.7622916,0.8640449,0.1844325,0.5714000,0.8167000,0.4383000,0.5910000,0.7216000,0.3274000,0.6891000,0.6654000,0.3383000,0.6520000,0.5977000,0.3592000,0.7012000,0.5431000,0.4598000,0.4959961,0.7191618,-0.1090615},
{0.4747496,0.7240605,0.0245900,0.2887628,0.7427296,0.1032219,0.7240342,0.7522286,0.0036810,0.7364641,0.8179062,0.0649659,0.7601892,0.8621099,0.1819696,0.5657000,0.8153000,0.4372000,0.5860000,0.7208000,0.3264000,0.6879000,0.6651000,0.3379000,0.6476000,0.5971000,0.3580000,0.6960000,0.5431000,0.4591000,0.4919174,0.7168529,-0.1126142},
{0.4706761,0.7210940,0.0206473,0.2839637,0.7401615,0.0993444,0.7211288,0.7481742,0.0013390,0.7331899,0.8133952,0.0629354,0.7581991,0.8602720,0.1796265,0.5601000,0.8139000,0.4363000,0.5810000,0.7190000,0.3252000,0.6868000,0.6647000,0.3376000,0.6430000,0.5963000,0.3568000,0.6908000,0.5431000,0.4582000,0.4876250,0.7144145,-0.1163704},
{0.4667767,0.7182384,0.0168456,0.2793267,0.7376579,0.0955518,0.7179170,0.7436726,-0.0012666,0.7302502,0.8093242,0.0610984,0.7560857,0.8583133,0.1771255,0.5544000,0.8124000,0.4350000,0.5764000,0.7183000,0.3241000,0.6856000,0.6644000,0.3372000,0.6384000,0.5955000,0.3555000,0.6857000,0.5431000,0.4573000,0.4839546,0.7123223,-0.1195965},
{0.4632172,0.7156182,0.0133519,0.2748275,0.7352076,0.0918282,0.7149854,0.7395456,-0.0036599,0.7269735,0.8047630,0.0590351,0.7539376,0.8563153,0.1745702,0.5488000,0.8110000,0.4339000,0.5723000,0.7188000,0.3240000,0.6844000,0.6641000,0.3369000,0.6341000,0.5949000,0.3541000,0.6805000,0.5430000,0.4564000,0.4797772,0.7099331,-0.1232844},
{0.4594777,0.7128512,0.0096570,0.2703735,0.7327610,0.0880988,0.7121995,0.7356077,-0.0059479,0.7241937,0.8008737,0.0572716,0.7519570,0.8544664,0.1722019,0.5433000,0.8095000,0.4325000,0.5679000,0.7181000,0.3222000,0.6833000,0.6637000,0.3365000,0.6298000,0.5942000,0.3526000,0.6754000,0.5429000,0.4553000,0.4762531,0.7079109,-0.1264089},
{0.4558811,0.7101761,0.0060793,0.2658141,0.7302346,0.0842358,0.7093296,0.7315343,-0.0083190,0.7210657,0.7964752,0.0552725,0.7499677,0.8526030,0.1698113,0.5380000,0.8081000,0.4313000,0.5632000,0.7169000,0.3199000,0.6821000,0.6634000,0.3362000,0.6255000,0.5934000,0.3512000,0.6704000,0.5427000,0.4542000,0.4725787,0.7057959,-0.1296799},
{0.4520587,0.7073181,0.0022511,0.2614608,0.7278014,0.0805040,0.7064120,0.7273758,-0.0107440,0.7182273,0.7924635,0.0534448,0.7479425,0.8506993,0.1673653,0.5327000,0.8069000,0.4301000,0.5632000,0.7169000,0.3199000,0.6810000,0.6631000,0.3359000,0.6212000,0.5928000,0.3496000,0.6653000,0.5425000,0.4531000,0.4687203,0.7035678,-0.1331292},
{0.4483347,0.7045185,-0.0015047,0.2572552,0.7254308,0.0768577,0.7035687,0.7233060,-0.0131218,0.7154273,0.7884870,0.0516291,0.7459947,0.8488619,0.1650009,0.5327000,0.8069000,0.4301000,0.5552000,0.7119000,0.3161000,0.6798000,0.6628000,0.3355000,0.6170000,0.5921000,0.3481000,0.6603000,0.5424000,0.4518000,0.4652430,0.7015533,-0.1362507},
{0.4448690,0.7018996,-0.0050232,0.2530492,0.7230403,0.0731702,0.7003222,0.7186382,-0.0158542,0.7126301,0.7844950,0.0498022,0.7441449,0.8471111,0.1627446,0.5324000,0.8067000,0.4299000,0.5517000,0.7117000,0.3141000,0.6786000,0.6624000,0.3352000,0.6130000,0.5916000,0.3463000,0.6553000,0.5423000,0.4506000,0.4617723,0.6995365,-0.1393785},
{0.4410708,0.6990142,-0.0089055,0.2490953,0.7207746,0.0696655,0.6976469,0.7147748,-0.0181202,0.7098748,0.7805435,0.0479899,0.7423514,0.8454081,0.1605468,0.5321000,0.8065000,0.4297000,0.5477000,0.7113000,0.3120000,0.6775000,0.6621000,0.3348000,0.6089000,0.5909000,0.3448000,0.6503000,0.5421000,0.4493000,0.4578789,0.6972668,-0.1429020},
{0.4374448,0.6962446,-0.0126378,0.2452293,0.7185417,0.0662025,0.6947289,0.7105432,-0.0206064,0.7075517,0.7771970,0.0464519,0.7405371,0.8436797,0.1583132,0.5318000,0.8063000,0.4294000,0.5438000,0.7106000,0.3098000,0.6763000,0.6618000,0.3345000,0.6049000,0.5905000,0.3430000,0.6456000,0.5420000,0.4479000,0.4546319,0.6953680,-0.1458524},
{0.4340722,0.6936554,-0.0161320,0.2412187,0.7162067,0.0625714,0.6921707,0.7068183,-0.0227989,0.7048081,0.7732269,0.0446236,0.7387652,0.8419863,0.1561217,0.5315000,0.8061000,0.4292000,0.5403000,0.7092000,0.3085000,0.6751000,0.6614000,0.3342000,0.6010000,0.5900000,0.3414000,0.6410000,0.5420000,0.4466000,0.4512200,0.6933668,-0.1489645},
{0.4304244,0.6908402,-0.0199367,0.2374357,0.7139864,0.0591095,0.6894753,0.7028779,-0.0251221,0.7025036,0.7698769,0.0430778,0.7372175,0.8405026,0.1541992,0.5313000,0.8060000,0.4290000,0.5403000,0.7092000,0.3085000,0.6740000,0.6611000,0.3338000,0.5974000,0.5896000,0.3397000,0.6366000,0.5420000,0.4452000,0.4477332,0.6913155,-0.1521576},
{0.4270487,0.6882214,-0.0234812,0.2336596,0.7117526,0.0556177,0.6867030,0.6988082,-0.0275258,0.6999882,0.7662044,0.0413799,0.7353762,0.8387320,0.1519018,0.5310000,0.8058000,0.4288000,0.5397000,0.7089000,0.3082000,0.6728000,0.6608000,0.3335000,0.5941000,0.5894000,0.3380000,0.6323000,0.5419000,0.4438000,0.4443840,0.6893391,-0.1552367},
{0.4239521,0.6858073,-0.0267529,0.2299439,0.7095371,0.0521458,0.6845023,0.6955654,-0.0294442,0.6976438,0.7627664,0.0397872,0.7336760,0.8370918,0.1497707,0.5307000,0.8056000,0.4286000,0.5392000,0.7086000,0.3079000,0.6717000,0.6605000,0.3331000,0.5903000,0.5881000,0.3366000,0.6283000,0.5418000,0.4424000,0.4410305,0.6873541,-0.1583318},
{0.4209931,0.6834899,-0.0298976,0.2264583,0.7074429,0.0488559,0.6820510,0.6919403,-0.0315919,0.6954579,0.7595474,0.0382933,0.7321615,0.8356262,0.1478641,0.5304000,0.8054000,0.4284000,0.5387000,0.7082000,0.3076000,0.6705000,0.6601000,0.3328000,0.5877000,0.5884000,0.3347000,0.6244000,0.5417000,0.4411000,0.4376308,0.6853357,-0.1614818},
{0.4184683,0.6815043,-0.0325950,0.2230923,0.7054055,0.0456478,0.6799741,0.6888581,-0.0334207,0.6930074,0.7559231,0.0366082,0.7306016,0.8341125,0.1458926,0.5301000,0.8052000,0.4282000,0.5382000,0.7079000,0.3073000,0.6693000,0.6598000,0.3324000,0.5845000,0.5877000,0.3331000,0.6208000,0.5416000,0.4397000,0.4340654,0.6832122,-0.1647988},
{0.4157771,0.6793792,-0.0354850,0.2199651,0.7034993,0.0426395,0.6779016,0.6857726,-0.0352539,0.6909122,0.7528111,0.0351586,0.7291084,0.8326593,0.1439975,0.5299000,0.8050000,0.4279000,0.5377000,0.7076000,0.3070000,0.6682000,0.6595000,0.3321000,0.5815000,0.5870000,0.3317000,0.6172000,0.5415000,0.4384000,0.4308065,0.6812653,-0.1678428},
{0.4133308,0.6774400,-0.0381251,0.2171373,0.7017642,0.0398959,0.6759686,0.6828856,-0.0369713,0.6890289,0.7500034,0.0338486,0.7276140,0.8312009,0.1420934,0.5296000,0.8048000,0.4277000,0.5372000,0.7072000,0.3067000,0.6670000,0.6592000,0.3318000,0.5788000,0.5864000,0.3302000,0.6139000,0.5414000,0.4371000,0.4278339,0.6794843,-0.1706296},
{0.4108097,0.6754336,-0.0408594,0.2145670,0.7001776,0.0373824,0.6745146,0.6807084,-0.0382680,0.6873610,0.7475085,0.0326828,0.7259842,0.8296055,0.1400079,0.5293000,0.8047000,0.4275000,0.5367000,0.7069000,0.3064000,0.6659000,0.6588000,0.3314000,0.5764000,0.5862000,0.3286000,0.6107000,0.5413000,0.4359000,0.4251250,0.6778570,-0.1731777},
{0.4086145,0.6736801,-0.0432514,0.2120037,0.6985862,0.0348568,0.6723528,0.6774620,-0.0402036,0.6852969,0.7444096,0.0312327,0.7245297,0.8281776,0.1381391,0.5290000,0.8045000,0.4273000,0.5362000,0.7066000,0.3061000,0.6647000,0.6585000,0.3311000,0.5741000,0.5858000,0.3271000,0.6077000,0.5412000,0.4345000,0.4224557,0.6762496,-0.1756966},
{0.4066136,0.6720766,-0.0454408,0.2096135,0.6970939,0.0324845,0.6707889,0.6751064,-0.0416098,0.6833757,0.7415144,0.0298757,0.7228354,0.8265091,0.1359527,0.5287000,0.8043000,0.4271000,0.5357000,0.7062000,0.3058000,0.6635000,0.6582000,0.3307000,0.5723000,0.5859000,0.3255000,0.6048000,0.5410000,0.4333000,0.4198618,0.6746837,-0.1781520},
{0.4044999,0.6703772,-0.0477631,0.2072887,0.6956346,0.0301609,0.6691648,0.6726540,-0.0430753,0.6818258,0.7391707,0.0287755,0.7214961,0.8251863,0.1342173,0.5285000,0.8041000,0.4269000,0.5352000,0.7059000,0.3054000,0.6624000,0.6578000,0.3304000,0.5703000,0.5855000,0.3241000,0.6022000,0.5409000,0.4321000,0.4173982,0.6731930,-0.1804910},
{0.4023848,0.6686709,-0.0500969,0.2051897,0.6943102,0.0280490,0.6673360,0.6698848,-0.0447320,0.6799722,0.7363583,0.0274536,0.7200335,0.8237378,0.1323147,0.5282000,0.8039000,0.4267000,0.5347000,0.7056000,0.3051000,0.6612000,0.6575000,0.3301000,0.5684000,0.5852000,0.3227000,0.5997000,0.5407000,0.4310000,0.4148136,0.6716254,-0.1829524},
{0.4006083,0.6672333,-0.0520647,0.2031104,0.6929919,0.0259437,0.6658306,0.6675994,-0.0461007,0.6785460,0.7341876,0.0264319,0.7187554,0.8224686,0.1306458,0.5279000,0.8037000,0.4265000,0.5342000,0.7053000,0.3048000,0.6601000,0.6572000,0.3297000,0.5660000,0.5840000,0.3218000,0.5974000,0.5405000,0.4299000,0.4128633,0.6704399,-0.1848149},
{0.3986676,0.6656581,-0.0542226,0.2010802,0.6916985,0.0238752,0.6642601,0.6652089,-0.0475338,0.6769172,0.7317009,0.0252600,0.7174571,0.8211760,0.1289444,0.5276000,0.8035000,0.4262000,0.5337000,0.7049000,0.3045000,0.6589000,0.6569000,0.3294000,0.5649000,0.5843000,0.3203000,0.5952000,0.5404000,0.4288000,0.4108134,0.6691916,-0.1867771},
{0.3966728,0.6640338,-0.0564497,0.1991597,0.6904692,0.0219065,0.6627166,0.6628538,-0.0489471,0.6755962,0.7296781,0.0243055,0.7161544,0.8198757,0.1272311,0.5273000,0.8033000,0.4260000,0.5332000,0.7046000,0.3042000,0.6577000,0.6565000,0.3290000,0.5631000,0.5836000,0.3193000,0.5932000,0.5402000,0.4278000,0.4088561,0.6679974,-0.1886553},
{0.3948809,0.6625702,-0.0584579,0.1970553,0.6891157,0.0197359,0.6617551,0.6613837,-0.0498300,0.6742100,0.7275497,0.0233001,0.7150872,0.8188079,0.1258227,0.5271000,0.8032000,0.4258000,0.5326000,0.7043000,0.3039000,0.6566000,0.6562000,0.3287000,0.5617000,0.5832000,0.3181000,0.5913000,0.5399000,0.4269000,0.4069208,0.6668144,-0.1905168},
{0.3928991,0.6609465,-0.0606876,0.1950584,0.6878250,0.0176629,0.6602845,0.6591307,-0.0511842,0.6729215,0.7255660,0.0223620,0.7140025,0.8177203,0.1243871,0.5268000,0.8030000,0.4256000,0.5321000,0.7039000,0.3036000,0.6554000,0.6559000,0.3283000,0.5603000,0.5828000,0.3170000,0.5894000,0.5397000,0.4260000,0.4048874,0.6655691,-0.1924774},
{0.3912175,0.6595647,-0.0625867,0.1931214,0.6865669,0.0156397,0.6587269,0.6567385,-0.0526236,0.6717948,0.7238271,0.0215388,0.7131031,0.8168166,0.1231932,0.5265000,0.8028000,0.4254000,0.5316000,0.7036000,0.3033000,0.6542000,0.6556000,0.3280000,0.5591000,0.5824000,0.3160000,0.5877000,0.5394000,0.4251000,0.4032981,0.6645941,-0.1940132},
{0.3895963,0.6582288,-0.0644239,0.1913358,0.6854019,0.0137636,0.6574527,0.6547768,-0.0538049,0.6707016,0.7221360,0.0207376,0.7121340,0.8158410,0.1219034,0.5262000,0.8026000,0.4252000,0.5311000,0.7033000,0.3030000,0.6531000,0.6552000,0.3277000,0.5581000,0.5823000,0.3149000,0.5862000,0.5392000,0.4242000,0.4012796,0.6633536,-0.1959680},
{0.3880679,0.6569660,-0.0661617,0.1894417,0.6841604,0.0117619,0.6563420,0.6530636,-0.0548375,0.6697928,0.7207273,0.0200696,0.7113514,0.8150518,0.1208592,0.5259000,0.8024000,0.4250000,0.5306000,0.7029000,0.3026000,0.6519000,0.6549000,0.3273000,0.5569000,0.5818000,0.3140000,0.5847000,0.5389000,0.4234000,0.3994228,0.6622104,-0.1977705},
{0.3863808,0.6555684,-0.0680863,0.1877453,0.6830434,0.0099586,0.6552416,0.6513632,-0.0558630,0.6687438,0.7190980,0.0192963,0.7104389,0.8141299,0.1196388,0.5257000,0.8022000,0.4248000,0.5301000,0.7026000,0.3023000,0.6508000,0.6546000,0.3270000,0.5559000,0.5814000,0.3131000,0.5834000,0.5387000,0.4226000,0.3973769,0.6609483,-0.1997614},
{0.3849699,0.6543965,-0.0697012,0.1859854,0.6818797,0.0080774,0.6541833,0.6497248,-0.0568519,0.6680273,0.7179832,0.0187668,0.7097300,0.8134126,0.1186884,0.5254000,0.8020000,0.4245000,0.5296000,0.7023000,0.3020000,0.6496000,0.6542000,0.3266000,0.5549000,0.5810000,0.3124000,0.5822000,0.5384000,0.4218000,0.3956338,0.6598711,-0.2014616},
{0.3832263,0.6529445,-0.0717036,0.1842251,0.6807103,0.0061849,0.6528757,0.6476965,-0.0580770,0.6669954,0.7163746,0.0180022,0.7088363,0.8125067,0.1174875,0.5251000,0.8019000,0.4243000,0.5291000,0.7019000,0.3017000,0.6484000,0.6539000,0.3263000,0.5542000,0.5807000,0.3115000,0.5811000,0.5382000,0.4212000,0.3941551,0.6589558,-0.2029069},
{0.3818624,0.6518056,-0.0732750,0.1823444,0.6794551,0.0041508,0.6521248,0.6465296,-0.0587823,0.6661332,0.7150279,0.0173616,0.7081657,0.8118259,0.1165843,0.5248000,0.8017000,0.4241000,0.5286000,0.7016000,0.3014000,0.6473000,0.6536000,0.3260000,0.5534000,0.5803000,0.3108000,0.5800000,0.5379000,0.4205000,0.3923831,0.6578572,-0.2046422},
{0.3804801,0.6506488,-0.0748723,0.1803699,0.6781307,0.0020015,0.6509731,0.6447372,-0.0598664,0.6655090,0.7140514,0.0168968,0.7074070,0.8110545,0.1155605,0.5245000,0.8015000,0.4239000,0.5281000,0.7013000,0.3011000,0.6461000,0.6533000,0.3256000,0.5528000,0.5800000,0.3101000,0.5791000,0.5376000,0.4199000,0.3906396,0.6567745,-0.2063534},
{0.3789967,0.6494041,-0.0765917,0.1783899,0.6767957,-0.0001681,0.6500990,0.6433745,-0.0606912,0.6647610,0.7128796,0.0163387,0.7069409,0.8105799,0.1149302,0.5243000,0.8013000,0.4237000,0.5276000,0.7009000,0.3008000,0.6450000,0.6529000,0.3253000,0.5522000,0.5797000,0.3095000,0.5783000,0.5375000,0.4193000,0.3890884,0.6558095,-0.2078791},
{0.3776199,0.6482462,-0.0781925,0.1763026,0.6753807,-0.0024710,0.6491732,0.6419289,-0.0615665,0.6641010,0.7118440,0.0158452,0.7062915,0.8099180,0.1140509,0.5240000,0.8011000,0.4235000,0.5271000,0.7006000,0.3005000,0.6438000,0.6526000,0.3249000,0.5518000,0.5793000,0.3089000,0.5776000,0.5372000,0.4189000,0.3874781,0.6548062,-0.2094661},
{0.3762775,0.6471144,-0.0797579,0.1749366,0.6744503,-0.0039871,0.6486765,0.6411524,-0.0620370,0.6634561,0.7108307,0.0153621,0.7055757,0.8091874,0.1130796,0.5237000,0.8009000,0.4233000,0.5266000,0.7003000,0.3002000,0.6426000,0.6523000,0.3246000,0.5513000,0.5790000,0.3085000,0.5770000,0.5370000,0.4185000,0.3862265,0.6540254,-0.2107017},
{0.3754540,0.6464188,-0.0807205,0.1743344,0.6740391,-0.0046577,0.6478511,0.6398606,-0.0628200,0.6628347,0.7098531,0.0148957,0.7050337,0.8086334,0.1123428,0.5234000,0.8007000,0.4231000,0.5261000,0.6999000,0.2998000,0.6415000,0.6519000,0.3242000,0.5509000,0.5787000,0.3080000,0.5765000,0.5369000,0.4180000,0.3850147,0.6532684,-0.2119000},
{0.3746313,0.6457230,-0.0816838,0.1737994,0.6736732,-0.0052546,0.6473062,0.6390068,-0.0633377,0.6624181,0.7091969,0.0145825,0.7046927,0.8082845,0.1118785,0.5231000,0.8005000,0.4228000,0.5256000,0.6996000,0.2995000,0.6403000,0.6516000,0.3239000,0.5506000,0.5784000,0.3075000,0.5761000,0.5366000,0.4177000,0.3841564,0.6527317,-0.2127497},
{0.3738675,0.6450760,-0.0825797,0.1735424,0.6734972,-0.0055418,0.6466809,0.6380261,-0.0639327,0.6619834,0.7085116,0.0142553,0.7041869,0.8077666,0.1111893,0.5229000,0.8004000,0.4226000,0.5250000,0.6993000,0.2992000,0.6392000,0.6513000,0.3236000,0.5503000,0.5781000,0.3072000,0.5758000,0.5364000,0.4174000,0.3841463,0.6527253,-0.2127598},
{0.3738675,0.6450760,-0.0825797,0.1733901,0.6733929,-0.0057120,0.6466809,0.6380261,-0.0639327,0.6618257,0.7082628,0.0141365,0.7037775,0.8073469,0.1106304,0.5226000,0.8002000,0.4224000,0.5245000,0.6989000,0.2989000,0.6380000,0.6510000,0.3232000,0.5502000,0.5778000,0.3070000,0.5755000,0.5362000,0.4171000,0.3837168,0.6524566,-0.2131853},
{0.3737249,0.6449551,-0.0827471,0.1731241,0.6732105,-0.0060098,0.6461500,0.6371925,-0.0644385,0.6613228,0.7074690,0.0137573,0.7035414,0.8071047,0.1103079,0.5223000,0.8000000,0.4222000,0.5240000,0.6986000,0.2986000,0.6368000,0.6506000,0.3229000,0.5501000,0.5774000,0.3066000,0.5754000,0.5359000,0.4169000,0.3837168,0.6524566,-0.2131853},
{0.3734228,0.6446989,-0.0831020,0.1731241,0.6732105,-0.0060098,0.6461500,0.6371925,-0.0644385,0.6610762,0.7070794,0.0135711,0.7030636,0.8066143,0.1096545,0.5220000,0.7998000,0.4220000,0.5235000,0.6983000,0.2983000,0.6357000,0.6503000,0.3225000,0.5501000,0.5772000,0.3064000,0.5752000,0.5357000,0.4166000,0.3832731,0.6521788,-0.2136253},
{0.3731567,0.6444731,-0.0834149,0.1729332,0.6730796,-0.0062235,0.6461500,0.6371925,-0.0644385,0.6610762,0.7070794,0.0135711,0.7028433,0.8063879,0.1093529,0.5217000,0.7996000,0.4218000,0.5230000,0.6979000,0.2980000,0.6345000,0.6500000,0.3222000,0.5501000,0.5769000,0.3062000,0.5751000,0.5354000,0.4164000,0.3832731,0.6521788,-0.2136253},
{0.3731567,0.6444731,-0.0834149,0.1726737,0.6729015,-0.0065143,0.6459785,0.6369231,-0.0646020,0.6609756,0.7069204,0.0134952,0.7028433,0.8063879,0.1093529,0.5215000,0.7994000,0.4216000,0.5225000,0.6976000,0.2977000,0.6333000,0.6497000,0.3219000,0.5501000,0.5767000,0.3061000,0.5752000,0.5352000,0.4163000,0.3829540,0.6519790,-0.2139418},
{0.3730087,0.6443475,-0.0835889,0.1726737,0.6729015,-0.0065143,0.6458045,0.6366497,-0.0647681,0.6608532,0.7067268,0.0134026,0.7027479,0.8062900,0.1092223,0.5212000,0.7992000,0.4214000,0.5220000,0.6973000,0.2974000,0.6322000,0.6493000,0.3215000,0.5501000,0.5764000,0.3059000,0.5753000,0.5350000,0.4162000,0.3829540,0.6519790,-0.2139418},
{0.3730087,0.6443475,-0.0835889,0.1726737,0.6729015,-0.0065143,0.6458045,0.6366497,-0.0647681,0.6608532,0.7067268,0.0134026,0.7027487,0.8062908,0.1092234,0.5209000,0.7991000,0.4211000,0.5215000,0.6969000,0.2970000,0.6310000,0.6490000,0.3212000,0.5502000,0.5761000,0.3059000,0.5754000,0.5347000,0.4161000,0.3831061,0.6520743,-0.2137909},
{0.3730087,0.6443475,-0.0835889,0.1726737,0.6729015,-0.0065143,0.6457936,0.6366325,-0.0647785,0.6608436,0.7067117,0.0133954,0.7027487,0.8062908,0.1092234,0.5206000,0.7989000,0.4209000,0.5210000,0.6966000,0.2967000,0.6299000,0.6487000,0.3208000,0.5504000,0.5758000,0.3059000,0.5756000,0.5345000,0.4160000,0.3831061,0.6520743,-0.2137909},
{0.3733736,0.6446572,-0.0831599,0.1727442,0.6729499,-0.0064353,0.6458178,0.6366706,-0.0647553,0.6606710,0.7064387,0.0132649,0.7027931,0.8063364,0.1092842,0.5203000,0.7987000,0.4207000,0.5205000,0.6963000,0.2964000,0.6287000,0.6483000,0.3205000,0.5505000,0.5757000,0.3058000,0.5758000,0.5342000,0.4159000,0.3831061,0.6520743,-0.2137909},
{0.3736171,0.6448637,-0.0828738,0.1728604,0.6730296,-0.0063051,0.6458824,0.6367721,-0.0646937,0.6608048,0.7066504,0.0133661,0.7028195,0.8063635,0.1093203,0.5201000,0.7985000,0.4205000,0.5200000,0.6959000,0.2961000,0.6275000,0.6480000,0.3201000,0.5507000,0.5755000,0.3059000,0.5762000,0.5339000,0.4159000,0.3832994,0.6521953,-0.2135992},
{0.3737902,0.6450105,-0.0826705,0.1730635,0.6731690,-0.0060775,0.6460432,0.6370248,-0.0645403,0.6608048,0.7066504,0.0133661,0.7030621,0.8066127,0.1096525,0.5198000,0.7983000,0.4203000,0.5195000,0.6956000,0.2958000,0.6264000,0.6477000,0.3198000,0.5510000,0.5752000,0.3060000,0.5765000,0.5337000,0.4160000,0.3835482,0.6523511,-0.2133525},
{0.3740998,0.6452729,-0.0823070,0.1731570,0.6732331,-0.0059729,0.6461431,0.6371817,-0.0644451,0.6609716,0.7069141,0.0134921,0.7033111,0.8068684,0.1099931,0.5195000,0.7981000,0.4201000,0.5190000,0.6953000,0.2955000,0.6252000,0.6474000,0.3195000,0.5513000,0.5750000,0.3063000,0.5769000,0.5334000,0.4161000,0.3838278,0.6525261,-0.2130754}
};
