fitErrPi Mean = 0.318282
fitErrTh Mean = 0.0698081
fitErrWr Mean = 0.28239
fitErrLA Mean = 0.00665681
fitErrEl Mean = 0.0109439
fitErrUA Mean = 0.0331819
efPts = {
{0.8606299,0.2948701,0.2325167,0.7675907,0.2772134,0.3555637,0.6663230,0.4613742,0.3117127,0.6100195,0.5909800,0.3231718,0.9224383,0.8500702,0.4910737,0.7677000,0.6791000,0.5447000,0.7304000,0.6072000,0.3884000,0.7379000,0.6001000,0.2724000,0.7957000,0.5222000,0.3667000,0.9498000,0.3905000,0.4194000,0.3182822,-0.0000000,-0.0000000},
{0.8606694,0.2954800,0.2319499,0.7669817,0.2780626,0.3554733,0.6661336,0.4617171,0.3116007,0.6099403,0.5912041,0.3229905,0.6459953,0.6518539,0.4095997,0.7680000,0.6795000,0.5447000,0.7309000,0.6069000,0.3884000,0.7384000,0.5999000,0.2724000,0.7960000,0.5221000,0.3667000,0.9496000,0.3907000,0.4196000,0.3182822,-0.0000000,-0.0000000},
{0.8607177,0.2962212,0.2312606,0.7662178,0.2791315,0.3553557,0.6658684,0.4621984,0.3114436,0.6098340,0.5915061,0.3227466,0.6459834,0.6525896,0.4092754,0.7683000,0.6800000,0.5446000,0.7315000,0.6065000,0.3884000,0.7388000,0.5998000,0.2724000,0.7964000,0.5220000,0.3666000,0.9493000,0.3909000,0.4197000,0.3182822,-0.0000000,-0.0000000},
{0.8607753,0.2970974,0.2304452,0.7653109,0.2804060,0.3552100,0.6654803,0.4629056,0.3112132,0.6096685,0.5919799,0.3223651,0.6459765,0.6531628,0.4090242,0.7685000,0.6805000,0.5445000,0.7320000,0.6062000,0.3883000,0.7393000,0.5997000,0.2723000,0.7967000,0.5219000,0.3665000,0.9491000,0.3911000,0.4199000,0.3182822,-0.0000000,-0.0000000},
{0.8608533,0.2982720,0.2293512,0.7641617,0.2820296,0.3550158,0.6651319,0.4635432,0.3110056,0.6095004,0.5924648,0.3219757,0.6459715,0.6537339,0.4087751,0.7686000,0.6810000,0.5444000,0.7326000,0.6058000,0.3883000,0.7398000,0.5995000,0.2723000,0.7970000,0.5218000,0.3664000,0.9489000,0.3913000,0.4201000,0.3182822,-0.0000000,-0.0000000},
{0.8609273,0.2993728,0.2283248,0.7627951,0.2839725,0.3547710,0.6646049,0.4645126,0.3106907,0.6092518,0.5931891,0.3213964,0.6459677,0.6546849,0.4083629,0.7687000,0.6815000,0.5443000,0.7331000,0.6055000,0.3883000,0.7403000,0.5994000,0.2722000,0.7973000,0.5217000,0.3664000,0.9486000,0.3916000,0.4203000,0.3182822,-0.0000000,-0.0000000},
{0.8610125,0.3006250,0.2271560,0.7613139,0.2860937,0.3544886,0.6640001,0.4656329,0.3103274,0.6089753,0.5940053,0.3207466,0.6459692,0.6556264,0.4079581,0.7686000,0.6821000,0.5441000,0.7337000,0.6052000,0.3883000,0.7408000,0.5992000,0.2722000,0.7976000,0.5216000,0.3663000,0.9483000,0.3918000,0.4206000,0.3182822,-0.0000000,-0.0000000},
{0.8611027,0.3019356,0.2259313,0.7596401,0.2885095,0.3541482,0.6632205,0.4670891,0.3098564,0.6086281,0.5950467,0.3199226,0.6459779,0.6567521,0.4074782,0.7686000,0.6827000,0.5439000,0.7343000,0.6048000,0.3882000,0.7413000,0.5991000,0.2722000,0.7980000,0.5215000,0.3662000,0.9479000,0.3920000,0.4208000,0.3182822,-0.0000000,-0.0000000},
{0.8611899,0.3031859,0.2247616,0.7578856,0.2910638,0.3537669,0.6624510,0.4685401,0.3093885,0.6082126,0.5963176,0.3189241,0.6459972,0.6580478,0.4069314,0.7684000,0.6833000,0.5437000,0.7348000,0.6045000,0.3882000,0.7417000,0.5990000,0.2721000,0.7983000,0.5214000,0.3662000,0.9475000,0.3923000,0.4211000,0.3182822,-0.0000000,-0.0000000},
{0.8612743,0.3043812,0.2236421,0.7560576,0.2937486,0.3533431,0.6615486,0.4702594,0.3088358,0.6077646,0.5977197,0.3178316,0.6460305,0.6595109,0.4063210,0.7681000,0.6841000,0.5434000,0.7354000,0.6041000,0.3882000,0.7422000,0.5988000,0.2721000,0.7986000,0.5213000,0.3661000,0.9471000,0.3926000,0.4214000,0.3182822,-0.0000000,-0.0000000},
{0.8613661,0.3056658,0.2224376,0.7543445,0.2962867,0.3529211,0.6606211,0.4720469,0.3082632,0.6072997,0.5992111,0.3166798,0.6460829,0.6611677,0.4056386,0.7678000,0.6849000,0.5431000,0.7359000,0.6038000,0.3882000,0.7427000,0.5987000,0.2720000,0.7989000,0.5213000,0.3660000,0.9466000,0.3929000,0.4217000,0.3182822,-0.0000000,-0.0000000},
{0.8614515,0.3068476,0.2213284,0.7525836,0.2989179,0.3524624,0.6596582,0.4739249,0.3076637,0.6068002,0.6008580,0.3154202,0.6461497,0.6628043,0.4049736,0.7673000,0.6858000,0.5428000,0.7365000,0.6034000,0.3881000,0.7432000,0.5985000,0.2720000,0.7992000,0.5212000,0.3660000,0.9460000,0.3932000,0.4221000,0.3182822,-0.0000000,-0.0000000},
{0.8615368,0.3080151,0.2202313,0.7508880,0.3014730,0.3519967,0.6586523,0.4759112,0.3070320,0.6062493,0.6027314,0.3140023,0.6462405,0.6646129,0.4042489,0.7669000,0.6867000,0.5424000,0.7370000,0.6031000,0.3881000,0.7437000,0.5984000,0.2719000,0.7996000,0.5211000,0.3659000,0.9454000,0.3937000,0.4225000,0.3182822,-0.0000000,-0.0000000},
{0.8616141,0.3090622,0.2192464,0.7491339,0.3041382,0.3514900,0.6576512,0.4779141,0.3063975,0.6057163,0.6046046,0.3126004,0.6463559,0.6665306,0.4034922,0.7664000,0.6877000,0.5420000,0.7376000,0.6027000,0.3881000,0.7442000,0.5983000,0.2719000,0.7999000,0.5210000,0.3658000,0.9446000,0.3941000,0.4230000,0.3182822,-0.0000000,-0.0000000},
{0.8616670,0.3097742,0.2185762,0.7475169,0.3066154,0.3510004,0.6566103,0.4800246,0.3057315,0.6051483,0.6066731,0.3110702,0.6464883,0.6684176,0.4027589,0.7659000,0.6888000,0.5415000,0.7381000,0.6024000,0.3881000,0.7446000,0.5981000,0.2719000,0.8002000,0.5209000,0.3657000,0.9437000,0.3945000,0.4235000,0.3182822,-0.0000000,-0.0000000},
{0.8617259,0.3105591,0.2178368,0.7459178,0.3090841,0.3504948,0.6555794,0.4821438,0.3050653,0.6045810,0.6088194,0.3095019,0.6466571,0.6705155,0.4019567,0.7653000,0.6899000,0.5410000,0.7387000,0.6020000,0.3881000,0.7451000,0.5980000,0.2718000,0.8005000,0.5208000,0.3657000,0.9428000,0.3949000,0.4242000,0.3182822,-0.0000000,-0.0000000},
{0.8617699,0.3111435,0.2172861,0.7442976,0.3116047,0.3499609,0.6545137,0.4843655,0.3043698,0.6039955,0.6111280,0.3078365,0.6468678,0.6728158,0.4010925,0.7646000,0.6911000,0.5404000,0.7392000,0.6017000,0.3880000,0.7456000,0.5979000,0.2718000,0.8008000,0.5207000,0.3656000,0.9418000,0.3954000,0.4249000,0.3182822,-0.0000000,-0.0000000},
{0.8618189,0.3117898,0.2166766,0.7425997,0.3142671,0.3493777,0.6534350,0.4866477,0.3036582,0.6034411,0.6134100,0.3062119,0.6471066,0.6751340,0.4002377,0.7639000,0.6925000,0.5398000,0.7398000,0.6014000,0.3880000,0.7461000,0.5977000,0.2717000,0.8012000,0.5206000,0.3655000,0.9407000,0.3958000,0.4257000,0.3182822,-0.0000000,-0.0000000},
{0.8618689,0.3124457,0.2160576,0.7410653,0.3166919,0.3488298,0.6524261,0.4888132,0.3029858,0.6028934,0.6157675,0.3045553,0.6473652,0.6773995,0.3994174,0.7631000,0.6939000,0.5392000,0.7404000,0.6010000,0.3880000,0.7466000,0.5976000,0.2717000,0.8015000,0.5205000,0.3655000,0.9395000,0.3962000,0.4265000,0.3182822,-0.0000000,-0.0000000},
{0.8619251,0.3131778,0.2153664,0.7395170,0.3191566,0.3482568,0.6514334,0.4909742,0.3023174,0.6023953,0.6180105,0.3029995,0.6476667,0.6798062,0.3985622,0.7622000,0.6954000,0.5387000,0.7409000,0.6007000,0.3880000,0.7471000,0.5974000,0.2717000,0.8018000,0.5204000,0.3654000,0.9382000,0.3967000,0.4275000,0.3182822,-0.0000000,-0.0000000},
{0.8619921,0.3140438,0.2145482,0.7380521,0.3215053,0.3476958,0.6505014,0.4930313,0.3016836,0.6019390,0.6201579,0.3015279,0.6479756,0.6820745,0.3977712,0.7614000,0.6968000,0.5380000,0.7415000,0.6003000,0.3879000,0.7475000,0.5973000,0.2716000,0.8021000,0.5203000,0.3653000,0.9367000,0.3972000,0.4285000,0.3182822,-0.0000000,-0.0000000},
{0.8620538,0.3148371,0.2137980,0.7366938,0.3236976,0.3471593,0.6495784,0.4950960,0.3010497,0.6014939,0.6223481,0.3000449,0.6482969,0.6842679,0.3970199,0.7605000,0.6983000,0.5374000,0.7420000,0.6000000,0.3879000,0.7480000,0.5972000,0.2716000,0.8025000,0.5202000,0.3652000,0.9352000,0.3978000,0.4297000,0.3182822,-0.0000000,-0.0000000},
{0.8621126,0.3155876,0.2130879,0.7354620,0.3256980,0.3466590,0.6486750,0.4971443,0.3004231,0.6010888,0.6244332,0.2986494,0.6486020,0.6862261,0.3963602,0.7596000,0.6998000,0.5367000,0.7426000,0.5996000,0.3879000,0.7485000,0.5970000,0.2715000,0.8028000,0.5201000,0.3652000,0.9335000,0.3984000,0.4309000,0.3182822,-0.0000000,-0.0000000},
{0.8621631,0.3162273,0.2124822,0.7342943,0.3276051,0.3461726,0.6478189,0.4991113,0.2998235,0.6006922,0.6265704,0.2972353,0.6489039,0.6880635,0.3957506,0.7587000,0.7012000,0.5360000,0.7431000,0.5993000,0.3879000,0.7490000,0.5969000,0.2715000,0.8031000,0.5200000,0.3651000,0.9317000,0.3990000,0.4323000,0.3182822,-0.0000000,-0.0000000},
{0.8622174,0.3169125,0.2118330,0.7331904,0.3294177,0.3457019,0.6470248,0.5009586,0.2992623,0.6003404,0.6285548,0.2959368,0.6492273,0.6899383,0.3951378,0.7579000,0.7026000,0.5353000,0.7437000,0.5989000,0.3879000,0.7495000,0.5967000,0.2714000,0.8034000,0.5199000,0.3650000,0.9298000,0.3997000,0.4337000,0.3182822,-0.0000000,-0.0000000},
{0.8622633,0.3174869,0.2112886,0.7320749,0.3312588,0.3452155,0.6461706,0.5029714,0.2986528,0.5999844,0.6306592,0.2945747,0.6495685,0.6918273,0.3945298,0.7569000,0.7041000,0.5345000,0.7442000,0.5986000,0.3878000,0.7500000,0.5966000,0.2714000,0.8037000,0.5198000,0.3650000,0.9280000,0.4004000,0.4352000,0.3182822,-0.0000000,-0.0000000},
{0.8623130,0.3181077,0.2106998,0.7309390,0.3331438,0.3447090,0.6453214,0.5049991,0.2980409,0.5996279,0.6328767,0.2931557,0.6499139,0.6936579,0.3939493,0.7560000,0.7055000,0.5337000,0.7448000,0.5982000,0.3878000,0.7504000,0.5965000,0.2714000,0.8041000,0.5197000,0.3649000,0.9261000,0.4013000,0.4368000,0.3182822,-0.0000000,-0.0000000},
{0.8623636,0.3187357,0.2101038,0.7297300,0.3351612,0.3441574,0.6443929,0.5072479,0.2973647,0.5992636,0.6352753,0.2916396,0.6502696,0.6954694,0.3933834,0.7550000,0.7068000,0.5329000,0.7453000,0.5979000,0.3878000,0.7509000,0.5963000,0.2713000,0.8044000,0.5196000,0.3648000,0.9242000,0.4022000,0.4385000,0.3182822,-0.0000000,-0.0000000},
{0.8624266,0.3195121,0.2093666,0.7284448,0.3373183,0.3435568,0.6434206,0.5096395,0.2966485,0.5989020,0.6378105,0.2900576,0.6506400,0.6972850,0.3928246,0.7540000,0.7082000,0.5320000,0.7459000,0.5976000,0.3878000,0.7514000,0.5962000,0.2713000,0.8047000,0.5195000,0.3648000,0.9224000,0.4032000,0.4402000,0.3182822,-0.0000000,-0.0000000},
{0.8624966,0.3203703,0.2085511,0.7270223,0.3397212,0.3428748,0.6423895,0.5122181,0.2958794,0.5985418,0.6405186,0.2883907,0.6510611,0.6992718,0.3922226,0.7530000,0.7096000,0.5311000,0.7465000,0.5972000,0.3877000,0.7519000,0.5961000,0.2712000,0.8050000,0.5194000,0.3647000,0.9206000,0.4041000,0.4418000,0.3182822,-0.0000000,-0.0000000},
{0.8625912,0.3215188,0.2074587,0.7254315,0.3424275,0.3420907,0.6412627,0.5150880,0.2950273,0.5981837,0.6434338,0.2866223,0.6514887,0.7012148,0.3916433,0.7519000,0.7111000,0.5302000,0.7470000,0.5969000,0.3877000,0.7524000,0.5959000,0.2712000,0.8053000,0.5193000,0.3646000,0.9188000,0.4051000,0.4434000,0.3182822,-0.0000000,-0.0000000},
{0.8626822,0.3226139,0.2064161,0.7238507,0.3451371,0.3412887,0.6400818,0.5181563,0.2941207,0.5978268,0.6466190,0.2847202,0.6520257,0.7035623,0.3909559,0.7508000,0.7127000,0.5293000,0.7476000,0.5965000,0.3877000,0.7529000,0.5958000,0.2712000,0.8057000,0.5192000,0.3645000,0.9172000,0.4059000,0.4449000,0.3182822,-0.0000000,-0.0000000},
{0.8627749,0.3237195,0.2053624,0.7221330,0.3481044,0.3403915,0.6388399,0.5214538,0.2931514,0.5974911,0.6499501,0.2827639,0.6526218,0.7060608,0.3902390,0.7498000,0.7145000,0.5283000,0.7476000,0.5965000,0.3877000,0.7533000,0.5956000,0.2711000,0.8060000,0.5191000,0.3645000,0.9156000,0.4067000,0.4462000,0.3182822,-0.0000000,-0.0000000},
{0.8628873,0.3250461,0.2040968,0.7203145,0.3512722,0.3394119,0.6375294,0.5250159,0.2921102,0.5971660,0.6536029,0.2806565,0.6533540,0.7089970,0.3894156,0.7487000,0.7164000,0.5273000,0.7467000,0.5983000,0.3869000,0.7538000,0.5955000,0.2711000,0.8060000,0.5191000,0.3645000,0.9141000,0.4075000,0.4474000,0.3182822,-0.0000000,-0.0000000},
{0.8630128,0.3265113,0.2026972,0.7184789,0.3544976,0.3383918,0.6361563,0.5288447,0.2909975,0.5968714,0.6574482,0.2784798,0.6540738,0.7117588,0.3886599,0.7476000,0.7184000,0.5263000,0.7458000,0.6002000,0.3862000,0.7543000,0.5954000,0.2710000,0.8051000,0.5199000,0.3648000,0.9125000,0.4083000,0.4486000,0.3182822,-0.0000000,-0.0000000},
{0.8631325,0.3278918,0.2013768,0.7165563,0.3579063,0.3372892,0.6347733,0.5328068,0.2898532,0.5966125,0.6615025,0.2762301,0.6549111,0.7148371,0.3878388,0.7466000,0.7204000,0.5252000,0.7448000,0.6021000,0.3855000,0.7548000,0.5952000,0.2710000,0.8040000,0.5208000,0.3651000,0.9109000,0.4091000,0.4497000,0.3182822,-0.0000000,-0.0000000},
{0.8632776,0.3295469,0.1997915,0.7145573,0.3614839,0.3361054,0.6333472,0.5370119,0.2886464,0.5963959,0.6657681,0.2739121,0.6557507,0.7177975,0.3870699,0.7456000,0.7224000,0.5241000,0.7439000,0.6040000,0.3847000,0.7553000,0.5951000,0.2709000,0.8030000,0.5217000,0.3654000,0.9092000,0.4100000,0.4507000,0.3182822,-0.0000000,-0.0000000},
{0.8634229,0.3311821,0.1982231,0.7125118,0.3651803,0.3348541,0.6319010,0.5414092,0.2873929,0.5962296,0.6702170,0.2715468,0.6566571,0.7208685,0.3862936,0.7447000,0.7244000,0.5230000,0.7429000,0.6060000,0.3839000,0.7558000,0.5949000,0.2709000,0.8014000,0.5222000,0.3657000,0.9075000,0.4109000,0.4518000,0.3182822,-0.0000000,-0.0000000},
{0.8635801,0.3329278,0.1965461,0.7102303,0.3693466,0.3334097,0.6304776,0.5458781,0.2861275,0.5961185,0.6749114,0.2691074,0.6575831,0.7238884,0.3855512,0.7438000,0.7264000,0.5220000,0.7419000,0.6079000,0.3830000,0.7562000,0.5948000,0.2709000,0.8000000,0.5230000,0.3659000,0.9057000,0.4119000,0.4529000,0.3182822,-0.0000000,-0.0000000},
{0.8637419,0.3347008,0.1948402,0.7078082,0.3738201,0.3318195,0.6289809,0.5507413,0.2847602,0.5960717,0.6797552,0.2666499,0.6585635,0.7269707,0.3848147,0.7430000,0.7284000,0.5209000,0.7409000,0.6099000,0.3822000,0.7567000,0.5947000,0.2708000,0.7988000,0.5238000,0.3664000,0.9040000,0.4128000,0.4540000,0.3182822,-0.0000000,-0.0000000},
{0.8639300,0.3367327,0.1928818,0.7053467,0.3784210,0.3301421,0.6274539,0.5558929,0.2833227,0.5960944,0.6848110,0.2641476,0.6595819,0.7300607,0.3840979,0.7422000,0.7305000,0.5198000,0.7399000,0.6117000,0.3813000,0.7572000,0.5945000,0.2708000,0.7977000,0.5249000,0.3664000,0.9023000,0.4137000,0.4551000,0.3182822,-0.0000000,-0.0000000},
{0.8641060,0.3386060,0.1910731,0.7029104,0.3830300,0.3284199,0.6259488,0.5611775,0.2818594,0.5961918,0.6899825,0.2616531,0.6605335,0.7328559,0.3834678,0.7414000,0.7326000,0.5188000,0.7389000,0.6137000,0.3804000,0.7577000,0.5944000,0.2707000,0.7966000,0.5258000,0.3667000,0.9006000,0.4147000,0.4562000,0.3182822,-0.0000000,-0.0000000},
{0.8642978,0.3406175,0.1891277,0.7003176,0.3879967,0.3265179,0.6244525,0.5666576,0.2803540,0.5963698,0.6953368,0.2591380,0.6619391,0.7368386,0.3826000,0.7408000,0.7349000,0.5177000,0.7379000,0.6156000,0.3795000,0.7582000,0.5942000,0.2707000,0.7955000,0.5267000,0.3670000,0.8990000,0.4156000,0.4572000,0.3182822,-0.0000000,-0.0000000},
{0.8644797,0.3424989,0.1873048,0.6977428,0.3929935,0.3245567,0.6229898,0.5722588,0.2788277,0.5966354,0.7008868,0.2566023,0.6632210,0.7403353,0.3818669,0.7401000,0.7373000,0.5167000,0.7369000,0.6174000,0.3787000,0.7587000,0.5941000,0.2707000,0.7943000,0.5275000,0.3672000,0.8974000,0.4165000,0.4582000,0.3182822,-0.0000000,-0.0000000},
{0.8646575,0.3443134,0.1855438,0.6951529,0.3980858,0.3225095,0.6215416,0.5780731,0.2772563,0.5970010,0.7067086,0.2540186,0.6645739,0.7439006,0.3811472,0.7395000,0.7397000,0.5157000,0.7359000,0.6193000,0.3780000,0.7591000,0.5940000,0.2706000,0.7933000,0.5285000,0.3674000,0.8957000,0.4174000,0.4592000,0.3182822,-0.0000000,-0.0000000},
{0.8648854,0.3466053,0.1833154,0.6925261,0.4033205,0.3203548,0.6200941,0.5841886,0.2756176,0.5974605,0.7126069,0.2514791,0.6659599,0.7474331,0.3804616,0.7390000,0.7421000,0.5147000,0.7350000,0.6212000,0.3772000,0.7596000,0.5938000,0.2706000,0.7922000,0.5294000,0.3677000,0.8941000,0.4184000,0.4602000,0.3182822,-0.0000000,-0.0000000},
{0.8651090,0.3488182,0.1811595,0.6897914,0.4088470,0.3180253,0.6187248,0.5902965,0.2739952,0.5980252,0.7186776,0.2489459,0.6674002,0.7509876,0.3797993,0.7386000,0.7445000,0.5137000,0.7341000,0.6230000,0.3765000,0.7601000,0.5937000,0.2705000,0.7913000,0.5304000,0.3679000,0.8925000,0.4193000,0.4613000,0.3182822,-0.0000000,-0.0000000},
{0.8653204,0.3508792,0.1791477,0.6869783,0.4146163,0.3155344,0.6173593,0.5967517,0.2722956,0.5987153,0.7250394,0.2463775,0.6688659,0.7544941,0.3791730,0.7382000,0.7469000,0.5128000,0.7333000,0.6249000,0.3758000,0.7606000,0.5936000,0.2705000,0.7903000,0.5315000,0.3680000,0.8908000,0.4203000,0.4623000,0.3182822,-0.0000000,-0.0000000},
{0.8655722,0.3532970,0.1767828,0.6841923,0.4204173,0.3129696,0.6160177,0.6035124,0.2705320,0.5995312,0.7316057,0.2438174,0.6703650,0.7579747,0.3785780,0.7378000,0.7492000,0.5119000,0.7325000,0.6267000,0.3751000,0.7611000,0.5934000,0.2705000,0.7894000,0.5324000,0.3683000,0.8893000,0.4212000,0.4634000,0.3182822,-0.0000000,-0.0000000},
{0.8658784,0.3561849,0.1739513,0.6812915,0.4265526,0.3101920,0.6147458,0.6103824,0.2687569,0.6004834,0.7383909,0.2412676,0.6719897,0.7616369,0.3779807,0.7375000,0.7515000,0.5111000,0.7318000,0.6286000,0.3745000,0.7616000,0.5933000,0.2704000,0.7886000,0.5334000,0.3685000,0.8877000,0.4221000,0.4644000,0.3182822,-0.0000000,-0.0000000},
{0.8661712,0.3588950,0.1712875,0.6783341,0.4329119,0.3072431,0.6135074,0.6176006,0.2669100,0.6015958,0.7454856,0.2387040,0.6737303,0.7654433,0.3773911,0.7372000,0.7539000,0.5103000,0.7310000,0.6304000,0.3737000,0.7616000,0.5933000,0.2704000,0.7877000,0.5343000,0.3687000,0.8861000,0.4231000,0.4654000,0.3182822,-0.0000000,-0.0000000},
{0.8664898,0.3617887,0.1684359,0.6754053,0.4393176,0.3042015,0.6123277,0.6250860,0.2650142,0.6028651,0.7527942,0.2361712,0.6754801,0.7691580,0.3768466,0.7370000,0.7563000,0.5095000,0.7303000,0.6322000,0.3730000,0.7615000,0.5949000,0.2705000,0.7867000,0.5352000,0.3690000,0.8845000,0.4240000,0.4665000,0.3182822,-0.0000000,-0.0000000},
{0.8668177,0.3647120,0.1655476,0.6723972,0.4460140,0.3009460,0.6112355,0.6327002,0.2631057,0.6042962,0.7602943,0.2336849,0.6773505,0.7730146,0.3763138,0.7368000,0.7587000,0.5086000,0.7297000,0.6341000,0.3722000,0.7613000,0.5964000,0.2706000,0.7857000,0.5360000,0.3693000,0.8829000,0.4249000,0.4674000,0.3182822,-0.0000000,-0.0000000},
{0.8671593,0.3677003,0.1625871,0.6693938,0.4528239,0.2975564,0.6102310,0.6404761,0.2611773,0.6058269,0.7676579,0.2313540,0.6793614,0.7770394,0.3757932,0.7367000,0.7611000,0.5078000,0.7290000,0.6359000,0.3714000,0.7610000,0.5979000,0.2707000,0.7847000,0.5371000,0.3695000,0.8813000,0.4258000,0.4683000,0.3182822,-0.0000000,-0.0000000},
{0.8675296,0.3708775,0.1594307,0.6664414,0.4596455,0.2940815,0.6093058,0.6485447,0.2591980,0.6076973,0.7759446,0.2288605,0.6814487,0.7810945,0.3753059,0.7366000,0.7636000,0.5068000,0.7282000,0.6378000,0.3707000,0.7607000,0.5993000,0.2706000,0.7835000,0.5379000,0.3697000,0.8797000,0.4267000,0.4693000,0.3182822,-0.0000000,-0.0000000},
{0.8679156,0.3741241,0.1561958,0.6633849,0.4668479,0.2903265,0.6084909,0.6566967,0.2572206,0.6096694,0.7840190,0.2265621,0.6836894,0.7853188,0.3748381,0.7367000,0.7662000,0.5059000,0.7276000,0.6397000,0.3700000,0.7602000,0.6004000,0.2706000,0.7824000,0.5388000,0.3699000,0.8781000,0.4276000,0.4701000,0.3182822,-0.0000000,-0.0000000},
{0.8682971,0.3772697,0.1530525,0.6603802,0.4740755,0.2864697,0.6077797,0.6650522,0.2552168,0.6118352,0.7922645,0.2243484,0.6860038,0.7895525,0.3744108,0.7368000,0.7688000,0.5050000,0.7268000,0.6417000,0.3693000,0.7596000,0.6015000,0.2706000,0.7813000,0.5396000,0.3701000,0.8766000,0.4284000,0.4710000,0.3182822,-0.0000000,-0.0000000},
{0.8687222,0.3807065,0.1496078,0.6573561,0.4815068,0.2824116,0.6071820,0.6735827,0.2531949,0.6142077,0.8006935,0.2222244,0.6884253,0.7938514,0.3740201,0.7369000,0.7714000,0.5041000,0.7262000,0.6437000,0.3686000,0.7588000,0.6027000,0.2705000,0.7802000,0.5405000,0.3702000,0.8750000,0.4292000,0.4719000,0.3182822,-0.0000000,-0.0000000},
{0.8691721,0.3842688,0.1460258,0.6543345,0.4891007,0.2781677,0.6067116,0.6821489,0.2511886,0.6168973,0.8096259,0.2201273,0.6908957,0.7981089,0.3736767,0.7370000,0.7740000,0.5032000,0.7255000,0.6456000,0.3679000,0.7577000,0.6037000,0.2706000,0.7792000,0.5412000,0.3702000,0.8734000,0.4299000,0.4728000,0.3182822,-0.0000000,-0.0000000},
{0.8696599,0.3880489,0.1422120,0.6513425,0.4967984,0.2737652,0.6063650,0.6908895,0.2491663,0.6196653,0.8182484,0.2182537,0.6934191,0.8023329,0.3733797,0.7372000,0.7767000,0.5024000,0.7249000,0.6475000,0.3672000,0.7566000,0.6048000,0.2707000,0.7781000,0.5420000,0.3703000,0.8717000,0.4307000,0.4736000,0.3182822,-0.0000000,-0.0000000},
{0.8701880,0.3920508,0.1381599,0.6483567,0.5046711,0.2691573,0.6061509,0.6997240,0.2471475,0.6226160,0.8269075,0.2165221,0.6960762,0.8066534,0.3731220,0.7374000,0.7793000,0.5016000,0.7244000,0.6494000,0.3666000,0.7553000,0.6060000,0.2708000,0.7770000,0.5428000,0.3704000,0.8700000,0.4314000,0.4745000,0.3182822,-0.0000000,-0.0000000},
{0.8707161,0.3959633,0.1341838,0.6454468,0.5125432,0.2644425,0.6060736,0.7086341,0.2451372,0.6257106,0.8354875,0.2149561,0.6986932,0.8107885,0.3729198,0.7376000,0.7819000,0.5007000,0.7238000,0.6514000,0.3659000,0.7538000,0.6069000,0.2710000,0.7759000,0.5437000,0.3704000,0.8683000,0.4322000,0.4754000,0.3182822,-0.0000000,-0.0000000},
{0.8712772,0.4000291,0.1300366,0.6426610,0.5202813,0.2597024,0.6061354,0.7175656,0.2431479,0.6289850,0.8440873,0.2135379,0.7014942,0.8150901,0.3727571,0.7378000,0.7844000,0.4998000,0.7232000,0.6532000,0.3652000,0.7521000,0.6080000,0.2712000,0.7749000,0.5446000,0.3704000,0.8665000,0.4329000,0.4764000,0.3182822,-0.0000000,-0.0000000},
{0.8718473,0.4040685,0.1259008,0.6397830,0.5285027,0.2545503,0.6063385,0.7265462,0.2411738,0.6323971,0.8525953,0.2122864,0.7042613,0.8192205,0.3726476,0.7380000,0.7868000,0.4990000,0.7227000,0.6549000,0.3646000,0.7504000,0.6091000,0.2716000,0.7738000,0.5456000,0.3705000,0.8647000,0.4335000,0.4773000,0.3182822,-0.0000000,-0.0000000},
{0.8724726,0.4083993,0.1214492,0.6370249,0.5366213,0.2493436,0.6066794,0.7354498,0.2392426,0.6359341,0.8609872,0.2112022,0.7069398,0.8231117,0.3725877,0.7383000,0.7893000,0.4982000,0.7221000,0.6567000,0.3640000,0.7488000,0.6102000,0.2718000,0.7727000,0.5464000,0.3706000,0.8629000,0.4341000,0.4783000,0.3182822,-0.0000000,-0.0000000},
{0.8731051,0.4126808,0.1170305,0.6343764,0.5446638,0.2440671,0.6071590,0.7443371,0.2373408,0.6396415,0.8693719,0.2102712,0.7096929,0.8270070,0.3725711,0.7387000,0.7915000,0.4975000,0.7215000,0.6584000,0.3634000,0.7475000,0.6115000,0.2721000,0.7716000,0.5473000,0.3707000,0.8610000,0.4347000,0.4793000,0.3182822,-0.0000000,-0.0000000},
{0.8737359,0.4168558,0.1127043,0.6318569,0.5525654,0.2387660,0.6077756,0.7531904,0.2354720,0.6434331,0.8775596,0.2095123,0.7123965,0.8307342,0.3725971,0.7391000,0.7937000,0.4968000,0.7207000,0.6600000,0.3628000,0.7463000,0.6127000,0.2725000,0.7704000,0.5482000,0.3708000,0.8591000,0.4354000,0.4802000,0.3182822,-0.0000000,-0.0000000},
{0.8744253,0.4213172,0.1080626,0.6293863,0.5605819,0.2332666,0.6085107,0.7618177,0.2336759,0.6472964,0.8855408,0.2089192,0.7150399,0.8342883,0.3726614,0.7396000,0.7959000,0.4962000,0.7200000,0.6616000,0.3624000,0.7454000,0.6140000,0.2727000,0.7692000,0.5492000,0.3710000,0.8572000,0.4361000,0.4812000,0.3182822,-0.0000000,-0.0000000},
{0.8751416,0.4258473,0.1033290,0.6270510,0.5684372,0.2277564,0.6093746,0.7704016,0.2319134,0.6512923,0.8934499,0.2084786,0.7178182,0.8379314,0.3727686,0.7401000,0.7981000,0.4957000,0.7181000,0.6629000,0.3619000,0.7446000,0.6152000,0.2731000,0.7679000,0.5501000,0.3712000,0.8553000,0.4368000,0.4821000,0.3182822,-0.0000000,-0.0000000},
{0.8758096,0.4299793,0.0989934,0.6248242,0.5762162,0.2221782,0.6103385,0.7787150,0.2302301,0.6553150,0.9010885,0.2081963,0.7205405,0.8414130,0.3729118,0.7407000,0.8004000,0.4952000,0.7178000,0.6647000,0.3616000,0.7438000,0.6164000,0.2733000,0.7668000,0.5511000,0.3714000,0.8534000,0.4375000,0.4830000,0.3182822,-0.0000000,-0.0000000},
{0.8765550,0.4344919,0.0942387,0.6227284,0.5838346,0.2165946,0.6114356,0.7870774,0.2285605,0.6594200,0.9085776,0.2080608,0.7233189,0.8448793,0.3730953,0.7414000,0.8026000,0.4947000,0.7173000,0.6664000,0.3614000,0.7430000,0.6176000,0.2735000,0.7656000,0.5520000,0.3716000,0.8514000,0.4383000,0.4840000,0.3182822,-0.0000000,-0.0000000},
{0.8772681,0.4387159,0.0897691,0.6207563,0.5913101,0.2109960,0.6126032,0.7950578,0.2269895,0.6635133,0.9157618,0.2080671,0.7260384,0.8481901,0.3733103,0.7421000,0.8047000,0.4942000,0.7165000,0.6680000,0.3613000,0.7422000,0.6189000,0.2738000,0.7643000,0.5530000,0.3719000,0.8495000,0.4390000,0.4848000,0.3182822,-0.0000000,-0.0000000},
{0.8780276,0.4431208,0.0850884,0.6189155,0.5986041,0.2054153,0.6138548,0.8028284,0.2254812,0.6676060,0.9226828,0.2082042,0.7287145,0.8513711,0.3735551,0.7428000,0.8068000,0.4938000,0.7155000,0.6695000,0.3612000,0.7416000,0.6201000,0.2740000,0.7632000,0.5540000,0.3722000,0.8477000,0.4398000,0.4857000,0.3182822,-0.0000000,-0.0000000},
{0.8787850,0.4474212,0.0804991,0.6172037,0.6057117,0.1998609,0.6151999,0.8104831,0.2240162,0.6716890,0.9293442,0.2084624,0.7313564,0.8544387,0.3738280,0.7436000,0.8088000,0.4934000,0.7144000,0.6709000,0.3612000,0.7408000,0.6212000,0.2744000,0.7620000,0.5550000,0.3726000,0.8459000,0.4406000,0.4866000,0.3182822,-0.0000000,-0.0000000},
{0.8795649,0.4517580,0.0758512,0.6156408,0.6125289,0.1944216,0.6165943,0.8178163,0.2226324,0.6757601,0.9357592,0.2088330,0.7339271,0.8573561,0.3741228,0.7443000,0.8108000,0.4931000,0.7132000,0.6721000,0.3613000,0.7399000,0.6223000,0.2747000,0.7610000,0.5560000,0.3729000,0.8442000,0.4414000,0.4875000,0.3182822,-0.0000000,-0.0000000},
{0.8802817,0.4556668,0.0716447,0.6142114,0.6190955,0.1890746,0.6180779,0.8250734,0.2212821,0.6798156,0.9419378,0.2093078,0.7365281,0.8602418,0.3744494,0.7451000,0.8127000,0.4928000,0.7121000,0.6735000,0.3613000,0.7384000,0.6233000,0.2750000,0.7599000,0.5568000,0.3733000,0.8424000,0.4422000,0.4884000,0.3182822,-0.0000000,-0.0000000},
{0.8810374,0.4597105,0.0672755,0.6129158,0.6253810,0.1838535,0.6196048,0.8320587,0.2200008,0.6838912,0.9479456,0.2098855,0.7389420,0.8628617,0.3747777,0.7459000,0.8146000,0.4925000,0.7112000,0.6749000,0.3614000,0.7382000,0.6246000,0.2751000,0.7588000,0.5578000,0.3736000,0.8408000,0.4431000,0.4893000,0.3182822,-0.0000000,-0.0000000},
{0.8818062,0.4637469,0.0628963,0.6117503,0.6313694,0.1787816,0.6211563,0.8387346,0.2187934,0.6878910,0.9536553,0.2105455,0.7413194,0.8653883,0.3751242,0.7467000,0.8165000,0.4923000,0.7105000,0.6764000,0.3614000,0.7377000,0.6257000,0.2754000,0.7578000,0.5587000,0.3740000,0.8392000,0.4440000,0.4901000,0.3182822,-0.0000000,-0.0000000},
{0.8825082,0.4673679,0.0589524,0.6106970,0.6371206,0.1738170,0.6227829,0.8453451,0.2176146,0.6919135,0.9592200,0.2112977,0.7436715,0.8678365,0.3754892,0.7474000,0.8184000,0.4920000,0.7098000,0.6778000,0.3614000,0.7371000,0.6267000,0.2757000,0.7568000,0.5597000,0.3742000,0.8375000,0.4450000,0.4909000,0.3182822,-0.0000000,-0.0000000},
{0.8832282,0.4710193,0.0549606,0.6097557,0.6426034,0.1689950,0.6244115,0.8516196,0.2165114,0.6958394,0.9644871,0.2121136,0.7460437,0.8702546,0.3758792,0.7482000,0.8203000,0.4918000,0.7092000,0.6792000,0.3614000,0.7365000,0.6277000,0.2759000,0.7557000,0.5606000,0.3746000,0.8359000,0.4458000,0.4917000,0.3182822,-0.0000000,-0.0000000},
{0.8839668,0.4747018,0.0509194,0.6089360,0.6477141,0.1644185,0.6260656,0.8576844,0.2154599,0.6997013,0.9695167,0.2129918,0.7482984,0.8725062,0.3762700,0.7489000,0.8222000,0.4916000,0.7086000,0.6807000,0.3614000,0.7359000,0.6286000,0.2761000,0.7547000,0.5616000,0.3748000,0.8343000,0.4468000,0.4925000,0.3182822,-0.0000000,-0.0000000},
{0.8846477,0.4780425,0.0472398,0.6082115,0.6525663,0.1599973,0.6277313,0.8635157,0.2144629,0.7034415,0.9742499,0.2139112,0.7505780,0.8747372,0.3766849,0.7496000,0.8240000,0.4913000,0.7080000,0.6821000,0.3615000,0.7352000,0.6295000,0.2763000,0.7537000,0.5625000,0.3752000,0.8327000,0.4477000,0.4932000,0.3182822,-0.0000000,-0.0000000},
{0.8853680,0.4815223,0.0433932,0.6075745,0.6571719,0.1557290,0.6293528,0.8689542,0.2135457,0.7070879,0.9787383,0.2148704,0.7527085,0.8767812,0.3770902,0.7503000,0.8259000,0.4911000,0.7075000,0.6835000,0.3616000,0.7346000,0.6305000,0.2764000,0.7526000,0.5634000,0.3754000,0.8312000,0.4486000,0.4940000,0.3182822,-0.0000000,-0.0000000},
{0.8860469,0.4847521,0.0398103,0.6070249,0.6614820,0.1516685,0.6309670,0.8741589,0.2126795,0.7105843,0.9829286,0.2158468,0.7548160,0.8787647,0.3775078,0.7511000,0.8277000,0.4909000,0.7069000,0.6850000,0.3617000,0.7340000,0.6314000,0.2766000,0.7517000,0.5644000,0.3757000,0.8297000,0.4496000,0.4948000,0.3182822,-0.0000000,-0.0000000},
{0.8866833,0.4877373,0.0364877,0.6065381,0.6656519,0.1476765,0.6325348,0.8790319,0.2118789,0.7138849,0.9867853,0.2168178,0.7567986,0.8805962,0.3779155,0.7518000,0.8295000,0.4906000,0.7064000,0.6864000,0.3619000,0.7334000,0.6323000,0.2768000,0.7508000,0.5653000,0.3760000,0.8282000,0.4505000,0.4955000,0.3182822,-0.0000000,-0.0000000},
{0.8873747,0.4909355,0.0329161,0.6061257,0.6695400,0.1438956,0.6340617,0.8836196,0.2111347,0.7170614,0.9904088,0.2177964,0.7587413,0.8823585,0.3783288,0.7525000,0.8313000,0.4904000,0.7059000,0.6878000,0.3620000,0.7328000,0.6333000,0.2770000,0.7498000,0.5664000,0.3762000,0.8267000,0.4515000,0.4963000,0.3182822,-0.0000000,-0.0000000},
{0.8880134,0.4938498,0.0296509,0.6057723,0.6732360,0.1402466,0.6355140,0.8878498,0.2104567,0.7199920,0.9936766,0.2187367,0.7605507,0.8839715,0.3787261,0.7532000,0.8331000,0.4901000,0.7054000,0.6893000,0.3622000,0.7322000,0.6343000,0.2771000,0.7488000,0.5674000,0.3766000,0.8251000,0.4525000,0.4971000,0.3182822,-0.0000000,-0.0000000},
{0.8886035,0.4965090,0.0266622,0.6054695,0.6767926,0.1366824,0.6369081,0.8917965,0.2098315,0.7226538,0.9965834,0.2196212,0.7622543,0.8854653,0.3791108,0.7539000,0.8348000,0.4899000,0.7049000,0.6908000,0.3624000,0.7316000,0.6353000,0.2774000,0.7479000,0.5684000,0.3769000,0.8236000,0.4536000,0.4979000,0.3182822,-0.0000000,-0.0000000},
{0.8892349,0.4993197,0.0234940,0.6052247,0.6800618,0.1333588,0.6381943,0.8953451,0.2092754,0.7251281,0.9992343,0.2204691,0.7638447,0.8868383,0.3794793,0.7547000,0.8365000,0.4896000,0.7045000,0.6924000,0.3626000,0.7309000,0.6364000,0.2776000,0.7469000,0.5695000,0.3772000,0.8221000,0.4545000,0.4986000,0.3182822,-0.0000000,-0.0000000},
{0.8897940,0.5017790,0.0207136,0.6050163,0.6832848,0.1300354,0.6394265,0.8986657,0.2087603,0.7272582,1.0014775,0.2212184,0.7653814,0.8881451,0.3798438,0.7554000,0.8382000,0.4892000,0.7041000,0.6939000,0.3627000,0.7303000,0.6374000,0.2778000,0.7460000,0.5706000,0.3776000,0.8206000,0.4555000,0.4994000,0.3182822,-0.0000000,-0.0000000},
{0.8904350,0.5045661,0.0175535,0.6048567,0.6862064,0.1269813,0.6405531,0.9016378,0.2083036,0.7292668,1.0035600,0.2219413,0.7667459,0.8892893,0.3801745,0.7562000,0.8399000,0.4889000,0.7038000,0.6954000,0.3628000,0.7297000,0.6385000,0.2781000,0.7451000,0.5717000,0.3779000,0.8190000,0.4565000,0.5001000,0.3182822,-0.0000000,-0.0000000},
{0.8909678,0.5068566,0.0149490,0.6047307,0.6890143,0.1240071,0.6415982,0.9043427,0.2078917,0.7310225,1.0053548,0.2225859,0.7679763,0.8903081,0.3804783,0.7569000,0.8415000,0.4884000,0.7034000,0.6968000,0.3628000,0.7291000,0.6397000,0.2783000,0.7442000,0.5728000,0.3781000,0.8176000,0.4576000,0.5009000,0.3182822,-0.0000000,-0.0000000},
{0.8914995,0.5091194,0.0123694,0.6046399,0.6915876,0.1212466,0.6425312,0.9067170,0.2075331,0.7326035,1.0069508,0.2231764,0.7690941,0.8912230,0.3807589,0.7575000,0.8430000,0.4880000,0.7031000,0.6982000,0.3629000,0.7286000,0.6407000,0.2785000,0.7434000,0.5739000,0.3785000,0.8161000,0.4586000,0.5016000,0.3182822,-0.0000000,-0.0000000},
{0.8920997,0.5116469,0.0094802,0.6045776,0.6939671,0.1186632,0.6433537,0.9087793,0.2072238,0.7336845,1.0080311,0.2235857,0.7700740,0.8920166,0.3810085,0.7581000,0.8444000,0.4876000,0.7028000,0.6996000,0.3628000,0.7280000,0.6418000,0.2787000,0.7425000,0.5751000,0.3787000,0.8146000,0.4597000,0.5023000,0.3182822,-0.0000000,-0.0000000},
{0.8925749,0.5136277,0.0072101,0.6045381,0.6962631,0.1161413,0.6440891,0.9105995,0.2069526,0.7347158,1.0090534,0.2239802,0.7708937,0.8926746,0.3812198,0.7585000,0.8457000,0.4871000,0.7025000,0.7010000,0.3627000,0.7275000,0.6428000,0.2787000,0.7416000,0.5761000,0.3790000,0.8132000,0.4608000,0.5030000,0.3182822,-0.0000000,-0.0000000},
{0.8930413,0.5155554,0.0049959,0.6045204,0.6983282,0.1138477,0.6447194,0.9121426,0.2067240,0.7356700,1.0099923,0.2243488,0.7716647,0.8932885,0.3814207,0.7589000,0.8470000,0.4865000,0.7023000,0.7021000,0.3625000,0.7270000,0.6437000,0.2788000,0.7408000,0.5772000,0.3793000,0.8117000,0.4618000,0.5038000,0.3182822,-0.0000000,-0.0000000},
{0.8935293,0.5175548,0.0026940,0.6045197,0.7002603,0.1116794,0.6452426,0.9134114,0.2065369,0.7364228,1.0107282,0.2246420,0.7723206,0.8938070,0.3815932,0.7592000,0.8483000,0.4858000,0.7020000,0.7033000,0.3622000,0.7265000,0.6446000,0.2789000,0.7400000,0.5783000,0.3795000,0.8103000,0.4629000,0.5044000,0.3182822,-0.0000000,-0.0000000},
{0.8939485,0.5192582,0.0007286,0.6045344,0.7021507,0.1095361,0.6456600,0.9144160,0.2063893,0.7366563,1.0109556,0.2247333,0.7728527,0.8942251,0.3817342,0.7595000,0.8495000,0.4851000,0.7017000,0.7045000,0.3620000,0.7260000,0.6454000,0.2789000,0.7392000,0.5792000,0.3797000,0.8090000,0.4641000,0.5052000,0.3182822,-0.0000000,-0.0000000},
{0.8943715,0.5209641,-0.0012434,0.6045601,0.7038020,0.1076456,0.6460098,0.9152532,0.2062668,0.7367675,1.0110638,0.2247769,0.7732125,0.8945066,0.3818302,0.7597000,0.8507000,0.4843000,0.7014000,0.7054000,0.3617000,0.7256000,0.6461000,0.2789000,0.7384000,0.5803000,0.3799000,0.8077000,0.4651000,0.5058000,0.3182822,-0.0000000,-0.0000000},
{0.8947642,0.5225363,-0.0030645,0.6045932,0.7052687,0.1059519,0.6463115,0.9159713,0.2061619,0.7367695,1.0110657,0.2247777,0.7735831,0.8947954,0.3819295,0.7597000,0.8518000,0.4835000,0.7011000,0.7065000,0.3613000,0.7251000,0.6468000,0.2789000,0.7376000,0.5811000,0.3801000,0.8065000,0.4662000,0.5065000,0.3182822,-0.0000000,-0.0000000},
{0.8950902,0.5238334,-0.0045696,0.6046344,0.7066754,0.1043141,0.6464736,0.9163558,0.2061059,0.7367585,1.0110550,0.2247734,0.7737677,0.8949388,0.3819791,0.7597000,0.8530000,0.4825000,0.7007000,0.7074000,0.3609000,0.7247000,0.6475000,0.2789000,0.7369000,0.5822000,0.3803000,0.8053000,0.4673000,0.5071000,0.3182822,-0.0000000,-0.0000000},
{0.8954157,0.5251211,-0.0060659,0.6046790,0.7079270,0.1028457,0.6466057,0.9166684,0.2060604,0.7366784,1.0109771,0.2247420,0.7738922,0.8950354,0.3820126,0.7597000,0.8541000,0.4815000,0.7004000,0.7083000,0.3605000,0.7243000,0.6480000,0.2788000,0.7362000,0.5830000,0.3805000,0.8041000,0.4684000,0.5078000,0.3182822,-0.0000000,-0.0000000},
{0.8957423,0.5264056,-0.0075608,0.6047256,0.7090522,0.1015163,0.6467131,0.9169221,0.2060235,0.7365094,1.0108126,0.2246759,0.7739932,0.8951137,0.3820399,0.7595000,0.8552000,0.4805000,0.7000000,0.7090000,0.3600000,0.7238000,0.6486000,0.2787000,0.7355000,0.5839000,0.3806000,0.8030000,0.4695000,0.5084000,0.3182822,-0.0000000,-0.0000000},
{0.8960141,0.5274690,-0.0088002,0.6047773,0.7101520,0.1002081,0.6467443,0.9169958,0.2060128,0.7358982,1.0102159,0.2244375,0.7739451,0.8950764,0.3820269,0.7593000,0.8563000,0.4793000,0.6996000,0.7099000,0.3595000,0.7234000,0.6491000,0.2786000,0.7349000,0.5847000,0.3807000,0.8019000,0.4706000,0.5090000,0.3182822,-0.0000000,-0.0000000},
{0.8962210,0.5282754,-0.0097412,0.6048260,0.7110833,0.0990936,0.6466699,0.9168200,0.2060383,0.7357160,1.0100374,0.2243667,0.7739451,0.8950764,0.3820269,0.7590000,0.8573000,0.4782000,0.6992000,0.7106000,0.3589000,0.7230000,0.6496000,0.2784000,0.7342000,0.5856000,0.3808000,0.8009000,0.4718000,0.5097000,0.3182822,-0.0000000,-0.0000000},
{0.8964358,0.5291093,-0.0107151,0.6048771,0.7119802,0.0980141,0.6465997,0.9166542,0.2060624,0.7349958,1.0093296,0.2240880,0.7737156,0.8948983,0.3819651,0.7586000,0.8583000,0.4771000,0.6987000,0.7114000,0.3583000,0.7225000,0.6500000,0.2782000,0.7336000,0.5864000,0.3809000,0.7998000,0.4729000,0.5103000,0.3182822,-0.0000000,-0.0000000},
{0.8966192,0.5298192,-0.0115449,0.6049306,0.7128476,0.0969644,0.6465204,0.9164667,0.2060897,0.7347540,1.0090912,0.2239949,0.7735574,0.8947754,0.3819226,0.7582000,0.8592000,0.4759000,0.6982000,0.7120000,0.3578000,0.7222000,0.6505000,0.2780000,0.7330000,0.5872000,0.3810000,0.7987000,0.4740000,0.5109000,0.3182822,-0.0000000,-0.0000000},
{0.8968861,0.5308479,-0.0127488,0.6049803,0.7136004,0.0960487,0.6463398,0.9160384,0.2061521,0.7338834,1.0082289,0.2236615,0.7733367,0.8946034,0.3818634,0.7577000,0.8602000,0.4748000,0.6978000,0.7126000,0.3572000,0.7217000,0.6509000,0.2778000,0.7323000,0.5880000,0.3810000,0.7977000,0.4751000,0.5114000,0.3182822,-0.0000000,-0.0000000},
{0.8970045,0.5313030,-0.0132819,0.6050370,0.7144060,0.0950638,0.6462093,0.9157284,0.2061973,0.7332242,1.0075722,0.2234109,0.7730517,0.8943809,0.3817873,0.7572000,0.8611000,0.4736000,0.6973000,0.7134000,0.3566000,0.7213000,0.6512000,0.2776000,0.7316000,0.5888000,0.3811000,0.7967000,0.4761000,0.5119000,0.3182822,-0.0000000,-0.0000000}
};
