fitErrPi Mean = 0.358558
fitErrTh Mean = 0.0223524
fitErrWr Mean = 0.0117189
fitErrLA Mean = 0.0172101
fitErrEl Mean = 0.0224557
fitErrUA Mean = 0.217623
efPts = {
{0.7767971,0.3798033,0.2482627,0.7889938,0.3284743,0.2397003,0.6858471,0.4921773,0.2747946,0.6337792,0.6195669,0.2915883,1.1160888,1.2161803,0.4030021,0.7422000,0.7285000,0.5321000,0.7605000,0.5905000,0.4035000,0.7638000,0.5805000,0.2774000,0.8195000,0.5231000,0.3776000,0.9399000,0.4324000,0.4640000,0.3182822,-0.1651071,0.0000000},
{0.7765883,0.3800318,0.2484116,0.7885045,0.3288909,0.2401111,0.6857292,0.4923915,0.2747760,0.6336504,0.6200763,0.2912995,0.9114309,0.8592469,0.4505383,0.7417000,0.7291000,0.5317000,0.7602000,0.5907000,0.4034000,0.7639000,0.5804000,0.2774000,0.8192000,0.5233000,0.3777000,0.9393000,0.4326000,0.4645000,0.3182822,-0.1651071,0.0000000},
{0.7762936,0.3803548,0.2486213,0.7878968,0.3294104,0.2406184,0.6855615,0.4926966,0.2747495,0.6335365,0.6205302,0.2910427,0.9112734,0.8595276,0.4503371,0.7411000,0.7297000,0.5312000,0.7598000,0.5911000,0.4032000,0.7640000,0.5803000,0.2773000,0.8192000,0.5233000,0.3777000,0.9387000,0.4329000,0.4649000,0.3182822,-0.1651071,0.0000000},
{0.7759952,0.3806825,0.2488329,0.7872599,0.3299571,0.2411466,0.6854175,0.4929590,0.2747266,0.6334084,0.6210446,0.2907523,0.9110790,0.8598745,0.4500887,0.7406000,0.7303000,0.5307000,0.7595000,0.5914000,0.4031000,0.7641000,0.5803000,0.2773000,0.8192000,0.5240000,0.3776000,0.9381000,0.4332000,0.4654000,0.3182822,-0.1651071,0.0000000},
{0.7756609,0.3810502,0.2490691,0.7866336,0.3304969,0.2416626,0.6852581,0.4932498,0.2747012,0.6333003,0.6214820,0.2905059,0.9107893,0.8603920,0.4497181,0.7400000,0.7309000,0.5302000,0.7590000,0.5918000,0.4030000,0.7643000,0.5802000,0.2772000,0.8188000,0.5243000,0.3777000,0.9375000,0.4336000,0.4658000,0.3182822,-0.1651071,0.0000000},
{0.7753867,0.3813523,0.2492622,0.7859767,0.3310653,0.2422001,0.6851073,0.4935253,0.2746771,0.6331875,0.6219420,0.2902472,0.9106116,0.8607098,0.4494907,0.7394000,0.7315000,0.5297000,0.7587000,0.5922000,0.4028000,0.7644000,0.5801000,0.2772000,0.8183000,0.5246000,0.3777000,0.9369000,0.4340000,0.4663000,0.3182822,-0.1651071,0.0000000},
{0.7749786,0.3818028,0.2495484,0.7852521,0.3316953,0.2427887,0.6848594,0.4939789,0.2746373,0.6330820,0.6223749,0.2900042,0.9103077,0.8612541,0.4491014,0.7388000,0.7321000,0.5292000,0.7583000,0.5926000,0.4026000,0.7645000,0.5800000,0.2771000,0.8178000,0.5249000,0.3777000,0.9363000,0.4345000,0.4667000,0.3182822,-0.1651071,0.0000000},
{0.7745002,0.3823322,0.2498824,0.7845420,0.3323153,0.2433612,0.6845931,0.4944675,0.2745942,0.6329459,0.6229379,0.2896889,0.9099661,0.8618669,0.4486634,0.7382000,0.7328000,0.5286000,0.7579000,0.5930000,0.4024000,0.7647000,0.5800000,0.2771000,0.8173000,0.5253000,0.3778000,0.9356000,0.4350000,0.4672000,0.3182822,-0.1651071,0.0000000},
{0.7739794,0.3829103,0.2502439,0.7836953,0.3330583,0.2440383,0.6842782,0.4950468,0.2745428,0.6327756,0.6236493,0.2892915,0.9096980,0.8623486,0.4483193,0.7375000,0.7334000,0.5281000,0.7574000,0.5935000,0.4021000,0.7648000,0.5799000,0.2770000,0.8168000,0.5257000,0.3778000,0.9348000,0.4355000,0.4676000,0.3182822,-0.1651071,0.0000000},
{0.7732240,0.3837515,0.2507645,0.7826880,0.3339472,0.2448359,0.6838263,0.4958810,0.2744684,0.6325550,0.6245839,0.2887713,0.9094724,0.8627544,0.4480295,0.7369000,0.7341000,0.5275000,0.7569000,0.5942000,0.4018000,0.7649000,0.5798000,0.2770000,0.8162000,0.5262000,0.3778000,0.9341000,0.4360000,0.4681000,0.3182822,-0.1651071,0.0000000},
{0.7724009,0.3846721,0.2513267,0.7815404,0.3349665,0.2457342,0.6832281,0.4969907,0.2743685,0.6323047,0.6256610,0.2881743,0.9089437,0.8637075,0.4473496,0.7362000,0.7348000,0.5270000,0.7564000,0.5948000,0.4015000,0.7650000,0.5797000,0.2769000,0.8157000,0.5266000,0.3778000,0.9334000,0.4366000,0.4685000,0.3182822,-0.1651071,0.0000000},
{0.7713015,0.3859083,0.2520695,0.7801050,0.3362513,0.2468427,0.6826024,0.4981579,0.2742623,0.6320178,0.6269198,0.2874800,0.9085588,0.8644029,0.4468539,0.7356000,0.7356000,0.5263000,0.7558000,0.5955000,0.4011000,0.7652000,0.5797000,0.2769000,0.8151000,0.5271000,0.3777000,0.9327000,0.4372000,0.4689000,0.3182822,-0.1651071,0.0000000},
{0.7701525,0.3872081,0.2528358,0.7785378,0.3376664,0.2480339,0.6818855,0.4995037,0.2741386,0.6317173,0.6282668,0.2867410,0.9081075,0.8652201,0.4462720,0.7350000,0.7365000,0.5257000,0.7552000,0.5962000,0.4007000,0.7653000,0.5796000,0.2768000,0.8145000,0.5276000,0.3777000,0.9319000,0.4378000,0.4693000,0.3182822,-0.1651071,0.0000000},
{0.7688074,0.3887399,0.2537200,0.7767772,0.3392713,0.2493486,0.6810772,0.5010322,0.2739964,0.6313756,0.6298368,0.2858849,0.9076197,0.8661056,0.4456421,0.7344000,0.7375000,0.5250000,0.7545000,0.5970000,0.4003000,0.7654000,0.5795000,0.2767000,0.8138000,0.5280000,0.3776000,0.9311000,0.4384000,0.4697000,0.3182822,-0.1651071,0.0000000},
{0.7673680,0.3903912,0.2546508,0.7749722,0.3409329,0.2506711,0.6801734,0.5027550,0.2738338,0.6310013,0.6316053,0.2849272,0.9070904,0.8670688,0.4449575,0.7339000,0.7385000,0.5243000,0.7538000,0.5979000,0.3999000,0.7656000,0.5794000,0.2767000,0.8132000,0.5285000,0.3775000,0.9303000,0.4389000,0.4701000,0.3182822,-0.1651071,0.0000000},
{0.7658197,0.3921814,0.2556344,0.7729284,0.3428341,0.2521380,0.6791247,0.5047729,0.2736405,0.6306032,0.6335477,0.2838833,0.9065113,0.8681259,0.4442072,0.7333000,0.7397000,0.5237000,0.7530000,0.5988000,0.3995000,0.7657000,0.5794000,0.2766000,0.8125000,0.5290000,0.3774000,0.9294000,0.4395000,0.4704000,0.3182822,-0.1651071,0.0000000},
{0.7640844,0.3942050,0.2567152,0.7708466,0.3447918,0.2535993,0.6779775,0.5070039,0.2734231,0.6301792,0.6356921,0.2827405,0.9058290,0.8693756,0.4433213,0.7329000,0.7410000,0.5230000,0.7523000,0.6000000,0.3991000,0.7658000,0.5793000,0.2766000,0.8117000,0.5295000,0.3774000,0.9285000,0.4401000,0.4708000,0.3182822,-0.1651071,0.0000000},
{0.7622240,0.3963943,0.2578485,0.7685516,0.3469742,0.2551726,0.6767576,0.5094040,0.2731850,0.6297199,0.6381117,0.2814627,0.9052352,0.8704667,0.4425489,0.7324000,0.7423000,0.5223000,0.7516000,0.6009000,0.3988000,0.7660000,0.5792000,0.2765000,0.8110000,0.5301000,0.3774000,0.9276000,0.4407000,0.4713000,0.3182822,-0.1651071,0.0000000},
{0.7601978,0.3988022,0.2590532,0.7660861,0.3493468,0.2568194,0.6754000,0.5121095,0.2729114,0.6292378,0.6407734,0.2800714,0.9045667,0.8716990,0.4416775,0.7320000,0.7436000,0.5216000,0.7508000,0.6021000,0.3984000,0.7661000,0.5792000,0.2765000,0.8102000,0.5307000,0.3775000,0.9267000,0.4413000,0.4717000,0.3182822,-0.1651071,0.0000000},
{0.7580451,0.4013872,0.2602994,0.7634344,0.3519302,0.2585414,0.6739697,0.5150000,0.2726130,0.6287409,0.6436657,0.2785762,0.9039272,0.8728822,0.4408421,0.7316000,0.7450000,0.5210000,0.7500000,0.6033000,0.3981000,0.7662000,0.5791000,0.2764000,0.8094000,0.5313000,0.3775000,0.9258000,0.4420000,0.4722000,0.3182822,-0.1651071,0.0000000},
{0.7557433,0.4041814,0.2615936,0.7605956,0.3547317,0.2603294,0.6724434,0.5181316,0.2722828,0.6282365,0.6467806,0.2769848,0.9032071,0.8742192,0.4398994,0.7313000,0.7463000,0.5203000,0.7493000,0.6044000,0.3978000,0.7663000,0.5790000,0.2764000,0.8086000,0.5319000,0.3776000,0.9247000,0.4426000,0.4728000,0.3182822,-0.1651071,0.0000000},
{0.7533657,0.4071002,0.2628889,0.7577417,0.3575847,0.2620700,0.6708231,0.5215112,0.2719184,0.6277318,0.6501112,0.2753045,0.9024074,0.8757101,0.4388499,0.7310000,0.7477000,0.5196000,0.7484000,0.6056000,0.3974000,0.7665000,0.5789000,0.2763000,0.8078000,0.5325000,0.3777000,0.9237000,0.4432000,0.4733000,0.3182822,-0.1651071,0.0000000},
{0.7507904,0.4102993,0.2642447,0.7547087,0.3606562,0.2638584,0.6690864,0.5251989,0.2715115,0.6272120,0.6538115,0.2734630,0.9016439,0.8771393,0.4378454,0.7307000,0.7492000,0.5188000,0.7475000,0.6069000,0.3969000,0.7666000,0.5789000,0.2763000,0.8069000,0.5330000,0.3778000,0.9226000,0.4438000,0.4739000,0.3182822,-0.1651071,0.0000000},
{0.7480590,0.4137346,0.2656290,0.7514643,0.3639862,0.2657028,0.6672510,0.5291726,0.2710623,0.6267079,0.6577264,0.2715429,0.9008099,0.8787072,0.4367453,0.7305000,0.7507000,0.5181000,0.7466000,0.6081000,0.3964000,0.7667000,0.5788000,0.2762000,0.8061000,0.5335000,0.3779000,0.9215000,0.4443000,0.4744000,0.3182822,-0.1651071,0.0000000},
{0.7452319,0.4173361,0.2670037,0.7480750,0.3675130,0.2675549,0.6653724,0.5333249,0.2705812,0.6262299,0.6618222,0.2695646,0.8999304,0.8803683,0.4355819,0.7303000,0.7524000,0.5173000,0.7456000,0.6095000,0.3959000,0.7669000,0.5787000,0.2762000,0.8053000,0.5340000,0.3779000,0.9204000,0.4448000,0.4750000,0.3182822,-0.1651071,0.0000000},
{0.7423239,0.4210893,0.2683562,0.7446393,0.3711374,0.2693558,0.6634324,0.5377077,0.2700605,0.6257756,0.6661778,0.2674941,0.8990636,0.8820131,0.4344320,0.7302000,0.7542000,0.5165000,0.7447000,0.6109000,0.3953000,0.7670000,0.5786000,0.2761000,0.8044000,0.5346000,0.3779000,0.9193000,0.4453000,0.4755000,0.3182822,-0.1651071,0.0000000},
{0.7392847,0.4250646,0.2697030,0.7410859,0.3749374,0.2711386,0.6614261,0.5423470,0.2694954,0.6253519,0.6708132,0.2653274,0.8979680,0.8841030,0.4329738,0.7301000,0.7561000,0.5157000,0.7437000,0.6125000,0.3947000,0.7671000,0.5786000,0.2761000,0.8035000,0.5351000,0.3779000,0.9181000,0.4458000,0.4760000,0.3182822,-0.1651071,0.0000000},
{0.7360452,0.4293611,0.2710636,0.7373325,0.3790071,0.2729350,0.6593583,0.5472485,0.2688828,0.6249695,0.6757123,0.2630777,0.8969512,0.8860537,0.4316158,0.7302000,0.7581000,0.5149000,0.7428000,0.6141000,0.3941000,0.7672000,0.5785000,0.2760000,0.8026000,0.5355000,0.3778000,0.9169000,0.4462000,0.4764000,0.3182822,-0.1651071,0.0000000},
{0.7327218,0.4338325,0.2723786,0.7333961,0.3833362,0.2747245,0.6573693,0.5520849,0.2682630,0.6246440,0.6807613,0.2608016,0.8960209,0.8878480,0.4303693,0.7303000,0.7600000,0.5140000,0.7419000,0.6158000,0.3934000,0.7674000,0.5784000,0.2760000,0.8017000,0.5361000,0.3777000,0.9158000,0.4466000,0.4769000,0.3182822,-0.1651071,0.0000000},
{0.7292603,0.4385586,0.2736613,0.7292216,0.3879941,0.2765180,0.6550737,0.5578249,0.2675080,0.6243726,0.6861277,0.2584282,0.8948764,0.8900679,0.4288304,0.7305000,0.7619000,0.5131000,0.7410000,0.6176000,0.3927000,0.7675000,0.5783000,0.2759000,0.8008000,0.5365000,0.3777000,0.9145000,0.4468000,0.4773000,0.3182822,-0.1651071,0.0000000},
{0.7256389,0.4435784,0.2749076,0.7249587,0.3928212,0.2782403,0.6528220,0.5636321,0.2667231,0.6241677,0.6917827,0.2559773,0.8939462,0.8918825,0.4275752,0.7307000,0.7638000,0.5122000,0.7401000,0.6194000,0.3919000,0.7676000,0.5783000,0.2759000,0.7999000,0.5370000,0.3777000,0.9134000,0.4471000,0.4777000,0.3182822,-0.1651071,0.0000000},
{0.7218919,0.4488542,0.2760937,0.7205411,0.3978976,0.2799098,0.6505578,0.5696622,0.2658861,0.6240397,0.6977512,0.2534448,0.8927948,0.8941415,0.4260160,0.7309000,0.7657000,0.5113000,0.7393000,0.6212000,0.3910000,0.7678000,0.5782000,0.2758000,0.7991000,0.5374000,0.3776000,0.9123000,0.4473000,0.4781000,0.3182822,-0.1651071,0.0000000},
{0.7181095,0.4542648,0.2771834,0.7160131,0.4031786,0.2815006,0.6482201,0.5761054,0.2649673,0.6240004,0.7039657,0.2508660,0.8917288,0.8962457,0.4245670,0.7312000,0.7676000,0.5104000,0.7385000,0.6230000,0.3901000,0.7679000,0.5781000,0.2758000,0.7984000,0.5377000,0.3775000,0.9113000,0.4476000,0.4785000,0.3182822,-0.1651071,0.0000000},
{0.7143261,0.4597628,0.2781641,0.7114201,0.4086151,0.2829905,0.6459448,0.5826088,0.2640148,0.6240574,0.7103318,0.2482841,0.8906068,0.8984742,0.4230359,0.7315000,0.7696000,0.5095000,0.7377000,0.6248000,0.3893000,0.7680000,0.5780000,0.2757000,0.7976000,0.5380000,0.3774000,0.9102000,0.4478000,0.4789000,0.3182822,-0.1651071,0.0000000},
{0.7104997,0.4654123,0.2790438,0.7067086,0.4142746,0.2843903,0.6437101,0.5892407,0.2630180,0.6242199,0.7169854,0.2456491,0.8893683,0.9009503,0.4213390,0.7318000,0.7717000,0.5087000,0.7369000,0.6266000,0.3885000,0.7680000,0.5780000,0.2757000,0.7967000,0.5383000,0.3773000,0.9091000,0.4480000,0.4793000,0.3182822,-0.1651071,0.0000000},
{0.7066062,0.4712535,0.2798214,0.7019937,0.4200219,0.2856613,0.6414946,0.5960801,0.2619634,0.6244906,0.7237470,0.2430364,0.8882457,0.9032097,0.4197944,0.7323000,0.7738000,0.5078000,0.7361000,0.6285000,0.3876000,0.7679000,0.5790000,0.2751000,0.7958000,0.5386000,0.3772000,0.9079000,0.4483000,0.4798000,0.3182822,-0.1651071,0.0000000},
{0.7026660,0.4772614,0.2804859,0.6971044,0.4260698,0.2868426,0.6392962,0.6031557,0.2608445,0.6248766,0.7306830,0.2404231,0.8869876,0.9057591,0.4180561,0.7328000,0.7758000,0.5070000,0.7355000,0.6305000,0.3869000,0.7680000,0.5804000,0.2741000,0.7948000,0.5390000,0.3772000,0.9067000,0.4486000,0.4803000,0.3182822,-0.1651071,0.0000000},
{0.6986576,0.4834750,0.2810333,0.6922446,0.4321700,0.2878789,0.6371747,0.6102895,0.2596880,0.6253850,0.7378017,0.2378101,0.8858271,0.9081269,0.4164456,0.7334000,0.7779000,0.5062000,0.7348000,0.6324000,0.3860000,0.7672000,0.5809000,0.2740000,0.7939000,0.5395000,0.3771000,0.9054000,0.4489000,0.4807000,0.3182822,-0.1651071,0.0000000},
{0.6946153,0.4898468,0.2814513,0.6871845,0.4386160,0.2888115,0.6350508,0.6177707,0.2584451,0.6260172,0.7450490,0.2352205,0.8846610,0.9105219,0.4148206,0.7340000,0.7799000,0.5054000,0.7342000,0.6344000,0.3853000,0.7670000,0.5819000,0.2740000,0.7929000,0.5400000,0.3770000,0.9041000,0.4491000,0.4811000,0.3182822,-0.1651071,0.0000000},
{0.6905055,0.4964364,0.2817354,0.6820561,0.4452477,0.2896038,0.6330276,0.6252568,0.2571710,0.6267980,0.7526083,0.2325943,0.8834618,0.9130020,0.4131422,0.7345000,0.7819000,0.5046000,0.7336000,0.6364000,0.3845000,0.7663000,0.5829000,0.2737000,0.7920000,0.5405000,0.3770000,0.9027000,0.4494000,0.4816000,0.3182822,-0.1651071,0.0000000},
{0.6863972,0.5031386,0.2818738,0.6769096,0.4520030,0.2902430,0.6310187,0.6330887,0.2558059,0.6277043,0.7601936,0.2300348,0.8822664,0.9154917,0.4114616,0.7351000,0.7839000,0.5038000,0.7331000,0.6385000,0.3836000,0.7664000,0.5841000,0.2734000,0.7911000,0.5410000,0.3769000,0.9014000,0.4496000,0.4821000,0.3182822,-0.1651071,0.0000000},
{0.6823543,0.5098495,0.2818639,0.6717510,0.4588760,0.2907258,0.6291179,0.6409243,0.2544076,0.6287671,0.7680217,0.2274720,0.8809861,0.9181776,0.4096534,0.7356000,0.7859000,0.5031000,0.7327000,0.6405000,0.3828000,0.7660000,0.5851000,0.2731000,0.7903000,0.5414000,0.3769000,0.9001000,0.4498000,0.4826000,0.3182822,-0.1651071,0.0000000},
{0.6782210,0.5168321,0.2816997,0.6664716,0.4660167,0.2910543,0.6272822,0.6489518,0.2529417,0.6299531,0.7758189,0.2249977,0.8798257,0.9206295,0.4080070,0.7362000,0.7879000,0.5023000,0.7322000,0.6425000,0.3819000,0.7651000,0.5860000,0.2727000,0.7894000,0.5418000,0.3769000,0.8988000,0.4501000,0.4831000,0.3182822,-0.1651071,0.0000000},
{0.6741516,0.5238311,0.2813806,0.6612039,0.4732506,0.2912126,0.6255755,0.6568972,0.2514580,0.6312957,0.7837904,0.2225484,0.8786723,0.9230837,0.4063631,0.7368000,0.7900000,0.5016000,0.7318000,0.6444000,0.3811000,0.7644000,0.5869000,0.2725000,0.7885000,0.5422000,0.3769000,0.8974000,0.4504000,0.4836000,0.3182822,-0.1651071,0.0000000},
{0.6701630,0.5308152,0.2809109,0.6560205,0.4804770,0.2912004,0.6239788,0.6648351,0.2499433,0.6327492,0.7916591,0.2202096,0.8773897,0.9258328,0.4045267,0.7374000,0.7920000,0.5008000,0.7314000,0.6465000,0.3803000,0.7637000,0.5879000,0.2723000,0.7876000,0.5426000,0.3769000,0.8961000,0.4507000,0.4842000,0.3182822,-0.1651071,0.0000000},
{0.6662064,0.5378688,0.2802858,0.6508427,0.4878049,0.2910186,0.6224631,0.6729196,0.2483677,0.6343145,0.7994562,0.2179693,0.8763159,0.9281509,0.4029821,0.7381000,0.7941000,0.5001000,0.7310000,0.6484000,0.3796000,0.7627000,0.5889000,0.2721000,0.7866000,0.5431000,0.3769000,0.8946000,0.4510000,0.4848000,0.3182822,-0.1651071,0.0000000},
{0.6622673,0.5450210,0.2794992,0.6455823,0.4953641,0.2906564,0.6210685,0.6809419,0.2467716,0.6360088,0.8072754,0.2157993,0.8752284,0.9305141,0.4014112,0.7388000,0.7961000,0.4993000,0.7306000,0.6504000,0.3788000,0.7617000,0.5899000,0.2719000,0.7856000,0.5435000,0.3770000,0.8932000,0.4514000,0.4853000,0.3182822,-0.1651071,0.0000000},
{0.6583605,0.5522480,0.2785502,0.6403786,0.5029581,0.2901176,0.6197668,0.6890648,0.2451225,0.6378341,0.8151220,0.2136989,0.8740745,0.9330390,0.3997369,0.7396000,0.7981000,0.4986000,0.7303000,0.6523000,0.3783000,0.7606000,0.5910000,0.2717000,0.7847000,0.5441000,0.3771000,0.8917000,0.4518000,0.4858000,0.3182822,-0.1651071,0.0000000},
{0.6544530,0.5596154,0.2774248,0.6352089,0.5106205,0.2893993,0.6185881,0.6970987,0.2434592,0.6399197,0.8234925,0.2115435,0.8730479,0.9353007,0.3982407,0.7403000,0.8002000,0.4977000,0.7300000,0.6541000,0.3776000,0.7593000,0.5921000,0.2715000,0.7837000,0.5446000,0.3771000,0.8902000,0.4522000,0.4864000,0.3182822,-0.1651071,0.0000000},
{0.6506115,0.5670010,0.2761378,0.6300733,0.5183523,0.2884993,0.6174857,0.7053795,0.2417110,0.6420069,0.8313469,0.2096012,0.8719849,0.9376579,0.3966849,0.7411000,0.8022000,0.4969000,0.7297000,0.6560000,0.3769000,0.7582000,0.5931000,0.2713000,0.7827000,0.5451000,0.3771000,0.8887000,0.4525000,0.4869000,0.3182822,-0.1651071,0.0000000},
{0.6468399,0.5743973,0.2746904,0.6249661,0.5261644,0.2874136,0.6165241,0.7134226,0.2399806,0.6441683,0.8390208,0.2077789,0.8708149,0.9402709,0.3949646,0.7418000,0.8042000,0.4960000,0.7293000,0.6578000,0.3763000,0.7570000,0.5941000,0.2711000,0.7817000,0.5456000,0.3771000,0.8872000,0.4529000,0.4874000,0.3182822,-0.1651071,0.0000000},
{0.6431517,0.5817775,0.2730885,0.6198876,0.5340586,0.2861381,0.6156747,0.7214164,0.2382290,0.6464025,0.8465348,0.2060672,0.8697368,0.9426960,0.3933720,0.7424000,0.8064000,0.4951000,0.7290000,0.6594000,0.3757000,0.7560000,0.5951000,0.2709000,0.7807000,0.5462000,0.3771000,0.8857000,0.4534000,0.4879000,0.3182822,-0.1651071,0.0000000},
{0.6395763,0.5890794,0.2713489,0.6149217,0.5419047,0.2846939,0.6149496,0.7291980,0.2364936,0.6487324,0.8539812,0.2044422,0.8688721,0.9446533,0.3920894,0.7431000,0.8084000,0.4943000,0.7287000,0.6612000,0.3752000,0.7551000,0.5960000,0.2707000,0.7798000,0.5468000,0.3771000,0.8844000,0.4539000,0.4884000,0.3182822,-0.1651071,0.0000000},
{0.6360045,0.5965287,0.2694152,0.6099950,0.5498187,0.2830598,0.6143307,0.7369006,0.2347463,0.6511003,0.8611947,0.2029365,0.8679761,0.9466931,0.3907553,0.7438000,0.8104000,0.4936000,0.7270000,0.6626000,0.3746000,0.7543000,0.5971000,0.2705000,0.7788000,0.5474000,0.3772000,0.8830000,0.4545000,0.4889000,0.3182822,-0.1651071,0.0000000},
{0.6325649,0.6038582,0.2673556,0.6051601,0.5577170,0.2812515,0.6138147,0.7445301,0.2329866,0.6535442,0.8683101,0.2015179,0.8670891,0.9487241,0.3894297,0.7445000,0.8124000,0.4929000,0.7269000,0.6642000,0.3741000,0.7536000,0.5979000,0.2704000,0.7778000,0.5480000,0.3772000,0.8817000,0.4551000,0.4893000,0.3182822,-0.1651071,0.0000000},
{0.6293087,0.6109483,0.2652140,0.6004096,0.5656114,0.2792668,0.6134047,0.7519703,0.2312429,0.6560271,0.8752351,0.2002016,0.8663043,0.9505312,0.3882525,0.7452000,0.8143000,0.4922000,0.7268000,0.6659000,0.3737000,0.7529000,0.5989000,0.2703000,0.7768000,0.5487000,0.3773000,0.8803000,0.4557000,0.4898000,0.3182822,-0.1651071,0.0000000},
{0.6262130,0.6178358,0.2629921,0.5960600,0.5729627,0.2772586,0.6130902,0.7593223,0.2294927,0.6585642,0.8820285,0.1989729,0.8655170,0.9523533,0.3870676,0.7460000,0.8162000,0.4914000,0.7266000,0.6674000,0.3733000,0.7524000,0.5998000,0.2702000,0.7759000,0.5495000,0.3774000,0.8790000,0.4562000,0.4902000,0.3182822,-0.1651071,0.0000000},
{0.6232881,0.6244849,0.2607134,0.5914459,0.5808973,0.2749167,0.6128688,0.7665611,0.2277432,0.6611889,0.8887858,0.1978130,0.8647494,0.9541392,0.3859083,0.7466000,0.8181000,0.4906000,0.7263000,0.6689000,0.3729000,0.7518000,0.6008000,0.2701000,0.7749000,0.5502000,0.3774000,0.8776000,0.4568000,0.4907000,0.3182822,-0.1651071,0.0000000},
{0.6201482,0.6317885,0.2580574,0.5869106,0.5888421,0.2723886,0.6127363,0.7737370,0.2259829,0.6638174,0.8953027,0.1967542,0.8640068,0.9558757,0.3847830,0.7473000,0.8200000,0.4899000,0.7260000,0.6704000,0.3725000,0.7512000,0.6018000,0.2701000,0.7740000,0.5510000,0.3774000,0.8763000,0.4574000,0.4911000,0.3182822,-0.1651071,0.0000000},
{0.6171116,0.6390296,0.2552637,0.5825137,0.5966920,0.2697087,0.6126908,0.7807094,0.2242478,0.6664817,0.9016760,0.1957765,0.8633060,0.9575227,0.3837176,0.7479000,0.8218000,0.4891000,0.7256000,0.6718000,0.3721000,0.7508000,0.6029000,0.2699000,0.7731000,0.5517000,0.3774000,0.8750000,0.4579000,0.4915000,0.3182822,-0.1651071,0.0000000},
{0.6140098,0.6466249,0.2521585,0.5781907,0.6045626,0.2668370,0.6127282,0.7877104,0.2224807,0.6691953,0.9079467,0.1948714,0.8626248,0.9591309,0.3826788,0.7484000,0.8236000,0.4884000,0.7252000,0.6731000,0.3716000,0.7502000,0.6039000,0.2699000,0.7722000,0.5524000,0.3774000,0.8737000,0.4584000,0.4919000,0.3182822,-0.1651071,0.0000000},
{0.6112088,0.6536738,0.2491135,0.5739992,0.6123499,0.2638104,0.6128448,0.7945098,0.2207406,0.6718897,0.9139699,0.1940562,0.8619922,0.9606314,0.3817112,0.7489000,0.8253000,0.4877000,0.7246000,0.6744000,0.3713000,0.7498000,0.6048000,0.2697000,0.7713000,0.5532000,0.3774000,0.8724000,0.4591000,0.4924000,0.3182822,-0.1651071,0.0000000},
{0.6085681,0.6605029,0.2460103,0.5699195,0.6200897,0.2606157,0.6130347,0.8011238,0.2190251,0.6746501,0.9199466,0.1933008,0.8613134,0.9622488,0.3806696,0.7494000,0.8270000,0.4870000,0.7240000,0.6756000,0.3708000,0.7493000,0.6058000,0.2697000,0.7704000,0.5539000,0.3774000,0.8712000,0.4597000,0.4928000,0.3182822,-0.1651071,0.0000000},
{0.6060506,0.6671981,0.2428181,0.5660067,0.6276751,0.2572997,0.6132976,0.8076762,0.2173033,0.6773848,0.9256876,0.1926265,0.8607476,0.9636027,0.3797991,0.7497000,0.8287000,0.4862000,0.7233000,0.6768000,0.3705000,0.7488000,0.6067000,0.2697000,0.7695000,0.5546000,0.3775000,0.8699000,0.4603000,0.4932000,0.3182822,-0.1651071,0.0000000},
{0.6036204,0.6738520,0.2394948,0.5620127,0.6355984,0.2536352,0.6136227,0.8140006,0.2156201,0.6801365,0.9312953,0.1920174,0.8601373,0.9650693,0.3788573,0.7501000,0.8303000,0.4855000,0.7225000,0.6778000,0.3702000,0.7484000,0.6077000,0.2696000,0.7687000,0.5554000,0.3775000,0.8686000,0.4610000,0.4936000,0.3182822,-0.1651071,0.0000000},
{0.6013224,0.6803380,0.2361067,0.5584527,0.6428302,0.2501056,0.6140126,0.8202379,0.2139394,0.6828279,0.9366261,0.1914850,0.8595905,0.9663886,0.3780114,0.7503000,0.8319000,0.4848000,0.7216000,0.6788000,0.3698000,0.7480000,0.6085000,0.2697000,0.7678000,0.5562000,0.3776000,0.8672000,0.4616000,0.4941000,0.3182822,-0.1651071,0.0000000},
{0.5991572,0.6866440,0.2326677,0.5548596,0.6503097,0.2462632,0.6144672,0.8264166,0.2122541,0.6855710,0.9419120,0.1910029,0.8590574,0.9676797,0.3771845,0.7505000,0.8335000,0.4842000,0.7206000,0.6798000,0.3695000,0.7476000,0.6094000,0.2697000,0.7668000,0.5569000,0.3776000,0.8659000,0.4623000,0.4945000,0.3182822,-0.1651071,0.0000000},
{0.5970920,0.6928593,0.2291338,0.5515864,0.6572994,0.2424894,0.6149614,0.8322703,0.2106386,0.6882775,0.9469897,0.1905838,0.8585330,0.9689546,0.3763691,0.7506000,0.8350000,0.4835000,0.7197000,0.6808000,0.3691000,0.7471000,0.6103000,0.2697000,0.7659000,0.5577000,0.3777000,0.8646000,0.4630000,0.4950000,0.3182822,-0.1651071,0.0000000},
{0.5952018,0.6987431,0.2256519,0.5484714,0.6641265,0.2386262,0.6155083,0.8380272,0.2090316,0.6909510,0.9518782,0.1902222,0.8580172,0.9702133,0.3755650,0.7506000,0.8364000,0.4829000,0.7187000,0.6817000,0.3688000,0.7465000,0.6111000,0.2697000,0.7650000,0.5585000,0.3778000,0.8633000,0.4638000,0.4955000,0.3182822,-0.1651071,0.0000000},
{0.5934226,0.7044776,0.2221261,0.5455042,0.6708090,0.2346678,0.6160902,0.8435492,0.2074731,0.6935958,0.9565957,0.1899132,0.8575423,0.9713763,0.3748229,0.7505000,0.8378000,0.4823000,0.7178000,0.6827000,0.3684000,0.7453000,0.6119000,0.2694000,0.7641000,0.5592000,0.3779000,0.8619000,0.4646000,0.4959000,0.3182822,-0.1651071,0.0000000},
{0.5917624,0.7100265,0.2185858,0.5427441,0.6772036,0.2307088,0.6167133,0.8489431,0.2059344,0.6961911,0.9611158,0.1896548,0.8570762,0.9725219,0.3740927,0.7505000,0.8392000,0.4817000,0.7170000,0.6837000,0.3680000,0.7447000,0.6127000,0.2693000,0.7633000,0.5600000,0.3779000,0.8606000,0.4653000,0.4964000,0.3182822,-0.1651071,0.0000000},
{0.5902466,0.7152855,0.2151090,0.5401879,0.6833003,0.2267711,0.6173566,0.8540714,0.2044563,0.6987567,0.9654824,0.1894412,0.8566223,0.9736409,0.3733803,0.7503000,0.8406000,0.4811000,0.7162000,0.6846000,0.3677000,0.7441000,0.6135000,0.2692000,0.7623000,0.5608000,0.3779000,0.8592000,0.4661000,0.4969000,0.3182822,-0.1651071,0.0000000},
{0.5888247,0.7204141,0.2116005,0.5377464,0.6893038,0.2227305,0.6180227,0.8590057,0.2030201,0.7011650,0.9694931,0.1892769,0.8561857,0.9747210,0.3726934,0.7502000,0.8419000,0.4805000,0.7154000,0.6856000,0.3674000,0.7435000,0.6143000,0.2691000,0.7613000,0.5617000,0.3780000,0.8578000,0.4669000,0.4973000,0.3182822,-0.1651071,0.0000000},
{0.5875568,0.7251735,0.2082360,0.5354746,0.6950725,0.2186874,0.6186994,0.8636961,0.2016418,0.7035870,0.9734436,0.1891459,0.8557573,0.9757842,0.3720179,0.7501000,0.8433000,0.4799000,0.7147000,0.6866000,0.3671000,0.7429000,0.6151000,0.2690000,0.7603000,0.5624000,0.3780000,0.8564000,0.4677000,0.4977000,0.3182822,-0.1651071,0.0000000},
{0.5863858,0.7297524,0.2048966,0.5334315,0.7004349,0.2147807,0.6193966,0.8682449,0.2002930,0.7058756,0.9771028,0.1890524,0.8553771,0.9767306,0.3714172,0.7500000,0.8446000,0.4793000,0.7139000,0.6877000,0.3668000,0.7424000,0.6158000,0.2689000,0.7593000,0.5632000,0.3781000,0.8550000,0.4685000,0.4982000,0.3182822,-0.1651071,0.0000000},
{0.5852926,0.7342141,0.2015422,0.5315299,0.7055987,0.2108762,0.6200903,0.8725285,0.1990117,0.7080493,0.9805139,0.1889900,0.8549966,0.9776804,0.3708150,0.7498000,0.8460000,0.4787000,0.7130000,0.6888000,0.3665000,0.7419000,0.6166000,0.2689000,0.7584000,0.5640000,0.3782000,0.8537000,0.4693000,0.4986000,0.3182822,-0.1651071,0.0000000},
{0.5843130,0.7383951,0.1983051,0.5297475,0.7106164,0.2069408,0.6207782,0.8765687,0.1977933,0.7101369,0.9837327,0.1889536,0.8546696,0.9784988,0.3702964,0.7497000,0.8474000,0.4781000,0.7122000,0.6898000,0.3663000,0.7413000,0.6173000,0.2689000,0.7574000,0.5648000,0.3783000,0.8523000,0.4702000,0.4991000,0.3182822,-0.1651071,0.0000000},
{0.5834322,0.7423296,0.1951726,0.5281362,0.7153272,0.2031121,0.6214618,0.8804054,0.1966271,0.7121320,0.9867580,0.1889397,0.8542907,0.9794498,0.3696945,0.7495000,0.8487000,0.4775000,0.7114000,0.6908000,0.3660000,0.7407000,0.6180000,0.2689000,0.7564000,0.5655000,0.3784000,0.8511000,0.4710000,0.4996000,0.3182822,-0.1651071,0.0000000},
{0.5826268,0.7461010,0.1920881,0.5266715,0.7197798,0.1993670,0.6221454,0.8840843,0.1955005,0.7140233,0.9895811,0.1889450,0.8539251,0.9803699,0.3691125,0.7493000,0.8501000,0.4770000,0.7105000,0.6918000,0.3658000,0.7401000,0.6187000,0.2690000,0.7554000,0.5664000,0.3786000,0.8498000,0.4719000,0.5001000,0.3182822,-0.1651071,0.0000000},
{0.5818937,0.7497082,0.1890598,0.5253115,0.7240884,0.1956193,0.6227941,0.8874447,0.1944642,0.7157231,0.9920822,0.1889647,0.8536368,0.9810971,0.3686530,0.7491000,0.8514000,0.4764000,0.7097000,0.6929000,0.3656000,0.7395000,0.6195000,0.2690000,0.7544000,0.5672000,0.3787000,0.8485000,0.4728000,0.5006000,0.3182822,-0.1651071,0.0000000},
{0.5812386,0.7531012,0.1861390,0.5241375,0.7279692,0.1921333,0.6234327,0.8906402,0.1934722,0.7174488,0.9945867,0.1889988,0.8533170,0.9819059,0.3681423,0.7488000,0.8527000,0.4759000,0.7088000,0.6939000,0.3654000,0.7388000,0.6202000,0.2691000,0.7535000,0.5680000,0.3789000,0.8471000,0.4737000,0.5012000,0.3182822,-0.1651071,0.0000000},
{0.5806538,0.7562949,0.1833230,0.5230343,0.7317812,0.1886014,0.6240615,0.8936866,0.1925206,0.7189586,0.9967501,0.1890401,0.8529844,0.9827489,0.3676103,0.7485000,0.8539000,0.4753000,0.7081000,0.6948000,0.3652000,0.7382000,0.6210000,0.2691000,0.7526000,0.5688000,0.3790000,0.8458000,0.4746000,0.5017000,0.3182822,-0.1651071,0.0000000},
{0.5801332,0.7592975,0.1806140,0.5220558,0.7353241,0.1852173,0.6246664,0.8965313,0.1916267,0.7203043,0.9986568,0.1890858,0.8527128,0.9834390,0.3671753,0.7482000,0.8552000,0.4747000,0.7073000,0.6958000,0.3649000,0.7375000,0.6217000,0.2692000,0.7516000,0.5697000,0.3792000,0.8444000,0.4755000,0.5023000,0.3182822,-0.1651071,0.0000000},
{0.5796637,0.7621651,0.1779690,0.5211635,0.7387183,0.1818781,0.6252033,0.8989905,0.1908498,0.7216291,1.0005143,0.1891388,0.8523861,0.9842713,0.3666509,0.7479000,0.8564000,0.4742000,0.7066000,0.6967000,0.3646000,0.7369000,0.6224000,0.2692000,0.7506000,0.5706000,0.3794000,0.8431000,0.4764000,0.5028000,0.3182822,-0.1651071,0.0000000},
{0.5792513,0.7648370,0.1754517,0.5203667,0.7419110,0.1786450,0.6257577,0.9014696,0.1900627,0.7227797,1.0021119,0.1891913,0.8520827,0.9850456,0.3661634,0.7475000,0.8576000,0.4735000,0.7058000,0.6977000,0.3644000,0.7363000,0.6231000,0.2692000,0.7496000,0.5715000,0.3795000,0.8417000,0.4774000,0.5033000,0.3182822,-0.1651071,0.0000000},
{0.5788789,0.7674034,0.1729840,0.5196756,0.7448339,0.1756022,0.6262817,0.9037601,0.1893319,0.7237976,1.0035136,0.1892425,0.8517884,0.9857987,0.3656897,0.7471000,0.8587000,0.4729000,0.7051000,0.6986000,0.3641000,0.7356000,0.6238000,0.2691000,0.7486000,0.5723000,0.3796000,0.8403000,0.4783000,0.5039000,0.3182822,-0.1651071,0.0000000},
{0.5785486,0.7698325,0.1706016,0.5190288,0.7477315,0.1725028,0.6267489,0.9057610,0.1886907,0.7247478,1.0048119,0.1892945,0.8515299,0.9864617,0.3652729,0.7466000,0.8599000,0.4722000,0.7043000,0.6996000,0.3637000,0.7350000,0.6244000,0.2690000,0.7476000,0.5731000,0.3796000,0.8389000,0.4792000,0.5043000,0.3182822,-0.1651071,0.0000000},
{0.5782606,0.7721000,0.1683353,0.5184524,0.7504814,0.1694805,0.6271850,0.9075955,0.1881005,0.7255210,1.0058614,0.1893396,0.8512258,0.9872433,0.3647819,0.7462000,0.8609000,0.4715000,0.7035000,0.7004000,0.3634000,0.7343000,0.6251000,0.2690000,0.7466000,0.5739000,0.3797000,0.8375000,0.4801000,0.5049000,0.3182822,-0.1651071,0.0000000},
{0.5780001,0.7743039,0.1660917,0.5179793,0.7528897,0.1667651,0.6276218,0.9094020,0.1875172,0.7262230,1.0068089,0.1893829,0.8509155,0.9880428,0.3642800,0.7457000,0.8620000,0.4708000,0.7027000,0.7013000,0.3630000,0.7336000,0.6257000,0.2690000,0.7455000,0.5747000,0.3798000,0.8361000,0.4810000,0.5053000,0.3182822,-0.1651071,0.0000000},
{0.5777754,0.7763557,0.1639656,0.5175486,0.7552357,0.1640548,0.6279958,0.9109256,0.1870235,0.7267756,1.0075512,0.1894184,0.8506614,0.9886988,0.3638686,0.7451000,0.8631000,0.4701000,0.7020000,0.7022000,0.3626000,0.7329000,0.6264000,0.2689000,0.7446000,0.5755000,0.3799000,0.8347000,0.4819000,0.5059000,0.3182822,-0.1651071,0.0000000},
{0.5775735,0.7783560,0.1618569,0.5171576,0.7575309,0.1613374,0.6283078,0.9121809,0.1866156,0.7272081,1.0081299,0.1894471,0.8503918,0.9893964,0.3634313,0.7446000,0.8641000,0.4694000,0.7012000,0.7030000,0.3622000,0.7322000,0.6270000,0.2689000,0.7436000,0.5763000,0.3800000,0.8333000,0.4828000,0.5064000,0.3182822,-0.1651071,0.0000000},
{0.5774036,0.7801905,0.1598905,0.5168126,0.7597326,0.1586661,0.6286486,0.9135355,0.1861742,0.7274945,1.0085120,0.1894665,0.8500727,0.9902239,0.3629129,0.7440000,0.8651000,0.4688000,0.7005000,0.7038000,0.3619000,0.7315000,0.6275000,0.2688000,0.7426000,0.5770000,0.3801000,0.8320000,0.4837000,0.5069000,0.3182822,-0.1651071,0.0000000},
{0.5772475,0.7820449,0.1578704,0.5164760,0.7621021,0.1557160,0.6288891,0.9144819,0.1858651,0.7277538,1.0088574,0.1894844,0.8498065,0.9909158,0.3624798,0.7433000,0.8660000,0.4681000,0.6997000,0.7046000,0.3615000,0.7308000,0.6281000,0.2688000,0.7416000,0.5778000,0.3802000,0.8305000,0.4846000,0.5074000,0.3182822,-0.1651071,0.0000000},
{0.5771114,0.7838434,0.1558790,0.5162061,0.7642324,0.1529929,0.6291416,0.9154672,0.1855427,0.7278718,1.0090143,0.1894926,0.8495379,0.9916158,0.3620421,0.7426000,0.8669000,0.4674000,0.6989000,0.7054000,0.3611000,0.7301000,0.6286000,0.2687000,0.7406000,0.5786000,0.3802000,0.8291000,0.4855000,0.5080000,0.3182822,-0.1651071,0.0000000},
{0.5769990,0.7855145,0.1539991,0.5159791,0.7662674,0.1503250,0.6293469,0.9162617,0.1852822,0.7278968,1.0090474,0.1894944,0.8492361,0.9924038,0.3615495,0.7419000,0.8677000,0.4667000,0.6981000,0.7061000,0.3607000,0.7294000,0.6291000,0.2686000,0.7396000,0.5792000,0.3803000,0.8277000,0.4863000,0.5085000,0.3182822,-0.1651071,0.0000000},
{0.5768997,0.7872035,0.1520691,0.5157865,0.7682756,0.1476242,0.6294940,0.9168275,0.1850964,0.7278968,1.0090474,0.1894944,0.8490094,0.9929968,0.3611791,0.7411000,0.8686000,0.4660000,0.6974000,0.7067000,0.3604000,0.7287000,0.6296000,0.2685000,0.7386000,0.5800000,0.3803000,0.8263000,0.4873000,0.5090000,0.3182822,-0.1651071,0.0000000},
{0.5768195,0.7887956,0.1502214,0.5156227,0.7703492,0.1447598,0.6296253,0.9173303,0.1849311,0.7277796,1.0088916,0.1894862,0.8487346,0.9937174,0.3607293,0.7403000,0.8693000,0.4653000,0.6965000,0.7074000,0.3599000,0.7279000,0.6301000,0.2684000,0.7376000,0.5806000,0.3803000,0.8248000,0.4880000,0.5094000,0.3182822,-0.1651071,0.0000000},
{0.5767553,0.7903279,0.1484163,0.5154970,0.7724243,0.1418106,0.6297358,0.9177516,0.1847925,0.7275846,1.0086321,0.1894727,0.8484622,0.9944332,0.3602827,0.7394000,0.8701000,0.4646000,0.6957000,0.7080000,0.3595000,0.7273000,0.6305000,0.2684000,0.7366000,0.5813000,0.3803000,0.8234000,0.4889000,0.5099000,0.3182822,-0.1651071,0.0000000},
{0.5767037,0.7918715,0.1465701,0.5154093,0.7746076,0.1386116,0.6298198,0.9180711,0.1846873,0.7273454,1.0083132,0.1894563,0.8482717,0.9949348,0.3599700,0.7385000,0.8707000,0.4639000,0.6948000,0.7085000,0.3591000,0.7265000,0.6309000,0.2683000,0.7357000,0.5819000,0.3804000,0.8221000,0.4897000,0.5104000,0.3182822,-0.1651071,0.0000000},
{0.5766625,0.7935867,0.1444849,0.5153701,0.7770855,0.1348505,0.6298658,0.9182454,0.1846299,0.7270848,1.0079651,0.1894388,0.8480092,0.9956271,0.3595387,0.7375000,0.8714000,0.4632000,0.6940000,0.7091000,0.3587000,0.7258000,0.6313000,0.2682000,0.7347000,0.5824000,0.3804000,0.8207000,0.4905000,0.5108000,0.3182822,-0.1651071,0.0000000}
};
