fitErrPi Mean = 0.078887
fitErrTh Mean = 0.0133581
fitErrWr Mean = 0.038634
fitErrLA Mean = 0.0137234
fitErrEl Mean = 0.0207679
fitErrUA Mean = 0.0548911
efPts = {
{0.7828393,0.7693326,-0.0120669,0.8401531,0.1352337,0.3098330,0.7692082,0.3480639,0.3634264,0.8791129,0.9472526,0.2668015,0.7312464,0.5523694,0.4915363,0.7614000,0.6575000,0.5128000,0.7803000,0.6239000,0.3876000,0.8539000,0.5732000,0.3586000,0.9091000,0.5136000,0.3761000,1.0210000,0.5015000,0.4287000,0.8090988,0.7457095,-0.1185949},
{0.8160024,0.1725590,0.3472207,0.8394335,0.1354013,0.3106338,0.7687608,0.3484058,0.3633717,0.6990400,0.4742683,0.3551182,0.7312464,0.5523694,0.4915363,0.7625000,0.6565000,0.5133000,0.7802000,0.6246000,0.3874000,0.8543000,0.5727000,0.3585000,0.9093000,0.5133000,0.3761000,1.0210000,0.5011000,0.4287000,0.7430869,0.0863455,0.3747737},
{0.8151722,0.1731742,0.3476262,0.8385622,0.1356168,0.3115922,0.7680751,0.3489317,0.3632874,0.6985484,0.4745664,0.3549363,0.7312464,0.5523694,0.4915363,0.7636000,0.6555000,0.5138000,0.7801000,0.6254000,0.3873000,0.8547000,0.5722000,0.3585000,0.9094000,0.5130000,0.3761000,1.0210000,0.5008000,0.4287000,0.7421730,0.0873221,0.3750706},
{0.8139784,0.1740686,0.3482031,0.8373396,0.1359419,0.3129168,0.7670446,0.3497268,0.3631592,0.6978281,0.4750094,0.3546682,0.7312464,0.5523694,0.4915363,0.7647000,0.6545000,0.5143000,0.7800000,0.6261000,0.3871000,0.8551000,0.5717000,0.3585000,0.9096000,0.5128000,0.3761000,1.0210000,0.5004000,0.4287000,0.7409228,0.0886702,0.3754691},
{0.8123273,0.1753243,0.3489886,0.8357492,0.1364035,0.3146056,0.7656550,0.3508076,0.3629839,0.6968128,0.4756467,0.3542868,0.7313155,0.5524242,0.4915477,0.7658000,0.6535000,0.5148000,0.7799000,0.6269000,0.3870000,0.8555000,0.5712000,0.3585000,0.9097000,0.5126000,0.3761000,1.0220000,0.5001000,0.4287000,0.7391404,0.0906161,0.3760218},
{0.8102767,0.1769141,0.3499443,0.8336644,0.1370724,0.3167624,0.7638876,0.3521970,0.3627566,0.6955195,0.4764805,0.3537951,0.7313699,0.5524674,0.4915566,0.7669000,0.6525000,0.5153000,0.7798000,0.6277000,0.3868000,0.8559000,0.5707000,0.3585000,0.9099000,0.5124000,0.3761000,1.0220000,0.4998000,0.4287000,0.7369600,0.0930350,0.3766729},
{0.8078716,0.1788213,0.3510373,0.8309295,0.1380552,0.3194985,0.7617374,0.3539099,0.3624736,0.6938287,0.4776084,0.3531422,0.7314372,0.5525208,0.4915677,0.7679000,0.6515000,0.5158000,0.7797000,0.6284000,0.3866000,0.8563000,0.5702000,0.3585000,0.9100000,0.5123000,0.3761000,1.0220000,0.4994000,0.4287000,0.7340960,0.0962771,0.3774864},
{0.8048776,0.1812596,0.3523558,0.8276543,0.1393812,0.3226427,0.7591706,0.3559877,0.3621263,0.6916964,0.4790935,0.3523022,0.7314244,0.5525106,0.4915656,0.7690000,0.6505000,0.5162000,0.7796000,0.6292000,0.3865000,0.8567000,0.5697000,0.3585000,0.9101000,0.5121000,0.3761000,1.0220000,0.4991000,0.4287000,0.7308899,0.0999945,0.3783401},
{0.8013904,0.1841891,0.3538328,0.8237380,0.1411676,0.3262237,0.7562062,0.3584328,0.3617120,0.6891263,0.4809796,0.3512641,0.7313589,0.5524587,0.4915548,0.7701000,0.6496000,0.5167000,0.7795000,0.6299000,0.3863000,0.8571000,0.5692000,0.3585000,0.9102000,0.5119000,0.3761000,1.0220000,0.4987000,0.4287000,0.7273960,0.1041524,0.3792013},
{0.7974025,0.1876571,0.3554444,0.8192700,0.1434559,0.3300871,0.7527868,0.3613154,0.3612163,0.6862244,0.4832406,0.3500571,0.7314258,0.5525118,0.4915658,0.7712000,0.6486000,0.5172000,0.7794000,0.6307000,0.3862000,0.8575000,0.5687000,0.3585000,0.9103000,0.5116000,0.3762000,1.0220000,0.4982000,0.4287000,0.7234959,0.1089272,0.3800763},
{0.7929758,0.1916543,0.3571367,0.8143508,0.1462631,0.3340848,0.7488416,0.3647262,0.3606198,0.6828805,0.4860275,0.3486179,0.6476062,0.6195691,0.4292005,0.7723000,0.6476000,0.5177000,0.7793000,0.6315000,0.3860000,0.8579000,0.5682000,0.3584000,0.9102000,0.5115000,0.3761000,1.0220000,0.4978000,0.4286000,0.7192291,0.1143146,0.3809279},
{0.7880658,0.1962695,0.3588944,0.8088344,0.1497455,0.3382708,0.7444935,0.3685944,0.3599310,0.6792696,0.4892685,0.3470021,0.6484017,0.6212110,0.4289642,0.7734000,0.6466000,0.5182000,0.7792000,0.6322000,0.3859000,0.8583000,0.5677000,0.3584000,0.9101000,0.5117000,0.3757000,1.0220000,0.4973000,0.4285000,0.7147568,0.1201483,0.3816996},
{0.7827158,0.2015169,0.3606663,0.8027413,0.1539752,0.3425539,0.7397673,0.3729339,0.3591433,0.6753753,0.4930530,0.3451826,0.6493144,0.6230699,0.4287020,0.7744000,0.6456000,0.5187000,0.7792000,0.6330000,0.3857000,0.8587000,0.5672000,0.3584000,0.9100000,0.5117000,0.3756000,1.0220000,0.4968000,0.4284000,0.7100091,0.1265547,0.3823809},
{0.7770133,0.2073624,0.3623892,0.7962949,0.1588589,0.3467221,0.7347014,0.3777484,0.3582521,0.6713487,0.4973082,0.3432102,0.6503133,0.6250761,0.4284255,0.7755000,0.6446000,0.5192000,0.7791000,0.6337000,0.3856000,0.8591000,0.5667000,0.3584000,0.9099000,0.5118000,0.3754000,1.0220000,0.4963000,0.4283000,0.7050601,0.1334726,0.3829359},
{0.7708976,0.2139239,0.3640451,0.7893929,0.1645243,0.3507973,0.7293787,0.3829981,0.3572605,0.6671723,0.5021252,0.3410570,0.6512947,0.6270194,0.4281638,0.7766000,0.6436000,0.5197000,0.7790000,0.6345000,0.3854000,0.8594000,0.5662000,0.3584000,0.9098000,0.5118000,0.3753000,1.0220000,0.4958000,0.4281000,0.6999200,0.1409237,0.3833403},
{0.7645736,0.2210312,0.3655458,0.7822255,0.1708571,0.3546296,0.7237109,0.3888156,0.3561391,0.6628585,0.5075808,0.3387053,0.6525062,0.6293830,0.4278536,0.7777000,0.6426000,0.5202000,0.7789000,0.6353000,0.3853000,0.8598000,0.5657000,0.3584000,0.9097000,0.5119000,0.3751000,1.0220000,0.4953000,0.4279000,0.6945253,0.1490450,0.3835702},
{0.7581462,0.2285966,0.3668468,0.7749168,0.1777614,0.3581407,0.7179149,0.3950230,0.3549178,0.6586959,0.5133669,0.3362971,0.6538714,0.6320023,0.4275201,0.7788000,0.6416000,0.5206000,0.7788000,0.6360000,0.3851000,0.8602000,0.5652000,0.3584000,0.9095000,0.5120000,0.3749000,1.0220000,0.4948000,0.4278000,0.6888958,0.1578600,0.3835900},
{0.7515345,0.2367463,0.3679439,0.7673244,0.1853887,0.3613838,0.7118631,0.4018032,0.3535565,0.6547248,0.5194325,0.3338544,0.6552507,0.6346039,0.4271994,0.7799000,0.6406000,0.5211000,0.7787000,0.6368000,0.3849000,0.8606000,0.5647000,0.3584000,0.9093000,0.5121000,0.3746000,1.0220000,0.4943000,0.4275000,0.6830742,0.1673569,0.3833642},
{0.7447826,0.2454635,0.3688054,0.7596303,0.1935717,0.3642674,0.7058138,0.4089095,0.3521010,0.6507907,0.5260501,0.3312726,0.6568661,0.6375978,0.4268432,0.7809000,0.6396000,0.5216000,0.7786000,0.6375000,0.3848000,0.8610000,0.5642000,0.3584000,0.9090000,0.5122000,0.3744000,1.0210000,0.4937000,0.4273000,0.6773373,0.1771118,0.3828854},
{0.7380057,0.2546269,0.3693985,0.7518822,0.2022577,0.3667755,0.6997700,0.4163661,0.3505438,0.6469962,0.5331077,0.3286028,0.6583596,0.6403179,0.4265312,0.7820000,0.6386000,0.5221000,0.7785000,0.6383000,0.3846000,0.8614000,0.5637000,0.3583000,0.9086000,0.5122000,0.3742000,1.0210000,0.4932000,0.4271000,0.6714765,0.1875049,0.3821199},
{0.7311737,0.2642999,0.3697108,0.7441184,0.2113971,0.3689014,0.6936646,0.4242951,0.3488566,0.6433826,0.5405670,0.3258639,0.6600844,0.6434054,0.4261904,0.7831000,0.6376000,0.5226000,0.7784000,0.6391000,0.3845000,0.8618000,0.5632000,0.3583000,0.9081000,0.5123000,0.3740000,1.0210000,0.4925000,0.4268000,0.6656991,0.1981967,0.3810765},
{0.7244269,0.2742993,0.3697258,0.7362384,0.2211099,0.3706712,0.6875711,0.4326468,0.3470463,0.6400429,0.5482433,0.3231242,0.6618295,0.6464746,0.4258656,0.7831000,0.6376000,0.5226000,0.7783000,0.6398000,0.3843000,0.8618000,0.5632000,0.3583000,0.9077000,0.5125000,0.3737000,1.0200000,0.4920000,0.4266000,0.6598874,0.2094277,0.3797193},
{0.7172911,0.2853827,0.3694087,0.7282649,0.2313788,0.3720703,0.6815213,0.4414205,0.3451100,0.6369102,0.5562956,0.3203278,0.6636581,0.6496352,0.4255453,0.7829000,0.6385000,0.5224000,0.7782000,0.6406000,0.3842000,0.8614000,0.5634000,0.3583000,0.9072000,0.5127000,0.3735000,1.0200000,0.4913000,0.4264000,0.6541446,0.2210267,0.3780543},
{0.7104588,0.2965114,0.3687662,0.7203144,0.2420559,0.3730765,0.6753916,0.4508618,0.3429892,0.6339762,0.5647942,0.3174539,0.6655254,0.6528078,0.4252383,0.7820000,0.6412000,0.5214000,0.7781000,0.6413000,0.3840000,0.8611000,0.5642000,0.3579000,0.9066000,0.5128000,0.3734000,1.0190000,0.4907000,0.4262000,0.6484204,0.2331212,0.3760500},
{0.7036821,0.3080804,0.3677803,0.7123063,0.2532513,0.3736982,0.6694166,0.4606736,0.3407463,0.6312984,0.5736176,0.3145472,0.6675941,0.6562614,0.4249203,0.7816000,0.6432000,0.5210000,0.7780000,0.6421000,0.3839000,0.8606000,0.5646000,0.3577000,0.9061000,0.5129000,0.3732000,1.0180000,0.4901000,0.4260000,0.6428595,0.2454228,0.3737459},
{0.6971148,0.3198323,0.3664703,0.7045733,0.2644840,0.3739238,0.6635692,0.4709481,0.3383575,0.6288463,0.5829262,0.3115583,0.6697118,0.6597345,0.4246175,0.7813000,0.6451000,0.5203000,0.7779000,0.6429000,0.3837000,0.8601000,0.5649000,0.3576000,0.9054000,0.5129000,0.3729000,1.0180000,0.4894000,0.4258000,0.6374327,0.2579991,0.3711280},
{0.6907234,0.3318201,0.3648342,0.6965272,0.2766160,0.3737634,0.6580651,0.4813303,0.3359040,0.6266761,0.5925812,0.3085360,0.6721208,0.6636131,0.4242992,0.7808000,0.6472000,0.5199000,0.7779000,0.6436000,0.3836000,0.8595000,0.5653000,0.3575000,0.9047000,0.5129000,0.3726000,1.0170000,0.4886000,0.4256000,0.6322076,0.2706934,0.3682289},
{0.6845991,0.3438591,0.3629039,0.6888339,0.2886477,0.3732267,0.6528112,0.4920027,0.3333423,0.6247821,0.6026904,0.3054505,0.6747043,0.6676928,0.4239870,0.7807000,0.6494000,0.5194000,0.7778000,0.6444000,0.3834000,0.8590000,0.5656000,0.3574000,0.9040000,0.5129000,0.3723000,1.0160000,0.4878000,0.4253000,0.6271773,0.2835130,0.3650508},
{0.6786604,0.3560977,0.3606620,0.6812866,0.3008708,0.3723272,0.6478002,0.5030169,0.3306583,0.6232139,0.6130677,0.3023616,0.6774517,0.6719460,0.4236859,0.7812000,0.6510000,0.5189000,0.7777000,0.6451000,0.3833000,0.8583000,0.5659000,0.3574000,0.9031000,0.5129000,0.3720000,1.0150000,0.4869000,0.4250000,0.6222366,0.2967404,0.3615180},
{0.6729333,0.3684785,0.3581202,0.6737636,0.3134806,0.3710520,0.6431140,0.5142211,0.3278876,0.6219877,0.6236129,0.2992993,0.6803578,0.6763551,0.4234001,0.7818000,0.6535000,0.5187000,0.7776000,0.6459000,0.3831000,0.8576000,0.5664000,0.3573000,0.9024000,0.5131000,0.3716000,1.0140000,0.4860000,0.4246000,0.6174088,0.3103489,0.3576241},
{0.6673720,0.3811038,0.3552565,0.6664198,0.3262160,0.3694289,0.6387136,0.5257373,0.3249989,0.6210979,0.6343792,0.2962484,0.6832864,0.6807108,0.4231439,0.7824000,0.6562000,0.5185000,0.7775000,0.6467000,0.3829000,0.8570000,0.5670000,0.3573000,0.9015000,0.5132000,0.3712000,1.0130000,0.4852000,0.4243000,0.6127733,0.3241366,0.3534192},
{0.6620451,0.3938201,0.3521046,0.6591257,0.3392997,0.3674306,0.6346146,0.5375771,0.3219874,0.6205500,0.6453645,0.2932105,0.6862522,0.6850371,0.4229153,0.7834000,0.6593000,0.5184000,0.7774000,0.6474000,0.3828000,0.8562000,0.5675000,0.3575000,0.9006000,0.5133000,0.3709000,1.0120000,0.4843000,0.4240000,0.6083302,0.3381114,0.3488977},
{0.6569394,0.4066544,0.3486595,0.6520404,0.3524449,0.3651023,0.6309046,0.5495142,0.3189097,0.6203509,0.6565786,0.2901845,0.6892487,0.6893264,0.4227140,0.7835000,0.6611000,0.5179000,0.7773000,0.6482000,0.3826000,0.8555000,0.5681000,0.3575000,0.8997000,0.5134000,0.3706000,1.0110000,0.4835000,0.4237000,0.6041327,0.3521053,0.3441143},
{0.6521472,0.4193560,0.3449959,0.6451515,0.3656616,0.3624513,0.6274264,0.5621527,0.3156070,0.6205113,0.6680489,0.2871653,0.6923059,0.6936220,0.4225380,0.7835000,0.6611000,0.5179000,0.7772000,0.6489000,0.3825000,0.8548000,0.5687000,0.3575000,0.8986000,0.5135000,0.3703000,1.0100000,0.4827000,0.4234000,0.6001843,0.3660908,0.3390833},
{0.6476248,0.4320126,0.3410990,0.6384324,0.3789934,0.3594738,0.6244703,0.5744728,0.3123450,0.6210508,0.6798578,0.2841350,0.6955281,0.6980657,0.4223829,0.7794000,0.6649000,0.5089000,0.7771000,0.6497000,0.3823000,0.8539000,0.5692000,0.3574000,0.8985000,0.5152000,0.3696000,1.0090000,0.4819000,0.4231000,0.5964744,0.3800931,0.3337993},
{0.6433661,0.4446216,0.3369761,0.6319931,0.3922085,0.3562308,0.6219639,0.5866341,0.3090846,0.6219628,0.6916749,0.2811803,0.6990502,0.7028293,0.4222474,0.7798000,0.6677000,0.5084000,0.7770000,0.6505000,0.3822000,0.8531000,0.5698000,0.3574000,0.8974000,0.5154000,0.3692000,1.0070000,0.4811000,0.4228000,0.5930363,0.3939643,0.3283237},
{0.6393908,0.4571016,0.3326617,0.6258319,0.4052867,0.3527423,0.6198474,0.5988746,0.3057631,0.6232655,0.7036815,0.2782567,0.7026083,0.7075467,0.4221450,0.7804000,0.6705000,0.5080000,0.7769000,0.6512000,0.3820000,0.8521000,0.5704000,0.3573000,0.8963000,0.5157000,0.3689000,1.0060000,0.4802000,0.4226000,0.5898314,0.4078399,0.3226085},
{0.6356192,0.4696961,0.3280735,0.6199965,0.4180986,0.3490607,0.6181417,0.6110413,0.3024227,0.6248558,0.7151154,0.2755454,0.7064382,0.7125226,0.4220718,0.7809000,0.6733000,0.5078000,0.7768000,0.6520000,0.3819000,0.8511000,0.5709000,0.3573000,0.8952000,0.5161000,0.3685000,1.0040000,0.4793000,0.4224000,0.5868766,0.4216344,0.3166916},
{0.6321523,0.4820545,0.3233433,0.6142011,0.4312703,0.3450064,0.6168254,0.6232458,0.2990331,0.6268120,0.7266850,0.2728743,0.7101706,0.7172745,0.4220359,0.7815000,0.6761000,0.5076000,0.7767000,0.6527000,0.3817000,0.8502000,0.5717000,0.3573000,0.8939000,0.5166000,0.3683000,1.0030000,0.4785000,0.4222000,0.5841304,0.4355451,0.3104876},
{0.6289094,0.4944449,0.3183737,0.6086346,0.4443858,0.3407001,0.6158989,0.6354981,0.2955916,0.6291464,0.7383811,0.2702485,0.7138698,0.7218929,0.4220334,0.7820000,0.6789000,0.5074000,0.7767000,0.6535000,0.3816000,0.8492000,0.5726000,0.3574000,0.8926000,0.5170000,0.3682000,1.0010000,0.4777000,0.4220000,0.5816238,0.4494314,0.3040561},
{0.6259439,0.5066527,0.3132535,0.6032240,0.4576197,0.3360829,0.6153697,0.6476270,0.2921466,0.6318552,0.7501228,0.2676886,0.7175338,0.7263811,0.4220624,0.7825000,0.6816000,0.5071000,0.7766000,0.6543000,0.3814000,0.8483000,0.5737000,0.3573000,0.8912000,0.5176000,0.3679000,0.9991000,0.4770000,0.4218000,0.5793713,0.4632020,0.2974412},
{0.6232624,0.5186096,0.3080210,0.5981355,0.4705573,0.3313039,0.6152265,0.6597415,0.2886680,0.6349750,0.7620005,0.2651783,0.7212587,0.7308584,0.4221229,0.7831000,0.6842000,0.5067000,0.7765000,0.6550000,0.3812000,0.8474000,0.5746000,0.3573000,0.8891000,0.5174000,0.3682000,0.9973000,0.4763000,0.4217000,0.5774008,0.4766305,0.2907609},
{0.6208364,0.5304064,0.3026446,0.5933495,0.4832191,0.3263706,0.6154688,0.6718465,0.2851543,0.6384486,0.7737563,0.2627742,0.7250164,0.7352904,0.4222147,0.7835000,0.6869000,0.5063000,0.7764000,0.6558000,0.3811000,0.8464000,0.5756000,0.3573000,0.8881000,0.5184000,0.3677000,0.9954000,0.4756000,0.4216000,0.5757114,0.4896107,0.2840849},
{0.6186794,0.5419384,0.2971798,0.5887172,0.4959970,0.3211313,0.6160847,0.6837452,0.2816635,0.6422765,0.7853884,0.2604770,0.7289356,0.7398246,0.4223426,0.7838000,0.6896000,0.5058000,0.7763000,0.6565000,0.3809000,0.8454000,0.5766000,0.3572000,0.8860000,0.5182000,0.3678000,0.9936000,0.4750000,0.4215000,0.5742278,0.5026823,0.2771408},
{0.6168572,0.5527292,0.2918749,0.5845854,0.5078960,0.3160124,0.6170429,0.6952854,0.2782424,0.6464123,0.7967656,0.2583118,0.7329716,0.7444018,0.4225077,0.7841000,0.6924000,0.5052000,0.7762000,0.6573000,0.3808000,0.8440000,0.5773000,0.3572000,0.8849000,0.5193000,0.3673000,0.9915000,0.4744000,0.4214000,0.5730105,0.5152624,0.2702439},
{0.6151492,0.5640892,0.2860852,0.5805600,0.5200213,0.3105521,0.6183533,0.7067712,0.2748025,0.6508679,0.8079345,0.2562687,0.7371694,0.7490656,0.4227148,0.7844000,0.6954000,0.5046000,0.7761000,0.6581000,0.3806000,0.8434000,0.5786000,0.3575000,0.8830000,0.5194000,0.3673000,0.9895000,0.4738000,0.4213000,0.5720427,0.5273149,0.2634346},
{0.6137279,0.5749160,0.2803659,0.5768422,0.5317723,0.3050183,0.6199552,0.7178228,0.2714592,0.6555853,0.8187673,0.2543697,0.7414440,0.7537152,0.4229618,0.7847000,0.6985000,0.5040000,0.7760000,0.6588000,0.3805000,0.8423000,0.5800000,0.3573000,0.8815000,0.5203000,0.3670000,0.9873000,0.4731000,0.4211000,0.5712980,0.5389441,0.2566725},
{0.6125602,0.5853023,0.2746886,0.5733267,0.5434706,0.2992646,0.6218521,0.7286382,0.2681550,0.6605759,0.8293118,0.2526045,0.7457696,0.7583196,0.4232483,0.7851000,0.7017000,0.5036000,0.7759000,0.6596000,0.3803000,0.8405000,0.5807000,0.3575000,0.8797000,0.5209000,0.3667000,0.9850000,0.4726000,0.4210000,0.5707571,0.5502512,0.2499115},
{0.6116009,0.5955709,0.2688852,0.5700609,0.5549614,0.2933655,0.6240263,0.7392067,0.2648949,0.6658004,0.8395023,0.2509822,0.7500473,0.7627746,0.4235674,0.7856000,0.7050000,0.5034000,0.7758000,0.6603000,0.3802000,0.8389000,0.5817000,0.3577000,0.8778000,0.5216000,0.3665000,0.9825000,0.4721000,0.4208000,0.5704118,0.5611620,0.2432080},
{0.6108593,0.6055935,0.2630310,0.5669692,0.5665303,0.2871673,0.6264550,0.7494984,0.2616896,0.6712784,0.8493911,0.2494931,0.7543607,0.7671692,0.4239247,0.7863000,0.7083000,0.5029000,0.7757000,0.6611000,0.3800000,0.8372000,0.5829000,0.3580000,0.8757000,0.5223000,0.3663000,0.9799000,0.4716000,0.4206000,0.5702464,0.5720335,0.2363471},
{0.6103374,0.6151892,0.2572430,0.5642172,0.5775489,0.2810095,0.6290956,0.7594252,0.2585687,0.6770059,0.8589744,0.2481373,0.7585880,0.7713813,0.4243093,0.7868000,0.7117000,0.5027000,0.7756000,0.6619000,0.3799000,0.8354000,0.5843000,0.3582000,0.8736000,0.5232000,0.3662000,0.9770000,0.4712000,0.4205000,0.5702622,0.5825214,0.2295502},
{0.6100125,0.6245989,0.2513849,0.5616957,0.5884261,0.2746735,0.6319347,0.7690240,0.2555229,0.6829457,0.8681959,0.2469221,0.7626814,0.7753711,0.4247140,0.7875000,0.7148000,0.5025000,0.7755000,0.6626000,0.3797000,0.8336000,0.5859000,0.3585000,0.8713000,0.5241000,0.3662000,0.9741000,0.4709000,0.4204000,0.5704547,0.5929219,0.2226303},
{0.6098841,0.6334744,0.2456858,0.5594544,0.5989387,0.2682915,0.6349583,0.7783167,0.2525472,0.6890926,0.8770556,0.2458464,0.7667462,0.7792466,0.4251473,0.7877000,0.7185000,0.5024000,0.7755000,0.6634000,0.3796000,0.8316000,0.5875000,0.3588000,0.8689000,0.5252000,0.3661000,0.9710000,0.4707000,0.4204000,0.5708187,0.6030471,0.2157142},
{0.6099311,0.6419477,0.2400795,0.5574704,0.6091722,0.2618179,0.6380983,0.7871705,0.2496867,0.6954537,0.8855664,0.2449083,0.7705862,0.7828286,0.4255855,0.7879000,0.7220000,0.5023000,0.7754000,0.6641000,0.3794000,0.8298000,0.5893000,0.3590000,0.8662000,0.5265000,0.3659000,0.9678000,0.4705000,0.4204000,0.5713477,0.6128981,0.2088077},
{0.6101394,0.6500463,0.2345620,0.5557735,0.6189330,0.2553854,0.6413642,0.7956853,0.2469116,0.7020171,0.8937115,0.2441097,0.7743610,0.7862744,0.4260435,0.7883000,0.7255000,0.5020000,0.7753000,0.6649000,0.3792000,0.8272000,0.5905000,0.3592000,0.8640000,0.5283000,0.3657000,0.9645000,0.4705000,0.4206000,0.5720194,0.6222765,0.2020618},
{0.6104882,0.6576473,0.2292340,0.5543525,0.6282057,0.2490224,0.6446729,0.8037167,0.2442716,0.7085840,0.9012678,0.2434685,0.7780175,0.7895408,0.4265133,0.7887000,0.7290000,0.5017000,0.7752000,0.6657000,0.3791000,0.8254000,0.5928000,0.3593000,0.8619000,0.5303000,0.3658000,0.9611000,0.4705000,0.4209000,0.5728365,0.6313819,0.1953447},
{0.6109710,0.6649466,0.2239734,0.5531792,0.6371025,0.2426666,0.6479765,0.8112322,0.2417809,0.7151439,0.9082678,0.2429738,0.7814158,0.7925129,0.4269729,0.7891000,0.7325000,0.5012000,0.7751000,0.6664000,0.3789000,0.8237000,0.5951000,0.3594000,0.8589000,0.5312000,0.3664000,0.9577000,0.4706000,0.4212000,0.5737754,0.6400683,0.1887747},
{0.6115563,0.6717211,0.2189573,0.5522684,0.6453954,0.2365008,0.6512489,0.8182515,0.2394363,0.7215175,0.9145785,0.2426239,0.7846345,0.7952708,0.4274291,0.7889000,0.7361000,0.5010000,0.7751000,0.6664000,0.3789000,0.8221000,0.5974000,0.3596000,0.8563000,0.5328000,0.3666000,0.9543000,0.4709000,0.4216000,0.5747853,0.6480684,0.1825763},
{0.6122719,0.6784111,0.2138696,0.5515788,0.6533183,0.2303717,0.6545139,0.8248866,0.2372032,0.7276557,0.9202244,0.2424016,0.7877518,0.7978884,0.4278903,0.7890000,0.7395000,0.5006000,0.7741000,0.6689000,0.3792000,0.8206000,0.5997000,0.3597000,0.8538000,0.5345000,0.3668000,0.9509000,0.4713000,0.4222000,0.5758972,0.6557748,0.1764643},
{0.6130485,0.6844943,0.2091207,0.5511102,0.6607151,0.2244186,0.6576908,0.8310305,0.2351204,0.7333129,0.9250709,0.2422919,0.7906749,0.8002946,0.4283403,0.7892000,0.7430000,0.4999000,0.7732000,0.6727000,0.3784000,0.8190000,0.6020000,0.3598000,0.8513000,0.5362000,0.3671000,0.9475000,0.4717000,0.4229000,0.5770532,0.6628999,0.1706831},
{0.6139136,0.6903317,0.2044467,0.5508415,0.6676174,0.2186410,0.6607592,0.8367027,0.2331842,0.7387118,0.9293894,0.2422687,0.7932671,0.8023887,0.4287538,0.7894000,0.7463000,0.4992000,0.7723000,0.6763000,0.3778000,0.8173000,0.6042000,0.3599000,0.8489000,0.5380000,0.3674000,0.9439000,0.4725000,0.4235000,0.5782512,0.6695593,0.1651605},
{0.6148249,0.6957302,0.2000158,0.5507532,0.6740021,0.2130850,0.6636682,0.8418646,0.2314107,0.7438453,0.9332268,0.2423183,0.7956541,0.8042836,0.4291467,0.7895000,0.7496000,0.4983000,0.7716000,0.6778000,0.3783000,0.8154000,0.6063000,0.3601000,0.8463000,0.5396000,0.3677000,0.9404000,0.4734000,0.4242000,0.5794661,0.6757204,0.1599429},
{0.6157838,0.7007991,0.1957547,0.5508260,0.6799889,0.2076702,0.6665137,0.8467280,0.2297295,0.7485265,0.9365042,0.2424225,0.7977773,0.8059419,0.4295061,0.7895000,0.7527000,0.4974000,0.7708000,0.6830000,0.3763000,0.8138000,0.6083000,0.3601000,0.8437000,0.5413000,0.3680000,0.9371000,0.4742000,0.4249000,0.5807045,0.6815021,0.1549467},
{0.6167921,0.7056088,0.1916156,0.5510410,0.6854988,0.2024912,0.6691478,0.8510787,0.2282169,0.7528800,0.9393664,0.2425689,0.7997007,0.8074218,0.4298399,0.7894000,0.7558000,0.4966000,0.7703000,0.6807000,0.3762000,0.8121000,0.6104000,0.3601000,0.8416000,0.5433000,0.3682000,0.9339000,0.4751000,0.4258000,0.5819565,0.6869213,0.1501710},
{0.6178167,0.7100630,0.1876938,0.5513850,0.6906480,0.1974624,0.6715628,0.8549480,0.2268645,0.7566943,0.9417296,0.2427356,0.8015772,0.8088447,0.4301730,0.7892000,0.7589000,0.4956000,0.7695000,0.6881000,0.3753000,0.8104000,0.6123000,0.3601000,0.8394000,0.5451000,0.3685000,0.9307000,0.4760000,0.4267000,0.5831825,0.6918761,0.1457221},
{0.6188514,0.7141994,0.1839708,0.5518469,0.6954634,0.1925748,0.6738237,0.8584729,0.2256266,0.7602080,0.9437890,0.2429204,0.8031074,0.8099897,0.4304503,0.7890000,0.7619000,0.4948000,0.7695000,0.6881000,0.3753000,0.8084000,0.6142000,0.3600000,0.8373000,0.5469000,0.3688000,0.9275000,0.4771000,0.4276000,0.5844464,0.6966700,0.1413385},
{0.6198943,0.7180618,0.1804196,0.5524149,0.6999568,0.1878331,0.6758725,0.8615900,0.2245270,0.7630852,0.9453923,0.2430939,0.8045491,0.8110557,0.4307162,0.7887000,0.7648000,0.4938000,0.7686000,0.6884000,0.3747000,0.8069000,0.6161000,0.3601000,0.8352000,0.5486000,0.3692000,0.9244000,0.4782000,0.4286000,0.5856606,0.7010119,0.1372978},
{0.6209569,0.7217279,0.1769780,0.5530790,0.7041477,0.1832334,0.6777896,0.8644436,0.2235163,0.7654753,0.9466678,0.2432530,0.8057758,0.8119528,0.4309460,0.7882000,0.7678000,0.4929000,0.7674000,0.6962000,0.3733000,0.8066000,0.6181000,0.3598000,0.8332000,0.5504000,0.3696000,0.9215000,0.4794000,0.4297000,0.5868785,0.7051368,0.1333936},
{0.6220477,0.7252471,0.1736053,0.5538372,0.7080889,0.1787312,0.6795198,0.8669686,0.2226186,0.7675226,0.9477200,0.2434000,0.8068485,0.8127298,0.4311497,0.7877000,0.7706000,0.4919000,0.7672000,0.6933000,0.3738000,0.8050000,0.6200000,0.3598000,0.8311000,0.5521000,0.3700000,0.9185000,0.4807000,0.4307000,0.5880398,0.7088780,0.1297950},
{0.6231110,0.7284694,0.1704542,0.5546681,0.7117288,0.1744009,0.6811121,0.8692516,0.2218043,0.7690410,0.9484764,0.2435155,0.8077648,0.8133880,0.4313257,0.7871000,0.7733000,0.4909000,0.7664000,0.6955000,0.3733000,0.8041000,0.6220000,0.3598000,0.8292000,0.5540000,0.3703000,0.9157000,0.4820000,0.4318000,0.5892229,0.7125140,0.1262422},
{0.6242074,0.7316025,0.1673293,0.5555626,0.7150916,0.1702328,0.6825701,0.8713091,0.2210681,0.7703277,0.9491015,0.2436175,0.8084842,0.8139010,0.4314652,0.7864000,0.7758000,0.4898000,0.7659000,0.6984000,0.3726000,0.8028000,0.6239000,0.3597000,0.8273000,0.5558000,0.3706000,0.9128000,0.4835000,0.4329000,0.5903467,0.7158187,0.1229639},
{0.6252614,0.7344517,0.1644322,0.5565200,0.7182207,0.1661893,0.6839147,0.8731793,0.2203971,0.7713242,0.9495756,0.2436992,0.8090722,0.8143180,0.4315801,0.7857000,0.7780000,0.4884000,0.7646000,0.6998000,0.3722000,0.8016000,0.6258000,0.3596000,0.8252000,0.5576000,0.3711000,0.9102000,0.4850000,0.4340000,0.5914767,0.7190065,0.1197549},
{0.6263058,0.7371332,0.1616545,0.5575444,0.7211584,0.1622275,0.6851506,0.8748759,0.2197867,0.7721663,0.9499694,0.2437700,0.8093643,0.8145244,0.4316375,0.7846000,0.7805000,0.4873000,0.7636000,0.7018000,0.3715000,0.8004000,0.6276000,0.3594000,0.8234000,0.5594000,0.3715000,0.9075000,0.4864000,0.4351000,0.5925793,0.7219962,0.1167018},
{0.6273138,0.7395997,0.1590533,0.5585754,0.7237768,0.1585406,0.6862782,0.8764054,0.2192352,0.7727915,0.9502578,0.2438237,0.8095836,0.8146790,0.4316807,0.7833000,0.7830000,0.4863000,0.7625000,0.7038000,0.3710000,0.7991000,0.6295000,0.3593000,0.8217000,0.5611000,0.3721000,0.9050000,0.4880000,0.4363000,0.5936460,0.7247828,0.1138164},
{0.6282836,0.7418690,0.1566187,0.5596745,0.7262659,0.1548787,0.6873702,0.8778706,0.2187057,0.7733590,0.9505166,0.2438732,0.8096850,0.8147503,0.4317007,0.7818000,0.7853000,0.4852000,0.7612000,0.7058000,0.3705000,0.7979000,0.6311000,0.3590000,0.8200000,0.5629000,0.3726000,0.9025000,0.4896000,0.4375000,0.5946840,0.7274009,0.1110692},
{0.6292526,0.7440425,0.1542479,0.5607630,0.7284767,0.1514781,0.6884218,0.8792666,0.2182001,0.7739787,0.9507960,0.2439281,0.8095962,0.8146878,0.4316831,0.7801000,0.7876000,0.4841000,0.7597000,0.7074000,0.3700000,0.7966000,0.6328000,0.3588000,0.8182000,0.5646000,0.3731000,0.9002000,0.4912000,0.4387000,0.5957018,0.7298841,0.1084297},
{0.6302266,0.7461395,0.1519222,0.5618536,0.7304772,0.1482615,0.6893992,0.8805513,0.2177339,0.7744685,0.9510144,0.2439721,0.8094358,0.8145748,0.4316515,0.7783000,0.7897000,0.4831000,0.7579000,0.7087000,0.3696000,0.7953000,0.6343000,0.3586000,0.8167000,0.5663000,0.3736000,0.8978000,0.4929000,0.4399000,0.5967228,0.7322957,0.1058333},
{0.6311681,0.7480882,0.1497257,0.5629938,0.7323718,0.1450736,0.6903347,0.8817696,0.2172909,0.7749146,0.9512115,0.2440127,0.8091995,0.8144080,0.4316051,0.7763000,0.7917000,0.4820000,0.7562000,0.7101000,0.3689000,0.7942000,0.6359000,0.3583000,0.8152000,0.5678000,0.3740000,0.8956000,0.4945000,0.4411000,0.5976625,0.7344492,0.1034863},
{0.6320904,0.7499274,0.1476197,0.5641121,0.7340600,0.1420980,0.6912956,0.8830098,0.2168391,0.7752443,0.9513561,0.2440430,0.8088995,0.8141958,0.4315463,0.7742000,0.7936000,0.4810000,0.7544000,0.7110000,0.3685000,0.7932000,0.6373000,0.3580000,0.8136000,0.5693000,0.3744000,0.8935000,0.4962000,0.4424000,0.5986053,0.7365491,0.1011709},
{0.6329942,0.7516664,0.1455975,0.5652135,0.7355774,0.1392964,0.6921675,0.8841251,0.2164320,0.7755763,0.9515008,0.2440738,0.8085604,0.8139552,0.4314800,0.7720000,0.7954000,0.4799000,0.7531000,0.7128000,0.3676000,0.7920000,0.6388000,0.3578000,0.8120000,0.5708000,0.3749000,0.8915000,0.4979000,0.4435000,0.5994955,0.7384785,0.0990190},
{0.6339111,0.7533703,0.1435856,0.5663585,0.7370191,0.1365044,0.6930625,0.8852605,0.2160169,0.7758509,0.9516197,0.2440994,0.8081782,0.8136832,0.4314057,0.7698000,0.7972000,0.4790000,0.7522000,0.7139000,0.3665000,0.7909000,0.6403000,0.3576000,0.8104000,0.5722000,0.3753000,0.8894000,0.4996000,0.4448000,0.6003545,0.7402933,0.0969730},
{0.6347794,0.7549307,0.1417152,0.5675067,0.7383398,0.1338159,0.6938371,0.8862355,0.2156599,0.7760880,0.9517218,0.2441217,0.8078329,0.8134367,0.4313388,0.7676000,0.7990000,0.4779000,0.7505000,0.7154000,0.3657000,0.7897000,0.6417000,0.3574000,0.8092000,0.5742000,0.3754000,0.8875000,0.5014000,0.4459000,0.6011760,0.7419871,0.0950434},
{0.6356660,0.7564732,0.1398387,0.5687154,0.7396082,0.1310938,0.6946342,0.8872315,0.2152946,0.7766745,0.9519724,0.2441774,0.8075013,0.8131992,0.4312749,0.7653000,0.8009000,0.4769000,0.7505000,0.7154000,0.3657000,0.7884000,0.6431000,0.3573000,0.8073000,0.5752000,0.3760000,0.8854000,0.5031000,0.4471000,0.6019854,0.7436180,0.0931666},
{0.6365263,0.7579234,0.1380483,0.5699645,0.7407998,0.1283868,0.6953144,0.8880755,0.2149846,0.7767537,0.9520059,0.2441849,0.8071247,0.8129287,0.4312025,0.7630000,0.8027000,0.4759000,0.7488000,0.7171000,0.3650000,0.7869000,0.6445000,0.3572000,0.8061000,0.5769000,0.3762000,0.8834000,0.5049000,0.4483000,0.6027753,0.7451741,0.0913580},
{0.6374015,0.7593536,0.1362567,0.5713683,0.7420081,0.1254607,0.6959531,0.8888632,0.2146948,0.7769506,0.9520893,0.2442038,0.8068196,0.8127090,0.4311441,0.7609000,0.8045000,0.4749000,0.7471000,0.7189000,0.3644000,0.7854000,0.6458000,0.3571000,0.8061000,0.5769000,0.3762000,0.8813000,0.5066000,0.4495000,0.6035731,0.7467116,0.0895535},
{0.6382691,0.7607284,0.1345087,0.5728822,0.7431702,0.1224304,0.6965481,0.8895929,0.2144261,0.7766763,0.9519731,0.2441775,0.8065087,0.8124845,0.4310849,0.7587000,0.8064000,0.4739000,0.7454000,0.7206000,0.3637000,0.7839000,0.6472000,0.3571000,0.8023000,0.5794000,0.3770000,0.8791000,0.5083000,0.4506000,0.6043996,0.7482693,0.0877068},
{0.6391670,0.7621082,0.1327281,0.5745839,0.7443186,0.1191644,0.6971260,0.8902978,0.2141662,0.7764407,0.9518728,0.2441551,0.8062373,0.8122879,0.4310333,0.7566000,0.8084000,0.4729000,0.7437000,0.7224000,0.3631000,0.7823000,0.6486000,0.3570000,0.8006000,0.5808000,0.3774000,0.8769000,0.5100000,0.4516000,0.6052798,0.7498905,0.0857643},
{0.6402117,0.7636609,0.1306907,0.5761970,0.7452674,0.1161927,0.6975743,0.8908421,0.2139653,0.7762763,0.9518026,0.2441395,0.8059312,0.8120658,0.4309753,0.7545000,0.8102000,0.4719000,0.7421000,0.7242000,0.3624000,0.7806000,0.6500000,0.3569000,0.7988000,0.5824000,0.3777000,0.8744000,0.5117000,0.4526000,0.6062763,0.7516800,0.0835950}
};
