fitErrPi Mean = 0.0373466
fitErrTh Mean = 0.0340185
fitErrWr Mean = 0.0229526
fitErrLA Mean = 0.126022
fitErrEl Mean = 0.0748544
fitErrUA Mean = 0.0356885
efPts = {
{-0.0012541,0.8195902,0.1687352,0.1333381,0.8242154,0.1583402,0.3552490,0.9315143,0.2428059,0.4486623,0.9725364,0.2733270,0.4011188,0.8877892,0.3054891,0.5657000,0.8232000,0.4306000,0.5901000,0.7295000,0.3213000,0.6331000,0.6678000,0.3253000,0.6423000,0.5987000,0.3508000,0.6839000,0.5438000,0.4576000,-0.0660091,0.8661882,0.0960310},
{0.1876871,0.8388059,0.1751172,0.1283403,0.8248503,0.1619895,0.3516245,0.9297855,0.2390375,0.4421971,0.9701499,0.2691272,0.5289569,0.9135112,0.3596618,0.5608000,0.8220000,0.4296000,0.5778000,0.7262000,0.3183000,0.6295000,0.6676000,0.3239000,0.6388000,0.5983000,0.3495000,0.6795000,0.5438000,0.4564000,0.1259831,0.8710776,0.1345479},
{0.1830966,0.8390958,0.1790350,0.1229288,0.8254768,0.1655974,0.3480849,0.9281033,0.2352937,0.4363515,0.9680749,0.2651518,0.5270100,0.9146958,0.3576874,0.5559000,0.8207000,0.4285000,0.5778000,0.7262000,0.3183000,0.6259000,0.6675000,0.3226000,0.6353000,0.5980000,0.3481000,0.6751000,0.5439000,0.4551000,0.1200771,0.8718265,0.1386197},
{0.1780976,0.8393409,0.1829214,0.1172144,0.8260824,0.1690916,0.3446762,0.9264893,0.2316287,0.4307113,0.9661439,0.2611634,0.5248751,0.9159249,0.3555734,0.5509000,0.8196000,0.4274000,0.5739000,0.7256000,0.3169000,0.6222000,0.6672000,0.3211000,0.6319000,0.5976000,0.3468000,0.6708000,0.5440000,0.4538000,0.1139027,0.8725466,0.1425098},
{0.1726817,0.8395407,0.1867778,0.1112610,0.8266622,0.1724435,0.3412793,0.9248865,0.2279177,0.4254950,0.9644179,0.2573461,0.5225059,0.9172129,0.3532828,0.5460000,0.8184000,0.4261000,0.5702000,0.7249000,0.3157000,0.6185000,0.6669000,0.3198000,0.6284000,0.5972000,0.3455000,0.6665000,0.5440000,0.4525000,0.1076712,0.8732187,0.1461159},
{0.1671112,0.8396878,0.1904304,0.1051993,0.8272067,0.1755977,0.3379502,0.9233214,0.2242238,0.4205967,0.9628481,0.2536519,0.5201247,0.9184352,0.3510332,0.5411000,0.8172000,0.4249000,0.5664000,0.7241000,0.3144000,0.6148000,0.6666000,0.3183000,0.6249000,0.5969000,0.3441000,0.6623000,0.5441000,0.4511000,0.1013794,0.8738492,0.1494757},
{0.1612174,0.8397895,0.1940041,0.0990063,0.8277211,0.1785844,0.3346534,0.9217770,0.2205097,0.4159237,0.9613955,0.2500305,0.5175545,0.9196816,0.3486582,0.5363000,0.8160000,0.4236000,0.5625000,0.7229000,0.3130000,0.6111000,0.6663000,0.3168000,0.6215000,0.5965000,0.3428000,0.6582000,0.5441000,0.4498000,0.0952263,0.8744244,0.1525199},
{0.1552977,0.8398434,0.1973344,0.0928054,0.8281985,0.1813623,0.3313772,0.9202477,0.2167628,0.4115090,0.9600633,0.2465235,0.5150041,0.9208504,0.3463511,0.5315000,0.8150000,0.4223000,0.5589000,0.7222000,0.3115000,0.6075000,0.6660000,0.3154000,0.6180000,0.5961000,0.3414000,0.6543000,0.5441000,0.4485000,0.0890784,0.8749624,0.1553465},
{0.1493091,0.8398547,0.2004708,0.0867027,0.8286349,0.1839078,0.3281407,0.9187424,0.2130060,0.4073787,0.9588516,0.2431675,0.4803556,0.8641041,0.3679597,0.5269000,0.8135000,0.4211000,0.5589000,0.7222000,0.3115000,0.6038000,0.6657000,0.3139000,0.6145000,0.5957000,0.3401000,0.6504000,0.5441000,0.4472000,0.0830109,0.8754604,0.1579433},
{0.1432857,0.8398268,0.2034135,0.0805551,0.8290436,0.1862982,0.3250121,0.9172924,0.2093215,0.4034364,0.9577265,0.2398969,0.4760190,0.8644531,0.3652314,0.5221000,0.8127000,0.4198000,0.5584000,0.7219000,0.3113000,0.6003000,0.6653000,0.3125000,0.6110000,0.5954000,0.3387000,0.6464000,0.5444000,0.4457000,0.0768815,0.8759325,0.1603858},
{0.1371854,0.8397617,0.2061960,0.0743756,0.8294255,0.1885371,0.3220073,0.9159047,0.2057332,0.3997012,0.9566887,0.2367375,0.4720761,0.8648540,0.3626898,0.5221000,0.8127000,0.4198000,0.5579000,0.7216000,0.3111000,0.5968000,0.6647000,0.3111000,0.6076000,0.5950000,0.3374000,0.6429000,0.5442000,0.4446000,0.0708540,0.8763683,0.1626213},
{0.1310671,0.8396620,0.2088017,0.0681476,0.8297825,0.1906370,0.3189484,0.9144970,0.2020294,0.3961311,0.9557224,0.2336623,0.4683502,0.8653047,0.3602357,0.5221000,0.8126000,0.4198000,0.5574000,0.7214000,0.3110000,0.5934000,0.6643000,0.3095000,0.6041000,0.5946000,0.3360000,0.6391000,0.5446000,0.4431000,0.0648801,0.8767738,0.1646824},
{0.1249035,0.8395289,0.2112506,0.0619408,0.8301119,0.1925809,0.3160603,0.9131726,0.1984848,0.3927102,0.9548203,0.2306646,0.4647434,0.8658073,0.3578118,0.5220000,0.8124000,0.4197000,0.5569000,0.7211000,0.3108000,0.5901000,0.6639000,0.3080000,0.6006000,0.5943000,0.3347000,0.6359000,0.5441000,0.4419000,0.0589756,0.8771498,0.1665747},
{0.1187970,0.8393663,0.2135115,0.0558575,0.8304103,0.1943478,0.3133455,0.9119318,0.1951097,0.3893969,0.9539689,0.2277133,0.4613267,0.8663433,0.3554718,0.5220000,0.8123000,0.4197000,0.5564000,0.7208000,0.3106000,0.5868000,0.6634000,0.3066000,0.5972000,0.5939000,0.3333000,0.6326000,0.5441000,0.4406000,0.0532874,0.8774895,0.1682659},
{0.1127443,0.8391761,0.2155964,0.0498622,0.8306813,0.1959592,0.3107760,0.9107614,0.1918763,0.3861477,0.9531555,0.2247726,0.4580407,0.8669141,0.3531811,0.5220000,0.8122000,0.4197000,0.5559000,0.7205000,0.3105000,0.5836000,0.6628000,0.3051000,0.5937000,0.5935000,0.3320000,0.6293000,0.5440000,0.4393000,0.0476667,0.8778040,0.1698135},
{0.1067174,0.8389590,0.2175227,0.0439634,0.8309261,0.1974217,0.3082923,0.9096336,0.1887140,0.3830847,0.9524086,0.2219580,0.4549098,0.8675089,0.3509613,0.5220000,0.8121000,0.4197000,0.5554000,0.7202000,0.3103000,0.5805000,0.6622000,0.3036000,0.5902000,0.5932000,0.3306000,0.6262000,0.5439000,0.4380000,0.0423059,0.8780847,0.1711771},
{0.1008283,0.8387205,0.2192636,0.0382236,0.8311439,0.1987297,0.3059121,0.9085562,0.1856488,0.3801996,0.9517228,0.2192684,0.4520185,0.8681029,0.3488789,0.5219000,0.8119000,0.4197000,0.5549000,0.7199000,0.3102000,0.5775000,0.6617000,0.3022000,0.5867000,0.5928000,0.3293000,0.6232000,0.5438000,0.4368000,0.0372668,0.8783317,0.1723601},
{0.0950703,0.8384625,0.2208323,0.0326727,0.8313355,0.1998878,0.3036153,0.9075197,0.1826584,0.3774415,0.9510837,0.2166619,0.4492713,0.8687076,0.3468709,0.5219000,0.8118000,0.4196000,0.5544000,0.7197000,0.3100000,0.5745000,0.6612000,0.3007000,0.5833000,0.5924000,0.3279000,0.6202000,0.5437000,0.4356000,0.0322374,0.8785620,0.1734460},
{0.0894132,0.8381853,0.2222453,0.0272025,0.8315062,0.2009263,0.3014265,0.9065350,0.1797781,0.3748188,0.9504910,0.2141509,0.4465550,0.8693450,0.3448566,0.5219000,0.8117000,0.4196000,0.5539000,0.7194000,0.3098000,0.5716000,0.6607000,0.2992000,0.5798000,0.5921000,0.3266000,0.6172000,0.5436000,0.4344000,0.0274337,0.8787669,0.1743950},
{0.0837954,0.8378865,0.2235225,0.0219241,0.8316538,0.2018318,0.2993215,0.9055909,0.1769797,0.3722019,0.9499147,0.2116131,0.4440163,0.8699770,0.3429475,0.5219000,0.8116000,0.4196000,0.5534000,0.7191000,0.3097000,0.5688000,0.6600000,0.2979000,0.5798000,0.5921000,0.3266000,0.6142000,0.5434000,0.4331000,0.0226462,0.8789564,0.1752547},
{0.0783912,0.8375768,0.2246312,0.0167997,0.8317808,0.2026192,0.2973613,0.9047141,0.1743478,0.3696997,0.9493779,0.2091559,0.4416068,0.8706100,0.3411115,0.5218000,0.8114000,0.4196000,0.5529000,0.7188000,0.3095000,0.5661000,0.6594000,0.2965000,0.5771000,0.5912000,0.3252000,0.6114000,0.5433000,0.4318000,0.0180564,0.8791241,0.1759977},
{0.0731472,0.8372550,0.2255925,0.0118566,0.8318879,0.2032921,0.2955412,0.9039022,0.1718815,0.3672669,0.9488697,0.2067375,0.4392638,0.8712573,0.3393029,0.5218000,0.8113000,0.4196000,0.5524000,0.7185000,0.3093000,0.5661000,0.6594000,0.2965000,0.5743000,0.5902000,0.3240000,0.6087000,0.5432000,0.4306000,0.0138050,0.8792672,0.1766144},
{0.0681635,0.8369293,0.2263990,0.0072241,0.8319744,0.2038443,0.2938368,0.9031440,0.1695518,0.3649330,0.9483950,0.2043896,0.4370342,0.8719034,0.3375599,0.5218000,0.8112000,0.4195000,0.5519000,0.7182000,0.3092000,0.5662000,0.6592000,0.2966000,0.5723000,0.5898000,0.3225000,0.6061000,0.5430000,0.4294000,0.0098053,0.8793910,0.1771308},
{0.0635458,0.8366097,0.2270503,0.0028804,0.8320430,0.2042917,0.2922727,0.9024499,0.1673965,0.3627691,0.9479665,0.2021879,0.4349324,0.8725400,0.3358968,0.5218000,0.8111000,0.4195000,0.5514000,0.7180000,0.3090000,0.5662000,0.6590000,0.2967000,0.5698000,0.5889000,0.3216000,0.6036000,0.5427000,0.4283000,0.0062093,0.8794931,0.1775415},
{0.0592508,0.8362965,0.2275703,-0.0010119,0.8320940,0.2046335,0.2908505,0.9018202,0.1654220,0.3607791,0.9475824,0.2001414,0.4330806,0.8731238,0.3344147,0.5217000,0.8109000,0.4195000,0.5509000,0.7177000,0.3088000,0.5663000,0.6588000,0.2968000,0.5678000,0.5883000,0.3205000,0.6012000,0.5425000,0.4273000,0.0028353,0.8795808,0.1778798},
{0.0553300,0.8359966,0.2279702,-0.0043735,0.8321298,0.2048825,0.2893660,0.9011644,0.1633457,0.3589343,0.9472352,0.1982255,0.4313961,0.8736741,0.3330525,0.5217000,0.8108000,0.4195000,0.5504000,0.7174000,0.3087000,0.5664000,0.6587000,0.2969000,0.5660000,0.5879000,0.3194000,0.5990000,0.5422000,0.4264000,-0.0002786,0.8796548,0.1781511},
{0.0517753,0.8357129,0.2282684,-0.0072803,0.8321546,0.2050625,0.2879776,0.9005524,0.1613895,0.3572332,0.9469227,0.1964422,0.4298455,0.8741974,0.3317865,0.5217000,0.8107000,0.4195000,0.5499000,0.7171000,0.3085000,0.5665000,0.6585000,0.2970000,0.5643000,0.5874000,0.3184000,0.5969000,0.5419000,0.4255000,-0.0031644,0.8797172,0.1783665},
{0.0484884,0.8354399,0.2284877,-0.0099557,0.8321721,0.2051986,0.2865818,0.8999386,0.1594086,0.3555855,0.9466271,0.1946996,0.4284266,0.8746905,0.3306175,0.5217000,0.8106000,0.4194000,0.5494000,0.7168000,0.3084000,0.5665000,0.6583000,0.2971000,0.5626000,0.5867000,0.3175000,0.5949000,0.5416000,0.4247000,-0.0057789,0.8797686,0.1785313},
{0.0453766,0.8351719,0.2286430,-0.0123980,0.8321836,0.2052975,0.2852822,0.8993684,0.1575512,0.3540984,0.9463666,0.1931136,0.4270676,0.8751762,0.3294881,0.5216000,0.8105000,0.4194000,0.5489000,0.7165000,0.3082000,0.5666000,0.6581000,0.2971000,0.5610000,0.5862000,0.3165000,0.5930000,0.5412000,0.4239000,-0.0083342,0.8798139,0.1786638},
{0.0202742,0.8184594,0.1515938,-0.0146576,0.8321903,0.2053669,0.2840880,0.8988455,0.1558332,0.3527147,0.9461295,0.1916263,0.4258470,0.8756238,0.3284655,0.5216000,0.8103000,0.4194000,0.5484000,0.7163000,0.3080000,0.5667000,0.6579000,0.2972000,0.5596000,0.5856000,0.3157000,0.5913000,0.5409000,0.4232000,-0.0105486,0.8798491,0.1787554},
{0.0197848,0.8184728,0.1519172,-0.0167081,0.8321931,0.2054112,0.2829716,0.8983577,0.1542172,0.3514362,0.9459151,0.1902421,0.4247211,0.8760465,0.3275150,0.5216000,0.8102000,0.4194000,0.5479000,0.7160000,0.3079000,0.5667000,0.6578000,0.2973000,0.5582000,0.5852000,0.3148000,0.5897000,0.5406000,0.4225000,-0.0125042,0.8798771,0.1788179},
{0.0195580,0.8184791,0.1520678,-0.0186264,0.8321928,0.2054362,0.2819060,0.8978930,0.1526657,0.3503145,0.9457308,0.1890194,0.4237176,0.8764314,0.3266619,0.5216000,0.8101000,0.4194000,0.5474000,0.7157000,0.3077000,0.5668000,0.6576000,0.2974000,0.5569000,0.5848000,0.3140000,0.5882000,0.5403000,0.4217000,-0.0142571,0.8798997,0.1788591},
{0.0197105,0.8184748,0.1519664,-0.0203648,0.8321900,0.2054447,0.2808734,0.8974434,0.1511536,0.3492406,0.9455577,0.1878416,0.4228430,0.8767733,0.3259137,0.5215000,0.8100000,0.4193000,0.5469000,0.7154000,0.3075000,0.5669000,0.6574000,0.2975000,0.5557000,0.5842000,0.3132000,0.5867000,0.5400000,0.4210000,-0.0157986,0.8799175,0.1788835},
{0.0201741,0.8184621,0.1516598,-0.0219581,0.8321853,0.2054406,0.2798644,0.8970050,0.1496678,0.3481713,0.9453887,0.1866617,0.4221231,0.8770593,0.3252945,0.5215000,0.8098000,0.4193000,0.5464000,0.7151000,0.3074000,0.5669000,0.6572000,0.2976000,0.5547000,0.5838000,0.3125000,0.5854000,0.5397000,0.4202000,-0.0170286,0.8799304,0.1788950},
{0.0207638,0.8184464,0.1512725,-0.0234738,0.8321790,0.2054258,0.2787076,0.8965034,0.1479541,0.3473262,0.9452575,0.1857241,0.4214638,0.8773250,0.3247247,0.5215000,0.8097000,0.4193000,0.5459000,0.7148000,0.3072000,0.5670000,0.6570000,0.2977000,0.5538000,0.5835000,0.3116000,0.5842000,0.5395000,0.4194000,-0.0182512,0.8799419,0.1788991},
{0.0215779,0.8184258,0.1507433,-0.0457216,0.8165197,0.1174464,0.2775784,0.8960148,0.1462706,0.3464343,0.9451213,0.1847295,0.4207138,0.8776315,0.3240734,0.5215000,0.8096000,0.4193000,0.5454000,0.7146000,0.3070000,0.5671000,0.6569000,0.2977000,0.5528000,0.5832000,0.3108000,0.5831000,0.5391000,0.4186000,-0.0193399,0.8799511,0.1788967},
{0.0226712,0.8183998,0.1500420,-0.0442150,0.8163819,0.1166489,0.2765501,0.8955707,0.1447280,0.3456220,0.9449995,0.1838191,0.4201326,0.8778724,0.3235662,0.5214000,0.8095000,0.4192000,0.5449000,0.7143000,0.3069000,0.5672000,0.6567000,0.2978000,0.5521000,0.5829000,0.3100000,0.5821000,0.5388000,0.4178000,-0.0202193,0.8799579,0.1788905},
{0.0241542,0.8183676,0.1491073,-0.0422484,0.8162062,0.1156306,0.2754545,0.8950986,0.1430745,0.3449207,0.9448959,0.1830298,0.4195915,0.8780992,0.3230921,0.5214000,0.8093000,0.4192000,0.5444000,0.7140000,0.3067000,0.5672000,0.6565000,0.2979000,0.5514000,0.5827000,0.3092000,0.5812000,0.5385000,0.4170000,-0.0206057,0.8799606,0.1788866},
{0.0253601,0.8183440,0.1483611,-0.0409987,0.8160968,0.1149964,0.2745030,0.8946895,0.1416300,0.3442517,0.9447985,0.1822735,0.4190924,0.8783108,0.3226531,0.5214000,0.8092000,0.4192000,0.5439000,0.7137000,0.3066000,0.5673000,0.6563000,0.2980000,0.5509000,0.5826000,0.3084000,0.5803000,0.5382000,0.4163000,-0.0201580,0.8799574,0.1788911},
{0.0260382,0.8183317,0.1479466,-0.0404739,0.8160514,0.1147331,0.2734369,0.8942319,0.1400017,0.3435648,0.9447000,0.1814940,0.4186454,0.8785021,0.3222587,0.5213000,0.8091000,0.4192000,0.5434000,0.7134000,0.3064000,0.5674000,0.6561000,0.2981000,0.5503000,0.5824000,0.3078000,0.5796000,0.5379000,0.4155000,-0.0198290,0.8799550,0.1788937},
{0.0267068,0.8183203,0.1475416,-0.0400959,0.8160189,0.1145444,0.2727874,0.8939537,0.1390049,0.3429507,0.9446132,0.1807943,0.4182092,0.8786905,0.3218724,0.5213000,0.8090000,0.4192000,0.5429000,0.7131000,0.3062000,0.5674000,0.6560000,0.2982000,0.5499000,0.5823000,0.3071000,0.5789000,0.5376000,0.4149000,-0.0193374,0.8799511,0.1788967},
{0.0270230,0.8183151,0.1473513,-0.0395795,0.8159747,0.1142882,0.2723948,0.8937857,0.1384004,0.3423058,0.9445233,0.1800567,0.4178715,0.8788376,0.3215725,0.5213000,0.8088000,0.4191000,0.5424000,0.7128000,0.3061000,0.5675000,0.6558000,0.2983000,0.5496000,0.5822000,0.3065000,0.5784000,0.5372000,0.4143000,-0.0454713,0.8636356,0.0821727},
{0.0275393,0.8183069,0.1470422,-0.0392404,0.8159458,0.1141207,0.2720648,0.8936446,0.1378912,0.3418075,0.9444549,0.1794847,0.4174910,0.8790046,0.3212337,0.5213000,0.8087000,0.4191000,0.5419000,0.7126000,0.3059000,0.5676000,0.6556000,0.2984000,0.5494000,0.5820000,0.3060000,0.5780000,0.5369000,0.4138000,-0.0451807,0.8636043,0.0820047},
{0.0275940,0.8183061,0.1470096,-0.0390315,0.8159281,0.1140180,0.2718634,0.8935585,0.1375799,0.3414898,0.9444116,0.1791192,0.4172528,0.8791098,0.3210211,0.5212000,0.8086000,0.4191000,0.5414000,0.7123000,0.3057000,0.5676000,0.6554000,0.2984000,0.5493000,0.5819000,0.3056000,0.5777000,0.5365000,0.4134000,-0.0451538,0.8636014,0.0819892},
{0.0278036,0.8183029,0.1468848,-0.0390415,0.8159290,0.1140229,0.2718864,0.8935683,0.1376155,0.3412563,0.9443801,0.1788500,0.4170824,0.8791854,0.3208688,0.5212000,0.8085000,0.4191000,0.5409000,0.7120000,0.3056000,0.5677000,0.6552000,0.2985000,0.5492000,0.5816000,0.3053000,0.5775000,0.5362000,0.4131000,-0.0453508,0.8636226,0.0821030},
{0.0277333,0.8183039,0.1469266,-0.0391276,0.8159363,0.1140652,0.2718821,0.8935665,0.1376088,0.3411988,0.9443723,0.1787837,0.4170991,0.8791780,0.3208838,0.5212000,0.8083000,0.4191000,0.5404000,0.7117000,0.3054000,0.5678000,0.6551000,0.2986000,0.5492000,0.5813000,0.3050000,0.5774000,0.5358000,0.4128000,-0.0456045,0.8636500,0.0822498},
{0.0274901,0.8183077,0.1470716,-0.0393405,0.8159543,0.1141701,0.2719501,0.8935956,0.1377140,0.3412800,0.9443833,0.1788773,0.4172697,0.8791023,0.3210362,0.5212000,0.8082000,0.4190000,0.5399000,0.7114000,0.3052000,0.5678000,0.6549000,0.2987000,0.5493000,0.5811000,0.3048000,0.5774000,0.5356000,0.4126000,-0.0461746,0.8637118,0.0825817},
{0.0271337,0.8183133,0.1472849,-0.0398159,0.8159949,0.1144053,0.2720679,0.8936459,0.1378960,0.3414446,0.9444055,0.1790671,0.4175133,0.8789948,0.3212536,0.5211000,0.8081000,0.4190000,0.5394000,0.7111000,0.3051000,0.5679000,0.6547000,0.2988000,0.5494000,0.5808000,0.3047000,0.5775000,0.5353000,0.4124000,-0.0203216,0.8799586,0.1788895},
{0.0265260,0.8183233,0.1476508,-0.0405082,0.8160543,0.1147502,0.2723075,0.8937484,0.1382658,0.3417747,0.9444504,0.1794471,0.4178301,0.8788557,0.3215357,0.5211000,0.8080000,0.4190000,0.5389000,0.7109000,0.3049000,0.5680000,0.6545000,0.2989000,0.5495000,0.5807000,0.3046000,0.5777000,0.5351000,0.4123000,-0.0208703,0.8799624,0.1788834},
{0.0258633,0.8183348,0.1480532,-0.0412466,0.8161184,0.1151215,0.2724722,0.8938188,0.1385197,0.3421421,0.9445007,0.1798689,0.4182666,0.8786656,0.3219233,0.5211000,0.8079000,0.4190000,0.5384000,0.7106000,0.3048000,0.5681000,0.6543000,0.2990000,0.5498000,0.5804000,0.3046000,0.5779000,0.5349000,0.4123000,-0.0215762,0.8799669,0.1788734},
{0.0250893,0.8183491,0.1485276,-0.0420553,0.8161892,0.1155319,0.2727309,0.8939295,0.1389180,0.3425886,0.9445626,0.1803805,0.4186916,0.8784822,0.3222995,0.5211000,0.8077000,0.4190000,0.5379000,0.7103000,0.3046000,0.5681000,0.6542000,0.2990000,0.5501000,0.5801000,0.3048000,0.5782000,0.5346000,0.4124000,-0.0219316,0.8799691,0.1788673},
{0.0243159,0.8183643,0.1490066,-0.0428266,0.8162574,0.1159273,0.2731186,0.8940955,0.1395137,0.3430356,0.9446251,0.1808912,0.4191936,0.8782677,0.3227422,0.5210000,0.8076000,0.4189000,0.5374000,0.7100000,0.3044000,0.5682000,0.6540000,0.2991000,0.5504000,0.5799000,0.3049000,0.5787000,0.5343000,0.4125000,-0.0223924,0.8799716,0.1788586},
{0.0235041,0.8183813,0.1495148,-0.0436872,0.8163343,0.1163730,0.2734746,0.8942481,0.1400596,0.3434989,0.9446906,0.1814190,0.4196807,0.8780617,0.3231703,0.5210000,0.8075000,0.4189000,0.5369000,0.7097000,0.3043000,0.5683000,0.6538000,0.2992000,0.5508000,0.5797000,0.3051000,0.5792000,0.5340000,0.4126000,-0.0230491,0.8799750,0.1788442},
{0.0226670,0.8183999,0.1500447,-0.0444402,0.8164023,0.1167671,0.2738953,0.8944285,0.1407032,0.3439235,0.9447512,0.1819015,0.4201646,0.8778590,0.3235942,0.5210000,0.8074000,0.4189000,0.5364000,0.7094000,0.3041000,0.5683000,0.6536000,0.2993000,0.5512000,0.5795000,0.3054000,0.5798000,0.5338000,0.4128000,-0.0235062,0.8799771,0.1788329},
{0.0218492,0.8184191,0.1505683,-0.0451980,0.8164715,0.1171675,0.2743247,0.8946129,0.1413584,0.3443390,0.9448111,0.1823725,0.4206393,0.8776622,0.3240085,0.5210000,0.8072000,0.4189000,0.5359000,0.7092000,0.3039000,0.5684000,0.6535000,0.2994000,0.5516000,0.5792000,0.3057000,0.5804000,0.5336000,0.4130000,-0.0239010,0.8799788,0.1788223},
{0.0210433,0.8184392,0.1510902,-0.0459061,0.8165367,0.1175452,0.2746600,0.8947569,0.1418689,0.3446654,0.9448585,0.1827415,0.4212141,0.8774265,0.3245082,0.5209000,0.8071000,0.4189000,0.5354000,0.7089000,0.3038000,0.5685000,0.6533000,0.2995000,0.5520000,0.5790000,0.3060000,0.5811000,0.5335000,0.4133000,-0.0243043,0.8799804,0.1788106},
{0.0202818,0.8184592,0.1515888,-0.0467057,0.8166111,0.1179759,0.2750081,0.8949066,0.1423978,0.3451255,0.9449260,0.1832606,0.4216270,0.8772589,0.3248660,0.5209000,0.8070000,0.4188000,0.5349000,0.7086000,0.3036000,0.5685000,0.6531000,0.2996000,0.5525000,0.5787000,0.3065000,0.5819000,0.5333000,0.4137000,-0.0246184,0.8799815,0.1788009},
{0.0194504,0.8184822,0.1521395,-0.0474836,0.8166843,0.1183992,0.2753107,0.8950367,0.1428566,0.3455070,0.9449824,0.1836900,0.4221688,0.8770410,0.3253339,0.5209000,0.8069000,0.4188000,0.5344000,0.7083000,0.3034000,0.5686000,0.6529000,0.2997000,0.5530000,0.5785000,0.3068000,0.5826000,0.5332000,0.4141000,-0.0249865,0.8799827,0.1787888},
{0.0185830,0.8185075,0.1527211,-0.0483239,0.8167642,0.1188615,0.2756840,0.8951974,0.1434217,0.3459313,0.9450456,0.1841663,0.4226424,0.8768526,0.3257415,0.5209000,0.8067000,0.4188000,0.5339000,0.7080000,0.3033000,0.5687000,0.6527000,0.2997000,0.5535000,0.5782000,0.3073000,0.5834000,0.5330000,0.4144000,-0.0252562,0.8799835,0.1787795},
{0.0177701,0.8185325,0.1532729,-0.0490825,0.8168371,0.1192833,0.2759363,0.8953061,0.1438030,0.3463009,0.9451012,0.1845803,0.4231207,0.8766641,0.3261517,0.5208000,0.8066000,0.4188000,0.5334000,0.7077000,0.3031000,0.5688000,0.6526000,0.2998000,0.5539000,0.5780000,0.3078000,0.5841000,0.5328000,0.4148000,-0.0256314,0.8799845,0.1787660},
{0.0169664,0.8185584,0.1538252,-0.0499009,0.8169167,0.1197431,0.2762920,0.8954594,0.1443395,0.3466429,0.9451530,0.1849626,0.4235065,0.8765133,0.3264817,0.5208000,0.8065000,0.4188000,0.5329000,0.7075000,0.3030000,0.5688000,0.6524000,0.2999000,0.5545000,0.5777000,0.3082000,0.5850000,0.5327000,0.4152000,-0.0259062,0.8799851,0.1787556},
{0.0160393,0.8185899,0.1544707,-0.0506976,0.8169950,0.1201958,0.2765596,0.8955748,0.1447422,0.3468933,0.9451911,0.1852420,0.4239424,0.8763445,0.3268535,0.5208000,0.8064000,0.4187000,0.5324000,0.7072000,0.3028000,0.5689000,0.6522000,0.3000000,0.5549000,0.5774000,0.3087000,0.5858000,0.5325000,0.4156000,-0.0263424,0.8799860,0.1787383},
{0.0152526,0.8186179,0.1550258,-0.0515349,0.8170783,0.1206769,0.2767541,0.8956587,0.1450347,0.3471327,0.9452277,0.1855087,0.4242710,0.8762182,0.3271330,0.5208000,0.8062000,0.4187000,0.5319000,0.7069000,0.3026000,0.5690000,0.6520000,0.3001000,0.5554000,0.5770000,0.3092000,0.5867000,0.5324000,0.4160000,-0.0267312,0.8799867,0.1787220},
{0.0144480,0.8186480,0.1556007,-0.0523354,0.8171588,0.1211422,0.2769635,0.8957491,0.1453492,0.3473939,0.9452679,0.1857994,0.4245990,0.8760929,0.3274115,0.5207000,0.8061000,0.4187000,0.5314000,0.7066000,0.3025000,0.5690000,0.6518000,0.3002000,0.5559000,0.5767000,0.3097000,0.5875000,0.5322000,0.4164000,-0.0271601,0.8799872,0.1787030},
{0.0137356,0.8186757,0.1561159,-0.0531512,0.8172418,0.1216216,0.2770964,0.8958065,0.1455485,0.3475432,0.9452910,0.1859652,0.4248487,0.8759981,0.3276231,0.5207000,0.8060000,0.4187000,0.5309000,0.7063000,0.3023000,0.5691000,0.6517000,0.3003000,0.5563000,0.5764000,0.3101000,0.5882000,0.5320000,0.4167000,-0.0276272,0.8799876,0.1786812},
{0.0130651,0.8187029,0.1566064,-0.0538801,0.8173169,0.1220549,0.2771587,0.8958334,0.1456420,0.3477222,0.9453187,0.1861640,0.4250450,0.8759239,0.3277892,0.5207000,0.8059000,0.4187000,0.5304000,0.7060000,0.3021000,0.5692000,0.6515000,0.3003000,0.5566000,0.5760000,0.3106000,0.5891000,0.5319000,0.4171000,-0.0280145,0.8799878,0.1786623},
{0.0123452,0.8187332,0.1571391,-0.0547680,0.8174094,0.1225888,0.2772309,0.8958646,0.1457503,0.3478204,0.9453339,0.1862729,0.4252506,0.8758465,0.3279629,0.5207000,0.8057000,0.4186000,0.5299000,0.7058000,0.3020000,0.5692000,0.6513000,0.3004000,0.5570000,0.5757000,0.3111000,0.5897000,0.5318000,0.4173000,-0.0284567,0.8799879,0.1786396},
{0.0115714,0.8187671,0.1577188,-0.0557201,0.8175099,0.1231690,0.2773178,0.8959022,0.1458805,0.3479182,0.9453492,0.1863814,0.4254203,0.8757828,0.3281061,0.5206000,0.8056000,0.4186000,0.5294000,0.7055000,0.3018000,0.5693000,0.6511000,0.3005000,0.5573000,0.5753000,0.3114000,0.5904000,0.5317000,0.4176000,-0.0288118,0.8799878,0.1786206},
{0.0109129,0.8187971,0.1582184,-0.0564129,0.8175840,0.1235964,0.2773778,0.8959281,0.1459704,0.3479182,0.9453492,0.1863814,0.4255665,0.8757282,0.3282294,0.5206000,0.8055000,0.4186000,0.5289000,0.7052000,0.3016000,0.5694000,0.6509000,0.3006000,0.5575000,0.5750000,0.3117000,0.5910000,0.5315000,0.4178000,-0.0290462,0.8799876,0.1786077},
{0.0101738,0.8188320,0.1587861,-0.0576546,0.8177188,0.1243736,0.2773778,0.8959281,0.1459704,0.3478181,0.9453336,0.1862704,0.4255891,0.8757197,0.3282484,0.5206000,0.8054000,0.4186000,0.5284000,0.7049000,0.3015000,0.5694000,0.6508000,0.3007000,0.5577000,0.5746000,0.3121000,0.5916000,0.5314000,0.4180000,-0.0292894,0.8799874,0.1785940},
{0.0094831,0.8188659,0.1593233,-0.0585348,0.8178159,0.1249336,0.2773778,0.8959281,0.1459704,0.3477791,0.9453275,0.1862271,0.4257292,0.8756676,0.3283664,0.5206000,0.8052000,0.4186000,0.5279000,0.7046000,0.3013000,0.5695000,0.6506000,0.3008000,0.5579000,0.5742000,0.3125000,0.5922000,0.5313000,0.4182000,-0.0294717,0.8799873,0.1785835},
{0.0087984,0.8189008,0.1598625,-0.0595022,0.8179243,0.1255580,0.2774252,0.8959485,0.1460412,0.3477397,0.9453214,0.1861834,0.4257440,0.8756620,0.3283788,0.5205000,0.8051000,0.4185000,0.5274000,0.7043000,0.3012000,0.5696000,0.6504000,0.3009000,0.5580000,0.5739000,0.3128000,0.5927000,0.5312000,0.4184000,-0.0295230,0.8799872,0.1785805},
{0.0081500,0.8189350,0.1603796,-0.0603736,0.8180233,0.1261287,0.2773728,0.8959259,0.1459629,0.3476254,0.9453037,0.1860566,0.4257761,0.8756501,0.3284058,0.5205000,0.8050000,0.4185000,0.5269000,0.7040000,0.3010000,0.5697000,0.6502000,0.3010000,0.5582000,0.5736000,0.3130000,0.5932000,0.5310000,0.4185000,-0.0298305,0.8799868,0.1785623},
{0.0076091,0.8189644,0.1608159,-0.0610918,0.8181061,0.1266051,0.2773728,0.8959259,0.1459629,0.3474834,0.9452817,0.1858989,0.4257761,0.8756501,0.3284058,0.5205000,0.8049000,0.4185000,0.5264000,0.7038000,0.3008000,0.5697000,0.6500000,0.3010000,0.5583000,0.5734000,0.3131000,0.5936000,0.5309000,0.4186000,-0.0299551,0.8799866,0.1785547},
{0.0071448,0.8189904,0.1611939,-0.0617879,0.8181872,0.1270723,0.2773553,0.8959184,0.1459366,0.3473549,0.9452619,0.1857559,0.4257761,0.8756501,0.3284058,0.5205000,0.8048000,0.4185000,0.5259000,0.7035000,0.3007000,0.5698000,0.6499000,0.3011000,0.5584000,0.5731000,0.3133000,0.5939000,0.5308000,0.4187000,-0.0301075,0.8799864,0.1785454},
{0.0067490,0.8190130,0.1615190,-0.0622816,0.8182454,0.1274070,0.2772135,0.8958571,0.1457242,0.3472573,0.9452469,0.1856475,0.4257397,0.8756637,0.3283752,0.5204000,0.8046000,0.4185000,0.5254000,0.7032000,0.3005000,0.5699000,0.6497000,0.3012000,0.5586000,0.5729000,0.3134000,0.5942000,0.5306000,0.4187000,-0.0302787,0.8799861,0.1785347},
{0.0064015,0.8190333,0.1618065,-0.0627527,0.8183013,0.1277289,0.2772079,0.8958547,0.1457157,0.3471286,0.9452271,0.1855042,0.4257084,0.8756753,0.3283489,0.5204000,0.8045000,0.4184000,0.5249000,0.7029000,0.3003000,0.5699000,0.6495000,0.3013000,0.5587000,0.5727000,0.3136000,0.5945000,0.5305000,0.4188000,-0.0304217,0.8799858,0.1785257},
{0.0058950,0.8190635,0.1622292,-0.0629916,0.8183298,0.1278931,0.2772079,0.8958547,0.1457157,0.3470425,0.9452139,0.1854083,0.4256878,0.8756830,0.3283316,0.5204000,0.8044000,0.4184000,0.5244000,0.7026000,0.3002000,0.5700000,0.6493000,0.3014000,0.5588000,0.5725000,0.3137000,0.5946000,0.5304000,0.4189000,-0.0307502,0.8799851,0.1785045},
{0.0054693,0.8190895,0.1625878,-0.0631743,0.8183517,0.1280192,0.2772079,0.8958547,0.1457157,0.3469809,0.9452045,0.1853396,0.4256567,0.8756945,0.3283053,0.5204000,0.8043000,0.4184000,0.5239000,0.7023000,0.3000000,0.5701000,0.6491000,0.3015000,0.5588000,0.5723000,0.3139000,0.5948000,0.5303000,0.4190000,-0.0310268,0.8799844,0.1784862},
{0.0053640,0.8190960,0.1626770,-0.0632072,0.8183557,0.1280419,0.2772135,0.8958571,0.1457241,0.3468553,0.9451853,0.1851996,0.4256202,0.8757082,0.3282746,0.5203000,0.8041000,0.4184000,0.5235000,0.7021000,0.2998000,0.5701000,0.6490000,0.3016000,0.5588000,0.5721000,0.3140000,0.5949000,0.5302000,0.4191000,-0.0313219,0.8799836,0.1784661},
{0.0052678,0.8191020,0.1627587,-0.0632072,0.8183557,0.1280419,0.2772127,0.8958567,0.1457229,0.3467770,0.9451734,0.1851123,0.4255993,0.8757160,0.3282570,0.5203000,0.8040000,0.4184000,0.5230000,0.7018000,0.2997000,0.5702000,0.6488000,0.3016000,0.5588000,0.5719000,0.3141000,0.5950000,0.5301000,0.4192000,-0.0315526,0.8799829,0.1784501},
{0.0052262,0.8191046,0.1627940,-0.0630754,0.8183399,0.1279509,0.2771159,0.8958150,0.1455779,0.3467081,0.9451629,0.1850354,0.4255993,0.8757160,0.3282570,0.5203000,0.8039000,0.4183000,0.5225000,0.7015000,0.2995000,0.5703000,0.6486000,0.3017000,0.5587000,0.5718000,0.3142000,0.5950000,0.5300000,0.4193000,-0.0315773,0.8799828,0.1784484},
{0.0052122,0.8191055,0.1628059,-0.0628734,0.8183157,0.1278118,0.2770707,0.8957954,0.1455101,0.3467473,0.9451689,0.1850792,0.4255633,0.8757294,0.3282266,0.5202000,0.8038000,0.4183000,0.5220000,0.7012000,0.2994000,0.5704000,0.6484000,0.3018000,0.5587000,0.5717000,0.3143000,0.5950000,0.5299000,0.4194000,-0.0316681,0.8799825,0.1784420},
{0.0053592,0.8190963,0.1626810,-0.0627254,0.8182980,0.1277102,0.2770662,0.8957935,0.1455032,0.3466725,0.9451575,0.1849956,0.4255633,0.8757294,0.3282266,0.5202000,0.8036000,0.4183000,0.5215000,0.7009000,0.2992000,0.5704000,0.6482000,0.3019000,0.5586000,0.5715000,0.3144000,0.5950000,0.5298000,0.4195000,-0.0317541,0.8799822,0.1784359},
{0.0054289,0.8190920,0.1626220,-0.0625435,0.8182764,0.1275856,0.2769930,0.8957619,0.1453935,0.3466436,0.9451531,0.1849634,0.4255333,0.8757406,0.3282014,0.5202000,0.8035000,0.4183000,0.5210000,0.7006000,0.2990000,0.5705000,0.6481000,0.3020000,0.5585000,0.5714000,0.3145000,0.5950000,0.5298000,0.4196000,-0.0316554,0.8799825,0.1784429},
{0.0054963,0.8190878,0.1625649,-0.0624439,0.8182646,0.1275176,0.2769383,0.8957383,0.1453114,0.3465837,0.9451440,0.1848964,0.4254797,0.8757606,0.3281562,0.5202000,0.8034000,0.4183000,0.5205000,0.7004000,0.2989000,0.5706000,0.6479000,0.3021000,0.5584000,0.5714000,0.3146000,0.5949000,0.5298000,0.4197000,-0.0316597,0.8799825,0.1784426},
{0.0056080,0.8190810,0.1624706,-0.0622108,0.8182370,0.1273588,0.2768979,0.8957208,0.1452508,0.3465804,0.9451435,0.1848927,0.4254608,0.8757677,0.3281402,0.5201000,0.8033000,0.4182000,0.5200000,0.7001000,0.2987000,0.5706000,0.6477000,0.3022000,0.5583000,0.5714000,0.3147000,0.5948000,0.5298000,0.4198000,-0.0316688,0.8799825,0.1784419},
{0.0057394,0.8190729,0.1623599,-0.0621284,0.8182273,0.1273028,0.2768949,0.8957195,0.1452462,0.3464866,0.9451293,0.1847880,0.4254608,0.8757677,0.3281402,0.5201000,0.8031000,0.4182000,0.5195000,0.6998000,0.2985000,0.5707000,0.6475000,0.3023000,0.5582000,0.5714000,0.3148000,0.5948000,0.5298000,0.4198000,-0.0316688,0.8799825,0.1784419},
{0.0058032,0.8190691,0.1623062,-0.0619775,0.8182095,0.1272005,0.2768453,0.8956981,0.1451717,0.3464866,0.9451293,0.1847880,0.4253742,0.8758001,0.3280672,0.5201000,0.8030000,0.4182000,0.5190000,0.6995000,0.2984000,0.5708000,0.6473000,0.3023000,0.5581000,0.5714000,0.3148000,0.5947000,0.5299000,0.4199000,-0.0316883,0.8799824,0.1784406},
{0.0059343,0.8190611,0.1621962,-0.0618419,0.8181936,0.1271088,0.2768453,0.8956981,0.1451717,0.3464866,0.9451293,0.1847880,0.4253742,0.8758001,0.3280672,0.5201000,0.8029000,0.4182000,0.5185000,0.6992000,0.2982000,0.5708000,0.6472000,0.3024000,0.5580000,0.5715000,0.3148000,0.5946000,0.5299000,0.4199000,-0.0316883,0.8799824,0.1784406},
{0.0060437,0.8190545,0.1621046,-0.0616387,0.8181697,0.1269717,0.2768453,0.8956981,0.1451717,0.3465130,0.9451333,0.1848175,0.4253742,0.8758001,0.3280672,0.5200000,0.8028000,0.4182000,0.5180000,0.6989000,0.2980000,0.5709000,0.6470000,0.3025000,0.5580000,0.5715000,0.3149000,0.5946000,0.5300000,0.4199000,-0.0317482,0.8799822,0.1784363}
};
