fitErrPi Mean = 0.013984
fitErrTh Mean = 0.00936523
fitErrWr Mean = 0.143242
fitErrLA Mean = 0.0966248
fitErrEl Mean = 0.0119425
fitErrUA Mean = 0.0287302
efPts = {
{1.4160077,0.3955654,-0.3302036,0.6126834,0.3004857,0.2666105,0.5646663,0.4601114,0.2762568,0.5241625,0.5895264,0.2573565,0.9085387,0.6564301,0.3975870,0.6210000,0.7366000,0.4800000,0.6476000,0.6443000,0.4189000,0.6733000,0.5926000,0.3418000,0.7395000,0.5569000,0.4258000,0.4131000,0.5354000,0.3046000,0.9123938,0.6761534,-0.1630172},
{0.6083492,0.3494480,0.2591036,0.6126213,0.3005749,0.2666383,0.5645368,0.4596278,0.2764164,0.5242627,0.5888622,0.2576576,0.5286805,0.7201890,0.3555153,0.6216000,0.7369000,0.4803000,0.6480000,0.6444000,0.4190000,0.6737000,0.5926000,0.3420000,0.7397000,0.5570000,0.4259000,0.4131000,0.5354000,0.3046000,0.5598007,0.3038544,0.2659757},
{0.6083361,0.3492811,0.2591692,0.6124280,0.3008525,0.2667243,0.5644454,0.4592857,0.2765293,0.5243316,0.5884122,0.2578618,0.5286903,0.7202078,0.3555110,0.6221000,0.7371000,0.4805000,0.6484000,0.6446000,0.4192000,0.6740000,0.5926000,0.3423000,0.7400000,0.5572000,0.4259000,0.4131000,0.5354000,0.3046000,0.5596915,0.3040204,0.2659980},
{0.6083361,0.3492811,0.2591692,0.6123169,0.3010123,0.2667736,0.5643936,0.4590913,0.2765934,0.5243634,0.5882061,0.2579554,0.5287240,0.7202720,0.3554962,0.6226000,0.7373000,0.4808000,0.6488000,0.6447000,0.4195000,0.6744000,0.5926000,0.3425000,0.7403000,0.5574000,0.4260000,0.4131000,0.5354000,0.3046000,0.5595875,0.3041786,0.2660191},
{0.6083476,0.3494273,0.2591117,0.6118713,0.3016549,0.2669708,0.5643882,0.4590711,0.2766001,0.5243533,0.5882712,0.2579259,0.5287465,0.7203151,0.3554863,0.6230000,0.7374000,0.4810000,0.6492000,0.6448000,0.4196000,0.6747000,0.5927000,0.3427000,0.7406000,0.5575000,0.4261000,0.4131000,0.5354000,0.3046000,0.5593388,0.3045576,0.2660693},
{0.6083696,0.3497077,0.2590014,0.6116626,0.3019567,0.2670627,0.5644200,0.4591903,0.2765608,0.5243221,0.5884736,0.2578340,0.5288235,0.7204617,0.3554525,0.6234000,0.7376000,0.4811000,0.6496000,0.6450000,0.4198000,0.6751000,0.5927000,0.3430000,0.7408000,0.5577000,0.4262000,0.4131000,0.5354000,0.3046000,0.5591011,0.3049208,0.2661171},
{0.6084023,0.3501205,0.2588389,0.6111993,0.3026285,0.2672655,0.5644900,0.4594528,0.2764742,0.5242592,0.5888849,0.2576473,0.5289752,0.7207499,0.3553860,0.6237000,0.7377000,0.4813000,0.6500000,0.6451000,0.4199000,0.6754000,0.5927000,0.3432000,0.7412000,0.5579000,0.4264000,0.4131000,0.5354000,0.3046000,0.5588007,0.3053806,0.2661770},
{0.6084413,0.3506092,0.2586463,0.6106460,0.3034343,0.2675060,0.5646275,0.4599670,0.2763045,0.5241615,0.5895328,0.2573536,0.5292420,0.7212542,0.3552699,0.6240000,0.7379000,0.4814000,0.6503000,0.6453000,0.4200000,0.6758000,0.5927000,0.3434000,0.7415000,0.5581000,0.4265000,0.4131000,0.5354000,0.3046000,0.5584232,0.3059601,0.2662516},
{0.6085055,0.3514041,0.2583325,0.6102171,0.3040615,0.2676909,0.5648067,0.4606338,0.2760843,0.5240460,0.5903151,0.2569994,0.5295353,0.7218052,0.3551431,0.6243000,0.7381000,0.4815000,0.6506000,0.6456000,0.4201000,0.6761000,0.5927000,0.3437000,0.7418000,0.5582000,0.4267000,0.4131000,0.5354000,0.3046000,0.5578997,0.3067670,0.2663538},
{0.6085909,0.3524449,0.2579207,0.6094957,0.3051215,0.2679991,0.5650411,0.4615008,0.2757979,0.5239164,0.5912131,0.2565935,0.5299349,0.7225498,0.3549720,0.6246000,0.7384000,0.4816000,0.6509000,0.6459000,0.4202000,0.6764000,0.5927000,0.3439000,0.7421000,0.5584000,0.4268000,0.4131000,0.5354000,0.3046000,0.5572725,0.3077387,0.2664743},
{0.6086824,0.3535409,0.2574859,0.6086606,0.3063570,0.2683515,0.5653319,0.4625687,0.2754447,0.5237530,0.5923814,0.2560665,0.5304243,0.7234528,0.3547648,0.6249000,0.7388000,0.4817000,0.6512000,0.6462000,0.4203000,0.6768000,0.5928000,0.3441000,0.7423000,0.5585000,0.4270000,0.4131000,0.5354000,0.3046000,0.5565255,0.3089031,0.2666151},
{0.6087832,0.3547248,0.2570148,0.6076650,0.3078413,0.2687653,0.5656589,0.4637597,0.2750505,0.5235655,0.5937742,0.2554398,0.5309035,0.7243278,0.3545644,0.6253000,0.7391000,0.4818000,0.6515000,0.6465000,0.4203000,0.6771000,0.5928000,0.3444000,0.7426000,0.5587000,0.4271000,0.4131000,0.5354000,0.3046000,0.5556043,0.3103498,0.2667845},
{0.6088914,0.3559720,0.2565171,0.6066593,0.3093535,0.2691762,0.5660192,0.4650596,0.2746198,0.5233800,0.5952150,0.2547932,0.5315212,0.7254421,0.3543096,0.6256000,0.7395000,0.4818000,0.6518000,0.6469000,0.4203000,0.6775000,0.5928000,0.3446000,0.7427000,0.5588000,0.4272000,0.4131000,0.5354000,0.3046000,0.5545698,0.3119886,0.2669690},
{0.6089800,0.3569749,0.2561158,0.6055700,0.3110064,0.2696131,0.5664093,0.4664529,0.2741576,0.5231771,0.5968728,0.2540515,0.5321827,0.7266196,0.3540410,0.6260000,0.7400000,0.4818000,0.6521000,0.6473000,0.4204000,0.6775000,0.5928000,0.3446000,0.7428000,0.5590000,0.4272000,0.4131000,0.5354000,0.3046000,0.5535517,0.3136166,0.2671447},
{0.6090980,0.3582858,0.2555896,0.6044951,0.3126525,0.2700358,0.5668118,0.4678761,0.2736849,0.5229778,0.5985994,0.2532815,0.5328727,0.7278306,0.3537654,0.6264000,0.7405000,0.4819000,0.6524000,0.6478000,0.4203000,0.6777000,0.5933000,0.3447000,0.7429000,0.5591000,0.4273000,0.4131000,0.5354000,0.3046000,0.5524197,0.3154445,0.2673331},
{0.6092319,0.3597424,0.2550031,0.6032812,0.3145304,0.2705032,0.5672408,0.4693769,0.2731858,0.5227817,0.6004108,0.2524764,0.5336352,0.7291496,0.3534659,0.6268000,0.7411000,0.4819000,0.6527000,0.6485000,0.4203000,0.6782000,0.5939000,0.3449000,0.7430000,0.5593000,0.4273000,0.4131000,0.5354000,0.3046000,0.5512706,0.3173197,0.2675166},
{0.6093730,0.3612434,0.2543964,0.6018644,0.3167471,0.2710347,0.5677076,0.4709916,0.2726481,0.5225780,0.6024388,0.2515784,0.5343744,0.7304095,0.3531805,0.6273000,0.7418000,0.4819000,0.6530000,0.6493000,0.4202000,0.6788000,0.5949000,0.3447000,0.7430000,0.5595000,0.4274000,0.4131000,0.5354000,0.3046000,0.5499929,0.3194282,0.2677113},
{0.6095346,0.3629231,0.2537149,0.6004621,0.3189687,0.2715458,0.5682316,0.4727827,0.2720507,0.5223599,0.6048203,0.2505282,0.5352410,0.7318641,0.3528519,0.6278000,0.7424000,0.4819000,0.6534000,0.6501000,0.4201000,0.6786000,0.5951000,0.3449000,0.7430000,0.5598000,0.4274000,0.4131000,0.5354000,0.3046000,0.5486011,0.3217544,0.2679120},
{0.6097249,0.3648517,0.2529289,0.5988174,0.3216095,0.2721260,0.5688464,0.4748556,0.2713582,0.5221487,0.6074081,0.2493925,0.5361316,0.7333346,0.3525207,0.6283000,0.7431000,0.4820000,0.6538000,0.6510000,0.4200000,0.6795000,0.5962000,0.3445000,0.7431000,0.5600000,0.4275000,0.4131000,0.5354000,0.3046000,0.5470711,0.3243471,0.2681185},
{0.6099451,0.3670189,0.2520413,0.5969808,0.3246047,0.2727485,0.5695169,0.4770832,0.2706127,0.5219382,0.6103940,0.2480890,0.5371776,0.7350315,0.3521397,0.6288000,0.7438000,0.4820000,0.6541000,0.6520000,0.4198000,0.6799000,0.5970000,0.3445000,0.7431000,0.5602000,0.4275000,0.4131000,0.5354000,0.3046000,0.5453754,0.3272657,0.2683296},
{0.6102144,0.3695869,0.2509835,0.5949469,0.3279799,0.2734059,0.5703556,0.4798229,0.2696938,0.5217466,0.6136904,0.2466585,0.5382486,0.7367367,0.3517582,0.6294000,0.7445000,0.4821000,0.6545000,0.6530000,0.4196000,0.6802000,0.5978000,0.3444000,0.7431000,0.5605000,0.4276000,0.4131000,0.5354000,0.3046000,0.5434342,0.3306671,0.2685477},
{0.6105285,0.3724768,0.2497853,0.5927168,0.3317536,0.2740869,0.5712825,0.4827935,0.2686950,0.5215803,0.6174472,0.2450390,0.5394717,0.7386463,0.3513325,0.6298000,0.7452000,0.4821000,0.6550000,0.6542000,0.4193000,0.6807000,0.5985000,0.3444000,0.7432000,0.5607000,0.4276000,0.4131000,0.5354000,0.3046000,0.5412884,0.3345050,0.2687581},
{0.6108806,0.3755966,0.2484825,0.5903279,0.3358837,0.2747684,0.5723292,0.4860798,0.2675870,0.5214606,0.6215875,0.2432676,0.5408568,0.7407626,0.3508627,0.6303000,0.7459000,0.4820000,0.6555000,0.6554000,0.4189000,0.6813000,0.5993000,0.3442000,0.7433000,0.5608000,0.4277000,0.4131000,0.5354000,0.3046000,0.5390125,0.3386687,0.2689446},
{0.6112846,0.3790362,0.2470350,0.5877563,0.3404349,0.2754443,0.5735605,0.4898586,0.2663092,0.5214053,0.6261657,0.2413250,0.5422744,0.7428805,0.3503946,0.6308000,0.7467000,0.4819000,0.6561000,0.6564000,0.4185000,0.6818000,0.5999000,0.3440000,0.7433000,0.5610000,0.4277000,0.4131000,0.5354000,0.3046000,0.5365270,0.3433312,0.2691029},
{0.6117102,0.3825170,0.2455582,0.5851247,0.3452105,0.2760713,0.5748714,0.4937855,0.2649768,0.5214368,0.6311720,0.2392200,0.5439623,0.7453421,0.3498532,0.6312000,0.7474000,0.4817000,0.6566000,0.6577000,0.4181000,0.6823000,0.6005000,0.3439000,0.7434000,0.5610000,0.4278000,0.4131000,0.5354000,0.3046000,0.5339364,0.3483266,0.2692145},
{0.6122434,0.3866954,0.2437696,0.5823508,0.3503803,0.2766577,0.5763267,0.4980362,0.2635296,0.5215690,0.6363308,0.2370716,0.5457989,0.7479510,0.3492826,0.6316000,0.7483000,0.4814000,0.6573000,0.6590000,0.4176000,0.6828000,0.6012000,0.3437000,0.7434000,0.5611000,0.4279000,0.4131000,0.5354000,0.3046000,0.5311875,0.3537884,0.2692696},
{0.6128540,0.3912621,0.2417950,0.5794466,0.3559508,0.2771852,0.5778736,0.5024383,0.2620252,0.5218243,0.6418978,0.2347770,0.5477942,0.7507085,0.3486830,0.6322000,0.7491000,0.4811000,0.6579000,0.6605000,0.4171000,0.6833000,0.6018000,0.3436000,0.7434000,0.5612000,0.4279000,0.4131000,0.5354000,0.3046000,0.5283346,0.3596452,0.2692527},
{0.6134951,0.3958382,0.2397955,0.5764206,0.3619375,0.2776348,0.5795727,0.5071461,0.2604101,0.5222209,0.6477841,0.2323772,0.5499899,0.7536563,0.3480463,0.6327000,0.7500000,0.4808000,0.6588000,0.6620000,0.4164000,0.6837000,0.6025000,0.3435000,0.7434000,0.5613000,0.4280000,0.4131000,0.5354000,0.3046000,0.5253904,0.3659066,0.2691498},
{0.6142278,0.4008293,0.2375910,0.5732146,0.3684979,0.2779921,0.5814254,0.5121383,0.2586902,0.5227779,0.6539771,0.2298816,0.5523503,0.7567308,0.3473868,0.6334000,0.7510000,0.4805000,0.6595000,0.6636000,0.4159000,0.6842000,0.6031000,0.3433000,0.7433000,0.5613000,0.4280000,0.4131000,0.5354000,0.3046000,0.5223126,0.3727094,0.2689411},
{0.6150481,0.4061558,0.2352110,0.5700506,0.3752088,0.2782151,0.5834686,0.5174863,0.2568396,0.5235285,0.6605756,0.2272556,0.5549105,0.7599623,0.3466989,0.6342000,0.7521000,0.4802000,0.6605000,0.6653000,0.4153000,0.6848000,0.6038000,0.3431000,0.7431000,0.5614000,0.4280000,0.4131000,0.5354000,0.3046000,0.5191246,0.3800612,0.2686049},
{0.6159654,0.4118280,0.2326455,0.5667682,0.3824406,0.2782988,0.5856386,0.5230002,0.2549228,0.5244827,0.6674512,0.2245553,0.5576566,0.7633176,0.3459904,0.6351000,0.7532000,0.4798000,0.6613000,0.6669000,0.4148000,0.6853000,0.6046000,0.3430000,0.7430000,0.5615000,0.4280000,0.4131000,0.5354000,0.3046000,0.5158818,0.3878947,0.2681231},
{0.6169698,0.4177409,0.2299370,0.5635083,0.3899205,0.2782190,0.5880914,0.5290431,0.2528116,0.5256939,0.6747844,0.2217157,0.5605618,0.7667510,0.3452718,0.6360000,0.7544000,0.4793000,0.6620000,0.6683000,0.4143000,0.6858000,0.6054000,0.3428000,0.7428000,0.5615000,0.4279000,0.4131000,0.5354000,0.3046000,0.5126327,0.3961489,0.2674809},
{0.6180307,0.4236931,0.2271750,0.5601822,0.3978902,0.2779524,0.5906689,0.5351949,0.2506510,0.5271716,0.6824392,0.2187963,0.5636563,0.7702855,0.3445389,0.6371000,0.7557000,0.4788000,0.6627000,0.6695000,0.4139000,0.6862000,0.6061000,0.3426000,0.7426000,0.5616000,0.4278000,0.4131000,0.5354000,0.3046000,0.5093653,0.4049178,0.2666509},
{0.6192325,0.4301205,0.2241527,0.5569915,0.4058930,0.2775008,0.5934458,0.5416145,0.2483843,0.5289686,0.6905183,0.2157648,0.5670154,0.7739893,0.3437786,0.6383000,0.7570000,0.4782000,0.6631000,0.6702000,0.4137000,0.6865000,0.6068000,0.3425000,0.7424000,0.5617000,0.4277000,0.4131000,0.5354000,0.3046000,0.5061641,0.4140384,0.2656296},
{0.6204919,0.4365433,0.2210908,0.5538331,0.4142036,0.2768409,0.5963793,0.5481811,0.2460525,0.5310519,0.6987493,0.2127292,0.5706292,0.7778300,0.3429988,0.6398000,0.7586000,0.4777000,0.6634000,0.6711000,0.4137000,0.6867000,0.6077000,0.3423000,0.7419000,0.5619000,0.4276000,0.4131000,0.5354000,0.3046000,0.5030694,0.4234428,0.2644112},
{0.6218411,0.4431137,0.2179155,0.5507075,0.4228610,0.2759507,0.5994281,0.5547912,0.2436920,0.5334441,0.7071524,0.2096856,0.5745258,0.7818158,0.3421992,0.6413000,0.7603000,0.4773000,0.6639000,0.6719000,0.4139000,0.6867000,0.6084000,0.3422000,0.7415000,0.5620000,0.4274000,0.4131000,0.5354000,0.3046000,0.5000784,0.4331916,0.2629744},
{0.6232473,0.4496619,0.2147072,0.5477496,0.4315105,0.2748582,0.6025661,0.5613848,0.2413237,0.5361161,0.7155794,0.2066905,0.5787885,0.7860043,0.3413701,0.6429000,0.7623000,0.4770000,0.6644000,0.6731000,0.4141000,0.6866000,0.6093000,0.3423000,0.7410000,0.5623000,0.4273000,0.4131000,0.5354000,0.3046000,0.4972578,0.4431121,0.2613335},
{0.6247779,0.4564845,0.2113178,0.5448335,0.4405450,0.2735033,0.6058965,0.5681689,0.2388728,0.5391399,0.7242086,0.2036839,0.5833035,0.7902588,0.3405402,0.6446000,0.7643000,0.4769000,0.6650000,0.6745000,0.4142000,0.6863000,0.6101000,0.3423000,0.7405000,0.5625000,0.4272000,0.4131000,0.5354000,0.3046000,0.4945755,0.4533660,0.2594506},
{0.6263852,0.4633457,0.2078610,0.5419891,0.4499324,0.2718670,0.6092844,0.5748612,0.2364407,0.5424766,0.7328772,0.2007260,0.5880225,0.7945193,0.3397222,0.6464000,0.7665000,0.4769000,0.6657000,0.6761000,0.4142000,0.6861000,0.6111000,0.3425000,0.7398000,0.5628000,0.4272000,0.4131000,0.5354000,0.3046000,0.4920550,0.4639402,0.2573121},
{0.6280894,0.4703207,0.2042970,0.5392952,0.4594550,0.2699711,0.6128794,0.5817501,0.2339221,0.5461407,0.7415932,0.1978168,0.5929842,0.7988074,0.3389130,0.6482000,0.7686000,0.4769000,0.6665000,0.6778000,0.4141000,0.6856000,0.6118000,0.3427000,0.7392000,0.5631000,0.4272000,0.4131000,0.5354000,0.3046000,0.4897706,0.4745677,0.2549634},
{0.6298712,0.4773199,0.2006696,0.5367991,0.4689535,0.2678447,0.6165861,0.5886409,0.2313873,0.5502386,0.7505507,0.1948964,0.5979869,0.8029449,0.3381464,0.6500000,0.7708000,0.4768000,0.6671000,0.6793000,0.4139000,0.6851000,0.6127000,0.3427000,0.7387000,0.5635000,0.4271000,0.4131000,0.5354000,0.3046000,0.4877160,0.4852978,0.2523902},
{0.6317297,0.4843351,0.1969823,0.5344919,0.4784581,0.2654822,0.6203793,0.5954860,0.2288538,0.5545799,0.7593066,0.1921121,0.6032409,0.8071015,0.3373914,0.6517000,0.7730000,0.4766000,0.6676000,0.6807000,0.4138000,0.6848000,0.6136000,0.3429000,0.7379000,0.5637000,0.4271000,0.4131000,0.5354000,0.3046000,0.4858960,0.4961398,0.2495849},
{0.6336204,0.4912033,0.1933219,0.5323424,0.4881179,0.2628404,0.6243375,0.6024219,0.2262706,0.5592787,0.7680865,0.1893925,0.6085425,0.8111110,0.3366786,0.6534000,0.7752000,0.4764000,0.6681000,0.6821000,0.4139000,0.6843000,0.6145000,0.3430000,0.7376000,0.5642000,0.4268000,0.4131000,0.5354000,0.3046000,0.4843303,0.5070067,0.2465661},
{0.6355955,0.4981182,0.1895856,0.5304499,0.4974700,0.2600505,0.6282292,0.6090489,0.2237871,0.5641941,0.7766261,0.1868196,0.6140424,0.8150850,0.3359884,0.6551000,0.7774000,0.4762000,0.6685000,0.6835000,0.4141000,0.6839000,0.6155000,0.3432000,0.7369000,0.5646000,0.4268000,0.4131000,0.5354000,0.3046000,0.4830375,0.5177509,0.2433768},
{0.6375247,0.5046398,0.1860147,0.5287236,0.5069420,0.2569902,0.6322287,0.6156745,0.2212889,0.5693331,0.7849586,0.1843809,0.6194051,0.8187873,0.3353611,0.6570000,0.7797000,0.4762000,0.6693000,0.6851000,0.4141000,0.6833000,0.6165000,0.3434000,0.7361000,0.5652000,0.4267000,0.4131000,0.5354000,0.3046000,0.4820100,0.5283765,0.2400215},
{0.6395873,0.5113807,0.1822750,0.5272258,0.5161847,0.2537739,0.6363059,0.6222473,0.2187953,0.5746807,0.7930757,0.1820767,0.6249111,0.8224197,0.3347619,0.6591000,0.7820000,0.4763000,0.6701000,0.6869000,0.4142000,0.6825000,0.6174000,0.3438000,0.7354000,0.5658000,0.4266000,0.4131000,0.5354000,0.3046000,0.4812323,0.5390413,0.2364506},
{0.6416264,0.5178298,0.1786505,0.5259193,0.5253957,0.2503393,0.6403526,0.6286009,0.2163700,0.5802428,0.8009994,0.1798990,0.6305837,0.8259910,0.3341899,0.6612000,0.7843000,0.4765000,0.6709000,0.6886000,0.4143000,0.6816000,0.6184000,0.3441000,0.7347000,0.5663000,0.4265000,0.4131000,0.5354000,0.3046000,0.4807198,0.5494869,0.2327534},
{0.6438203,0.5245500,0.1748245,0.5248221,0.5344247,0.2467465,0.6445150,0.6349699,0.2139241,0.5862127,0.8089890,0.1777788,0.6360715,0.8292874,0.3336787,0.6634000,0.7867000,0.4767000,0.6718000,0.6903000,0.4145000,0.6808000,0.6195000,0.3445000,0.7341000,0.5669000,0.4264000,0.4131000,0.5354000,0.3046000,0.4804567,0.5600255,0.2288198},
{0.6459773,0.5309538,0.1711315,0.5239176,0.5433736,0.2429601,0.6487465,0.6412814,0.2114853,0.5923445,0.8167053,0.1758078,0.6414166,0.8323536,0.3332190,0.6654000,0.7889000,0.4768000,0.6726000,0.6918000,0.4147000,0.6802000,0.6208000,0.3448000,0.7335000,0.5675000,0.4264000,0.4131000,0.5354000,0.3046000,0.4804516,0.5704201,0.2247359},
{0.6481940,0.5373410,0.1674017,0.5232147,0.5521059,0.2390440,0.6529668,0.6474211,0.2090984,0.5985329,0.8240449,0.1740076,0.6466531,0.8352241,0.3328042,0.6673000,0.7910000,0.4768000,0.6733000,0.6932000,0.4149000,0.6800000,0.6219000,0.3451000,0.7329000,0.5681000,0.4264000,0.4131000,0.5354000,0.3046000,0.4806943,0.5805278,0.2205664},
{0.6504170,0.5435634,0.1637230,0.5227081,0.5605558,0.2350407,0.6571316,0.6533360,0.2067850,0.6048037,0.8310696,0.1723575,0.6518977,0.8379703,0.3324228,0.6691000,0.7931000,0.4768000,0.6731000,0.6943000,0.4149000,0.6800000,0.6233000,0.3453000,0.7324000,0.5688000,0.4264000,0.4131000,0.5354000,0.3046000,0.4811661,0.5902896,0.2163492},
{0.6526471,0.5496348,0.1600903,0.5223845,0.5687566,0.2309484,0.6612953,0.6591135,0.2045119,0.6110683,0.8377108,0.1708677,0.6570709,0.8405565,0.3320791,0.6708000,0.7951000,0.4767000,0.6743000,0.6959000,0.4150000,0.6790000,0.6244000,0.3453000,0.7317000,0.5696000,0.4263000,0.4131000,0.5354000,0.3046000,0.4818459,0.5996776,0.2121124},
{0.6548437,0.5554586,0.1565649,0.5222360,0.5764509,0.2269176,0.6653512,0.6646168,0.2023342,0.6173684,0.8440428,0.1695159,0.6621131,0.8429626,0.3317746,0.6727000,0.7971000,0.4768000,0.6756000,0.6977000,0.4151000,0.6794000,0.6260000,0.3453000,0.7311000,0.5703000,0.4263000,0.4131000,0.5354000,0.3046000,0.4827146,0.6087043,0.2078662},
{0.6570152,0.5610731,0.1531279,0.5222379,0.5836538,0.2229707,0.6692777,0.6698325,0.2002587,0.6236010,0.8499912,0.1683117,0.6670491,0.8452111,0.3315048,0.6752000,0.7997000,0.4771000,0.6768000,0.6994000,0.4151000,0.6799000,0.6276000,0.3453000,0.7306000,0.5712000,0.4262000,0.4131000,0.5354000,0.3046000,0.4837710,0.6175051,0.2035585},
{0.6591198,0.5663872,0.1498398,0.5223894,0.5911475,0.2186803,0.6731741,0.6749038,0.1982296,0.6298068,0.8556245,0.1672348,0.6718724,0.8473078,0.3312679,0.6771000,0.8013000,0.4773000,0.6780000,0.7010000,0.4151000,0.6805000,0.6293000,0.3453000,0.7301000,0.5721000,0.4263000,0.4131000,0.5354000,0.3046000,0.4849756,0.6258865,0.1992970},
{0.6612764,0.5717097,0.1465119,0.5226697,0.5980647,0.2145468,0.6770055,0.6797930,0.1962629,0.6361391,0.8610944,0.1662534,0.6766091,0.8492718,0.3310604,0.6790000,0.8029000,0.4776000,0.6791000,0.7026000,0.4152000,0.6811000,0.6309000,0.3453000,0.7296000,0.5730000,0.4263000,0.4131000,0.5354000,0.3046000,0.4863369,0.6340242,0.1950056},
{0.6634214,0.5768867,0.1432414,0.5230714,0.6047137,0.2104106,0.6808091,0.6845546,0.1943375,0.6423886,0.8662341,0.1653938,0.6811781,0.8510784,0.3308836,0.6809000,0.8045000,0.4777000,0.6801000,0.7042000,0.4154000,0.6816000,0.6325000,0.3454000,0.7293000,0.5739000,0.4264000,0.4131000,0.5354000,0.3046000,0.4878021,0.6417074,0.1908098},
{0.6654708,0.5817299,0.1401514,0.5235745,0.6109928,0.2063521,0.6845500,0.6891514,0.1924690,0.6485844,0.8710904,0.1646426,0.6854901,0.8527053,0.3307375,0.6824000,0.8059000,0.4778000,0.6810000,0.7057000,0.4156000,0.6821000,0.6340000,0.3454000,0.7289000,0.5748000,0.4264000,0.4131000,0.5354000,0.3046000,0.4893876,0.6491203,0.1866239},
{0.6675538,0.5865541,0.1370439,0.5241870,0.6171253,0.2022392,0.6881912,0.6935461,0.1906736,0.6546054,0.8755933,0.1640038,0.6895469,0.8541672,0.3306182,0.6843000,0.8077000,0.4778000,0.6819000,0.7072000,0.4157000,0.6825000,0.6356000,0.3455000,0.7287000,0.5759000,0.4265000,0.4131000,0.5354000,0.3046000,0.4910728,0.6562296,0.1824774},
{0.6696056,0.5912135,0.1340143,0.5248835,0.6229448,0.1981941,0.6916539,0.6976549,0.1889869,0.6605442,0.8798358,0.1634577,0.6935001,0.8555284,0.3305188,0.6861000,0.8096000,0.4777000,0.6829000,0.7086000,0.4158000,0.6828000,0.6370000,0.3456000,0.7284000,0.5768000,0.4265000,0.4131000,0.5354000,0.3046000,0.4928698,0.6631325,0.1783226},
{0.6715888,0.5956338,0.1311140,0.5256669,0.6285602,0.1941536,0.6949817,0.7015410,0.1873842,0.6661442,0.8836628,0.1630158,0.6972366,0.8567579,0.3304400,0.6877000,0.8114000,0.4778000,0.6838000,0.7101000,0.4158000,0.6830000,0.6383000,0.3458000,0.7282000,0.5781000,0.4264000,0.4131000,0.5354000,0.3046000,0.4947327,0.6697005,0.1742466},
{0.6735418,0.5999101,0.1282837,0.5265286,0.6339629,0.1901333,0.6982473,0.7052960,0.1858285,0.6716902,0.8872936,0.1626454,0.7007281,0.8578569,0.3303796,0.6894000,0.8131000,0.4779000,0.6848000,0.7115000,0.4158000,0.6831000,0.6396000,0.3460000,0.7280000,0.5789000,0.4267000,0.4131000,0.5354000,0.3046000,0.4966666,0.6760031,0.1702181},
{0.6755091,0.6041436,0.1254578,0.5274673,0.6391873,0.1861157,0.7014117,0.7088811,0.1843367,0.6771843,0.8907397,0.1623421,0.7041078,0.8588750,0.3303333,0.6911000,0.8148000,0.4779000,0.6857000,0.7128000,0.4160000,0.6832000,0.6408000,0.3461000,0.7280000,0.5799000,0.4268000,0.4131000,0.5354000,0.3046000,0.4986795,0.6820989,0.1662075},
{0.6773960,0.6081371,0.1227699,0.5284567,0.6441358,0.1821867,0.7045970,0.7124380,0.1828503,0.6824572,0.8939105,0.1621086,0.7072852,0.8597913,0.3303005,0.6927000,0.8165000,0.4780000,0.6866000,0.7140000,0.4161000,0.6835000,0.6420000,0.3463000,0.7280000,0.5808000,0.4269000,0.4131000,0.5354000,0.3046000,0.5007092,0.6878404,0.1623229},
{0.6792715,0.6120437,0.1201194,0.5295168,0.6489465,0.1782461,0.7076351,0.7157831,0.1814464,0.6877025,0.8969359,0.1619306,0.7102900,0.8606216,0.3302792,0.6942000,0.8180000,0.4779000,0.6875000,0.7153000,0.4161000,0.6837000,0.6432000,0.3464000,0.7280000,0.5818000,0.4271000,0.4131000,0.5354000,0.3046000,0.5027522,0.6932668,0.1585515},
{0.6811146,0.6158239,0.1175347,0.5306090,0.6534811,0.1744171,0.7105998,0.7190037,0.1800891,0.6928054,0.8997595,0.1618080,0.7131343,0.8613751,0.3302676,0.6954000,0.8195000,0.4778000,0.6883000,0.7164000,0.4162000,0.6842000,0.6443000,0.3467000,0.7282000,0.5828000,0.4269000,0.4131000,0.5354000,0.3046000,0.5047585,0.6982955,0.1549660},
{0.6828731,0.6193780,0.1150863,0.5317546,0.6578626,0.1706061,0.7135241,0.7221391,0.1787625,0.6977011,0.9023601,0.1617360,0.7157730,0.8620459,0.3302644,0.6967000,0.8210000,0.4777000,0.6892000,0.7176000,0.4163000,0.6846000,0.6453000,0.3468000,0.7283000,0.5837000,0.4271000,0.4131000,0.5354000,0.3046000,0.5069713,0.7035380,0.1511308},
{0.6846403,0.6228996,0.1126426,0.5329319,0.6620338,0.1668714,0.7163775,0.7251598,0.1774794,0.7025347,0.9048261,0.1617078,0.7184062,0.8626883,0.3302683,0.6980000,0.8225000,0.4774000,0.6900000,0.7186000,0.4163000,0.6851000,0.6463000,0.3469000,0.7285000,0.5844000,0.4273000,0.4131000,0.5354000,0.3046000,0.5090183,0.7081354,0.1476824},
{0.6863593,0.6262782,0.1102816,0.5341099,0.6659233,0.1632900,0.7190921,0.7279987,0.1762689,0.7071255,0.9070768,0.1617196,0.7206971,0.8632252,0.3302775,0.6992000,0.8239000,0.4772000,0.6907000,0.7197000,0.4163000,0.6855000,0.6472000,0.3471000,0.7287000,0.5853000,0.4275000,0.4131000,0.5354000,0.3046000,0.5111986,0.7127936,0.1441030},
{0.6881477,0.6297458,0.1078411,0.5353685,0.6698103,0.1596107,0.7217274,0.7307227,0.1751031,0.7116432,0.9092062,0.1617672,0.7229500,0.8637333,0.3302919,0.7003000,0.8253000,0.4769000,0.6916000,0.7206000,0.4162000,0.6859000,0.6480000,0.3471000,0.7289000,0.5860000,0.4277000,0.4131000,0.5354000,0.3046000,0.5133946,0.7172604,0.1405864},
{0.6897815,0.6328725,0.1056255,0.5365919,0.6733575,0.1561609,0.7243365,0.7333893,0.1739577,0.7159023,0.9111376,0.1618442,0.7251063,0.8642011,0.3303105,0.7013000,0.8267000,0.4766000,0.6923000,0.7216000,0.4162000,0.6863000,0.6488000,0.3473000,0.7292000,0.5867000,0.4279000,0.4131000,0.5354000,0.3046000,0.5155612,0.7214664,0.1371960},
{0.6914363,0.6360002,0.1033947,0.5378425,0.6767771,0.1527474,0.7268097,0.7358895,0.1728801,0.7200744,0.9129589,0.1619494,0.7269745,0.8645918,0.3303306,0.7024000,0.8280000,0.4763000,0.6931000,0.7224000,0.4162000,0.6867000,0.6495000,0.3475000,0.7296000,0.5874000,0.4281000,0.4131000,0.5354000,0.3046000,0.5177234,0.7254818,0.1338839},
{0.6929818,0.6388869,0.1013228,0.5390885,0.6799997,0.1494475,0.7292445,0.7383251,0.1718267,0.7240092,0.9146136,0.1620752,0.7290456,0.8650089,0.3303571,0.7035000,0.8293000,0.4760000,0.6939000,0.7232000,0.4161000,0.6872000,0.6501000,0.3476000,0.7299000,0.5881000,0.4283000,0.4131000,0.5354000,0.3046000,0.5198533,0.7292737,0.1306857},
{0.6945259,0.6417385,0.0992637,0.5403103,0.6829999,0.1462991,0.7315624,0.7406205,0.1708307,0.7279245,0.9162000,0.1622258,0.7310025,0.8653877,0.3303861,0.7045000,0.8306000,0.4757000,0.6946000,0.7241000,0.4161000,0.6876000,0.6508000,0.3478000,0.7302000,0.5889000,0.4286000,0.4131000,0.5354000,0.3046000,0.5219452,0.7328514,0.1276022},
{0.6959650,0.6443674,0.0973544,0.5415131,0.6858134,0.1432764,0.7338045,0.7428194,0.1698736,0.7315992,0.9176352,0.1623897,0.7329015,0.8657409,0.3304182,0.7055000,0.8318000,0.4754000,0.6953000,0.7247000,0.4161000,0.6882000,0.6514000,0.3480000,0.7307000,0.5895000,0.4289000,0.4131000,0.5354000,0.3046000,0.5239923,0.7362216,0.1246362},
{0.6973587,0.6468878,0.0955139,0.5427133,0.6884945,0.1403294,0.7359500,0.7449042,0.1689633,0.7350427,0.9189333,0.1625631,0.7348176,0.8660830,0.3304543,0.7065000,0.8331000,0.4752000,0.6960000,0.7256000,0.4161000,0.6887000,0.6520000,0.3481000,0.7311000,0.5901000,0.4291000,0.4131000,0.5354000,0.3046000,0.5259984,0.7394067,0.1217759},
{0.6987110,0.6493094,0.0937362,0.5438973,0.6910256,0.1374846,0.7379872,0.7468665,0.1681041,0.7383041,0.9201214,0.1627448,0.7367078,0.8664064,0.3304936,0.7076000,0.8343000,0.4749000,0.6967000,0.7263000,0.4161000,0.6892000,0.6526000,0.3482000,0.7315000,0.5908000,0.4294000,0.4131000,0.5354000,0.3046000,0.5279105,0.7423406,0.1190896},
{0.6999433,0.6514961,0.0921230,0.5450365,0.6933628,0.1348011,0.7399205,0.7487131,0.1672932,0.7413156,0.9211831,0.1629274,0.7385296,0.8667047,0.3305351,0.7086000,0.8355000,0.4746000,0.6975000,0.7270000,0.4162000,0.6898000,0.6532000,0.3485000,0.7319000,0.5914000,0.4297000,0.4131000,0.5354000,0.3046000,0.5297841,0.7451241,0.1164934},
{0.7011579,0.6536331,0.0905391,0.5461424,0.6955458,0.1322430,0.7416553,0.7503576,0.1665693,0.7441189,0.9221410,0.1631103,0.7402331,0.8669719,0.3305770,0.7097000,0.8367000,0.4745000,0.6982000,0.7279000,0.4162000,0.6903000,0.6538000,0.3486000,0.7324000,0.5921000,0.4300000,0.4131000,0.5354000,0.3046000,0.5315261,0.7476350,0.1141098},
{0.7023008,0.6556277,0.0890542,0.5472196,0.6975960,0.1297931,0.7432952,0.7519011,0.1658882,0.7466510,0.9229813,0.1632859,0.7418786,0.8672190,0.3306204,0.7108000,0.8379000,0.4743000,0.6989000,0.7286000,0.4163000,0.6908000,0.6544000,0.3489000,0.7328000,0.5928000,0.4303000,0.4131000,0.5354000,0.3046000,0.5332118,0.7499975,0.1118298},
{0.7033102,0.6573764,0.0877471,0.5482033,0.6994065,0.1275896,0.7448509,0.7533557,0.1652449,0.7489989,0.9237394,0.1634577,0.7433186,0.8674265,0.3306607,0.7120000,0.8390000,0.4743000,0.6997000,0.7294000,0.4163000,0.6914000,0.6550000,0.3491000,0.7332000,0.5935000,0.4306000,0.4131000,0.5354000,0.3046000,0.5347749,0.7521313,0.1097380},
{0.7042977,0.6590753,0.0864724,0.5491521,0.7010997,0.1254934,0.7462222,0.7546301,0.1646801,0.7510993,0.9244005,0.1636186,0.7445270,0.8675942,0.3306963,0.7131000,0.8400000,0.4742000,0.7004000,0.7302000,0.4164000,0.6918000,0.6556000,0.3493000,0.7337000,0.5941000,0.4310000,0.4131000,0.5354000,0.3046000,0.5362941,0.7541550,0.1077245},
{0.7051736,0.6605729,0.0853449,0.5500604,0.7026746,0.1235118,0.7475399,0.7558479,0.1641393,0.7531917,0.9250430,0.1637856,0.7457894,0.8677632,0.3307350,0.7143000,0.8411000,0.4741000,0.7012000,0.7309000,0.4165000,0.6924000,0.6562000,0.3496000,0.7341000,0.5949000,0.4313000,0.4131000,0.5354000,0.3046000,0.5376485,0.7559187,0.1059454},
{0.7060081,0.6619914,0.0842734,0.5509524,0.7041791,0.1215890,0.7487497,0.7569602,0.1636446,0.7550753,0.9256079,0.1639417,0.7469451,0.8679124,0.3307719,0.7154000,0.8420000,0.4739000,0.7019000,0.7317000,0.4166000,0.6928000,0.6568000,0.3498000,0.7345000,0.5955000,0.4316000,0.4131000,0.5354000,0.3046000,0.5389023,0.7575186,0.1043114},
{0.7067634,0.6632685,0.0833060,0.5517240,0.7054483,0.1199433,0.7499819,0.7580873,0.1631424,0.7568151,0.9261183,0.1640907,0.7480066,0.8680447,0.3308071,0.7165000,0.8430000,0.4737000,0.7026000,0.7324000,0.4167000,0.6933000,0.6575000,0.3501000,0.7350000,0.5961000,0.4319000,0.4131000,0.5354000,0.3046000,0.5400810,0.7589947,0.1027863},
{0.7074583,0.6644377,0.0824179,0.5525204,0.7067279,0.1182613,0.7511139,0.7591177,0.1626825,0.7583630,0.9265631,0.1642271,0.7490669,0.8681724,0.3308435,0.7176000,0.8439000,0.4735000,0.7033000,0.7331000,0.4168000,0.6937000,0.6582000,0.3503000,0.7354000,0.5969000,0.4322000,0.4131000,0.5354000,0.3046000,0.5411873,0.7603560,0.1013643}
};
