fitErrPi Mean = 0.0429689
fitErrTh Mean = 0.0184377
fitErrWr Mean = 0.0145753
fitErrLA Mean = 0.0276414
fitErrEl Mean = 0.0234872
fitErrUA Mean = 0.0543365
efPts = {
{0.9986946,0.3371647,0.2885059,1.0371531,0.2830914,0.2806312,0.8920454,1.0118053,0.1538026,0.7635208,0.5284759,0.3022595,0.8279187,1.0059747,0.3876779,0.8058000,0.6471000,0.5312000,0.7544000,0.6329000,0.3902000,0.8835000,0.5736000,0.3763000,0.9422000,0.5293000,0.3932000,1.0580000,0.5231000,0.4440000,0.9731488,0.2335304,0.2934726},
{0.9984482,0.3371729,0.2886035,1.0362046,0.2829620,0.2811967,0.8678649,0.4497856,0.3002602,0.7633788,0.5285702,0.3021987,0.7965702,0.6742320,0.4518645,0.8062000,0.6467000,0.5311000,0.7555000,0.6324000,0.3904000,0.8841000,0.5732000,0.3762000,0.9424000,0.5289000,0.3931000,1.0580000,0.5226000,0.4437000,0.9726592,0.2336219,0.2935717},
{0.9977872,0.3371960,0.2888643,1.0361141,0.2829500,0.2812503,0.8674563,0.4499273,0.3002393,0.7630861,0.5287656,0.3020732,0.7966611,0.6741187,0.4519299,0.8066000,0.6464000,0.5311000,0.7565000,0.6319000,0.3906000,0.8848000,0.5727000,0.3761000,0.9426000,0.5286000,0.3930000,1.0580000,0.5220000,0.4435000,0.9718453,0.2337757,0.2937355},
{0.9969191,0.3372290,0.2892048,1.0352370,0.2828358,0.2817686,0.8668572,0.4501364,0.3002082,0.7627047,0.5290219,0.3019093,0.7966611,0.6741187,0.4519299,0.8069000,0.6461000,0.5310000,0.7576000,0.6314000,0.3908000,0.8854000,0.5722000,0.3760000,0.9429000,0.5283000,0.3929000,1.0580000,0.5215000,0.4433000,0.9708571,0.2339652,0.2939326},
{0.9958653,0.3372731,0.2896151,1.0334626,0.2826189,0.2828047,0.8659062,0.4504719,0.3001579,0.7621497,0.5293987,0.3016703,0.7966271,0.6741610,0.4519055,0.8072000,0.6459000,0.5309000,0.7587000,0.6309000,0.3910000,0.8861000,0.5718000,0.3758000,0.9431000,0.5281000,0.3929000,1.0590000,0.5211000,0.4431000,0.9696533,0.2342003,0.2941703},
{0.9944766,0.3373381,0.2901508,1.0323503,0.2824926,0.2834460,0.8649381,0.4508176,0.3001057,0.7615438,0.5298149,0.3014086,0.7965377,0.6742727,0.4518411,0.8074000,0.6457000,0.5308000,0.7598000,0.6304000,0.3911000,0.8867000,0.5713000,0.3757000,0.9432000,0.5279000,0.3928000,1.0590000,0.5207000,0.4430000,0.9677755,0.2345761,0.2945356},
{0.9926091,0.3374375,0.2908621,1.0303100,0.2822796,0.2846061,0.8637672,0.4512416,0.3000410,0.7607483,0.5303694,0.3010637,0.7964106,0.6744315,0.4517497,0.8076000,0.6456000,0.5307000,0.7608000,0.6299000,0.3913000,0.8874000,0.5709000,0.3756000,0.9434000,0.5276000,0.3926000,1.0590000,0.5203000,0.4428000,0.9655411,0.2350377,0.2949617},
{0.9904197,0.3375714,0.2916830,1.0272242,0.2820027,0.2863218,0.8623376,0.4517679,0.2999597,0.7597534,0.5310755,0.3006304,0.7961584,0.6747474,0.4515680,0.8077000,0.6455000,0.5306000,0.7619000,0.6294000,0.3915000,0.8881000,0.5704000,0.3755000,0.9434000,0.5274000,0.3925000,1.0590000,0.5199000,0.4427000,0.9630116,0.2355792,0.2954328},
{0.9878185,0.3377548,0.2926402,1.0248415,0.2818251,0.2876155,0.8604893,0.4524624,0.2998511,0.7586376,0.5318845,0.3001416,0.7958764,0.6751020,0.4513644,0.8077000,0.6455000,0.5304000,0.7630000,0.6289000,0.3917000,0.8887000,0.5700000,0.3754000,0.9434000,0.5272000,0.3924000,1.0590000,0.5195000,0.4425000,0.9600859,0.2362302,0.2959629},
{0.9849235,0.3379894,0.2936827,1.0214133,0.2816232,0.2894306,0.8583948,0.4532686,0.2997229,0.7572084,0.5329472,0.2995113,0.7955418,0.6755244,0.4511226,0.8076000,0.6457000,0.5301000,0.7641000,0.6284000,0.3919000,0.8894000,0.5695000,0.3752000,0.9433000,0.5270000,0.3922000,1.0590000,0.5191000,0.4423000,0.9568492,0.2369813,0.2965309},
{0.9813787,0.3383198,0.2949270,1.0177280,0.2814745,0.2913231,0.8559624,0.4542306,0.2995675,0.7556762,0.5341200,0.2988302,0.7950046,0.6762066,0.4507334,0.8074000,0.6459000,0.5299000,0.7651000,0.6279000,0.3921000,0.8900000,0.5690000,0.3751000,0.9432000,0.5268000,0.3921000,1.0590000,0.5186000,0.4422000,0.9533076,0.2378402,0.2971304},
{0.9773307,0.3387542,0.2963052,1.0129810,0.2813834,0.2936744,0.8530863,0.4554036,0.2993745,0.7538309,0.5355792,0.2980024,0.7944796,0.6768780,0.4503520,0.8073000,0.6462000,0.5295000,0.7662000,0.6274000,0.3923000,0.8900000,0.5690000,0.3751000,0.9430000,0.5267000,0.3920000,1.0590000,0.5181000,0.4420000,0.9494741,0.2388131,0.2977535},
{0.9727592,0.3393169,0.2978077,1.0080517,0.2814037,0.2960172,0.8500098,0.4567013,0.2991569,0.7517816,0.5372607,0.2970733,0.7938649,0.6776700,0.4499039,0.8070000,0.6466000,0.5291000,0.7673000,0.6269000,0.3925000,0.8897000,0.5689000,0.3750000,0.9428000,0.5267000,0.3918000,1.0580000,0.5177000,0.4418000,0.9452704,0.2399315,0.2984061},
{0.9677238,0.3400236,0.2993978,1.0032401,0.2815316,0.2982110,0.8464659,0.4582513,0.2988920,0.7495561,0.5391609,0.2960524,0.7931387,0.6786141,0.4493727,0.8066000,0.6470000,0.5286000,0.7684000,0.6264000,0.3926000,0.8893000,0.5691000,0.3748000,0.9426000,0.5267000,0.3917000,1.0580000,0.5173000,0.4417000,0.9407702,0.2411881,0.2990693},
{0.9622145,0.3408990,0.3010611,0.9975057,0.2818177,0.3007106,0.8425798,0.4600195,0.2985838,0.7471036,0.5413467,0.2949127,0.7922525,0.6797784,0.4487215,0.8062000,0.6476000,0.5280000,0.7694000,0.6259000,0.3928000,0.8890000,0.5691000,0.3745000,0.9423000,0.5267000,0.3916000,1.0580000,0.5169000,0.4416000,0.9357371,0.2426658,0.2997679},
{0.9562608,0.3419628,0.3027706,0.9912764,0.2822862,0.3032902,0.8383901,0.4620064,0.2982306,0.7444348,0.5438375,0.2936544,0.7913162,0.6810232,0.4480301,0.8056000,0.6482000,0.5272000,0.7705000,0.6254000,0.3930000,0.8890000,0.5697000,0.3745000,0.9420000,0.5266000,0.3915000,1.0580000,0.5165000,0.4416000,0.9302177,0.2443735,0.3004820},
{0.9497986,0.3432534,0.3045245,0.9843164,0.2829953,0.3060127,0.8337879,0.4642862,0.2978175,0.7415486,0.5466674,0.2922718,0.7902334,0.6824816,0.4472260,0.8050000,0.6490000,0.5265000,0.7716000,0.6249000,0.3932000,0.8888000,0.5701000,0.3740000,0.9417000,0.5267000,0.3914000,1.0570000,0.5162000,0.4415000,0.9244758,0.2462465,0.3011674},
{0.9426286,0.3448475,0.3063493,0.9765566,0.2840062,0.3088585,0.8288467,0.4668485,0.2973443,0.7385321,0.5497820,0.2908016,0.7890289,0.6841278,0.4463261,0.8042000,0.6499000,0.5256000,0.7727000,0.6244000,0.3934000,0.8886000,0.5710000,0.3732000,0.9414000,0.5269000,0.3913000,1.0570000,0.5158000,0.4415000,0.9181202,0.2484338,0.3018579},
{0.9349674,0.3467358,0.3081608,0.9682490,0.2853339,0.3116941,0.8235325,0.4697382,0.2968007,0.7352982,0.5533069,0.2891956,0.7877650,0.6858827,0.4453753,0.8034000,0.6510000,0.5248000,0.7737000,0.6239000,0.3936000,0.8880000,0.5704000,0.3733000,0.9411000,0.5271000,0.3911000,1.0570000,0.5156000,0.4415000,0.9112898,0.2509176,0.3025207},
{0.9268285,0.3489475,0.3099316,0.9593603,0.2870228,0.3144973,0.8180723,0.4728539,0.2962041,0.7319795,0.5571339,0.2875138,0.7863765,0.6878431,0.4443232,0.8025000,0.6521000,0.5239000,0.7748000,0.6234000,0.3938000,0.8877000,0.5707000,0.3734000,0.9407000,0.5274000,0.3910000,1.0560000,0.5152000,0.4415000,0.9045472,0.2535045,0.3030944},
{0.9183185,0.3514830,0.3116165,0.9499651,0.2890958,0.3172124,0.8122148,0.4763646,0.2955206,0.7285061,0.5613792,0.2857151,0.7849197,0.6899369,0.4432107,0.8016000,0.6534000,0.5230000,0.7759000,0.6229000,0.3940000,0.8872000,0.5711000,0.3728000,0.9402000,0.5276000,0.3908000,1.0560000,0.5149000,0.4415000,0.8966764,0.2566935,0.3036632},
{0.9096913,0.3542826,0.3131532,0.9402459,0.2915388,0.3197645,0.8061806,0.4801668,0.2947684,0.7249521,0.5659928,0.2838314,0.7834216,0.6921300,0.4420573,0.8008000,0.6548000,0.5220000,0.7770000,0.6224000,0.3941000,0.8866000,0.5709000,0.3730000,0.9397000,0.5275000,0.3906000,1.0550000,0.5146000,0.4415000,0.8884737,0.2602109,0.3041403},
{0.9004021,0.3575520,0.3146173,0.9301281,0.2943917,0.3221548,0.8000453,0.4842301,0.2939525,0.7212127,0.5711622,0.2817988,0.7818595,0.6944605,0.4408444,0.7999000,0.6562000,0.5211000,0.7780000,0.6219000,0.3943000,0.8860000,0.5713000,0.3731000,0.9391000,0.5277000,0.3905000,1.0540000,0.5142000,0.4415000,0.8796610,0.2642108,0.3045211},
{0.8910719,0.3610997,0.3158908,0.9197181,0.2976450,0.3243405,0.7937143,0.4886374,0.2930550,0.7176723,0.5763773,0.2798229,0.7802702,0.6968779,0.4395996,0.7991000,0.6579000,0.5203000,0.7791000,0.6214000,0.3945000,0.8853000,0.5719000,0.3731000,0.9385000,0.5279000,0.3904000,1.0540000,0.5139000,0.4415000,0.8703293,0.2686966,0.3047752},
{0.8815092,0.3650083,0.3169922,0.9087916,0.3013954,0.3263459,0.7872717,0.4933522,0.2920823,0.7142103,0.5818042,0.2778383,0.7786838,0.6993382,0.4383460,0.7984000,0.6596000,0.5194000,0.7802000,0.6209000,0.3947000,0.8844000,0.5725000,0.3733000,0.9377000,0.5282000,0.3903000,1.0530000,0.5135000,0.4416000,0.8605420,0.2736795,0.3048756},
{0.8717337,0.3692882,0.3179056,0.8975091,0.3056185,0.3281151,0.7807118,0.4983988,0.2910281,0.7107810,0.5875275,0.2758165,0.7770240,0.7019637,0.4370223,0.7976000,0.6614000,0.5186000,0.7813000,0.6204000,0.3949000,0.8835000,0.5731000,0.3736000,0.9369000,0.5283000,0.3902000,1.0520000,0.5131000,0.4417000,0.8503431,0.2791778,0.3047980},
{0.8616957,0.3739825,0.3186198,0.8858550,0.3103454,0.3296288,0.7740761,0.5037656,0.2898939,0.7073685,0.5935997,0.2737442,0.7753877,0.7046045,0.4357051,0.7968000,0.6633000,0.5178000,0.7823000,0.6199000,0.3951000,0.8824000,0.5734000,0.3738000,0.9360000,0.5285000,0.3903000,1.0510000,0.5127000,0.4418000,0.8397298,0.2852346,0.3045173},
{0.8514132,0.3791069,0.3191153,0.8739431,0.3155521,0.3308533,0.7672576,0.5095658,0.2886546,0.7040078,0.5999866,0.2716381,0.7736528,0.7074619,0.4342952,0.7959000,0.6651000,0.5170000,0.7834000,0.6194000,0.3953000,0.8815000,0.5739000,0.3738000,0.9351000,0.5286000,0.3902000,1.0500000,0.5123000,0.4419000,0.8288036,0.2918329,0.3040121},
{0.8410684,0.3845877,0.3193707,0.8618776,0.3212064,0.3317662,0.7603909,0.5157128,0.2873273,0.7006070,0.6069100,0.2694330,0.7718319,0.7105263,0.4328000,0.7951000,0.6670000,0.5161000,0.7845000,0.6189000,0.3955000,0.8807000,0.5745000,0.3738000,0.9342000,0.5288000,0.3902000,1.0490000,0.5119000,0.4421000,0.8176436,0.2989595,0.3032650},
{0.8305518,0.3904981,0.3193772,0.8495932,0.3273527,0.3323608,0.7533893,0.5223128,0.2858879,0.6972228,0.6143208,0.2671549,0.7700073,0.7136654,0.4312858,0.7943000,0.6689000,0.5152000,0.7856000,0.6184000,0.3957000,0.8807000,0.5745000,0.3738000,0.9331000,0.5289000,0.3902000,1.0480000,0.5114000,0.4422000,0.8064332,0.3065217,0.3022740},
{0.8197668,0.3969200,0.3191144,0.8371369,0.3339838,0.3326205,0.7463420,0.5293139,0.2843464,0.6938820,0.6222237,0.2648119,0.7680272,0.7171515,0.4296239,0.7935000,0.6709000,0.5144000,0.7866000,0.6179000,0.3958000,0.8785000,0.5750000,0.3740000,0.9320000,0.5290000,0.3903000,1.0460000,0.5109000,0.4423000,0.7951184,0.3145756,0.3010225},
{0.8089290,0.4037494,0.3185692,0.8245121,0.3411142,0.3325314,0.7393504,0.5366369,0.2827194,0.6905860,0.6306907,0.2623927,0.7660551,0.7207080,0.4279490,0.7926000,0.6731000,0.5136000,0.7877000,0.6174000,0.3960000,0.8776000,0.5758000,0.3742000,0.9308000,0.5290000,0.3902000,1.0450000,0.5104000,0.4425000,0.7836535,0.3231823,0.2994885},
{0.7980251,0.4110113,0.3177285,0.8116859,0.3487829,0.3320756,0.7323496,0.5443722,0.2809860,0.6873498,0.6397795,0.2598929,0.7639538,0.7245930,0.4261420,0.7917000,0.6754000,0.5129000,0.7888000,0.6169000,0.3962000,0.8764000,0.5764000,0.3742000,0.9296000,0.5291000,0.3902000,1.0440000,0.5098000,0.4426000,0.7721453,0.3322899,0.2976694},
{0.7870162,0.4187542,0.3165725,0.7986179,0.3570412,0.3312284,0.7254014,0.5524784,0.2791545,0.6842976,0.6492154,0.2573967,0.7618491,0.7285862,0.4243083,0.7909000,0.6777000,0.5122000,0.7899000,0.6164000,0.3964000,0.8751000,0.5768000,0.3745000,0.9282000,0.5292000,0.3902000,1.0420000,0.5092000,0.4428000,0.7607609,0.3417808,0.2955828},
{0.7761065,0.4268508,0.3151105,0.7856570,0.3656834,0.3299998,0.7184809,0.5610129,0.2772111,0.6814125,0.6591058,0.2548812,0.7598058,0.7325643,0.4225044,0.7900000,0.6801000,0.5116000,0.7909000,0.6159000,0.3966000,0.8738000,0.5775000,0.3746000,0.9268000,0.5295000,0.3903000,1.0410000,0.5086000,0.4430000,0.7492021,0.3519310,0.2931578},
{0.7651914,0.4353923,0.3133181,0.7727134,0.3747735,0.3283775,0.7117446,0.5698027,0.2751945,0.6787789,0.6692035,0.2524134,0.7576947,0.7367829,0.4206152,0.7889000,0.6824000,0.5113000,0.7920000,0.6154000,0.3968000,0.8723000,0.5776000,0.3751000,0.9252000,0.5297000,0.3903000,1.0390000,0.5079000,0.4432000,0.7376190,0.3626505,0.2904008},
{0.7544648,0.4442385,0.3112187,0.7599850,0.3841739,0.3263851,0.7050929,0.5789968,0.2730699,0.6763605,0.6796842,0.2499533,0.7556768,0.7409227,0.4187843,0.7884000,0.6851000,0.5103000,0.7931000,0.6149000,0.3970000,0.8709000,0.5778000,0.3754000,0.9237000,0.5300000,0.3903000,1.0370000,0.5072000,0.4435000,0.7261221,0.3738663,0.2873209},
{0.7439105,0.4534060,0.3088067,0.7474206,0.3939188,0.3240180,0.6984038,0.5888161,0.2707849,0.6742266,0.6902782,0.2475666,0.7536833,0.7451197,0.4169504,0.7877000,0.6877000,0.5097000,0.7941000,0.6144000,0.3972000,0.8694000,0.5783000,0.3756000,0.9220000,0.5301000,0.3903000,1.0350000,0.5065000,0.4437000,0.7148970,0.3854091,0.2839606},
{0.7335126,0.4629167,0.3060724,0.7349077,0.4041038,0.3212475,0.6920927,0.5986735,0.2684754,0.6723573,0.7010899,0.2452300,0.7517726,0.7492471,0.4151683,0.7870000,0.6903000,0.5090000,0.7952000,0.6139000,0.3973000,0.8680000,0.5792000,0.3758000,0.9202000,0.5302000,0.3904000,1.0330000,0.5057000,0.4440000,0.7038169,0.3974206,0.2802753},
{0.7234035,0.4726527,0.3030482,0.7227037,0.4145228,0.3181279,0.6860996,0.6086392,0.2661257,0.6707806,0.7119607,0.2429781,0.7498941,0.7534092,0.4133917,0.7862000,0.6929000,0.5084000,0.7952000,0.6139000,0.3973000,0.8665000,0.5800000,0.3761000,0.9185000,0.5304000,0.3905000,1.0310000,0.5049000,0.4443000,0.6929505,0.4098468,0.2762755},
{0.7136007,0.4825921,0.2997432,0.7107721,0.4251999,0.3146558,0.6803715,0.6187951,0.2637165,0.6694452,0.7233447,0.2407214,0.7480739,0.7575456,0.4116461,0.7847000,0.6953000,0.5084000,0.7941000,0.6166000,0.3967000,0.8650000,0.5812000,0.3763000,0.9167000,0.5310000,0.3904000,1.0290000,0.5041000,0.4446000,0.6822975,0.4227084,0.2719492},
{0.7041290,0.4927032,0.2961705,0.6990865,0.4361589,0.3108234,0.6749450,0.6290749,0.2612637,0.6684505,0.7343970,0.2386276,0.7462322,0.7618393,0.4098545,0.7841000,0.6980000,0.5079000,0.7931000,0.6197000,0.3965000,0.8633000,0.5819000,0.3765000,0.9143000,0.5309000,0.3905000,1.0270000,0.5033000,0.4449000,0.6720421,0.4357905,0.2673665},
{0.6949663,0.5030056,0.2923249,0.6876233,0.4474281,0.3066177,0.6698916,0.6393220,0.2588049,0.6677572,0.7452637,0.2366605,0.7444273,0.7661587,0.4080727,0.7834000,0.7007000,0.5074000,0.7917000,0.6224000,0.3965000,0.8615000,0.5828000,0.3767000,0.9121000,0.5312000,0.3905000,1.0240000,0.5025000,0.4453000,0.6620024,0.4493382,0.2624384},
{0.6861321,0.5134752,0.2882160,0.6765531,0.4588401,0.3021010,0.6650854,0.6497827,0.2562813,0.6673459,0.7560117,0.2348031,0.7426968,0.7704095,0.4063387,0.7829000,0.7035000,0.5067000,0.7904000,0.6251000,0.3963000,0.8598000,0.5838000,0.3769000,0.9099000,0.5315000,0.3906000,1.0220000,0.5016000,0.4457000,0.6523966,0.4630710,0.2572637},
{0.6775928,0.5241545,0.2838265,0.6656750,0.4706077,0.2971863,0.6606210,0.6602494,0.2537430,0.6672062,0.7667579,0.2330334,0.7410109,0.7746593,0.4046240,0.7822000,0.7062000,0.5061000,0.7887000,0.6278000,0.3961000,0.8578000,0.5846000,0.3771000,0.9075000,0.5318000,0.3906000,1.0190000,0.5008000,0.4461000,0.6431874,0.4770401,0.2518237},
{0.6694752,0.5348803,0.2792247,0.6552257,0.4824827,0.2919740,0.6564661,0.6707826,0.2511755,0.6673390,0.7775526,0.2313437,0.7393433,0.7789747,0.4029018,0.7816000,0.7090000,0.5054000,0.7871000,0.6303000,0.3958000,0.8559000,0.5856000,0.3772000,0.9050000,0.5321000,0.3907000,1.0160000,0.5000000,0.4465000,0.6344993,0.4910451,0.2461986},
{0.6617307,0.5457071,0.2743906,0.6452818,0.4943625,0.2865155,0.6526340,0.6813375,0.2485900,0.6677404,0.7882131,0.2297618,0.7377599,0.7831809,0.4012411,0.7808000,0.7118000,0.5047000,0.7852000,0.6331000,0.3954000,0.8539000,0.5866000,0.3774000,0.9023000,0.5324000,0.3909000,1.0130000,0.4992000,0.4471000,0.6263027,0.5051108,0.2403831},
{0.6544841,0.5564409,0.2694164,0.6359227,0.5061247,0.2808782,0.6491348,0.6918676,0.2459982,0.6684246,0.7990226,0.2282470,0.7361865,0.7874727,0.3995647,0.7800000,0.7148000,0.5041000,0.7832000,0.6362000,0.3945000,0.8518000,0.5876000,0.3774000,0.8996000,0.5328000,0.3909000,1.0090000,0.4985000,0.4476000,0.6186790,0.5190647,0.2344544},
{0.6477455,0.5670299,0.2643368,0.6269709,0.5179738,0.2749711,0.6460241,0.7021527,0.2434547,0.6693785,0.8096933,0.2268412,0.7346445,0.7917936,0.3978949,0.7792000,0.7178000,0.5035000,0.7816000,0.6394000,0.3944000,0.8498000,0.5889000,0.3775000,0.8968000,0.5331000,0.3910000,1.0060000,0.4977000,0.4482000,0.6116016,0.5329101,0.2284189},
{0.6415885,0.5773041,0.2592478,0.6187605,0.5294321,0.2690453,0.6432896,0.7121433,0.2409731,0.6705571,0.8199118,0.2255803,0.7331423,0.7961203,0.3962407,0.7784000,0.7212000,0.5030000,0.7810000,0.6420000,0.3925000,0.8470000,0.5893000,0.3780000,0.8935000,0.5335000,0.3912000,1.0020000,0.4971000,0.4489000,0.6050879,0.5465629,0.2223214},
{0.6356109,0.5879278,0.2538220,0.6110434,0.5407983,0.2629624,0.6409036,0.7218409,0.2385539,0.6719310,0.8296673,0.2244565,0.7316995,0.8003923,0.3946247,0.7777000,0.7245000,0.5025000,0.7783000,0.6458000,0.3917000,0.8450000,0.5911000,0.3780000,0.8918000,0.5358000,0.3909000,0.9986000,0.4965000,0.4496000,0.5991108,0.5600244,0.2161695},
{0.6303314,0.5979478,0.2485540,0.6038471,0.5520066,0.2567661,0.6388453,0.7312248,0.2362033,0.6734718,0.8389541,0.2234617,0.7303293,0.8045625,0.3930637,0.7771000,0.7279000,0.5020000,0.7805000,0.6533000,0.3868000,0.8428000,0.5928000,0.3780000,0.8886000,0.5366000,0.3910000,0.9947000,0.4959000,0.4504000,0.5936847,0.5731980,0.2100164},
{0.6254674,0.6078206,0.2432211,0.5972349,0.5629179,0.2505455,0.6370473,0.7405293,0.2338633,0.6751729,0.8478711,0.2225777,0.7290668,0.8085101,0.3916006,0.7766000,0.7312000,0.5014000,0.7796000,0.6488000,0.3900000,0.8405000,0.5945000,0.3781000,0.8855000,0.5373000,0.3912000,0.9908000,0.4955000,0.4511000,0.5887887,0.5860583,0.2038837},
{0.6210394,0.6174641,0.2378761,0.5910490,0.5737619,0.2441787,0.6355218,0.7496377,0.2315636,0.6770333,0.8564978,0.2217916,0.7278645,0.8123697,0.3901839,0.7759000,0.7345000,0.5007000,0.7781000,0.6525000,0.3892000,0.8384000,0.5964000,0.3781000,0.8824000,0.5382000,0.3915000,0.9869000,0.4951000,0.4518000,0.5843561,0.5987147,0.1977271},
{0.6169499,0.6270624,0.2324225,0.5853859,0.5843435,0.2377874,0.6342580,0.7585266,0.2293106,0.6790589,0.8649061,0.2210937,0.7266067,0.8165202,0.3886755,0.7752000,0.7377000,0.4999000,0.7759000,0.6571000,0.3875000,0.8362000,0.5982000,0.3781000,0.8792000,0.5391000,0.3917000,0.9829000,0.4947000,0.4526000,0.5804652,0.6108520,0.1917101},
{0.6132440,0.6364881,0.2269366,0.5802313,0.5946442,0.2313942,0.6332382,0.7672210,0.2270985,0.6812732,0.8732036,0.2204743,0.7254910,0.8203062,0.3873130,0.7744000,0.7409000,0.4991000,0.7744000,0.6599000,0.3873000,0.8331000,0.5991000,0.3784000,0.8760000,0.5401000,0.3920000,0.9789000,0.4945000,0.4533000,0.5770437,0.6225725,0.1857943},
{0.6099656,0.6455726,0.2215259,0.5754779,0.6048513,0.2248894,0.6324371,0.7758837,0.2248863,0.6835982,0.8811277,0.2199504,0.7244948,0.8237756,0.3860757,0.7736000,0.7440000,0.4982000,0.7744000,0.6599000,0.3873000,0.8307000,0.6008000,0.3784000,0.8728000,0.5412000,0.3922000,0.9749000,0.4942000,0.4541000,0.5740831,0.6337791,0.1800403},
{0.6070635,0.6543864,0.2161591,0.5713701,0.6143681,0.2186694,0.6318873,0.7839343,0.2228229,0.6860567,0.8888005,0.2195098,0.7234581,0.8274826,0.3847655,0.7730000,0.7470000,0.4975000,0.7726000,0.6628000,0.3869000,0.8282000,0.6025000,0.3784000,0.8696000,0.5423000,0.3925000,0.9708000,0.4941000,0.4548000,0.5715244,0.6445613,0.1744132},
{0.6045563,0.6627885,0.2109340,0.5676429,0.6237268,0.2124031,0.6315326,0.7918419,0.2207890,0.6885508,0.8959741,0.2191607,0.7225286,0.8308958,0.3835699,0.7724000,0.7501000,0.4968000,0.7707000,0.6658000,0.3865000,0.8257000,0.6041000,0.3785000,0.8664000,0.5436000,0.3926000,0.9667000,0.4941000,0.4555000,0.5693442,0.6548857,0.1689404},
{0.6024123,0.6707742,0.2058673,0.5644165,0.6325614,0.2063479,0.6313690,0.7993111,0.2188613,0.6911103,0.9027989,0.2188887,0.7216685,0.8341363,0.3824443,0.7719000,0.7531000,0.4962000,0.7689000,0.6687000,0.3861000,0.8232000,0.6057000,0.3786000,0.8631000,0.5447000,0.3927000,0.9626000,0.4941000,0.4563000,0.5675253,0.6646694,0.1636766},
{0.6005856,0.6784042,0.2009330,0.5616162,0.6409727,0.2004528,0.6313718,0.8065303,0.2169918,0.6937607,0.9093759,0.2186857,0.7208939,0.8371269,0.3814137,0.7713000,0.7561000,0.4956000,0.7671000,0.6716000,0.3857000,0.8208000,0.6075000,0.3786000,0.8601000,0.5463000,0.3929000,0.9586000,0.4943000,0.4570000,0.5660136,0.6740328,0.1585670},
{0.5990522,0.6856695,0.1961479,0.5592007,0.6489937,0.1947092,0.6315219,0.8133238,0.2152270,0.6964191,0.9155381,0.2185518,0.7200279,0.8405586,0.3802408,0.7707000,0.7591000,0.4950000,0.7652000,0.6746000,0.3853000,0.8187000,0.6094000,0.3785000,0.8569000,0.5477000,0.3933000,0.9546000,0.4945000,0.4578000,0.5647978,0.6828564,0.1536865},
{0.5977711,0.6926592,0.1914626,0.5571521,0.6565840,0.1891605,0.6318078,0.8199323,0.2135048,0.6991097,0.9213855,0.2184789,0.7193245,0.8434187,0.3792712,0.7701000,0.7621000,0.4945000,0.7634000,0.6775000,0.3849000,0.8168000,0.6115000,0.3785000,0.8538000,0.5492000,0.3935000,0.9507000,0.4949000,0.4585000,0.5638435,0.6911486,0.1490408},
{0.5967775,0.6990014,0.1871403,0.5554133,0.6638582,0.1837354,0.6322100,0.8262110,0.2118635,0.7018546,0.9269916,0.2184621,0.7186285,0.8463190,0.3782953,0.7694000,0.7649000,0.4940000,0.7615000,0.6804000,0.3845000,0.8145000,0.6133000,0.3787000,0.8510000,0.5503000,0.3938000,0.9468000,0.4953000,0.4593000,0.5631072,0.6990529,0.1445580},
{0.5959080,0.7056928,0.1825048,0.5539750,0.6707571,0.1784892,0.6327175,0.8322273,0.2102862,0.7046212,0.9323126,0.2184980,0.7179840,0.8490720,0.3773759,0.7686000,0.7678000,0.4935000,0.7597000,0.6834000,0.3841000,0.8115000,0.6147000,0.3790000,0.8483000,0.5514000,0.3941000,0.9430000,0.4959000,0.4601000,0.5625616,0.7066603,0.1401924},
{0.5952901,0.7116801,0.1782898,0.5528070,0.6773079,0.1734131,0.6333032,0.8378577,0.2088057,0.7073211,0.9372161,0.2185795,0.7173455,0.8518674,0.3764491,0.7678000,0.7705000,0.4929000,0.7579000,0.6863000,0.3836000,0.8085000,0.6161000,0.3791000,0.8455000,0.5526000,0.3944000,0.9392000,0.4965000,0.4609000,0.5621978,0.7138156,0.1360394},
{0.5948412,0.7174597,0.1741589,0.5518686,0.6836407,0.1684145,0.6339499,0.8431211,0.2074180,0.7099356,0.9417157,0.2186983,0.7167618,0.8544869,0.3755869,0.7671000,0.7729000,0.4924000,0.7579000,0.6863000,0.3836000,0.8046000,0.6172000,0.3793000,0.8426000,0.5541000,0.3947000,0.9355000,0.4972000,0.4617000,0.5619893,0.7206131,0.1320510},
{0.5945565,0.7228644,0.1702391,0.5511826,0.6894245,0.1637674,0.6346551,0.8481220,0.2060959,0.7123888,0.9457319,0.2188429,0.7161793,0.8571673,0.3747110,0.7660000,0.7757000,0.4919000,0.7567000,0.6901000,0.3830000,0.8031000,0.6187000,0.3793000,0.8399000,0.5553000,0.3950000,0.9318000,0.4980000,0.4625000,0.5619179,0.7270399,0.1282406},
{0.5944120,0.7279140,0.1665257,0.5506871,0.6949396,0.1592603,0.6353836,0.8527202,0.2048772,0.7147549,0.9494292,0.2190106,0.7156468,0.8596801,0.3738957,0.7651000,0.7784000,0.4914000,0.7551000,0.6917000,0.3826000,0.8017000,0.6209000,0.3788000,0.8371000,0.5567000,0.3953000,0.9282000,0.4988000,0.4632000,0.5619625,0.7329466,0.1247040},
{0.5943856,0.7325330,0.1630845,0.5503702,0.7000931,0.1549786,0.6361199,0.8569339,0.2037578,0.7169668,0.9527387,0.2191910,0.7151453,0.8621058,0.3731139,0.7641000,0.7809000,0.4909000,0.7534000,0.6935000,0.3825000,0.8001000,0.6232000,0.3790000,0.8343000,0.5585000,0.3955000,0.9246000,0.4997000,0.4640000,0.5621017,0.7384581,0.1213734},
{0.5944594,0.7370058,0.1597105,0.5502076,0.7048901,0.1509298,0.6368709,0.8608816,0.2027067,0.7193790,0.9561949,0.2194122,0.7146749,0.8644371,0.3723676,0.7630000,0.7834000,0.4902000,0.7521000,0.6964000,0.3819000,0.7984000,0.6252000,0.3790000,0.8315000,0.5602000,0.3958000,0.9211000,0.5006000,0.4647000,0.5623215,0.7436633,0.1182001},
{0.5946161,0.7411224,0.1565678,0.5501764,0.7093912,0.1470727,0.6376156,0.8645161,0.2017369,0.7213201,0.9588663,0.2196079,0.7142342,0.8666744,0.3716559,0.7619000,0.7857000,0.4896000,0.7509000,0.6988000,0.3814000,0.7977000,0.6273000,0.3787000,0.8288000,0.5619000,0.3960000,0.9176000,0.5016000,0.4654000,0.5626023,0.7484697,0.1152456},
{0.5948500,0.7450890,0.1535047,0.5502570,0.7135726,0.1434370,0.6383640,0.8679359,0.2008226,0.7231093,0.9612454,0.2198016,0.7137831,0.8690222,0.3709139,0.7608000,0.7881000,0.4889000,0.7493000,0.7009000,0.3810000,0.7957000,0.6291000,0.3786000,0.8261000,0.5635000,0.3962000,0.9142000,0.5025000,0.4661000,0.5629459,0.7531090,0.1123710},
{0.5951368,0.7487120,0.1506762,0.5504280,0.7174114,0.1400527,0.6391091,0.8711442,0.1999631,0.7247878,0.9634077,0.2199945,0.7133769,0.8711900,0.3702333,0.7596000,0.7905000,0.4882000,0.7477000,0.7027000,0.3808000,0.7938000,0.6309000,0.3784000,0.8235000,0.5652000,0.3965000,0.9108000,0.5035000,0.4668000,0.5633143,0.7572521,0.1097845},
{0.5954680,0.7520819,0.1480181,0.5506777,0.7210281,0.1368219,0.6397933,0.8739414,0.1992125,0.7262298,0.9652131,0.2201686,0.7129779,0.8733734,0.3695521,0.7583000,0.7929000,0.4875000,0.7463000,0.7049000,0.3803000,0.7918000,0.6327000,0.3783000,0.8208000,0.5666000,0.3967000,0.9074000,0.5046000,0.4675000,0.5637105,0.7611096,0.1073596},
{0.5958349,0.7552293,0.1455113,0.5509814,0.7243092,0.1338539,0.6404773,0.8766126,0.1984945,0.7274074,0.9666527,0.2203163,0.7126094,0.8754413,0.3689109,0.7571000,0.7951000,0.4868000,0.7448000,0.7065000,0.3797000,0.7899000,0.6344000,0.3781000,0.8181000,0.5681000,0.3968000,0.9040000,0.5056000,0.4682000,0.5641169,0.7646233,0.1051366},
{0.5962105,0.7580366,0.1432551,0.5513426,0.7274418,0.1309860,0.6410770,0.8788622,0.1978889,0.7284714,0.9679272,0.2204541,0.7122514,0.8775019,0.3682759,0.7558000,0.7974000,0.4860000,0.7437000,0.7092000,0.3787000,0.7879000,0.6362000,0.3778000,0.8156000,0.5696000,0.3969000,0.9006000,0.5067000,0.4688000,0.5645302,0.7678581,0.1030777},
{0.5966134,0.7607226,0.1410781,0.5517282,0.7302524,0.1283836,0.6416290,0.8808639,0.1973494,0.7292395,0.9688320,0.2205559,0.7119323,0.8793843,0.3676992,0.7545000,0.7996000,0.4852000,0.7415000,0.7101000,0.3787000,0.7860000,0.6378000,0.3776000,0.8131000,0.5711000,0.3970000,0.8973000,0.5078000,0.4695000,0.5649344,0.7707664,0.1012164},
{0.5970308,0.7632412,0.1390200,0.5521433,0.7328796,0.1259248,0.6420885,0.8824836,0.1969123,0.7298665,0.9695613,0.2206406,0.7116091,0.8813392,0.3671038,0.7531000,0.8017000,0.4843000,0.7399000,0.7120000,0.3779000,0.7841000,0.6394000,0.3773000,0.8107000,0.5728000,0.3971000,0.8940000,0.5090000,0.4701000,0.5653442,0.7735086,0.0994524},
{0.5974453,0.7655353,0.1371311,0.5525744,0.7353025,0.1236341,0.6425706,0.8841403,0.1964647,0.7306012,0.9704054,0.2207414,0.7112726,0.8834307,0.3664708,0.7518000,0.8037000,0.4833000,0.7386000,0.7139000,0.3772000,0.7822000,0.6410000,0.3771000,0.8081000,0.5743000,0.3972000,0.8907000,0.5102000,0.4708000,0.5657404,0.7759962,0.0978445},
{0.5978669,0.7677003,0.1353355,0.5530451,0.7376852,0.1213590,0.6431640,0.8861235,0.1959283,0.7311824,0.9710651,0.2208225,0.7109761,0.8853249,0.3659010,0.7507000,0.8053000,0.4821000,0.7379000,0.7166000,0.3761000,0.7803000,0.6426000,0.3767000,0.8057000,0.5758000,0.3972000,0.8874000,0.5114000,0.4714000,0.5661118,0.7782038,0.0964113},
{0.5982943,0.7697511,0.1336229,0.5535252,0.7398980,0.1192255,0.6436798,0.8878005,0.1954742,0.7317736,0.9717290,0.2209061,0.7106644,0.8873729,0.3652888,0.7492000,0.8073000,0.4812000,0.7363000,0.7179000,0.3756000,0.7784000,0.6441000,0.3764000,0.8033000,0.5774000,0.3973000,0.8842000,0.5126000,0.4721000,0.5664701,0.7802341,0.0950880},
{0.5987512,0.7718094,0.1318923,0.5540517,0.7421257,0.1170570,0.6441526,0.8893017,0.1950673,0.7322741,0.9722856,0.2209778,0.7103887,0.8892379,0.3647347,0.7476000,0.8091000,0.4802000,0.7347000,0.7196000,0.3749000,0.7764000,0.6456000,0.3762000,0.8010000,0.5791000,0.3973000,0.8811000,0.5139000,0.4727000,0.5668824,0.7824654,0.0936280},
{0.5992589,0.7739591,0.1300720,0.5544938,0.7438648,0.1153493,0.6446399,0.8908152,0.1946567,0.7328135,0.9728797,0.2210560,0.7101130,0.8911576,0.3641679,0.7459000,0.8110000,0.4793000,0.7329000,0.7211000,0.3743000,0.7744000,0.6469000,0.3758000,0.7986000,0.5806000,0.3973000,0.8780000,0.5152000,0.4733000,0.5672449,0.7843438,0.0923939},
{0.5996347,0.7754698,0.1287848,0.5548177,0.7450741,0.1141538,0.6451439,0.8923465,0.1942408,0.7336268,0.9737644,0.2211756,0.7098284,0.8932035,0.3635677,0.7442000,0.8129000,0.4783000,0.7308000,0.7224000,0.3737000,0.7725000,0.6483000,0.3755000,0.7960000,0.5816000,0.3974000,0.8750000,0.5164000,0.4739000,0.5674732,0.7854908,0.0916382},
{0.5998953,0.7764813,0.1279192,0.5550477,0.7459031,0.1133305,0.6456447,0.8938351,0.1938360,0.7341496,0.9743263,0.2212536,0.7095726,0.8951030,0.3630141,0.7425000,0.8148000,0.4774000,0.7288000,0.7238000,0.3730000,0.7705000,0.6497000,0.3752000,0.7936000,0.5826000,0.3975000,0.8719000,0.5177000,0.4745000,0.5676386,0.7863058,0.0911002},
{0.6001139,0.7773089,0.1272087,0.5552564,0.7466354,0.1126007,0.6460303,0.8949602,0.1935299,0.7347788,0.9749954,0.2213486,0.7093190,0.8970506,0.3624501,0.7407000,0.8166000,0.4764000,0.7270000,0.7252000,0.3725000,0.7685000,0.6512000,0.3749000,0.7912000,0.5838000,0.3975000,0.8689000,0.5189000,0.4750000,0.5677796,0.7869897,0.0906482},
{0.6002904,0.7779642,0.1266446,0.5554199,0.7471969,0.1120394,0.6463480,0.8958738,0.1932811,0.7352128,0.9754524,0.2214149,0.7090774,0.8989708,0.3618978,0.7390000,0.8184000,0.4756000,0.7241000,0.7262000,0.3721000,0.7666000,0.6527000,0.3746000,0.7888000,0.5850000,0.3975000,0.8659000,0.5201000,0.4756000,0.5678587,0.7873697,0.0903967},
{0.6004309,0.7784774,0.1262019,0.5555220,0.7475421,0.1116935,0.6466371,0.8966949,0.1930573,0.7355919,0.9758486,0.2214732,0.7088430,0.9009031,0.3613456,0.7373000,0.8202000,0.4748000,0.7225000,0.7279000,0.3716000,0.7646000,0.6541000,0.3743000,0.7864000,0.5863000,0.3975000,0.8629000,0.5214000,0.4761000,0.5679187,0.7876558,0.0902073},
{0.6005243,0.7788152,0.1259102,0.5555901,0.7477702,0.1114646,0.6469023,0.8974401,0.1928542,0.7357686,0.9760324,0.2215006,0.7086378,0.9026575,0.3608476,0.7358000,0.8220000,0.4742000,0.7231000,0.7308000,0.3703000,0.7624000,0.6555000,0.3741000,0.7842000,0.5876000,0.3973000,0.8599000,0.5226000,0.4765000,0.5679104,0.7876163,0.0902334},
{0.6006303,0.7791947,0.1255820,0.5556676,0.7480279,0.1112059,0.6470867,0.8979536,0.1927141,0.7357357,0.9759982,0.2214955,0.7084419,0.9043929,0.3603579,0.7343000,0.8239000,0.4737000,0.7210000,0.7317000,0.3682000,0.7601000,0.6567000,0.3741000,0.7817000,0.5887000,0.3974000,0.8569000,0.5238000,0.4770000,0.5679014,0.7875737,0.0902616},
{0.6007385,0.7795783,0.1252497,0.5557552,0.7483164,0.1109157,0.6471753,0.8981990,0.1926471,0.7353879,0.9756358,0.2214418,0.7082675,0.9059936,0.3599090,0.7329000,0.8257000,0.4732000,0.7182000,0.7338000,0.3674000,0.7581000,0.6582000,0.3738000,0.7792000,0.5897000,0.3973000,0.8538000,0.5249000,0.4774000,0.5678729,0.7874377,0.0903517},
{0.6008878,0.7801011,0.1247962,0.5558381,0.7485872,0.1106431,0.6473197,0.8985974,0.1925384,0.7352733,0.9755159,0.2214241,0.7080982,0.9076054,0.3594597,0.7314000,0.8275000,0.4727000,0.7157000,0.7355000,0.3674000,0.7557000,0.6593000,0.3739000,0.7769000,0.5911000,0.3973000,0.8507000,0.5260000,0.4777000,0.5678576,0.7873646,0.0904000}
};
