fitErrPi Mean = 0.318282
fitErrTh Mean = 0.260947
fitErrWr Mean = 0.377601
fitErrLA Mean = 0.630054
fitErrEl Mean = 0.299806
fitErrUA Mean = 0.493888
efPts = {
{0.6937336,0.7910437,-0.0043797,0.5583457,0.7581776,0.0685501,1.0396093,0.7885414,0.0217265,0.8429409,0.9507453,0.2213794,0.5548309,-0.2631158,0.9235231,0.6720000,0.8823000,0.4429000,0.6459000,0.7154000,0.3381000,0.6902000,0.6427000,0.2640000,0.6898000,0.5972000,0.3760000,0.7589000,0.5103000,0.5196000,0.3182822,0.0000000,0.0000000},
{0.6927931,0.7902284,-0.0054124,0.5573620,0.7575381,0.0675921,1.0391409,0.7870217,0.0215993,0.8420709,0.9491500,0.2221893,0.4872184,0.4578500,0.5222471,0.6704000,0.8819000,0.4423000,0.6447000,0.7150000,0.3378000,0.6893000,0.6424000,0.2639000,0.6888000,0.5969000,0.3760000,0.7578000,0.5104000,0.5199000,0.3182822,0.0000000,0.0000000},
{0.6917462,0.7893200,-0.0065642,0.5561551,0.7567526,0.0664137,1.0384716,0.7848457,0.0214168,0.8410983,0.9473592,0.2230992,0.4853125,0.4583557,0.5216102,0.6687000,0.8816000,0.4417000,0.6436000,0.7145000,0.3374000,0.6885000,0.6420000,0.2638000,0.6878000,0.5968000,0.3761000,0.7566000,0.5106000,0.5201000,0.3182822,0.0000000,0.0000000},
{0.6905371,0.7882697,-0.0078974,0.5548895,0.7559281,0.0651745,1.0378266,0.7827437,0.0212401,0.8400333,0.9453890,0.2241011,0.4827979,0.4590203,0.5207713,0.6670000,0.8812000,0.4412000,0.6424000,0.7138000,0.3372000,0.6876000,0.6417000,0.2638000,0.6869000,0.5966000,0.3761000,0.7556000,0.5108000,0.5204000,0.3182822,0.0000000,0.0000000},
{0.6892076,0.7871135,-0.0093670,0.5534898,0.7550151,0.0637995,1.0370247,0.7801234,0.0210194,0.8387899,0.9430765,0.2252785,0.4802174,0.4596992,0.5199120,0.6653000,0.8808000,0.4406000,0.6412000,0.7132000,0.3369000,0.6867000,0.6413000,0.2638000,0.6859000,0.5964000,0.3762000,0.7547000,0.5110000,0.5207000,0.3182822,0.0000000,0.0000000},
{0.6877591,0.7858520,-0.0109724,0.5518465,0.7539416,0.0621795,1.0362154,0.7774714,0.0207953,0.8375409,0.9407401,0.2264693,0.4784600,0.4601598,0.5193279,0.6636000,0.8803000,0.4402000,0.6400000,0.7126000,0.3367000,0.6858000,0.6409000,0.2638000,0.6850000,0.5962000,0.3763000,0.7537000,0.5111000,0.5210000,0.3182822,0.0000000,0.0000000},
{0.6861442,0.7844436,-0.0127676,0.5501316,0.7528196,0.0604821,1.0352915,0.7744341,0.0205380,0.8361921,0.9382017,0.2277647,0.4756463,0.4608941,0.5183942,0.6618000,0.8798000,0.4397000,0.6388000,0.7120000,0.3365000,0.6850000,0.6405000,0.2639000,0.6841000,0.5960000,0.3763000,0.7528000,0.5113000,0.5212000,0.3182822,0.0000000,0.0000000},
{0.6844252,0.7829421,-0.0146847,0.5482314,0.7515744,0.0585934,1.0344801,0.7717579,0.0203106,0.8347391,0.9354489,0.2291712,0.4727250,0.4616526,0.5174270,0.6600000,0.8793000,0.4393000,0.6377000,0.7112000,0.3363000,0.6842000,0.6401000,0.2639000,0.6834000,0.5958000,0.3764000,0.7519000,0.5114000,0.5215000,0.3182822,0.0000000,0.0000000},
{0.6827245,0.7814541,-0.0165877,0.5460990,0.7501743,0.0564638,1.0334279,0.7682758,0.0200137,0.8332665,0.9326400,0.2306083,0.4702679,0.4622874,0.5166151,0.6581000,0.8787000,0.4389000,0.6365000,0.7106000,0.3361000,0.6834000,0.6396000,0.2640000,0.6824000,0.5955000,0.3765000,0.7511000,0.5115000,0.5218000,0.3182822,0.0000000,0.0000000},
{0.6806496,0.7796353,-0.0189180,0.5439372,0.7487521,0.0542938,1.0325781,0.7654533,0.0197724,0.8316837,0.9295987,0.2321665,0.4672978,0.4630509,0.5156358,0.6562000,0.8781000,0.4385000,0.6353000,0.7100000,0.3359000,0.6826000,0.6392000,0.2640000,0.6816000,0.5953000,0.3766000,0.7503000,0.5116000,0.5220000,0.3182822,0.0000000,0.0000000},
{0.6786001,0.7778352,-0.0212290,0.5415823,0.7471995,0.0519174,1.0315802,0.7621273,0.0194871,0.8300295,0.9263957,0.2338100,0.4641391,0.4638583,0.5145968,0.6542000,0.8774000,0.4382000,0.6342000,0.7092000,0.3357000,0.6818000,0.6388000,0.2640000,0.6809000,0.5950000,0.3766000,0.7496000,0.5117000,0.5222000,0.3182822,0.0000000,0.0000000},
{0.6766916,0.7761558,-0.0233894,0.5391299,0.7455791,0.0494286,1.0305641,0.7587280,0.0191945,0.8283411,0.9231000,0.2355036,0.4614532,0.4645411,0.5137154,0.6521000,0.8767000,0.4378000,0.6330000,0.7084000,0.3354000,0.6811000,0.6384000,0.2639000,0.6800000,0.5948000,0.3766000,0.7488000,0.5118000,0.5224000,0.3182822,0.0000000,0.0000000},
{0.6744487,0.7741781,-0.0259386,0.5365887,0.7438960,0.0468345,1.0294927,0.7551295,0.0188837,0.8266324,0.9197371,0.2372344,0.4582194,0.4653587,0.5126565,0.6500000,0.8758000,0.4375000,0.6319000,0.7077000,0.3352000,0.6804000,0.6380000,0.2639000,0.6793000,0.5944000,0.3767000,0.7480000,0.5119000,0.5226000,0.3182822,0.0000000,0.0000000},
{0.6721064,0.7721081,-0.0286126,0.5339796,0.7421637,0.0441548,1.0283630,0.7513191,0.0185534,0.8248222,0.9161434,0.2390869,0.4548334,0.4662094,0.5115507,0.6478000,0.8749000,0.4372000,0.6307000,0.7069000,0.3349000,0.6796000,0.6376000,0.2639000,0.6785000,0.5942000,0.3767000,0.7474000,0.5120000,0.5227000,0.3182822,0.0000000,0.0000000},
{0.6696444,0.7699272,-0.0314367,0.5313089,0.7403861,0.0413948,1.0272091,0.7474100,0.0182133,0.8229822,0.9124578,0.2409899,0.4522844,0.4668463,0.5107202,0.6456000,0.8739000,0.4370000,0.6295000,0.7060000,0.3347000,0.6789000,0.6373000,0.2639000,0.6777000,0.5940000,0.3767000,0.7466000,0.5121000,0.5229000,0.3182822,0.0000000,0.0000000},
{0.6670936,0.7676621,-0.0343771,0.5284108,0.7384520,0.0383801,1.0261074,0.7436616,0.0178859,0.8211043,0.9086612,0.2429535,0.4484734,0.4677926,0.5094816,0.6434000,0.8728000,0.4369000,0.6281000,0.7052000,0.3345000,0.6782000,0.6369000,0.2639000,0.6770000,0.5938000,0.3767000,0.7460000,0.5123000,0.5232000,0.3182822,0.0000000,0.0000000},
{0.6643147,0.7651880,-0.0375971,0.5253412,0.7363976,0.0351644,1.0248263,0.7392824,0.0175019,0.8192229,0.9048214,0.2449428,0.4456717,0.4684839,0.5085734,0.6412000,0.8716000,0.4369000,0.6268000,0.7042000,0.3344000,0.6774000,0.6366000,0.2640000,0.6763000,0.5935000,0.3768000,0.7452000,0.5124000,0.5235000,0.3182822,0.0000000,0.0000000},
{0.6616400,0.7628001,-0.0407132,0.5221264,0.7342395,0.0317714,1.0235085,0.7347546,0.0171031,0.8171485,0.9005448,0.2471623,0.4421370,0.4693508,0.5074305,0.6390000,0.8705000,0.4370000,0.6254000,0.7033000,0.3344000,0.6767000,0.6363000,0.2641000,0.6754000,0.5933000,0.3769000,0.7449000,0.5126000,0.5233000,0.3182822,0.0000000,0.0000000},
{0.6589029,0.7603499,-0.0439191,0.5189077,0.7320721,0.0283485,1.0223647,0.7308055,0.0167539,0.8151927,0.8964710,0.2492804,0.4393768,0.4700235,0.5065403,0.6369000,0.8694000,0.4371000,0.6238000,0.7024000,0.3344000,0.6759000,0.6360000,0.2641000,0.6748000,0.5930000,0.3770000,0.7439000,0.5128000,0.5238000,0.3182822,0.0000000,0.0000000},
{0.6561961,0.7579202,-0.0471066,0.5156232,0.7298533,0.0248285,1.0211222,0.7264951,0.0163713,0.8131979,0.8922730,0.2514668,0.4361089,0.4708153,0.5054888,0.6349000,0.8683000,0.4373000,0.6221000,0.7013000,0.3345000,0.6752000,0.6356000,0.2642000,0.6740000,0.5928000,0.3770000,0.7431000,0.5130000,0.5240000,0.3182822,0.0000000,0.0000000},
{0.6532875,0.7553020,-0.0505509,0.5123559,0.7276390,0.0212996,1.0198896,0.7221977,0.0159882,0.8111704,0.8879611,0.2537167,0.4334122,0.4714648,0.5046232,0.6329000,0.8671000,0.4374000,0.6202000,0.7003000,0.3347000,0.6742000,0.6353000,0.2643000,0.6733000,0.5925000,0.3771000,0.7428000,0.5132000,0.5240000,0.3182822,0.0000000,0.0000000},
{0.6502860,0.7525920,-0.0541263,0.5088694,0.7252683,0.0175036,1.0185804,0.7176096,0.0155775,0.8092563,0.8838473,0.2558670,0.4306452,0.4721277,0.5037370,0.6309000,0.8660000,0.4376000,0.6178000,0.6986000,0.3349000,0.6734000,0.6350000,0.2643000,0.6727000,0.5923000,0.3772000,0.7421000,0.5134000,0.5242000,0.3182822,0.0000000,0.0000000},
{0.6473993,0.7499778,-0.0575853,0.5056379,0.7230636,0.0139568,1.0174810,0.7137377,0.0152295,0.8072830,0.8795619,0.2581109,0.4285444,0.4726285,0.5030654,0.6289000,0.8649000,0.4378000,0.6158000,0.6975000,0.3351000,0.6725000,0.6347000,0.2643000,0.6719000,0.5921000,0.3773000,0.7414000,0.5135000,0.5244000,0.3182822,0.0000000,0.0000000},
{0.6447121,0.7475373,-0.0608232,0.5026000,0.7209845,0.0105974,1.0161388,0.7089869,0.0148008,0.8053818,0.8753893,0.2602995,0.4259523,0.4732435,0.5022384,0.6269000,0.8637000,0.4380000,0.6158000,0.6975000,0.3351000,0.6715000,0.6344000,0.2644000,0.6713000,0.5920000,0.3773000,0.7407000,0.5138000,0.5246000,0.3182822,0.0000000,0.0000000},
{0.6421151,0.7451722,-0.0639693,0.4993292,0.7187388,0.0069528,1.0148901,0.7045430,0.0143981,0.8034733,0.8711565,0.2625234,0.4239404,0.4737186,0.5015977,0.6250000,0.8626000,0.4382000,0.6165000,0.6976000,0.3349000,0.6706000,0.6340000,0.2644000,0.6705000,0.5917000,0.3774000,0.7401000,0.5140000,0.5248000,0.3182822,0.0000000,0.0000000},
{0.6392716,0.7425754,-0.0674328,0.4963177,0.7166645,0.0035717,1.0138125,0.7006891,0.0140475,0.8016254,0.8670152,0.2647030,0.4211793,0.4743675,0.5007202,0.6230000,0.8614000,0.4383000,0.6152000,0.6968000,0.3349000,0.6696000,0.6337000,0.2644000,0.6699000,0.5916000,0.3774000,0.7394000,0.5142000,0.5249000,0.3182822,0.0000000,0.0000000},
{0.6366921,0.7402129,-0.0705923,0.4932550,0.7145483,0.0001076,1.0125528,0.6961618,0.0136341,0.7998075,0.8628985,0.2668731,0.4191868,0.4748335,0.5000881,0.6210000,0.8603000,0.4384000,0.6138000,0.6960000,0.3350000,0.6688000,0.6334000,0.2644000,0.6691000,0.5914000,0.3774000,0.7383000,0.5144000,0.5253000,0.3182822,0.0000000,0.0000000},
{0.6342072,0.7379309,-0.0736516,0.4902120,0.7124390,-0.0033599,1.0115096,0.6923941,0.0132887,0.7980331,0.8588391,0.2690165,0.4166077,0.4754338,0.4992715,0.6191000,0.8590000,0.4386000,0.6125000,0.6951000,0.3350000,0.6679000,0.6330000,0.2643000,0.6685000,0.5912000,0.3774000,0.7382000,0.5145000,0.5253000,0.3182822,0.0000000,0.0000000},
{0.6318551,0.7357653,-0.0765619,0.4874717,0.7105338,-0.0065046,1.0103744,0.6882748,0.0129097,0.7962801,0.8547874,0.2711591,0.4142758,0.4759738,0.4985347,0.6171000,0.8578000,0.4388000,0.6111000,0.6943000,0.3351000,0.6669000,0.6326000,0.2642000,0.6678000,0.5910000,0.3774000,0.7375000,0.5147000,0.5254000,0.3182822,0.0000000,0.0000000},
{0.6294682,0.7335622,-0.0795295,0.4849907,0.7088042,-0.0093701,1.0092590,0.6842076,0.0125341,0.7946660,0.8510197,0.2731546,0.4124199,0.4764017,0.4979493,0.6153000,0.8566000,0.4390000,0.6097000,0.6935000,0.3350000,0.6660000,0.6321000,0.2641000,0.6670000,0.5907000,0.3774000,0.7370000,0.5149000,0.5256000,0.3182822,0.0000000,0.0000000},
{0.6273182,0.7315729,-0.0822152,0.4824772,0.7070472,-0.0122910,1.0081851,0.6802730,0.0121695,0.7930545,0.8472220,0.2751689,0.4105995,0.4768198,0.4973759,0.6135000,0.8554000,0.4392000,0.6084000,0.6926000,0.3350000,0.6651000,0.6317000,0.2640000,0.6664000,0.5904000,0.3773000,0.7363000,0.5150000,0.5256000,0.3182822,0.0000000,0.0000000},
{0.6251619,0.7295729,-0.0849209,0.4802182,0.7054641,-0.0149318,1.0072138,0.6766978,0.0118370,0.7914803,0.8434766,0.2771583,0.4087105,0.4772520,0.4967819,0.6117000,0.8543000,0.4393000,0.6070000,0.6918000,0.3351000,0.6642000,0.6313000,0.2638000,0.6656000,0.5902000,0.3773000,0.7358000,0.5151000,0.5257000,0.3182822,0.0000000,0.0000000},
{0.6230261,0.7275875,-0.0876128,0.4779042,0.7038384,-0.0176523,1.0062549,0.6731534,0.0115064,0.7900421,0.8400233,0.2789950,0.4068731,0.4776707,0.4962049,0.6099000,0.8533000,0.4394000,0.6057000,0.6909000,0.3351000,0.6634000,0.6309000,0.2636000,0.6650000,0.5899000,0.3772000,0.7352000,0.5152000,0.5258000,0.3182822,0.0000000,0.0000000},
{0.6210766,0.7257712,-0.0900804,0.4756612,0.7022587,-0.0203045,1.0052964,0.6695950,0.0111734,0.7886255,0.8365918,0.2808225,0.4050091,0.4780938,0.4956205,0.6082000,0.8522000,0.4395000,0.6043000,0.6902000,0.3351000,0.6625000,0.6305000,0.2634000,0.6644000,0.5896000,0.3771000,0.7346000,0.5152000,0.5258000,0.3182822,0.0000000,0.0000000},
{0.6192125,0.7240307,-0.0924494,0.4735647,0.7007786,-0.0227970,1.0043568,0.6660920,0.0108446,0.7872229,0.8331643,0.2826501,0.4034764,0.4784404,0.4951407,0.6066000,0.8512000,0.4396000,0.6030000,0.6894000,0.3351000,0.6616000,0.6301000,0.2633000,0.6636000,0.5893000,0.3770000,0.7341000,0.5153000,0.5259000,0.3182822,0.0000000,0.0000000},
{0.6171566,0.7221070,-0.0950729,0.4714969,0.6993154,-0.0252684,1.0034806,0.6628114,0.0105357,0.7858578,0.8297992,0.2844467,0.4020717,0.4787571,0.4947015,0.6050000,0.8503000,0.4397000,0.6016000,0.6885000,0.3352000,0.6608000,0.6297000,0.2631000,0.6630000,0.5890000,0.3769000,0.7334000,0.5153000,0.5258000,0.3182822,0.0000000,0.0000000},
{0.6152674,0.7203354,-0.0974938,0.4694455,0.6978605,-0.0277330,1.0026953,0.6598602,0.0102570,0.7846162,0.8267132,0.2860963,0.4005716,0.4790942,0.4942330,0.6035000,0.8494000,0.4397000,0.6003000,0.6878000,0.3352000,0.6601000,0.6294000,0.2628000,0.6623000,0.5887000,0.3768000,0.7329000,0.5153000,0.5259000,0.3182822,0.0000000,0.0000000},
{0.6135694,0.7187398,-0.0996780,0.4675290,0.6964982,-0.0300473,1.0017276,0.6562088,0.0099113,0.7834124,0.8236973,0.2877102,0.3992053,0.4794004,0.4938068,0.6020000,0.8485000,0.4398000,0.5989000,0.6871000,0.3353000,0.6591000,0.6290000,0.2627000,0.6616000,0.5883000,0.3767000,0.7322000,0.5153000,0.5259000,0.3182822,0.0000000,0.0000000},
{0.6118321,0.7171043,-0.1019209,0.4656284,0.6951443,-0.0323536,1.0009269,0.6531746,0.0096231,0.7822123,0.8206672,0.2893334,0.3979670,0.4796770,0.4934210,0.6005000,0.8475000,0.4398000,0.5977000,0.6864000,0.3353000,0.6583000,0.6286000,0.2625000,0.6609000,0.5880000,0.3766000,0.7317000,0.5153000,0.5259000,0.3182822,0.0000000,0.0000000},
{0.6100474,0.7154206,-0.1042338,0.4635574,0.6936657,-0.0348795,1.0001666,0.6502834,0.0093479,0.7809861,0.8175463,0.2910071,0.3970777,0.4798752,0.4931441,0.5991000,0.8466000,0.4399000,0.5965000,0.6857000,0.3352000,0.6576000,0.6281000,0.2624000,0.6602000,0.5877000,0.3766000,0.7321000,0.5154000,0.5262000,0.3182822,0.0000000,0.0000000},
{0.6082915,0.7137608,-0.1065180,0.4617283,0.6923568,-0.0371217,0.9993451,0.6471477,0.0090485,0.7799509,0.8148917,0.2924322,0.3952856,0.4802735,0.4925868,0.5977000,0.8457000,0.4400000,0.5954000,0.6851000,0.3352000,0.6568000,0.6278000,0.2623000,0.6595000,0.5872000,0.3765000,0.7315000,0.5153000,0.5262000,0.3182822,0.0000000,0.0000000},
{0.6068180,0.7123653,-0.1084416,0.4597944,0.6909700,-0.0395040,0.9986687,0.6445566,0.0088006,0.7788359,0.8120118,0.2939799,0.3942281,0.4805078,0.4922584,0.5964000,0.8448000,0.4400000,0.5944000,0.6843000,0.3352000,0.6560000,0.6273000,0.2622000,0.6589000,0.5869000,0.3765000,0.7309000,0.5152000,0.5263000,0.3182822,0.0000000,0.0000000},
{0.6049315,0.7105753,-0.1109132,0.4579381,0.6896358,-0.0418021,0.9980393,0.6421379,0.0085686,0.7779318,0.8096605,0.2952446,0.3931761,0.4807403,0.4919319,0.5951000,0.8439000,0.4401000,0.5935000,0.6836000,0.3351000,0.6553000,0.6268000,0.2621000,0.6582000,0.5865000,0.3764000,0.7302000,0.5151000,0.5264000,0.3182822,0.0000000,0.0000000},
{0.6034155,0.7091340,-0.1129068,0.4560741,0.6882931,-0.0441211,0.9972897,0.6392476,0.0082908,0.7770099,0.8072480,0.2965433,0.3922084,0.4809537,0.4916319,0.5939000,0.8430000,0.4401000,0.5927000,0.6830000,0.3350000,0.6548000,0.6264000,0.2620000,0.6575000,0.5861000,0.3764000,0.7295000,0.5150000,0.5264000,0.3182822,0.0000000,0.0000000},
{0.6014940,0.7073034,-0.1154432,0.4542152,0.6869512,-0.0464451,0.9965155,0.6362516,0.0080020,0.7760501,0.8047197,0.2979055,0.3910083,0.4812178,0.4912602,0.5927000,0.8421000,0.4402000,0.5920000,0.6824000,0.3349000,0.6543000,0.6259000,0.2619000,0.6569000,0.5856000,0.3763000,0.7289000,0.5148000,0.5265000,0.3182822,0.0000000,0.0000000},
{0.6001493,0.7060199,-0.1172245,0.4523887,0.6856297,-0.0487398,0.9958810,0.6337879,0.0077641,0.7751980,0.8024610,0.2991234,0.3905877,0.4813102,0.4911300,0.5916000,0.8413000,0.4402000,0.5914000,0.6818000,0.3348000,0.6537000,0.6255000,0.2619000,0.6563000,0.5852000,0.3763000,0.7283000,0.5147000,0.5265000,0.3182822,0.0000000,0.0000000},
{0.5983563,0.7043054,-0.1196079,0.4503516,0.6841524,-0.0513124,0.9953289,0.6316377,0.0075560,0.7744347,0.8004261,0.3002215,0.3897701,0.4814895,0.4908770,0.5905000,0.8405000,0.4401000,0.5907000,0.6813000,0.3347000,0.6532000,0.6251000,0.2618000,0.6557000,0.5848000,0.3762000,0.7277000,0.5146000,0.5265000,0.3182822,0.0000000,0.0000000},
{0.5969065,0.7029163,-0.1215422,0.4483773,0.6827171,-0.0538192,0.9946331,0.6289196,0.0072923,0.7736014,0.7981921,0.3014280,0.3886371,0.4817374,0.4905268,0.5895000,0.8397000,0.4401000,0.5901000,0.6807000,0.3346000,0.6526000,0.6247000,0.2618000,0.6551000,0.5844000,0.3762000,0.7271000,0.5143000,0.5266000,0.3182822,0.0000000,0.0000000},
{0.5949595,0.7010471,-0.1241494,0.4462587,0.6811731,-0.0565242,0.9941616,0.6270721,0.0071128,0.7727789,0.7959739,0.3026268,0.3881219,0.4818499,0.4903677,0.5885000,0.8389000,0.4401000,0.5896000,0.6802000,0.3346000,0.6521000,0.6243000,0.2618000,0.6546000,0.5840000,0.3762000,0.7266000,0.5141000,0.5266000,0.3182822,0.0000000,0.0000000},
{0.5933705,0.6995182,-0.1262859,0.4440461,0.6795562,-0.0593659,0.9931885,0.6232460,0.0067401,0.7720932,0.7941143,0.3036325,0.3873291,0.4820229,0.4901229,0.5876000,0.8380000,0.4401000,0.5892000,0.6796000,0.3344000,0.6517000,0.6240000,0.2617000,0.6540000,0.5836000,0.3761000,0.7261000,0.5139000,0.5267000,0.3182822,0.0000000,0.0000000},
{0.5914722,0.6976880,-0.1288480,0.4417560,0.6778780,-0.0623254,0.9931213,0.6229812,0.0067143,0.7713036,0.7919619,0.3047974,0.3866562,0.4821694,0.4899153,0.5868000,0.8371000,0.4402000,0.5888000,0.6791000,0.3343000,0.6512000,0.6236000,0.2617000,0.6535000,0.5831000,0.3761000,0.7257000,0.5137000,0.5267000,0.3182822,0.0000000,0.0000000},
{0.5897110,0.6959861,-0.1312350,0.4393488,0.6761085,-0.0654567,0.9925214,0.6206122,0.0064829,0.7705987,0.7900294,0.3058440,0.3858881,0.4823364,0.4896784,0.5860000,0.8362000,0.4402000,0.5884000,0.6787000,0.3342000,0.6508000,0.6233000,0.2617000,0.6531000,0.5828000,0.3761000,0.7252000,0.5135000,0.5267000,0.3182822,0.0000000,0.0000000},
{0.5880024,0.6943315,-0.1335598,0.4370375,0.6744045,-0.0684831,0.9921154,0.6190046,0.0063256,0.7699610,0.7882727,0.3067960,0.3854428,0.4824331,0.4895412,0.5851000,0.8353000,0.4403000,0.5880000,0.6781000,0.3341000,0.6503000,0.6228000,0.2617000,0.6525000,0.5823000,0.3761000,0.7248000,0.5132000,0.5268000,0.3182822,0.0000000,0.0000000},
{0.5867604,0.6931266,-0.1352554,0.4356490,0.6733783,-0.0703107,0.9916478,0.6171493,0.0061438,0.7693747,0.7866501,0.3076758,0.3848487,0.4825619,0.4893582,0.5844000,0.8344000,0.4403000,0.5878000,0.6776000,0.3340000,0.6500000,0.6225000,0.2616000,0.6521000,0.5819000,0.3761000,0.7244000,0.5130000,0.5268000,0.3182822,0.0000000,0.0000000},
{0.5857104,0.6921065,-0.1366928,0.4350139,0.6729083,-0.0711491,0.9912819,0.6156944,0.0060010,0.7687683,0.7849644,0.3085903,0.3840014,0.4827453,0.4890973,0.5836000,0.8336000,0.4404000,0.5875000,0.6771000,0.3339000,0.6496000,0.6220000,0.2617000,0.6517000,0.5814000,0.3761000,0.7241000,0.5127000,0.5268000,0.3182822,0.0000000,0.0000000},
{0.5850317,0.6914464,-0.1376236,0.4346333,0.6726264,-0.0716523,0.9910523,0.6147800,0.0059112,0.7684081,0.7839594,0.3091358,0.3835140,0.4828507,0.4889474,0.5827000,0.8327000,0.4403000,0.5871000,0.6764000,0.3338000,0.6493000,0.6216000,0.2617000,0.6513000,0.5809000,0.3761000,0.7239000,0.5123000,0.5269000,0.3182822,0.0000000,0.0000000},
{0.5843995,0.6908310,-0.1384920,0.4343948,0.6724498,-0.0719677,0.9906776,0.6132854,0.0057642,0.7680912,0.7830729,0.3096171,0.3830725,0.4829460,0.4888116,0.5819000,0.8320000,0.4402000,0.5868000,0.6757000,0.3337000,0.6491000,0.6211000,0.2617000,0.6510000,0.5804000,0.3760000,0.7237000,0.5120000,0.5268000,0.3182822,0.0000000,0.0000000},
{0.5842396,0.6906753,-0.1387119,0.4341906,0.6722985,-0.0722381,0.9906320,0.6131033,0.0057463,0.7680606,0.7829872,0.3096637,0.3830725,0.4829460,0.4888116,0.5811000,0.8313000,0.4400000,0.5865000,0.6750000,0.3335000,0.6489000,0.6206000,0.2617000,0.6507000,0.5799000,0.3760000,0.7235000,0.5116000,0.5268000,0.3182822,0.0000000,0.0000000},
{0.5839070,0.6903513,-0.1391694,0.4341431,0.6722633,-0.0723010,0.9906202,0.6130562,0.0057417,0.7679710,0.7827362,0.3098000,0.3825281,0.4830635,0.4886442,0.5804000,0.8308000,0.4397000,0.5860000,0.6742000,0.3333000,0.6488000,0.6201000,0.2616000,0.6503000,0.5792000,0.3759000,0.7234000,0.5112000,0.5268000,0.3182822,0.0000000,0.0000000},
{0.5839070,0.6903513,-0.1391694,0.4340015,0.6721583,-0.0724886,0.9903674,0.6120461,0.0056422,0.7679987,0.7828137,0.3097579,0.3824537,0.4830795,0.4886213,0.5798000,0.8304000,0.4395000,0.5857000,0.6736000,0.3331000,0.6486000,0.6197000,0.2616000,0.6502000,0.5787000,0.3758000,0.7232000,0.5107000,0.5268000,0.3182822,0.0000000,0.0000000},
{0.5839070,0.6903513,-0.1391694,0.4339306,0.6721057,-0.0725826,0.9903674,0.6120461,0.0056422,0.7680796,0.7830403,0.3096349,0.3820467,0.4831672,0.4884963,0.5794000,0.8300000,0.4393000,0.5854000,0.6731000,0.3330000,0.6485000,0.6193000,0.2616000,0.6499000,0.5782000,0.3758000,0.7232000,0.5102000,0.5267000,0.3182822,0.0000000,0.0000000},
{0.5837639,0.6902119,-0.1393663,0.4339306,0.6721057,-0.0725826,0.9903400,0.6119365,0.0056314,0.7681839,0.7833326,0.3094762,0.3818676,0.4832058,0.4884412,0.5790000,0.8297000,0.4391000,0.5851000,0.6725000,0.3330000,0.6485000,0.6189000,0.2616000,0.6499000,0.5777000,0.3758000,0.7231000,0.5097000,0.5267000,0.3182822,0.0000000,0.0000000},
{0.5837639,0.6902119,-0.1393663,0.4339306,0.6721057,-0.0725826,0.9903870,0.6121243,0.0056499,0.7682099,0.7834053,0.3094367,0.3819422,0.4831897,0.4884642,0.5788000,0.8294000,0.4390000,0.5849000,0.6722000,0.3330000,0.6484000,0.6186000,0.2616000,0.6497000,0.5773000,0.3758000,0.7230000,0.5093000,0.5266000,0.3182822,0.0000000,0.0000000},
{0.5837639,0.6902119,-0.1393663,0.4339306,0.6721057,-0.0725826,0.9903870,0.6121243,0.0056499,0.7683178,0.7837070,0.3092729,0.3819422,0.4831897,0.4884642,0.5786000,0.8291000,0.4390000,0.5847000,0.6718000,0.3330000,0.6484000,0.6183000,0.2616000,0.6496000,0.5769000,0.3758000,0.7230000,0.5088000,0.5266000,0.3182822,0.0000000,0.0000000},
{0.5837639,0.6902119,-0.1393663,0.4340119,0.6721660,-0.0724748,0.9903870,0.6121243,0.0056499,0.7683178,0.7837070,0.3092729,0.3820017,0.4831769,0.4884824,0.5786000,0.8289000,0.4390000,0.5847000,0.6715000,0.3330000,0.6484000,0.6181000,0.2616000,0.6495000,0.5767000,0.3758000,0.7231000,0.5084000,0.5266000,0.3182822,0.0000000,0.0000000},
{0.5837639,0.6902119,-0.1393663,0.4340119,0.6721660,-0.0724748,0.9903870,0.6121243,0.0056499,0.7684426,0.7840556,0.3090836,0.3820017,0.4831769,0.4884824,0.5786000,0.8286000,0.4391000,0.5846000,0.6712000,0.3331000,0.6483000,0.6179000,0.2617000,0.6495000,0.5764000,0.3758000,0.7231000,0.5081000,0.5265000,0.3182822,0.0000000,0.0000000}
};
