fitErrPi Mean = 0.0156247
fitErrTh Mean = 0.0183863
fitErrWr Mean = 0.0163532
fitErrLA Mean = 0.0155072
fitErrEl Mean = 0.0118983
fitErrUA Mean = 0.0811465
efPts = {
{0.7153282,0.2148458,0.3164367,0.7077333,0.1534407,0.3141245,0.7393975,0.8836868,0.1919229,0.6319121,0.4733824,0.3524670,0.9209117,0.5029295,0.4883050,0.5370000,0.7546000,0.4340000,0.8638000,0.4275000,0.2781000,0.8162000,0.5616000,0.3822000,0.8837000,0.4921000,0.3921000,0.9885000,0.4998000,0.4616000,0.6669855,0.1617690,0.2934156},
{0.7152324,0.2148856,0.3165160,0.7076819,0.1534677,0.3141778,0.6922900,0.3568170,0.3598248,0.6321269,0.4732345,0.3525279,0.6321423,0.5880265,0.4563268,0.5370000,0.7545000,0.4340000,0.8627000,0.4296000,0.2793000,0.8165000,0.5616000,0.3822000,0.8838000,0.4919000,0.3920000,0.9886000,0.4993000,0.4616000,0.6671172,0.1617044,0.2933187},
{0.7150680,0.2149544,0.3166516,0.7075629,0.1535307,0.3143010,0.6920827,0.3569054,0.3598397,0.6320579,0.4732819,0.3525084,0.6323191,0.5881895,0.4562865,0.5370000,0.7545000,0.4341000,0.8616000,0.4318000,0.2805000,0.8168000,0.5615000,0.3822000,0.8840000,0.4917000,0.3920000,0.9887000,0.4988000,0.4615000,0.6668574,0.1618322,0.2935096},
{0.7148247,0.2150581,0.3168514,0.7074317,0.1536007,0.3144364,0.6916501,0.3570923,0.3598700,0.6317407,0.4735012,0.3524182,0.6326465,0.5884912,0.4562119,0.5371000,0.7545000,0.4341000,0.8606000,0.4340000,0.2817000,0.8171000,0.5614000,0.3822000,0.8841000,0.4915000,0.3920000,0.9888000,0.4984000,0.4614000,0.6665355,0.1619925,0.2937452},
{0.7145149,0.2151931,0.3171043,0.7073262,0.1536575,0.3145451,0.6910788,0.3573443,0.3599084,0.6313407,0.4737809,0.3523035,0.6329570,0.5887769,0.4561413,0.5371000,0.7545000,0.4341000,0.8595000,0.4361000,0.2829000,0.8174000,0.5614000,0.3821000,0.8842000,0.4913000,0.3920000,0.9889000,0.4980000,0.4613000,0.6662454,0.1621391,0.2939565},
{0.7142431,0.2153142,0.3173248,0.7072359,0.1537064,0.3146378,0.6903666,0.3576666,0.3599539,0.6307674,0.4741882,0.3521372,0.6334378,0.5892190,0.4560321,0.5371000,0.7545000,0.4341000,0.8584000,0.4383000,0.2841000,0.8177000,0.5613000,0.3821000,0.8842000,0.4913000,0.3920000,0.9889000,0.4977000,0.4612000,0.6658575,0.1623380,0.2942377},
{0.7140100,0.2154201,0.3175129,0.7073128,0.1536648,0.3145588,0.6896017,0.3580229,0.3599997,0.6301722,0.4746191,0.3519622,0.6337576,0.5895127,0.4559595,0.5371000,0.7544000,0.4341000,0.8573000,0.4405000,0.2853000,0.8180000,0.5613000,0.3821000,0.8842000,0.4913000,0.3921000,0.9889000,0.4973000,0.4612000,0.6653932,0.1625805,0.2945722},
{0.7138875,0.2154766,0.3176114,0.7075058,0.1535611,0.3143600,0.6888021,0.3584066,0.3600442,0.6294916,0.4751219,0.3517592,0.6342132,0.5899307,0.4558562,0.5371000,0.7544000,0.4342000,0.8562000,0.4426000,0.2866000,0.8183000,0.5612000,0.3820000,0.8841000,0.4912000,0.3921000,0.9888000,0.4970000,0.4611000,0.6651063,0.1627328,0.2947777},
{0.7138563,0.2154910,0.3176365,0.7078321,0.1533891,0.3140217,0.6879959,0.3588052,0.3600855,0.6287312,0.4756967,0.3515285,0.6346727,0.5903517,0.4557523,0.5372000,0.7544000,0.4342000,0.8552000,0.4448000,0.2878000,0.8186000,0.5611000,0.3820000,0.8839000,0.4913000,0.3921000,0.9887000,0.4967000,0.4610000,0.6648003,0.1628972,0.2949960},
{0.7138563,0.2154910,0.3176365,0.7079794,0.1533127,0.3138682,0.6872364,0.3591916,0.3601212,0.6279055,0.4763368,0.3512733,0.6351580,0.5907958,0.4556426,0.5372000,0.7544000,0.4342000,0.8541000,0.4470000,0.2890000,0.8190000,0.5611000,0.3820000,0.8838000,0.4914000,0.3921000,0.9886000,0.4964000,0.4609000,0.6644671,0.1630786,0.2952325},
{0.7136783,0.2155741,0.3177790,0.7076857,0.1534658,0.3141739,0.6864334,0.3596114,0.3601555,0.6271263,0.4769564,0.3510280,0.6356311,0.5912282,0.4555358,0.5372000,0.7544000,0.4342000,0.8530000,0.4492000,0.2902000,0.8193000,0.5610000,0.3819000,0.8836000,0.4916000,0.3921000,0.9884000,0.4962000,0.4608000,0.6638598,0.1634155,0.2956607},
{0.7133044,0.2157520,0.3180767,0.7073046,0.1536692,0.3145672,0.6854645,0.3601337,0.3601922,0.6262079,0.4777063,0.3507331,0.6361794,0.5917286,0.4554123,0.5372000,0.7544000,0.4342000,0.8519000,0.4513000,0.2914000,0.8196000,0.5610000,0.3819000,0.8835000,0.4918000,0.3920000,0.9883000,0.4959000,0.4606000,0.6633030,0.1637314,0.2960498},
{0.7128801,0.2159596,0.3184118,0.7069408,0.1538685,0.3149396,0.6843609,0.3607498,0.3602276,0.6251185,0.4786241,0.3503749,0.6367520,0.5922504,0.4552835,0.5372000,0.7543000,0.4343000,0.8508000,0.4535000,0.2926000,0.8199000,0.5609000,0.3819000,0.8834000,0.4920000,0.3920000,0.9882000,0.4958000,0.4605000,0.6626308,0.1641219,0.2965154},
{0.7124215,0.2161906,0.3187705,0.7066510,0.1540308,0.3152339,0.6831306,0.3614633,0.3602590,0.6239726,0.4796237,0.3499882,0.6373682,0.5928110,0.4551452,0.5373000,0.7543000,0.4343000,0.8498000,0.4557000,0.2938000,0.8202000,0.5608000,0.3818000,0.8833000,0.4922000,0.3919000,0.9881000,0.4956000,0.4604000,0.6619949,0.1645002,0.2969516},
{0.7118448,0.2164910,0.3192167,0.7062303,0.1542717,0.3156575,0.6818061,0.3622630,0.3602834,0.6226864,0.4807888,0.3495415,0.6380546,0.5934343,0.4549914,0.5373000,0.7543000,0.4343000,0.8487000,0.4578000,0.2950000,0.8205000,0.5608000,0.3818000,0.8832000,0.4925000,0.3919000,0.9881000,0.4955000,0.4602000,0.6613413,0.1648981,0.2973956},
{0.7111931,0.2168433,0.3197144,0.7057481,0.1545558,0.3161380,0.6804112,0.3631410,0.3602982,0.6213127,0.4820855,0.3490490,0.6387877,0.5940988,0.4548275,0.5373000,0.7543000,0.4343000,0.8476000,0.4600000,0.2963000,0.8208000,0.5607000,0.3818000,0.8830000,0.4928000,0.3919000,0.9880000,0.4953000,0.4600000,0.6607326,0.1652769,0.2978052},
{0.7104185,0.2172798,0.3202972,0.7051529,0.1549177,0.3167236,0.6789069,0.3641295,0.3603018,0.6199341,0.4834432,0.3485383,0.6395639,0.5948010,0.4546543,0.5373000,0.7543000,0.4344000,0.8465000,0.4622000,0.2975000,0.8211000,0.5607000,0.3817000,0.8828000,0.4931000,0.3919000,0.9879000,0.4952000,0.4599000,0.6600761,0.1656942,0.2982428},
{0.7096491,0.2177319,0.3208667,0.7044685,0.1553490,0.3173873,0.6774441,0.3651325,0.3602926,0.6186111,0.4848017,0.3480319,0.6403466,0.5955075,0.4544802,0.5374000,0.7542000,0.4344000,0.8454000,0.4643000,0.2987000,0.8214000,0.5606000,0.3817000,0.8825000,0.4934000,0.3919000,0.9878000,0.4950000,0.4597000,0.6595065,0.1660636,0.2986191},
{0.7087326,0.2182943,0.3215333,0.7036426,0.1558906,0.3181745,0.6758585,0.3662669,0.3602685,0.6173222,0.4861799,0.3475224,0.6411771,0.5962556,0.4542958,0.5374000,0.7542000,0.4344000,0.8444000,0.4665000,0.2999000,0.8217000,0.5606000,0.3817000,0.8823000,0.4937000,0.3920000,0.9876000,0.4948000,0.4597000,0.6589478,0.1664326,0.2989850},
{0.7078964,0.2188296,0.3221303,0.7027372,0.1565100,0.3190205,0.6743081,0.3674241,0.3602305,0.6160366,0.4876107,0.3469979,0.6420470,0.5970373,0.4541032,0.5374000,0.7542000,0.4344000,0.8433000,0.4687000,0.3011000,0.8221000,0.5605000,0.3816000,0.8819000,0.4940000,0.3920000,0.9874000,0.4947000,0.4596000,0.6582904,0.1668750,0.2994116},
{0.7070224,0.2194114,0.3227431,0.7018273,0.1571589,0.3198536,0.6727738,0.3686165,0.3601786,0.6147935,0.4890498,0.3464743,0.6428604,0.5977667,0.4539235,0.5374000,0.7542000,0.4344000,0.8422000,0.4708000,0.3023000,0.8224000,0.5604000,0.3816000,0.8815000,0.4944000,0.3921000,0.9871000,0.4946000,0.4596000,0.6576133,0.1673401,0.2998465},
{0.7061982,0.2199806,0.3233107,0.7008489,0.1578854,0.3207308,0.6712765,0.3698264,0.3601142,0.6135041,0.4906035,0.3459134,0.6436777,0.5984980,0.4537435,0.5374000,0.7542000,0.4345000,0.8411000,0.4730000,0.3035000,0.8227000,0.5604000,0.3816000,0.8811000,0.4948000,0.3922000,0.9868000,0.4945000,0.4596000,0.6567661,0.1679352,0.3003844},
{0.7054742,0.2204967,0.3238012,0.6998994,0.1586180,0.3215641,0.6699247,0.3709583,0.3600441,0.6122030,0.4922369,0.3453281,0.6446042,0.5993250,0.4535399,0.5375000,0.7541000,0.4345000,0.8400000,0.4752000,0.3048000,0.8230000,0.5603000,0.3816000,0.8807000,0.4952000,0.3924000,0.9864000,0.4944000,0.4596000,0.6558116,0.1686232,0.3009822},
{0.7047864,0.2210009,0.3242603,0.6990104,0.1593278,0.3223286,0.6686322,0.3720760,0.3599663,0.6109705,0.4938485,0.3447549,0.6454618,0.6000887,0.4533520,0.5375000,0.7541000,0.4345000,0.8390000,0.4773000,0.3060000,0.8233000,0.5603000,0.3815000,0.8803000,0.4956000,0.3925000,0.9861000,0.4944000,0.4596000,0.6547259,0.1694282,0.3016515},
{0.7041414,0.2214858,0.3246848,0.6981864,0.1600060,0.3230241,0.6674012,0.3731735,0.3598824,0.6097347,0.4955304,0.3441608,0.6463856,0.6009095,0.4531500,0.5375000,0.7541000,0.4345000,0.8379000,0.4795000,0.3072000,0.8236000,0.5602000,0.3815000,0.8799000,0.4960000,0.3926000,0.9857000,0.4944000,0.4597000,0.6536029,0.1702855,0.3023320},
{0.7036282,0.2218798,0.3250183,0.6975007,0.1605848,0.3235935,0.6662099,0.3742664,0.3597919,0.6084791,0.4973111,0.3435361,0.6473018,0.6017214,0.4529504,0.5375000,0.7541000,0.4345000,0.8368000,0.4817000,0.3084000,0.8239000,0.5601000,0.3815000,0.8795000,0.4965000,0.3927000,0.9853000,0.4943000,0.4597000,0.6525872,0.1710826,0.3029374},
{0.7030385,0.2223415,0.3253971,0.6970106,0.1610065,0.3239953,0.6649460,0.3754596,0.3596858,0.6072976,0.4990563,0.3429278,0.6481800,0.6024979,0.4527594,0.5375000,0.7541000,0.4346000,0.8357000,0.4838000,0.3096000,0.8242000,0.5601000,0.3814000,0.8791000,0.4969000,0.3928000,0.9849000,0.4943000,0.4597000,0.6517188,0.1717801,0.3034472},
{0.7023862,0.2228633,0.3258106,0.6966829,0.1612920,0.3242616,0.6637688,0.3766025,0.3595774,0.6062442,0.5006727,0.3423678,0.6490497,0.6032652,0.4525709,0.5376000,0.7541000,0.4346000,0.8346000,0.4860000,0.3108000,0.8245000,0.5600000,0.3814000,0.8787000,0.4974000,0.3929000,0.9845000,0.4944000,0.4597000,0.6513570,0.1720751,0.3036577},
{0.7019912,0.2231850,0.3260583,0.6964207,0.1615225,0.3244733,0.6626301,0.3777374,0.3594638,0.6053429,0.5021033,0.3418747,0.6498705,0.6039876,0.4523934,0.5376000,0.7540000,0.4346000,0.8336000,0.4882000,0.3120000,0.8248000,0.5600000,0.3814000,0.8782000,0.4979000,0.3930000,0.9841000,0.4944000,0.4597000,0.6508287,0.1725104,0.3039627},
{0.7017535,0.2233805,0.3262062,0.6965509,0.1614079,0.3243683,0.6616869,0.3786996,0.3593630,0.6044632,0.5035440,0.3413803,0.6506315,0.6046561,0.4522292,0.5376000,0.7540000,0.4346000,0.8325000,0.4904000,0.3132000,0.8252000,0.5599000,0.3813000,0.8780000,0.4983000,0.3930000,0.9838000,0.4946000,0.4597000,0.6505711,0.1727246,0.3041105},
{0.7017444,0.2233880,0.3262119,0.6969467,0.1610619,0.3240474,0.6609793,0.3794348,0.3592833,0.6037923,0.5046738,0.3409943,0.6513970,0.6053271,0.4520644,0.5376000,0.7540000,0.4346000,0.8314000,0.4925000,0.3145000,0.8255000,0.5598000,0.3813000,0.8776000,0.4987000,0.3931000,0.9835000,0.4947000,0.4597000,0.6503791,0.1728851,0.3042203},
{0.7018489,0.2233018,0.3261469,0.6977327,0.1603876,0.3234019,0.6604051,0.3800400,0.3592161,0.6032451,0.5056157,0.3406734,0.6520964,0.6059391,0.4519141,0.5377000,0.7540000,0.4347000,0.8303000,0.4947000,0.3157000,0.8258000,0.5598000,0.3813000,0.8774000,0.4991000,0.3931000,0.9831000,0.4949000,0.4597000,0.6503120,0.1729413,0.3042585},
{0.7022009,0.2230137,0.3259271,0.6987406,0.1595478,0.3225578,0.6600627,0.3804044,0.3591750,0.6028178,0.5063646,0.3404189,0.6526901,0.6064576,0.4517868,0.5377000,0.7540000,0.4347000,0.8292000,0.4969000,0.3169000,0.8261000,0.5597000,0.3812000,0.8771000,0.4996000,0.3931000,0.9829000,0.4952000,0.4596000,0.6505383,0.1727519,0.3041292},
{0.7025775,0.2227092,0.3256900,0.7000647,0.1584886,0.3214203,0.6598933,0.3805858,0.3591543,0.6025935,0.5067624,0.3402839,0.6531970,0.6068998,0.4516783,0.5377000,0.7539000,0.4347000,0.8282000,0.4990000,0.3181000,0.8264000,0.5597000,0.3812000,0.8770000,0.5001000,0.3932000,0.9827000,0.4955000,0.4596000,0.6509813,0.1723841,0.3038748},
{0.7031040,0.2222898,0.3253553,0.7015175,0.1573858,0.3201335,0.6599315,0.3805448,0.3591590,0.6025014,0.5069267,0.3402282,0.6536391,0.6072850,0.4515838,0.5377000,0.7539000,0.4347000,0.8271000,0.5012000,0.3193000,0.8267000,0.5596000,0.3812000,0.8769000,0.5006000,0.3932000,0.9827000,0.4959000,0.4595000,0.6515852,0.1718888,0.3035251},
{0.7038418,0.2217149,0.3248799,0.7030103,0.1563203,0.3187671,0.6600797,0.3803863,0.3591771,0.6025549,0.5068313,0.3402605,0.6540556,0.6076474,0.4514949,0.5377000,0.7539000,0.4347000,0.8260000,0.5034000,0.3205000,0.8270000,0.5596000,0.3811000,0.8768000,0.5010000,0.3932000,0.9828000,0.4963000,0.4594000,0.6521539,0.1714288,0.3031926},
{0.7046246,0.2211215,0.3243673,0.7045558,0.1552931,0.3173033,0.6603348,0.3801145,0.3592078,0.6026352,0.5066881,0.3403091,0.6544054,0.6079515,0.4514203,0.5378000,0.7539000,0.4348000,0.8249000,0.5055000,0.3217000,0.8273000,0.5595000,0.3811000,0.8769000,0.5015000,0.3932000,0.9830000,0.4967000,0.4593000,0.6527030,0.1709907,0.3028689},
{0.7057386,0.2203065,0.3236230,0.7060084,0.1544014,0.3158793,0.6607912,0.3796322,0.3592616,0.6028127,0.5063736,0.3404158,0.6546618,0.6081742,0.4513657,0.5378000,0.7539000,0.4348000,0.8238000,0.5077000,0.3229000,0.8276000,0.5594000,0.3811000,0.8770000,0.5019000,0.3932000,0.9833000,0.4972000,0.4591000,0.6532622,0.1705506,0.3025362},
{0.7067811,0.2195760,0.3229103,0.7073643,0.1536370,0.3145059,0.6613660,0.3790316,0.3593273,0.6031208,0.5058323,0.3405997,0.6548778,0.6083617,0.4513197,0.5378000,0.7538000,0.4348000,0.8228000,0.5099000,0.3242000,0.8279000,0.5594000,0.3810000,0.8773000,0.5022000,0.3932000,0.9837000,0.4976000,0.4589000,0.6538653,0.1700829,0.3021741},
{0.7077613,0.2189181,0.3222257,0.7084662,0.1530664,0.3133568,0.6621117,0.3782637,0.3594091,0.6034444,0.5052705,0.3407909,0.6550295,0.6084934,0.4512874,0.5378000,0.7538000,0.4348000,0.8217000,0.5120000,0.3254000,0.8283000,0.5593000,0.3810000,0.8776000,0.5025000,0.3931000,0.9842000,0.4980000,0.4586000,0.6543746,0.1696937,0.3018657},
{0.7086169,0.2183671,0.3216165,0.7094104,0.1526151,0.3123476,0.6629692,0.3773964,0.3594985,0.6038996,0.5044912,0.3410565,0.6551860,0.6086291,0.4512541,0.5378000,0.7538000,0.4348000,0.8206000,0.5142000,0.3266000,0.8286000,0.5593000,0.3810000,0.8779000,0.5027000,0.3930000,0.9848000,0.4984000,0.4583000,0.6549650,0.1692488,0.3015051},
{0.7095671,0.2177812,0.3209269,0.7103419,0.1522054,0.3113289,0.6639198,0.3764542,0.3595918,0.6045009,0.5034814,0.3414018,0.6553399,0.6087625,0.4512214,0.5379000,0.7538000,0.4349000,0.8195000,0.5164000,0.3278000,0.8289000,0.5592000,0.3809000,0.8783000,0.5028000,0.3928000,0.9853000,0.4987000,0.4580000,0.6555835,0.1687903,0.3011237},
{0.7106311,0.2171581,0.3201382,0.7113742,0.1517942,0.3101721,0.6649424,0.3754630,0.3596855,0.6052311,0.5022839,0.3418126,0.6554470,0.6088554,0.4511986,0.5379000,0.7538000,0.4349000,0.8184000,0.5185000,0.3290000,0.8292000,0.5591000,0.3809000,0.8788000,0.5030000,0.3927000,0.9858000,0.4991000,0.4577000,0.6563133,0.1682593,0.3006691},
{0.7116958,0.2165703,0.3193311,0.7123954,0.1514336,0.3089975,0.6660895,0.3743786,0.3597822,0.6059806,0.5010864,0.3422249,0.6555042,0.6089049,0.4511865,0.5379000,0.7538000,0.4349000,0.8174000,0.5207000,0.3302000,0.8295000,0.5591000,0.3809000,0.8792000,0.5032000,0.3926000,0.9864000,0.4996000,0.4575000,0.6570902,0.1677058,0.3001794},
{0.7128969,0.2159512,0.3183986,0.7134543,0.1511106,0.3077466,0.6673887,0.3731848,0.3598815,0.6067053,0.4999580,0.3426150,0.6556088,0.6089955,0.4511643,0.5379000,0.7537000,0.4349000,0.8163000,0.5229000,0.3314000,0.8298000,0.5590000,0.3809000,0.8798000,0.5034000,0.3925000,0.9870000,0.5000000,0.4573000,0.6580044,0.1670703,0.2995958},
{0.7141155,0.2153720,0.3174279,0.7145252,0.1508392,0.3064455,0.6687640,0.3719605,0.3599747,0.6075465,0.4986828,0.3430576,0.6556088,0.6089955,0.4511643,0.5379000,0.7537000,0.4349000,0.8152000,0.5250000,0.3327000,0.8301000,0.5590000,0.3808000,0.8804000,0.5037000,0.3924000,0.9876000,0.5005000,0.4572000,0.6589837,0.1664087,0.2989615},
{0.7153356,0.2148428,0.3164306,0.7156378,0.1506194,0.3050532,0.6702967,0.3706430,0.3600645,0.6084700,0.4973243,0.3435314,0.6557011,0.6090755,0.4511447,0.5380000,0.7537000,0.4350000,0.8141000,0.5272000,0.3339000,0.8304000,0.5589000,0.3808000,0.8809000,0.5040000,0.3925000,0.9883000,0.5011000,0.4570000,0.6600799,0.1656918,0.2982403},
{0.7167577,0.2142922,0.3152352,0.7166794,0.1504741,0.3037103,0.6719917,0.3692428,0.3601467,0.6094391,0.4959431,0.3440156,0.6557470,0.6091152,0.4511349,0.5380000,0.7537000,0.4350000,0.8130000,0.5294000,0.3351000,0.8307000,0.5588000,0.3808000,0.8815000,0.5043000,0.3926000,0.9890000,0.5017000,0.4570000,0.6612243,0.1649703,0.2974746},
{0.7180998,0.2138401,0.3140731,0.7175365,0.1504009,0.3025751,0.6737291,0.3678685,0.3602126,0.6104667,0.4945260,0.3445151,0.6557183,0.6090904,0.4511410,0.5380000,0.7537000,0.4350000,0.8120000,0.5316000,0.3363000,0.8310000,0.5588000,0.3807000,0.8820000,0.5047000,0.3927000,0.9896000,0.5024000,0.4570000,0.6622664,0.1643376,0.2967658},
{0.7195538,0.2134273,0.3127755,0.7183225,0.1503725,0.3015088,0.6754888,0.3665385,0.3602607,0.6115557,0.4930753,0.3450294,0.6557528,0.6091203,0.4511337,0.5380000,0.7536000,0.4350000,0.8109000,0.5337000,0.3375000,0.8314000,0.5587000,0.3807000,0.8825000,0.5051000,0.3929000,0.9902000,0.5031000,0.4571000,0.6632315,0.1637725,0.2960996},
{0.7209171,0.2131158,0.3115212,0.7189864,0.1503786,0.3005887,0.6774143,0.3651534,0.3602923,0.6127929,0.4914879,0.3455960,0.6557790,0.6091430,0.4511281,0.5381000,0.7536000,0.4350000,0.8098000,0.5359000,0.3387000,0.8317000,0.5587000,0.3807000,0.8829000,0.5055000,0.3931000,0.9909000,0.5038000,0.4572000,0.6641151,0.1632728,0.2954811},
{0.7223039,0.2128770,0.3102060,0.7195126,0.1504039,0.2998460,0.6793871,0.3638093,0.3603021,0.6139993,0.4899992,0.3461310,0.6558068,0.6091670,0.4511222,0.5381000,0.7536000,0.4351000,0.8087000,0.5381000,0.3399000,0.8320000,0.5586000,0.3806000,0.8834000,0.5059000,0.3934000,0.9915000,0.5045000,0.4573000,0.6650292,0.1627740,0.2948328},
{0.7233483,0.2127514,0.3091884,0.7200134,0.1504453,0.2991279,0.6812658,0.3625987,0.3602904,0.6150888,0.4887028,0.3466002,0.6560114,0.6093441,0.4510788,0.5381000,0.7536000,0.4351000,0.8076000,0.5402000,0.3411000,0.8323000,0.5585000,0.3806000,0.8839000,0.5064000,0.3936000,0.9921000,0.5053000,0.4575000,0.6659052,0.1623134,0.2942032},
{0.7240283,0.2126954,0.3085130,0.7203289,0.1504803,0.2986697,0.6828354,0.3616386,0.3602653,0.6160767,0.4875651,0.3470145,0.6561682,0.6094797,0.4510456,0.5381000,0.7536000,0.4351000,0.8066000,0.5424000,0.3424000,0.8326000,0.5585000,0.3806000,0.8844000,0.5068000,0.3940000,0.9927000,0.5061000,0.4577000,0.6667705,0.1618752,0.2935733},
{0.7244127,0.2126729,0.3081265,0.7204784,0.1504994,0.2984510,0.6838652,0.3610339,0.3602413,0.6167904,0.4867647,0.3473075,0.6563946,0.6096755,0.4509976,0.5381000,0.7535000,0.4351000,0.8055000,0.5446000,0.3436000,0.8329000,0.5584000,0.3805000,0.8849000,0.5074000,0.3943000,0.9932000,0.5068000,0.4579000,0.6675196,0.1615097,0.2930216},
{0.7246283,0.2126633,0.3079082,0.7205026,0.1505026,0.2984155,0.6842802,0.3607958,0.3602299,0.6172566,0.4862515,0.3474961,0.6566334,0.6098819,0.4509470,0.5382000,0.7535000,0.4351000,0.8044000,0.5467000,0.3448000,0.8332000,0.5584000,0.3805000,0.8853000,0.5079000,0.3946000,0.9938000,0.5077000,0.4582000,0.6677711,0.1613898,0.2928349},
{0.7247313,0.2126595,0.3078037,0.7203391,0.1504816,0.2986549,0.6840634,0.3609198,0.3602360,0.6173204,0.4861818,0.3475217,0.6568603,0.6100779,0.4508990,0.5382000,0.7535000,0.4352000,0.8033000,0.5489000,0.3460000,0.8335000,0.5583000,0.3805000,0.8858000,0.5085000,0.3949000,0.9943000,0.5084000,0.4584000,0.6677298,0.1614094,0.2928656},
{0.7245157,0.2126681,0.3080224,0.7201372,0.1504582,0.2989487,0.6834463,0.3612775,0.3602518,0.6171524,0.4863656,0.3474541,0.6572436,0.6104087,0.4508179,0.5382000,0.7535000,0.4352000,0.8023000,0.5511000,0.3472000,0.8338000,0.5583000,0.3804000,0.8863000,0.5090000,0.3953000,0.9949000,0.5092000,0.4587000,0.6673396,0.1615963,0.2931547},
{0.7241753,0.2126860,0.3083656,0.7196884,0.1504165,0.2995952,0.6826373,0.3617572,0.3602693,0.6166788,0.4868887,0.3472620,0.6574668,0.6106012,0.4507707,0.5382000,0.7535000,0.4352000,0.8012000,0.5532000,0.3484000,0.8341000,0.5582000,0.3804000,0.8867000,0.5096000,0.3957000,0.9954000,0.5100000,0.4590000,0.6667737,0.1618736,0.2935710},
{0.7236436,0.2127245,0.3088964,0.7189114,0.1503765,0.3006936,0.6816460,0.3623619,0.3602856,0.6159946,0.4876583,0.3469805,0.6577993,0.6108877,0.4507005,0.5382000,0.7535000,0.4352000,0.8001000,0.5554000,0.3496000,0.8345000,0.5581000,0.3804000,0.8871000,0.5103000,0.3959000,0.9960000,0.5107000,0.4592000,0.6656597,0.1624407,0.2943805},
{0.7226497,0.2128302,0.3098718,0.7175719,0.1503989,0.3025276,0.6802042,0.3632745,0.3602995,0.6150342,0.4887668,0.3465770,0.6582189,0.6112489,0.4506120,0.5383000,0.7534000,0.4352000,0.7990000,0.5576000,0.3509000,0.8348000,0.5581000,0.3803000,0.8875000,0.5109000,0.3963000,0.9965000,0.5114000,0.4595000,0.6642088,0.1632209,0.2954151},
{0.7210527,0.2130889,0.3113943,0.7155618,0.1506323,0.3051496,0.6785493,0.3643708,0.3603007,0.6137291,0.4903277,0.3460126,0.6586385,0.6116098,0.4505237,0.5383000,0.7534000,0.4353000,0.7979000,0.5597000,0.3521000,0.8351000,0.5580000,0.3803000,0.8878000,0.5115000,0.3965000,0.9969000,0.5121000,0.4598000,0.6622241,0.1643628,0.2967948},
{0.7184894,0.2137215,0.3137294,0.7128301,0.1512946,0.3084882,0.6761675,0.3660419,0.3602744,0.6123313,0.4920727,0.3453868,0.6591602,0.6120579,0.4504139,0.5383000,0.7534000,0.4353000,0.7969000,0.5619000,0.3533000,0.8354000,0.5580000,0.3803000,0.8882000,0.5122000,0.3967000,0.9973000,0.5127000,0.4599000,0.6599039,0.1658052,0.2983569},
{0.7151609,0.2149154,0.3165750,0.7093414,0.1526469,0.3124222,0.6733741,0.3681444,0.3602006,0.6105349,0.4944336,0.3445477,0.6597367,0.6125524,0.4502928,0.5383000,0.7534000,0.4353000,0.7958000,0.5641000,0.3545000,0.8357000,0.5579000,0.3803000,0.8885000,0.5128000,0.3969000,0.9977000,0.5132000,0.4601000,0.6571799,0.1676427,0.3001225},
{0.7112445,0.2168151,0.3196754,0.7052544,0.1548551,0.3166244,0.6698858,0.3709914,0.3600419,0.6085284,0.4972398,0.3435610,0.6603690,0.6130938,0.4501603,0.5384000,0.7534000,0.4353000,0.7947000,0.5662000,0.3557000,0.8360000,0.5578000,0.3802000,0.8888000,0.5134000,0.3970000,0.9980000,0.5137000,0.4602000,0.6542808,0.1697650,0.3019227},
{0.7065576,0.2197300,0.3230644,0.7006186,0.1580606,0.3209345,0.6661336,0.3743375,0.3597858,0.6062263,0.5007007,0.3423581,0.6611656,0.6137748,0.4499936,0.5384000,0.7533000,0.4353000,0.7936000,0.5684000,0.3569000,0.8363000,0.5578000,0.3802000,0.8890000,0.5140000,0.3971000,0.9984000,0.5140000,0.4603000,0.6509348,0.1724225,0.3039016},
{0.7018872,0.2232703,0.3261231,0.6957983,0.1620771,0.3249711,0.6618781,0.3785029,0.3593839,0.6037300,0.5047799,0.3409580,0.6620173,0.6145013,0.4498159,0.5384000,0.7533000,0.4354000,0.7925000,0.5706000,0.3581000,0.8366000,0.5577000,0.3802000,0.8891000,0.5146000,0.3972000,0.9987000,0.5143000,0.4604000,0.6474495,0.1754217,0.3058534},
{0.6970069,0.2275934,0.3290069,0.6907424,0.1669452,0.3287784,0.6577805,0.3829041,0.3588795,0.6009761,0.5097334,0.3392806,0.6630272,0.6153608,0.4496056,0.5384000,0.7533000,0.4354000,0.7915000,0.5728000,0.3593000,0.8366000,0.5577000,0.3802000,0.8893000,0.5151000,0.3972000,0.9988000,0.5144000,0.4604000,0.6434235,0.1791720,0.3079726},
{0.6921316,0.2325036,0.3315915,0.6855487,0.1725657,0.3322857,0.6534408,0.3880070,0.3582125,0.5984331,0.5148033,0.3375863,0.6642372,0.6163877,0.4493546,0.5384000,0.7533000,0.4354000,0.7904000,0.5749000,0.3606000,0.8366000,0.5582000,0.3804000,0.8893000,0.5156000,0.3972000,0.9990000,0.5145000,0.4604000,0.6392661,0.1833583,0.3100121},
{0.6872100,0.2380234,0.3339186,0.6803529,0.1787539,0.3354262,0.6492047,0.3934540,0.3574213,0.5960629,0.5200428,0.3358563,0.6654853,0.6174435,0.4490965,0.5385000,0.7533000,0.4354000,0.7893000,0.5771000,0.3618000,0.8350000,0.5599000,0.3794000,0.8893000,0.5160000,0.3973000,0.9990000,0.5145000,0.4604000,0.6347522,0.1882566,0.3120593},
{0.6822935,0.2440727,0.3359753,0.6750745,0.1855687,0.3382727,0.6449782,0.3993809,0.3564837,0.5937374,0.5257708,0.3339868,0.6668261,0.6185741,0.4488204,0.5385000,0.7532000,0.4354000,0.7882000,0.5793000,0.3630000,0.8340000,0.5604000,0.3791000,0.8892000,0.5163000,0.3973000,0.9990000,0.5143000,0.4604000,0.6302792,0.1934655,0.3139195},
{0.6773754,0.2506354,0.3377765,0.6698627,0.1927795,0.3407695,0.6408468,0.4056880,0.3554128,0.5915149,0.5319233,0.3320012,0.6683026,0.6198147,0.4485175,0.5385000,0.7532000,0.4355000,0.7871000,0.5814000,0.3642000,0.8350000,0.5613000,0.3789000,0.8890000,0.5167000,0.3972000,0.9989000,0.5141000,0.4604000,0.6254595,0.1994676,0.3157394},
{0.6724970,0.2576319,0.3393193,0.6647504,0.2002868,0.3429357,0.6367488,0.4124905,0.3541862,0.5894359,0.5384508,0.3299174,0.6698737,0.6211297,0.4481966,0.5385000,0.7532000,0.4355000,0.7861000,0.5836000,0.3654000,0.8361000,0.5630000,0.3782000,0.8889000,0.5170000,0.3972000,0.9989000,0.5138000,0.4603000,0.6208579,0.2055703,0.3173005},
{0.6675836,0.2651547,0.3406348,0.6596455,0.2081879,0.3448354,0.6327582,0.4196894,0.3528189,0.5875568,0.5452039,0.3277838,0.6715039,0.6224887,0.4478651,0.5385000,0.7532000,0.4355000,0.7850000,0.5858000,0.3666000,0.8359000,0.5635000,0.3783000,0.8887000,0.5174000,0.3972000,0.9987000,0.5135000,0.4602000,0.6162343,0.2120652,0.3186968},
{0.6625942,0.2732717,0.3417312,0.6545804,0.2164076,0.3464727,0.6288618,0.4273253,0.3513013,0.5858939,0.5521121,0.3256223,0.6732510,0.6239390,0.4475116,0.5386000,0.7532000,0.4355000,0.7839000,0.5879000,0.3678000,0.8357000,0.5639000,0.3784000,0.8885000,0.5177000,0.3972000,0.9984000,0.5131000,0.4601000,0.6115510,0.2190138,0.3199359},
{0.6576765,0.2817361,0.3425796,0.6494727,0.2250638,0.3478843,0.6250896,0.4353585,0.3496393,0.5844249,0.5592604,0.3234063,0.6751069,0.6254728,0.4471380,0.5386000,0.7532000,0.4355000,0.7828000,0.5901000,0.3691000,0.8355000,0.5644000,0.3785000,0.8882000,0.5179000,0.3971000,0.9981000,0.5127000,0.4600000,0.6067736,0.2264853,0.3210182},
{0.6528130,0.2905558,0.3431939,0.6443249,0.2341484,0.3490725,0.6214845,0.4437031,0.3478503,0.5831641,0.5665836,0.3211561,0.6770546,0.6270748,0.4467481,0.5386000,0.7531000,0.4356000,0.7817000,0.5923000,0.3703000,0.8353000,0.5648000,0.3786000,0.8878000,0.5182000,0.3971000,0.9978000,0.5123000,0.4599000,0.6020501,0.2342547,0.3219070},
{0.6479398,0.2998396,0.3435857,0.6392250,0.2434949,0.3500240,0.6179808,0.4525290,0.3458962,0.5820892,0.5742462,0.3188215,0.6791086,0.6287557,0.4463392,0.5386000,0.7531000,0.4356000,0.7807000,0.5944000,0.3715000,0.8351000,0.5655000,0.3786000,0.8874000,0.5185000,0.3970000,0.9975000,0.5118000,0.4597000,0.5972727,0.2425030,0.3226210},
{0.6431089,0.3094857,0.3437524,0.6340424,0.2533379,0.3507661,0.6146915,0.4615616,0.3438371,0.5812348,0.5820324,0.3164687,0.6812661,0.6305122,0.4459123,0.5387000,0.7531000,0.4356000,0.7796000,0.5966000,0.3727000,0.8348000,0.5660000,0.3788000,0.8871000,0.5187000,0.3970000,0.9971000,0.5112000,0.4595000,0.5923532,0.2514118,0.3231593},
{0.6383504,0.3194223,0.3436986,0.6287772,0.2636880,0.3512922,0.6115539,0.4709710,0.3416343,0.5805700,0.5903410,0.3139782,0.6835580,0.6323679,0.4454616,0.5387000,0.7531000,0.4356000,0.7785000,0.5988000,0.3739000,0.8344000,0.5666000,0.3788000,0.8866000,0.5190000,0.3968000,0.9967000,0.5107000,0.4593000,0.5872844,0.2610403,0.3235011},
{0.6335984,0.3297833,0.3434255,0.6235455,0.2743177,0.3515899,0.6085588,0.4808186,0.3392711,0.5801356,0.5988921,0.3114354,0.6859660,0.6343062,0.4449912,0.5387000,0.7531000,0.4356000,0.7774000,0.6009000,0.3751000,0.8341000,0.5672000,0.3788000,0.8861000,0.5194000,0.3966000,0.9963000,0.5102000,0.4590000,0.5822527,0.2710598,0.3236215},
{0.6289540,0.3403424,0.3429420,0.6183380,0.2852381,0.3516650,0.6057607,0.4909511,0.3367829,0.5799369,0.6077832,0.3088122,0.6884269,0.6362754,0.4445138,0.5387000,0.7530000,0.4357000,0.7763000,0.6031000,0.3763000,0.8338000,0.5679000,0.3789000,0.8856000,0.5197000,0.3965000,0.9956000,0.5097000,0.4587000,0.5771576,0.2816885,0.3235145},
{0.6243074,0.3513468,0.3422377,0.6131637,0.2964245,0.3515208,0.6031587,0.5013826,0.3341655,0.5799873,0.6169162,0.3061385,0.6910239,0.6383406,0.4440136,0.5387000,0.7530000,0.4357000,0.7753000,0.6053000,0.3775000,0.8335000,0.5687000,0.3789000,0.8850000,0.5200000,0.3963000,0.9950000,0.5092000,0.4585000,0.5720728,0.2927978,0.3231697},
{0.6197542,0.3625719,0.3413261,0.6080131,0.3078939,0.3511598,0.6007570,0.5121159,0.3314173,0.5803016,0.6264509,0.3033685,0.6938093,0.6405409,0.4434812,0.5388000,0.7530000,0.4357000,0.7742000,0.6074000,0.3788000,0.8330000,0.5694000,0.3790000,0.8844000,0.5204000,0.3961000,0.9942000,0.5086000,0.4582000,0.5670515,0.3042814,0.3225859},
{0.6152554,0.3741112,0.3402010,0.6028965,0.3196214,0.3505837,0.5985463,0.5232338,0.3285152,0.5808808,0.6361134,0.3005827,0.6966819,0.6427945,0.4429364,0.5388000,0.7530000,0.4357000,0.7731000,0.6096000,0.3800000,0.8325000,0.5703000,0.3790000,0.8836000,0.5208000,0.3960000,0.9935000,0.5081000,0.4579000,0.5620632,0.3162200,0.3217546},
{0.6108625,0.3858296,0.3388765,0.5978749,0.3314599,0.3498043,0.5965768,0.5345087,0.3255176,0.5817424,0.6460765,0.2977318,0.6997347,0.6451721,0.4423623,0.5388000,0.7530000,0.4357000,0.7720000,0.6118000,0.3812000,0.8320000,0.5711000,0.3791000,0.8829000,0.5213000,0.3958000,0.9926000,0.5075000,0.4577000,0.5571862,0.3284315,0.3206860},
{0.6065566,0.3977729,0.3373495,0.5928461,0.3436489,0.3488065,0.5948339,0.5460323,0.3223999,0.5829019,0.6563481,0.2948148,0.7029242,0.6476374,0.4417677,0.5388000,0.7529000,0.4358000,0.7709000,0.6140000,0.3824000,0.8314000,0.5720000,0.3792000,0.8820000,0.5216000,0.3957000,0.9916000,0.5069000,0.4574000,0.5523275,0.3411622,0.3193537},
{0.6023585,0.4098799,0.3356289,0.5878735,0.3560392,0.3476001,0.5933379,0.5576835,0.3191945,0.5843744,0.6669177,0.2918360,0.7063885,0.6502933,0.4411280,0.5388000,0.7529000,0.4358000,0.7699000,0.6161000,0.3836000,0.8308000,0.5729000,0.3791000,0.8810000,0.5221000,0.3955000,0.9905000,0.5062000,0.4572000,0.5475373,0.3543051,0.3177596},
{0.5982437,0.4222220,0.3337044,0.5829437,0.3686655,0.3461809,0.5920950,0.5693887,0.3159221,0.5861716,0.6777562,0.2888049,0.7098749,0.6529436,0.4404904,0.5389000,0.7529000,0.4358000,0.7688000,0.6183000,0.3848000,0.8302000,0.5739000,0.3791000,0.8800000,0.5226000,0.3953000,0.9893000,0.5056000,0.4569000,0.5428128,0.3678904,0.3158921},
{0.5942507,0.4346847,0.3315935,0.5779882,0.3817153,0.3445214,0.5910975,0.5812008,0.3125686,0.5884090,0.6893450,0.2855898,0.7135364,0.6557028,0.4398276,0.5389000,0.7529000,0.4358000,0.7677000,0.6205000,0.3860000,0.8294000,0.5748000,0.3791000,0.8789000,0.5230000,0.3951000,0.9880000,0.5049000,0.4567000,0.5381636,0.3819186,0.3137418},
{0.5903270,0.4474382,0.3292652,0.5731184,0.3949054,0.3426523,0.5903203,0.5936241,0.3089871,0.5908332,0.7003549,0.2825597,0.7173480,0.6585490,0.4391449,0.5389000,0.7529000,0.4358000,0.7666000,0.6226000,0.3873000,0.8288000,0.5760000,0.3790000,0.8777000,0.5236000,0.3949000,0.9865000,0.5042000,0.4565000,0.5336192,0.3963280,0.3113094},
{0.5864986,0.4604144,0.3267267,0.5683569,0.4081721,0.3405838,0.5898226,0.6058683,0.3054037,0.5936259,0.7116709,0.2794699,0.7212918,0.6614661,0.4384462,0.5389000,0.7529000,0.4359000,0.7655000,0.6248000,0.3885000,0.8280000,0.5770000,0.3789000,0.8765000,0.5242000,0.3947000,0.9851000,0.5034000,0.4562000,0.5292030,0.4110678,0.3085961},
{0.5827714,0.4736097,0.3239740,0.5637177,0.4214712,0.3383253,0.5895864,0.6183382,0.3017000,0.5968116,0.7232913,0.2763230,0.7253435,0.6644338,0.4377365,0.5389000,0.7528000,0.4359000,0.7645000,0.6270000,0.3897000,0.8273000,0.5783000,0.3787000,0.8753000,0.5248000,0.3945000,0.9835000,0.5027000,0.4559000,0.5248898,0.4262561,0.3055706},
{0.5791287,0.4871070,0.3209824,0.5589890,0.4354330,0.3357590,0.5896234,0.6308794,0.2979202,0.6003587,0.7350298,0.2731711,0.7293926,0.6673701,0.4370355,0.5390000,0.7528000,0.4359000,0.7634000,0.6291000,0.3909000,0.8265000,0.5796000,0.3786000,0.8739000,0.5255000,0.3943000,0.9819000,0.5021000,0.4557000,0.5207164,0.4418062,0.3022382},
{0.5756888,0.5004733,0.3178466,0.5543636,0.4495173,0.3329702,0.5899401,0.6435268,0.2940526,0.6042980,0.7469329,0.2700029,0.7336636,0.6704359,0.4363049,0.5390000,0.7528000,0.4359000,0.7623000,0.6313000,0.3921000,0.8258000,0.5808000,0.3784000,0.8726000,0.5262000,0.3941000,0.9803000,0.5015000,0.4555000,0.5166554,0.4578771,0.2985500},
{0.5723413,0.5141488,0.3144606,0.5497782,0.4639352,0.3299090,0.5905342,0.6560773,0.2901586,0.6086111,0.7588939,0.2668482,0.7379780,0.6734999,0.4355759,0.5390000,0.7528000,0.4360000,0.7623000,0.6313000,0.3921000,0.8250000,0.5822000,0.3781000,0.8711000,0.5268000,0.3938000,0.9786000,0.5009000,0.4552000,0.5127757,0.4742592,0.2945390},
{0.5691114,0.5280748,0.3108272,0.5452365,0.4787081,0.3265564,0.5914447,0.6690340,0.2860792,0.6132959,0.7708693,0.2637197,0.7424741,0.6766583,0.4348260,0.5390000,0.7528000,0.4360000,0.7619000,0.6338000,0.3914000,0.8239000,0.5832000,0.3777000,0.8697000,0.5274000,0.3936000,0.9768000,0.5002000,0.4549000,0.5090706,0.4910427,0.2901685},
{0.5660276,0.5421713,0.3069574,0.5407820,0.4937287,0.3229221,0.5926427,0.6817890,0.2820030,0.6183443,0.7828061,0.2606323,0.7470859,0.6798613,0.4340669,0.5391000,0.7527000,0.4360000,0.7617000,0.6373000,0.3902000,0.8234000,0.5851000,0.3771000,0.8681000,0.5281000,0.3932000,0.9750000,0.4996000,0.4546000,0.5056186,0.5079284,0.2855047},
{0.5631134,0.5563700,0.3028608,0.5364159,0.5090289,0.3189836,0.5941181,0.6943037,0.2779435,0.6237896,0.7947450,0.2575766,0.7520126,0.6832420,0.4332674,0.5391000,0.7527000,0.4360000,0.7611000,0.6390000,0.3899000,0.8226000,0.5864000,0.3767000,0.8665000,0.5287000,0.3927000,0.9729000,0.4990000,0.4542000,0.5023886,0.5251278,0.2804771},
{0.5604153,0.5704679,0.2985912,0.5321611,0.5245722,0.3147333,0.5958914,0.7067498,0.2738451,0.6295684,0.8065169,0.2545972,0.7570813,0.6866764,0.4324571,0.5391000,0.7527000,0.4360000,0.7609000,0.6429000,0.3887000,0.8213000,0.5874000,0.3765000,0.8646000,0.5294000,0.3922000,0.9705000,0.4983000,0.4539000,0.4994308,0.5424593,0.2751235},
{0.5579126,0.5845986,0.2941030,0.5280195,0.5404052,0.3101381,0.5979299,0.7188949,0.2697842,0.6355836,0.8179271,0.2517431,0.7623533,0.6902015,0.4316273,0.5391000,0.7527000,0.4361000,0.7607000,0.6461000,0.3878000,0.8200000,0.5889000,0.3761000,0.8625000,0.5301000,0.3918000,0.9679000,0.4976000,0.4535000,0.4967842,0.5597528,0.2694867},
{0.5556023,0.5988455,0.2893576,0.5240456,0.5563786,0.3052200,0.6002528,0.7308651,0.2657190,0.6418387,0.8289970,0.2490085,0.7678833,0.6938478,0.4307713,0.5391000,0.7527000,0.4361000,0.7599000,0.6481000,0.3874000,0.8186000,0.5905000,0.3757000,0.8616000,0.5325000,0.3904000,0.9650000,0.4968000,0.4532000,0.4944339,0.5771947,0.2634926},
{0.5534945,0.6132539,0.2843218,0.5202953,0.5723160,0.3000168,0.6028526,0.7426041,0.2616680,0.6483461,0.8397526,0.2463866,0.7734963,0.6974951,0.4299173,0.5392000,0.7526000,0.4361000,0.7596000,0.6515000,0.3865000,0.8171000,0.5922000,0.3754000,0.8593000,0.5334000,0.3898000,0.9617000,0.4960000,0.4528000,0.4924384,0.5944508,0.2572433},
{0.5516588,0.6274319,0.2791198,0.5167367,0.5884187,0.2944413,0.6057268,0.7540883,0.2576388,0.6551703,0.8502859,0.2438557,0.7788550,0.7009267,0.4291160,0.5392000,0.7526000,0.4361000,0.7594000,0.6552000,0.3856000,0.8155000,0.5941000,0.3749000,0.8569000,0.5345000,0.3893000,0.9584000,0.4953000,0.4525000,0.4907927,0.6116697,0.2506730},
{0.5501000,0.6413892,0.2737419,0.5134860,0.6042233,0.2886351,0.6088732,0.7652960,0.2536383,0.6622209,0.8604431,0.2414537,0.7842238,0.7043156,0.4283270,0.5392000,0.7526000,0.4361000,0.7592000,0.6591000,0.3843000,0.8139000,0.5962000,0.3743000,0.8543000,0.5358000,0.3887000,0.9549000,0.4945000,0.4522000,0.4895255,0.6287368,0.2438083},
{0.5488334,0.6550504,0.2682101,0.5105181,0.6199037,0.2825194,0.6122983,0.7762306,0.2496642,0.6695120,0.8702371,0.2391778,0.7895131,0.7076058,0.4275631,0.5392000,0.7526000,0.4362000,0.7589000,0.6626000,0.3835000,0.8123000,0.5983000,0.3739000,0.8517000,0.5371000,0.3883000,0.9513000,0.4938000,0.4519000,0.4886716,0.6452799,0.2367919},
{0.5478665,0.6684256,0.2625115,0.5079389,0.6349297,0.2762936,0.6159080,0.7866104,0.2458201,0.6769001,0.8794817,0.2370709,0.7944747,0.7106484,0.4268587,0.5392000,0.7526000,0.4362000,0.7585000,0.6662000,0.3825000,0.8100000,0.5998000,0.3732000,0.8490000,0.5386000,0.3877000,0.9476000,0.4933000,0.4516000,0.4882285,0.6613839,0.2295861},
{0.5472219,0.6812576,0.2567513,0.5056513,0.6499425,0.2696739,0.6197317,0.7965549,0.2420641,0.6842504,0.8880445,0.2351608,0.7993440,0.7135933,0.4261789,0.5393000,0.7526000,0.4362000,0.7581000,0.6698000,0.3816000,0.8087000,0.6026000,0.3726000,0.8464000,0.5403000,0.3873000,0.9438000,0.4929000,0.4513000,0.4881981,0.6764067,0.2224933},
{0.5468980,0.6935712,0.2509191,0.5038060,0.6640086,0.2630604,0.6237221,0.8059683,0.2384345,0.6916201,0.8960306,0.2334214,0.8039058,0.7163150,0.4255523,0.5393000,0.7525000,0.4362000,0.7580000,0.6738000,0.3805000,0.8075000,0.6054000,0.3722000,0.8435000,0.5421000,0.3867000,0.9400000,0.4926000,0.4511000,0.4885646,0.6909516,0.2152429},
{0.5468968,0.7052755,0.2450582,0.5023601,0.6773841,0.2563453,0.6278140,0.8147480,0.2349753,0.6988179,0.9032784,0.2318845,0.8084222,0.7189740,0.4249419,0.5393000,0.7525000,0.4362000,0.7576000,0.6772000,0.3801000,0.8062000,0.6084000,0.3716000,0.8407000,0.5439000,0.3863000,0.9360000,0.4925000,0.4509000,0.4893239,0.7047677,0.2079579},
{0.5472163,0.7163499,0.2391810,0.5013121,0.6901280,0.2494926,0.6320656,0.8230581,0.2316254,0.7061155,0.9100915,0.2304831,0.8125581,0.7213778,0.4243917,0.5393000,0.7525000,0.4363000,0.7575000,0.6811000,0.3791000,0.8049000,0.6112000,0.3711000,0.8379000,0.5459000,0.3858000,0.9322000,0.4924000,0.4509000,0.4904489,0.7176486,0.2007621},
{0.5478471,0.7266750,0.2333571,0.5006803,0.7020695,0.2425878,0.6363832,0.8307518,0.2284476,0.7132854,0.9162770,0.2292553,0.8166959,0.7237527,0.4238495,0.5394000,0.7525000,0.4363000,0.7570000,0.6842000,0.3789000,0.8030000,0.6132000,0.3707000,0.8353000,0.5479000,0.3856000,0.9283000,0.4924000,0.4508000,0.4919097,0.7295589,0.1937016},
{0.5488074,0.7364962,0.2274446,0.5004667,0.7132319,0.2356133,0.6411762,0.8385100,0.2251554,0.7206412,0.9221121,0.2281455,0.8203773,0.7258403,0.4233741,0.5394000,0.7525000,0.4363000,0.7567000,0.6875000,0.3784000,0.8019000,0.6159000,0.3703000,0.8326000,0.5498000,0.3854000,0.9244000,0.4926000,0.4508000,0.4936760,0.7405027,0.1868034},
{0.5500780,0.7455521,0.2215944,0.5006790,0.7235518,0.2285998,0.6459545,0.8455081,0.2220948,0.7279375,0.9273979,0.2271919,0.8241415,0.7279501,0.4228950,0.5394000,0.7524000,0.4363000,0.7564000,0.6909000,0.3779000,0.8005000,0.6184000,0.3700000,0.8301000,0.5517000,0.3852000,0.9206000,0.4929000,0.4509000,0.4957035,0.7504330,0.1801330},
{0.5516358,0.7537656,0.2158690,0.5013251,0.7330059,0.2215514,0.6508728,0.8520151,0.2191539,0.7351282,0.9321232,0.2263940,0.8278006,0.7299767,0.4224360,0.5394000,0.7524000,0.4363000,0.7560000,0.6941000,0.3774000,0.7991000,0.6209000,0.3697000,0.8274000,0.5536000,0.3851000,0.9169000,0.4933000,0.4510000,0.4980259,0.7596352,0.1735222},
{0.5535166,0.7613310,0.2101339,0.5024165,0.7415604,0.2144743,0.6556948,0.8577659,0.2164597,0.7420747,0.9362339,0.2257563,0.8310249,0.7317427,0.4220371,0.5394000,0.7524000,0.4364000,0.7556000,0.6970000,0.3769000,0.7969000,0.6223000,0.3697000,0.8249000,0.5554000,0.3850000,0.9132000,0.4938000,0.4512000,0.5004376,0.7675144,0.1674524},
{0.5556734,0.7680523,0.2045362,0.5039652,0.7491611,0.2073873,0.6605336,0.8629565,0.2139307,0.7488658,0.9398206,0.2252596,0.8345858,0.7336712,0.4216026,0.5395000,0.7524000,0.4364000,0.7551000,0.6999000,0.3764000,0.7958000,0.6247000,0.3694000,0.8226000,0.5571000,0.3851000,0.9096000,0.4944000,0.4513000,0.5030102,0.7745525,0.1616254},
{0.5580679,0.7738851,0.1991375,0.5059714,0.7557153,0.2003504,0.6653079,0.8675449,0.2115957,0.7552005,0.9427785,0.2249099,0.8376658,0.7353208,0.4212319,0.5395000,0.7524000,0.4364000,0.7546000,0.7027000,0.3760000,0.7945000,0.6272000,0.3692000,0.8203000,0.5593000,0.3849000,0.9061000,0.4950000,0.4515000,0.5056299,0.7806100,0.1562177},
{0.5607455,0.7789716,0.1938198,0.5083513,0.7610172,0.1936133,0.6699340,0.8715142,0.2094765,0.7610942,0.9451902,0.2246844,0.8405856,0.7368685,0.4208850,0.5395000,0.7524000,0.4364000,0.7547000,0.7060000,0.3753000,0.7931000,0.6295000,0.3690000,0.8179000,0.5612000,0.3849000,0.9027000,0.4958000,0.4518000,0.5083078,0.7858820,0.1511262},
{0.5635845,0.7831360,0.1887968,0.5111058,0.7651812,0.1871002,0.6744537,0.8749608,0.2075359,0.7664397,0.9470895,0.2245643,0.8434042,0.7383477,0.4205542,0.5395000,0.7523000,0.4364000,0.7543000,0.7086000,0.3749000,0.7918000,0.6316000,0.3688000,0.8157000,0.5631000,0.3849000,0.8994000,0.4966000,0.4520000,0.5109214,0.7902896,0.1465067},
{0.5665437,0.7864367,0.1840821,0.5140287,0.7680895,0.1811724,0.6787122,0.8778342,0.2058199,0.7712438,0.9485585,0.2245262,0.8460964,0.7397469,0.4202421,0.5395000,0.7523000,0.4365000,0.7536000,0.7108000,0.3741000,0.7906000,0.6337000,0.3686000,0.8133000,0.5649000,0.3849000,0.8959000,0.4979000,0.4519000,0.5134899,0.7940212,0.1422513},
{0.5695344,0.7889082,0.1797502,0.5168740,0.7698601,0.1760928,0.6827284,0.8802230,0.2042982,0.7756179,0.9496960,0.2245500,0.8484868,0.7409779,0.4199681,0.5396000,0.7523000,0.4365000,0.7528000,0.7133000,0.3735000,0.7894000,0.6359000,0.3684000,0.8112000,0.5668000,0.3850000,0.8929000,0.4989000,0.4521000,0.5159540,0.7971164,0.1383987},
{0.5723798,0.7905903,0.1759639,0.5194555,0.7707738,0.1719352,0.6864060,0.8821449,0.2029846,0.7794637,0.9505355,0.2246182,0.8508422,0.7421804,0.4197010,0.5396000,0.7523000,0.4365000,0.7515000,0.7159000,0.3727000,0.7883000,0.6380000,0.3682000,0.8090000,0.5686000,0.3851000,0.8899000,0.4999000,0.4523000,0.5182555,0.7996284,0.1349799},
{0.5750106,0.7916486,0.1727121,0.5217285,0.7711337,0.1685639,0.6897256,0.8836665,0.2018630,0.7830628,0.9511821,0.2247227,0.8530018,0.7432738,0.4194587,0.5396000,0.7523000,0.4365000,0.7503000,0.7187000,0.3726000,0.7873000,0.6401000,0.3680000,0.8071000,0.5705000,0.3852000,0.8871000,0.5010000,0.4526000,0.5204396,0.8017076,0.1318801},
{0.5774132,0.7922476,0.1699264,0.5236861,0.7711586,0.1658461,0.6926431,0.8848400,0.2009265,0.7856596,0.9515634,0.2248231,0.8548203,0.7441875,0.4192566,0.5396000,0.7522000,0.4365000,0.7503000,0.7187000,0.3726000,0.7863000,0.6421000,0.3678000,0.8053000,0.5723000,0.3853000,0.8844000,0.5021000,0.4527000,0.5224471,0.8033794,0.1291442},
{0.5795220,0.7925127,0.1676119,0.5254281,0.7709843,0.1635555,0.6951739,0.8857355,0.2001510,0.7880983,0.9518554,0.2249367,0.8564578,0.7450050,0.4190761,0.5397000,0.7522000,0.4366000,0.7538000,0.7240000,0.3716000,0.7851000,0.6440000,0.3677000,0.8036000,0.5741000,0.3853000,0.8818000,0.5032000,0.4530000,0.5242135,0.8046748,0.1268203},
{0.5813698,0.7925608,0.1656762,0.5270140,0.7706798,0.1615652,0.6971887,0.8863679,0.1995579,0.7900787,0.9520445,0.2250431,0.8580046,0.7457724,0.4189069,0.5397000,0.7522000,0.4366000,0.7518000,0.7251000,0.3710000,0.7841000,0.6459000,0.3676000,0.8018000,0.5759000,0.3853000,0.8794000,0.5043000,0.4532000,0.5257891,0.8057004,0.1248089},
{0.5830551,0.7924646,0.1639807,0.5284615,0.7702903,0.1598213,0.6990092,0.8868786,0.1990402,0.7920240,0.9521877,0.2251601,0.8592271,0.7463758,0.4187741,0.5397000,0.7522000,0.4366000,0.7507000,0.7273000,0.3708000,0.7832000,0.6477000,0.3674000,0.8003000,0.5778000,0.3855000,0.8770000,0.5055000,0.4534000,0.5271794,0.8065087,0.1230799},
{0.5846634,0.7922553,0.1624217,0.5298978,0.7698056,0.1581548,0.7004956,0.8872529,0.1986303,0.7927607,0.9522309,0.2252076,0.8603229,0.7469141,0.4186557,0.5397000,0.7522000,0.4366000,0.7490000,0.7297000,0.3706000,0.7821000,0.6495000,0.3672000,0.7985000,0.5794000,0.3855000,0.8747000,0.5066000,0.4536000,0.5283753,0.8071348,0.1216255},
{0.5861696,0.7919603,0.1610111,0.5312350,0.7692720,0.1566568,0.7017453,0.8875382,0.1982946,0.7933348,0.9522602,0.2252459,0.8612947,0.7473895,0.4185513,0.5397000,0.7521000,0.4366000,0.7503000,0.7311000,0.3702000,0.7812000,0.6512000,0.3671000,0.7969000,0.5810000,0.3856000,0.8726000,0.5078000,0.4538000,0.5293519,0.8076002,0.1204595},
{0.5875938,0.7915975,0.1597194,0.5326167,0.7686420,0.1551603,0.7025504,0.8877077,0.1980825,0.7937915,0.9522809,0.2252772,0.8621472,0.7478051,0.4184601,0.5398000,0.7521000,0.4367000,0.7515000,0.7340000,0.3700000,0.7801000,0.6528000,0.3669000,0.7953000,0.5827000,0.3858000,0.8705000,0.5090000,0.4541000,0.5302819,0.8080064,0.1193667},
{0.5888906,0.7911989,0.1585774,0.5339946,0.7679383,0.1537170,0.7031390,0.8878247,0.1979297,0.7939340,0.9522868,0.2252871,0.8626846,0.7480664,0.4184028,0.5398000,0.7521000,0.4367000,0.7515000,0.7340000,0.3700000,0.7793000,0.6543000,0.3668000,0.7940000,0.5842000,0.3858000,0.8686000,0.5102000,0.4543000,0.5310282,0.8083068,0.1185020},
{0.5902289,0.7907219,0.1574318,0.5353767,0.7671609,0.1523159,0.7035534,0.8879034,0.1978231,0.7937167,0.9522777,0.2252720,0.8629634,0.7482017,0.4183732,0.5398000,0.7521000,0.4367000,0.7482000,0.7358000,0.3698000,0.7783000,0.6557000,0.3667000,0.7924000,0.5856000,0.3860000,0.8667000,0.5113000,0.4546000,0.5317897,0.8085904,0.1176304},
{0.5914403,0.7902345,0.1564226,0.5367715,0.7663071,0.1509469,0.7038011,0.8879491,0.1977598,0.7934115,0.9522639,0.2252511,0.8633375,0.7483830,0.4183334,0.5398000,0.7521000,0.4367000,0.7478000,0.7374000,0.3693000,0.7773000,0.6571000,0.3665000,0.7911000,0.5869000,0.3860000,0.8650000,0.5125000,0.4549000,0.5328307,0.8089416,0.1164562},
{0.5927388,0.7896553,0.1553693,0.5381570,0.7653935,0.1496298,0.7037989,0.8879487,0.1977604,0.7927883,0.9522324,0.2252094,0.8633375,0.7483830,0.4183334,0.5398000,0.7521000,0.4367000,0.7468000,0.7385000,0.3692000,0.7765000,0.6583000,0.3663000,0.7898000,0.5882000,0.3862000,0.8633000,0.5137000,0.4551000,0.5336031,0.8091755,0.1155976},
{0.5940591,0.7890079,0.1543276,0.5396712,0.7643238,0.1482369,0.7037782,0.8879449,0.1977656,0.7920236,0.9521877,0.2251600,0.8631669,0.7483003,0.4183516,0.5399000,0.7520000,0.4368000,0.7459000,0.7398000,0.3687000,0.7753000,0.6595000,0.3662000,0.7878000,0.5894000,0.3861000,0.8617000,0.5148000,0.4555000,0.5344689,0.8094114,0.1146477},
{0.5953296,0.7883309,0.1533522,0.5411469,0.7632129,0.1469237,0.7035863,0.8879096,0.1978146,0.7911284,0.9521270,0.2251047,0.8629346,0.7481877,0.4183762,0.5399000,0.7520000,0.4368000,0.7454000,0.7410000,0.3680000,0.7743000,0.6606000,0.3660000,0.7868000,0.5907000,0.3862000,0.8602000,0.5159000,0.4558000,0.5353431,0.8096218,0.1137018},
{0.5966910,0.7875485,0.1523357,0.5426412,0.7620222,0.1456369,0.7032924,0.8878542,0.1978901,0.7901295,0.9520487,0.2250460,0.8624385,0.7479468,0.4184290,0.5399000,0.7520000,0.4368000,0.7445000,0.7420000,0.3674000,0.7735000,0.6616000,0.3658000,0.7858000,0.5917000,0.3865000,0.8588000,0.5170000,0.4561000,0.5362896,0.8098189,0.1126921},
{0.5981162,0.7866680,0.1513022,0.5441593,0.7607477,0.1443718,0.7029184,0.8877815,0.1979867,0.7889558,0.9519425,0.2249812,0.8618359,0.7476535,0.4184934,0.5399000,0.7520000,0.4368000,0.7451000,0.7440000,0.3674000,0.7725000,0.6625000,0.3656000,0.7840000,0.5926000,0.3861000,0.8574000,0.5180000,0.4564000,0.5373426,0.8100016,0.1115862},
{0.5994945,0.7857583,0.1503318,0.5457630,0.7593333,0.1430798,0.7025644,0.8877106,0.1980789,0.7877301,0.9518154,0.2249184,0.8611883,0.7473376,0.4185627,0.5399000,0.7520000,0.4368000,0.7451000,0.7440000,0.3674000,0.7714000,0.6635000,0.3654000,0.7833000,0.5937000,0.3864000,0.8561000,0.5191000,0.4567000,0.5385389,0.8101635,0.1103515},
{0.6009680,0.7847244,0.1493252,0.5474051,0.7578152,0.1418022,0.7021076,0.8876159,0.1981987,0.7864447,0.9516645,0.2248576,0.8603937,0.7469488,0.4186481,0.5400000,0.7519000,0.4369000,0.7435000,0.7445000,0.3667000,0.7705000,0.6643000,0.3652000,0.7823000,0.5946000,0.3864000,0.8549000,0.5202000,0.4571000,0.5398006,0.8102830,0.1090735},
{0.6024653,0.7836105,0.1483340,0.5491199,0.7561580,0.1405150,0.7016549,0.8875184,0.1983186,0.7851564,0.9514952,0.2248019,0.8595297,0.7465246,0.4187414,0.5400000,0.7519000,0.4369000,0.7418000,0.7450000,0.3661000,0.7695000,0.6652000,0.3649000,0.7814000,0.5955000,0.3863000,0.8538000,0.5212000,0.4574000,0.5411879,0.8103554,0.1076963},
{0.6039673,0.7824306,0.1473711,0.5508753,0.7543881,0.1392450,0.7013092,0.8874417,0.1984108,0.7838960,0.9513123,0.2247526,0.8586085,0.7460708,0.4188412,0.5400000,0.7519000,0.4369000,0.7402000,0.7455000,0.3654000,0.7686000,0.6658000,0.3647000,0.7808000,0.5965000,0.3863000,0.8527000,0.5223000,0.4578000,0.5428075,0.8103639,0.1061246},
{0.6054866,0.7811751,0.1464281,0.5525920,0.7525882,0.1380480,0.7009773,0.8873661,0.1984999,0.7825904,0.9511050,0.2247067,0.8577221,0.7456326,0.4189377,0.5400000,0.7519000,0.4369000,0.7386000,0.7460000,0.3648000,0.7677000,0.6664000,0.3644000,0.7796000,0.5970000,0.3863000,0.8518000,0.5233000,0.4582000,0.5443760,0.8102965,0.1046382},
{0.6068953,0.7799566,0.1455809,0.5543504,0.7506764,0.1368664,0.7005967,0.8872770,0.1986028,0.7813883,0.9508982,0.2246691,0.8567337,0.7451422,0.4190458,0.5401000,0.7519000,0.4369000,0.7370000,0.7465000,0.3641000,0.7667000,0.6669000,0.3641000,0.7784000,0.5974000,0.3863000,0.8509000,0.5242000,0.4586000,0.5463283,0.8101121,0.1028358},
{0.6084085,0.7785908,0.1446995,0.5560953,0.7487134,0.1357366,0.7002375,0.8871907,0.1987006,0.7802679,0.9506918,0.2246381,0.8557130,0.7446338,0.4191580,0.5401000,0.7518000,0.4370000,0.7354000,0.7469000,0.3635000,0.7659000,0.6673000,0.3638000,0.7781000,0.5982000,0.3864000,0.8501000,0.5252000,0.4591000,0.5486256,0.8097574,0.1007803},
{0.6098894,0.7771981,0.1438649,0.5578702,0.7466517,0.1346298,0.6998286,0.8870897,0.1988128,0.7791006,0.9504628,0.2246098,0.8548072,0.7441810,0.4192580,0.5401000,0.7518000,0.4370000,0.7338000,0.7474000,0.3628000,0.7647000,0.6678000,0.3636000,0.7771000,0.5987000,0.3863000,0.8493000,0.5261000,0.4595000,0.5511696,0.8091974,0.0985832},
{0.6112974,0.7758239,0.1430966,0.5595282,0.7446683,0.1336333,0.6995018,0.8870069,0.1989030,0.7779389,0.9502209,0.2245858,0.8537989,0.7436751,0.4193699,0.5401000,0.7518000,0.4370000,0.7321000,0.7479000,0.3622000,0.7637000,0.6682000,0.3634000,0.7763000,0.5991000,0.3862000,0.8485000,0.5271000,0.4600000,0.5539141,0.8084044,0.0963025},
{0.6126970,0.7744101,0.1423566,0.5610333,0.7428213,0.1327590,0.6991650,0.8869196,0.1989967,0.7767698,0.9499634,0.2245658,0.8527947,0.7431693,0.4194819,0.5401000,0.7518000,0.4370000,0.7305000,0.7484000,0.3615000,0.7627000,0.6686000,0.3632000,0.7755000,0.5997000,0.3862000,0.8478000,0.5280000,0.4604000,0.5565797,0.8074539,0.0941728},
{0.6134858,0.7735928,0.1419500,0.5616676,0.7420298,0.1323990,0.6988314,0.8868312,0.1990900,0.7755842,0.9496880,0.2245496,0.8517819,0.7426572,0.4195953,0.5402000,0.7518000,0.4370000,0.7289000,0.7489000,0.3609000,0.7616000,0.6688000,0.3629000,0.7752000,0.6003000,0.3864000,0.8471000,0.5289000,0.4608000,0.5590283,0.8064300,0.0922881},
{0.6138582,0.7732017,0.1417605,0.5617883,0.7418783,0.1323311,0.6985884,0.8867657,0.1991583,0.7743811,0.9493939,0.2245376,0.8506581,0.7420868,0.4197218,0.5402000,0.7518000,0.4371000,0.7289000,0.7489000,0.3609000,0.7607000,0.6692000,0.3627000,0.7737000,0.6003000,0.3863000,0.8463000,0.5297000,0.4613000,0.5606587,0.8056706,0.0910699},
{0.6140061,0.7730456,0.1416857,0.5616162,0.7420942,0.1324280,0.6983854,0.8867101,0.1992156,0.7731549,0.9490792,0.2245297,0.8496440,0.7415700,0.4198365,0.5402000,0.7517000,0.4371000,0.7276000,0.7491000,0.3602000,0.7595000,0.6696000,0.3625000,0.7710000,0.5998000,0.3876000,0.8456000,0.5306000,0.4617000,0.5615225,0.8052436,0.0904362}
};
