fitErrPi Mean = 0.318282
fitErrTh Mean = 0.0456271
fitErrWr Mean = 0.0670456
fitErrLA Mean = 0.415089
fitErrEl Mean = 0.0884357
fitErrUA Mean = 0.164305
efPts = {
{0.5478008,0.3851161,0.3262582,0.6439967,0.7181502,0.0105927,0.9314863,-0.0316234,0.1456731,1.2337370,0.4998041,0.7400922,0.7010493,0.4980794,0.6299223,0.6520000,0.7708000,0.5053000,0.6756000,0.6175000,0.4029000,0.7135000,0.5865000,0.2917000,0.7430000,0.5407000,0.4026000,0.8591000,0.4680000,0.5119000,0.3182823,0.0000000,0.0000000},
{0.5477140,0.3856382,0.3261744,0.5808995,0.2875028,0.2982080,0.6529893,0.3205542,0.2315315,0.5325722,0.6508732,0.2545248,0.6006759,0.6691746,0.4155198,0.6531000,0.7706000,0.5058000,0.6763000,0.6175000,0.4032000,0.7139000,0.5862000,0.2917000,0.7434000,0.5406000,0.4026000,0.8592000,0.4674000,0.5118000,0.3182823,0.0000000,0.0000000},
{0.5474771,0.3870879,0.3259369,0.5791233,0.2894610,0.2993968,0.6534231,0.3208555,0.2313380,0.5330027,0.6516569,0.2544910,0.6013892,0.6695865,0.4159417,0.6542000,0.7705000,0.5062000,0.6770000,0.6173000,0.4035000,0.7143000,0.5859000,0.2917000,0.7437000,0.5405000,0.4026000,0.8592000,0.4669000,0.5118000,0.3182823,0.0000000,0.0000000},
{0.5472127,0.3887511,0.3256555,0.5765540,0.2924296,0.3010495,0.6540301,0.3212767,0.2310673,0.5335879,0.6527185,0.2544465,0.6020783,0.6699836,0.4163498,0.6553000,0.7705000,0.5065000,0.6776000,0.6173000,0.4037000,0.7148000,0.5856000,0.2917000,0.7440000,0.5404000,0.4027000,0.8593000,0.4663000,0.5118000,0.3182823,0.0000000,0.0000000},
{0.5468572,0.3910698,0.3252478,0.5734672,0.2962148,0.3029278,0.6547949,0.3218071,0.2307262,0.5343012,0.6540063,0.2543945,0.6028271,0.6704144,0.4167937,0.6564000,0.7705000,0.5068000,0.6782000,0.6175000,0.4038000,0.7152000,0.5853000,0.2918000,0.7443000,0.5403000,0.4027000,0.8594000,0.4657000,0.5118000,0.3182823,0.0000000,0.0000000},
{0.5464291,0.3940010,0.3247070,0.5701176,0.3006016,0.3048290,0.6557623,0.3224774,0.2302949,0.5351886,0.6555997,0.2543332,0.6035880,0.6708513,0.4172455,0.6575000,0.7705000,0.5070000,0.6787000,0.6176000,0.4039000,0.7156000,0.5850000,0.2918000,0.7447000,0.5402000,0.4027000,0.8594000,0.4651000,0.5118000,0.3182823,0.0000000,0.0000000},
{0.5459469,0.3975123,0.3240228,0.5664464,0.3057585,0.3067417,0.6567970,0.3231934,0.2298336,0.5362513,0.6574949,0.2542647,0.6044130,0.6713241,0.4177358,0.6587000,0.7706000,0.5072000,0.6792000,0.6179000,0.4038000,0.7160000,0.5847000,0.2918000,0.7449000,0.5400000,0.4027000,0.8596000,0.4645000,0.5118000,0.3182823,0.0000000,0.0000000},
{0.5454876,0.4011045,0.3232825,0.5623862,0.3119095,0.3086373,0.6580782,0.3240790,0.2292624,0.5375533,0.6597981,0.2541879,0.6052499,0.6718026,0.4182340,0.6598000,0.7708000,0.5073000,0.6796000,0.6181000,0.4037000,0.7164000,0.5844000,0.2918000,0.7451000,0.5398000,0.4027000,0.8596000,0.4638000,0.5117000,0.3182823,0.0000000,0.0000000},
{0.5449943,0.4052911,0.3223698,0.5590794,0.3172879,0.3100003,0.6596404,0.3251571,0.2285661,0.5390366,0.6623973,0.2541097,0.6061401,0.6723106,0.4187647,0.6610000,0.7711000,0.5073000,0.6800000,0.6185000,0.4034000,0.7169000,0.5841000,0.2919000,0.7455000,0.5396000,0.4026000,0.8596000,0.4631000,0.5117000,0.3182823,0.0000000,0.0000000},
{0.5445197,0.4097294,0.3213448,0.5553151,0.3238412,0.3113406,0.6610870,0.3261537,0.2279215,0.5407140,0.6653059,0.2540329,0.6070869,0.6728495,0.4193299,0.6622000,0.7715000,0.5073000,0.6803000,0.6190000,0.4031000,0.7173000,0.5838000,0.2919000,0.7457000,0.5393000,0.4025000,0.8596000,0.4624000,0.5115000,0.3182823,0.0000000,0.0000000},
{0.5440541,0.4146039,0.3201530,0.5518298,0.3303476,0.3123662,0.6629629,0.3274439,0.2270857,0.5426694,0.6686567,0.2539586,0.6081612,0.6734595,0.4199723,0.6634000,0.7720000,0.5072000,0.6807000,0.6196000,0.4026000,0.7177000,0.5835000,0.2919000,0.7460000,0.5390000,0.4023000,0.8595000,0.4616000,0.5114000,0.3182823,0.0000000,0.0000000},
{0.5436334,0.4196318,0.3188530,0.5484499,0.3370938,0.3131467,0.6650439,0.3288719,0.2261587,0.5448264,0.6723045,0.2538949,0.6093189,0.6741149,0.4206659,0.6648000,0.7725000,0.5070000,0.6810000,0.6202000,0.4022000,0.7181000,0.5832000,0.2920000,0.7463000,0.5387000,0.4021000,0.8595000,0.4608000,0.5112000,0.3182823,0.0000000,0.0000000},
{0.5432260,0.4253554,0.3172882,0.5450237,0.3444109,0.3137031,0.6670954,0.3302765,0.2252451,0.5472760,0.6763875,0.2538451,0.6105414,0.6748049,0.4213998,0.6661000,0.7731000,0.5069000,0.6812000,0.6210000,0.4018000,0.7185000,0.5828000,0.2920000,0.7466000,0.5384000,0.4019000,0.8594000,0.4599000,0.5110000,0.3182823,0.0000000,0.0000000},
{0.5428800,0.4313271,0.3155616,0.5416110,0.3522264,0.3139986,0.6696255,0.3320044,0.2241187,0.5499708,0.6808091,0.2538169,0.6118780,0.6755569,0.4222038,0.6675000,0.7737000,0.5066000,0.6816000,0.6218000,0.4012000,0.7190000,0.5825000,0.2920000,0.7468000,0.5380000,0.4017000,0.8595000,0.4591000,0.5108000,0.3182823,0.0000000,0.0000000},
{0.5425909,0.4378778,0.3135603,0.5381920,0.3606452,0.3140059,0.6721200,0.3337034,0.2230085,0.5529063,0.6855453,0.2538166,0.6131961,0.6762959,0.4229983,0.6688000,0.7743000,0.5063000,0.6819000,0.6228000,0.4005000,0.7194000,0.5822000,0.2920000,0.7471000,0.5376000,0.4015000,0.8597000,0.4582000,0.5107000,0.3182823,0.0000000,0.0000000},
{0.5423896,0.4446230,0.3113851,0.5348775,0.3694419,0.3137013,0.6752905,0.3358560,0.2215978,0.5561215,0.6906406,0.2538512,0.6146713,0.6771200,0.4238896,0.6702000,0.7750000,0.5058000,0.6822000,0.6237000,0.3997000,0.7198000,0.5819000,0.2921000,0.7474000,0.5371000,0.4013000,0.8598000,0.4574000,0.5106000,0.3182823,0.0000000,0.0000000},
{0.5422800,0.4518122,0.3089421,0.5316816,0.3786024,0.3130746,0.6785174,0.3380393,0.2201626,0.5596376,0.6961075,0.2539289,0.6162803,0.6780154,0.4248641,0.6715000,0.7758000,0.5054000,0.6825000,0.6247000,0.3988000,0.7202000,0.5816000,0.2921000,0.7477000,0.5368000,0.4011000,0.8600000,0.4566000,0.5104000,0.3182823,0.0000000,0.0000000},
{0.5422791,0.4593650,0.3062399,0.5285884,0.3882068,0.3121060,0.6818412,0.3402800,0.2186849,0.5634590,0.7019301,0.2540584,0.6179000,0.6789129,0.4258476,0.6728000,0.7766000,0.5049000,0.6828000,0.6258000,0.3979000,0.7206000,0.5813000,0.2921000,0.7479000,0.5364000,0.4009000,0.8601000,0.4557000,0.5103000,0.3182823,0.0000000,0.0000000},
{0.5423983,0.4671554,0.3033101,0.5256717,0.3980495,0.3108070,0.6851857,0.3425263,0.2171986,0.5675423,0.7080215,0.2542460,0.6196434,0.6798748,0.4269091,0.6741000,0.7775000,0.5043000,0.6832000,0.6269000,0.3969000,0.7210000,0.5810000,0.2921000,0.7482000,0.5359000,0.4007000,0.8602000,0.4549000,0.5100000,0.3182823,0.0000000,0.0000000},
{0.5426464,0.4751832,0.3001422,0.5229272,0.4081496,0.3091732,0.6888828,0.3450000,0.2155562,0.5718977,0.7143778,0.2544997,0.6214385,0.6808606,0.4280051,0.6754000,0.7785000,0.5037000,0.6834000,0.6280000,0.3958000,0.7215000,0.5807000,0.2922000,0.7482000,0.5355000,0.4006000,0.8603000,0.4541000,0.5099000,0.3182823,0.0000000,0.0000000},
{0.5430291,0.4833816,0.2967533,0.5203011,0.4187500,0.3071507,0.6926961,0.3475409,0.2138629,0.5764744,0.7209080,0.2548226,0.6234557,0.6819630,0.4292405,0.6767000,0.7796000,0.5031000,0.6837000,0.6292000,0.3949000,0.7219000,0.5804000,0.2922000,0.7485000,0.5351000,0.4003000,0.8604000,0.4534000,0.5096000,0.3182823,0.0000000,0.0000000},
{0.5435528,0.4917455,0.2931380,0.5179344,0.4292903,0.3048438,0.6966151,0.3501411,0.2121235,0.5812791,0.7276076,0.2552207,0.6254773,0.6830620,0.4304825,0.6781000,0.7807000,0.5024000,0.6840000,0.6303000,0.3939000,0.7223000,0.5801000,0.2922000,0.7486000,0.5348000,0.4000000,0.8603000,0.4526000,0.5094000,0.3182823,0.0000000,0.0000000},
{0.5442032,0.5000330,0.2893994,0.5157747,0.4399633,0.3022214,0.7005998,0.3527733,0.2103558,0.5862297,0.7343517,0.2556911,0.6275770,0.6841973,0.4317765,0.6795000,0.7818000,0.5018000,0.6843000,0.6313000,0.3928000,0.7227000,0.5798000,0.2923000,0.7486000,0.5344000,0.3996000,0.8603000,0.4519000,0.5091000,0.3182823,0.0000000,0.0000000},
{0.5450085,0.5085611,0.2853908,0.5138258,0.4507426,0.2992917,0.7042557,0.3551782,0.2087346,0.5913302,0.7411396,0.2562364,0.6297036,0.6853408,0.4330916,0.6808000,0.7830000,0.5011000,0.6846000,0.6324000,0.3918000,0.7227000,0.5798000,0.2923000,0.7487000,0.5339000,0.3993000,0.8602000,0.4513000,0.5089000,0.3182823,0.0000000,0.0000000},
{0.5459417,0.5170057,0.2812602,0.5121069,0.4614937,0.2960975,0.7087818,0.3581420,0.2067285,0.5966185,0.7480141,0.2568637,0.6319678,0.6865513,0.4344963,0.6822000,0.7841000,0.5005000,0.6849000,0.6334000,0.3908000,0.7235000,0.5804000,0.2916000,0.7488000,0.5336000,0.3988000,0.8600000,0.4506000,0.5087000,0.3182823,0.0000000,0.0000000},
{0.5470051,0.5254113,0.2769891,0.5105716,0.4725166,0.2925478,0.7129898,0.3608842,0.2048643,0.6021999,0.7550979,0.2575908,0.6342259,0.6877512,0.4359022,0.6836000,0.7853000,0.5000000,0.6853000,0.6344000,0.3898000,0.7242000,0.5809000,0.2910000,0.7487000,0.5333000,0.3985000,0.8598000,0.4500000,0.5085000,0.3182823,0.0000000,0.0000000},
{0.5481878,0.5337136,0.2726130,0.5092705,0.4834581,0.2887547,0.7172041,0.3636177,0.2029982,0.6079097,0.7621705,0.2584005,0.6366390,0.6890257,0.4374100,0.6850000,0.7864000,0.4996000,0.6857000,0.6352000,0.3890000,0.7246000,0.5813000,0.2905000,0.7487000,0.5330000,0.3982000,0.8596000,0.4494000,0.5084000,0.3182823,0.0000000,0.0000000},
{0.5494574,0.5417384,0.2682334,0.5081906,0.4943735,0.2847067,0.7219797,0.3666998,0.2008847,0.6135701,0.7690163,0.2592660,0.6390683,0.6903004,0.4389335,0.6863000,0.7876000,0.4992000,0.6861000,0.6359000,0.3882000,0.7249000,0.5816000,0.2900000,0.7486000,0.5328000,0.3978000,0.8593000,0.4489000,0.5083000,0.3182823,0.0000000,0.0000000},
{0.5509044,0.5500479,0.2635411,0.5073149,0.5054631,0.2803261,0.7262256,0.3694262,0.1990066,0.6192899,0.7757738,0.2602013,0.6417406,0.6916930,0.4406159,0.6876000,0.7887000,0.4990000,0.6866000,0.6367000,0.3875000,0.7252000,0.5821000,0.2896000,0.7485000,0.5325000,0.3974000,0.8590000,0.4484000,0.5082000,0.3182823,0.0000000,0.0000000},
{0.5524234,0.5580302,0.2588803,0.5066787,0.5162167,0.2758206,0.7306177,0.3722330,0.1970647,0.6250185,0.7823869,0.2611965,0.6444143,0.6930764,0.4423060,0.6889000,0.7899000,0.4989000,0.6871000,0.6375000,0.3869000,0.7256000,0.5824000,0.2892000,0.7483000,0.5324000,0.3971000,0.8586000,0.4480000,0.5081000,0.3182823,0.0000000,0.0000000},
{0.5540257,0.5658001,0.2541968,0.5062564,0.5268613,0.2711097,0.7351206,0.3750962,0.1950749,0.6308043,0.7889154,0.2622587,0.6473507,0.6945841,0.4441699,0.6902000,0.7910000,0.4989000,0.6876000,0.6384000,0.3864000,0.7262000,0.5828000,0.2887000,0.7481000,0.5324000,0.3968000,0.8583000,0.4477000,0.5081000,0.3182823,0.0000000,0.0000000},
{0.5557367,0.5735001,0.2494091,0.5060442,0.5373583,0.2662169,0.7395661,0.3779087,0.1931114,0.6366783,0.7953944,0.2633936,0.6502790,0.6960757,0.4460368,0.6914000,0.7921000,0.4990000,0.6880000,0.6391000,0.3860000,0.7269000,0.5833000,0.2884000,0.7479000,0.5324000,0.3965000,0.8578000,0.4473000,0.5080000,0.3182823,0.0000000,0.0000000},
{0.5575067,0.5809289,0.2446485,0.5060359,0.5475939,0.2612056,0.7440877,0.3807550,0.1911154,0.6425009,0.8016741,0.2645726,0.6531769,0.6975399,0.4478924,0.6926000,0.7932000,0.4991000,0.6884000,0.6399000,0.3857000,0.7273000,0.5838000,0.2881000,0.7475000,0.5324000,0.3962000,0.8574000,0.4470000,0.5080000,0.3182823,0.0000000,0.0000000},
{0.5593282,0.5880953,0.2399206,0.5062239,0.5576851,0.2560277,0.7490892,0.3838863,0.1889087,0.6484546,0.8079536,0.2658317,0.6560817,0.6989957,0.4497603,0.6937000,0.7942000,0.4992000,0.6886000,0.6406000,0.3855000,0.7276000,0.5843000,0.2880000,0.7472000,0.5326000,0.3960000,0.8569000,0.4468000,0.5079000,0.3182823,0.0000000,0.0000000},
{0.5612438,0.5951848,0.2351085,0.5065908,0.5673330,0.2508508,0.7534772,0.3866190,0.1869737,0.6544107,0.8140972,0.2671437,0.6591299,0.7005107,0.4517291,0.6947000,0.7953000,0.4992000,0.6887000,0.6412000,0.3853000,0.7275000,0.5848000,0.2879000,0.7470000,0.5327000,0.3959000,0.8564000,0.4466000,0.5080000,0.3182823,0.0000000,0.0000000},
{0.5632213,0.6020878,0.2302897,0.5071460,0.5769704,0.2454511,0.7580850,0.3894738,0.1849428,0.6604751,0.8202151,0.2685317,0.6620525,0.7019511,0.4536251,0.6956000,0.7963000,0.4992000,0.6886000,0.6418000,0.3852000,0.7272000,0.5854000,0.2880000,0.7467000,0.5328000,0.3957000,0.8558000,0.4465000,0.5080000,0.3182823,0.0000000,0.0000000},
{0.5651944,0.6086068,0.2256136,0.5078663,0.5862574,0.2400236,0.7628316,0.3923989,0.1828518,0.6664664,0.8261273,0.2699529,0.6649152,0.7033503,0.4554900,0.6965000,0.7974000,0.4993000,0.6883000,0.6423000,0.3851000,0.7266000,0.5859000,0.2880000,0.7462000,0.5331000,0.3956000,0.8552000,0.4463000,0.5081000,0.3182823,0.0000000,0.0000000},
{0.5672258,0.6149786,0.2209208,0.5087285,0.5951004,0.2346422,0.7676349,0.3953427,0.1807370,0.6723505,0.8318099,0.2713956,0.6678737,0.7047842,0.4574256,0.6972000,0.7985000,0.4994000,0.6879000,0.6428000,0.3850000,0.7259000,0.5864000,0.2880000,0.7458000,0.5332000,0.3954000,0.8547000,0.4463000,0.5082000,0.3182823,0.0000000,0.0000000},
{0.5692668,0.6210696,0.2163173,0.5097283,0.6036103,0.2292576,0.7718609,0.3979192,0.1788773,0.6781001,0.8372475,0.2728488,0.6706860,0.7061359,0.4592733,0.6981000,0.7997000,0.4995000,0.6874000,0.6434000,0.3849000,0.7252000,0.5868000,0.2880000,0.7453000,0.5335000,0.3952000,0.8540000,0.4462000,0.5082000,0.3182823,0.0000000,0.0000000},
{0.5713407,0.6269718,0.2117421,0.5108477,0.6117418,0.2239139,0.7769756,0.4010208,0.1766277,0.6838099,0.8425377,0.2743336,0.6735250,0.7074890,0.4611462,0.6989000,0.8010000,0.4996000,0.6867000,0.6439000,0.3848000,0.7244000,0.5873000,0.2880000,0.7449000,0.5336000,0.3949000,0.8533000,0.4462000,0.5082000,0.3182823,0.0000000,0.0000000},
{0.5734297,0.6326505,0.2072291,0.5120706,0.6194820,0.2186370,0.7809500,0.4034181,0.1748806,0.6894048,0.8476181,0.2758276,0.6763285,0.7088140,0.4630032,0.6998000,0.8023000,0.4997000,0.6859000,0.6443000,0.3848000,0.7237000,0.5878000,0.2879000,0.7443000,0.5340000,0.3947000,0.8526000,0.4462000,0.5082000,0.3182823,0.0000000,0.0000000},
{0.5754847,0.6379979,0.2028751,0.5133771,0.6268044,0.2134639,0.7854474,0.4061174,0.1729045,0.6948552,0.8524713,0.2773194,0.6792242,0.7101709,0.4649293,0.7006000,0.8035000,0.4997000,0.6850000,0.6447000,0.3849000,0.7231000,0.5884000,0.2878000,0.7439000,0.5342000,0.3945000,0.8520000,0.4463000,0.5082000,0.3182823,0.0000000,0.0000000},
{0.5775422,0.6431334,0.1985939,0.5147588,0.6337476,0.2083859,0.7894966,0.4085355,0.1711262,0.7001367,0.8570855,0.2787985,0.6819958,0.7114584,0.4667803,0.7014000,0.8048000,0.4998000,0.6840000,0.6452000,0.3850000,0.7226000,0.5890000,0.2877000,0.7433000,0.5346000,0.3944000,0.8513000,0.4465000,0.5083000,0.3182823,0.0000000,0.0000000},
{0.5796004,0.6480674,0.1943840,0.5162055,0.6403302,0.2034060,0.7937606,0.4110694,0.1692544,0.7052149,0.8614418,0.2802512,0.6846713,0.7126909,0.4685742,0.7021000,0.8060000,0.4999000,0.6829000,0.6457000,0.3852000,0.7223000,0.5895000,0.2877000,0.7429000,0.5350000,0.3944000,0.8506000,0.4467000,0.5085000,0.3182823,0.0000000,0.0000000},
{0.5816495,0.6527912,0.1902601,0.5177048,0.6465558,0.1985377,0.7981141,0.4136433,0.1673442,0.7101444,0.8655964,0.2816893,0.6871554,0.7138261,0.4702460,0.7028000,0.8072000,0.5000000,0.6811000,0.6461000,0.3849000,0.7219000,0.5901000,0.2877000,0.7424000,0.5354000,0.3943000,0.8499000,0.4470000,0.5087000,0.3182823,0.0000000,0.0000000},
{0.5836883,0.6573166,0.1862194,0.5192557,0.6524711,0.1937591,0.8020276,0.4159456,0.1656280,0.7148002,0.8694545,0.2830725,0.6894965,0.7148878,0.4718270,0.7034000,0.8084000,0.5000000,0.6805000,0.6469000,0.3850000,0.7217000,0.5906000,0.2877000,0.7419000,0.5358000,0.3944000,0.8493000,0.4474000,0.5089000,0.3182823,0.0000000,0.0000000},
{0.5856975,0.6616152,0.1822952,0.5208316,0.6580228,0.1891286,0.8059097,0.4182189,0.1639262,0.7192930,0.8731180,0.2844299,0.6917742,0.7159131,0.4733704,0.7039000,0.8095000,0.5001000,0.6801000,0.6477000,0.3850000,0.7212000,0.5912000,0.2877000,0.7414000,0.5363000,0.3944000,0.8486000,0.4477000,0.5091000,0.3182823,0.0000000,0.0000000},
{0.5876652,0.6656788,0.1785042,0.5223478,0.6629902,0.1848570,0.8095809,0.4203588,0.1623175,0.7235621,0.8765455,0.2857399,0.6939130,0.7168692,0.4748243,0.7045000,0.8107000,0.5002000,0.6799000,0.6487000,0.3849000,0.7209000,0.5917000,0.2877000,0.7409000,0.5368000,0.3944000,0.8479000,0.4482000,0.5093000,0.3182823,0.0000000,0.0000000},
{0.5896400,0.6696189,0.1747490,0.5240267,0.6681193,0.1803092,0.8130823,0.4223908,0.1607840,0.7275460,0.8796977,0.2869800,0.6959276,0.7177635,0.4761978,0.7050000,0.8119000,0.5002000,0.6798000,0.6496000,0.3849000,0.7204000,0.5923000,0.2877000,0.7404000,0.5374000,0.3945000,0.8473000,0.4486000,0.5095000,0.3182823,0.0000000,0.0000000},
{0.5914877,0.6731855,0.1712785,0.5256863,0.6728524,0.1759790,0.8161951,0.4241901,0.1594211,0.7312828,0.8826142,0.2881583,0.6977299,0.7185587,0.4774301,0.7056000,0.8131000,0.5002000,0.6797000,0.6507000,0.3849000,0.7199000,0.5930000,0.2877000,0.7400000,0.5381000,0.3945000,0.8467000,0.4491000,0.5097000,0.3182823,0.0000000,0.0000000},
{0.5933196,0.6766120,0.1678769,0.5272957,0.6771583,0.1719192,0.8197692,0.4262477,0.1578568,0.7347943,0.8853200,0.2892789,0.6995970,0.7193774,0.4787100,0.7062000,0.8143000,0.5002000,0.6796000,0.6519000,0.3849000,0.7194000,0.5937000,0.2877000,0.7396000,0.5386000,0.3944000,0.8461000,0.4496000,0.5099000,0.3182823,0.0000000,0.0000000},
{0.5951306,0.6798968,0.1645508,0.5289192,0.6812472,0.1679487,0.8232038,0.4282164,0.1563542,0.7380763,0.8878183,0.2903378,0.7013372,0.7201359,0.4799060,0.7068000,0.8155000,0.5002000,0.6795000,0.6530000,0.3848000,0.7191000,0.5943000,0.2876000,0.7391000,0.5393000,0.3944000,0.8454000,0.4501000,0.5101000,0.3182823,0.0000000,0.0000000},
{0.5968421,0.6829104,0.1614398,0.5304909,0.6849845,0.1642135,0.8259467,0.4297825,0.1551546,0.7410860,0.8900839,0.2913185,0.7027886,0.7207651,0.4809058,0.7073000,0.8167000,0.5001000,0.6794000,0.6542000,0.3847000,0.7186000,0.5950000,0.2875000,0.7387000,0.5401000,0.3944000,0.8446000,0.4506000,0.5103000,0.3182823,0.0000000,0.0000000},
{0.5985281,0.6857957,0.1584052,0.5320545,0.6885050,0.1605943,0.8290942,0.4315733,0.1537786,0.7438886,0.8921718,0.2922400,0.7041156,0.7213376,0.4818218,0.7077000,0.8179000,0.4999000,0.6792000,0.6554000,0.3846000,0.7182000,0.5959000,0.2875000,0.7383000,0.5407000,0.3944000,0.8440000,0.4512000,0.5105000,0.3182823,0.0000000,0.0000000},
{0.6001937,0.6885676,0.1554353,0.5335678,0.6917388,0.1571767,0.8317536,0.4330808,0.1526163,0.7465233,0.8941155,0.2931135,0.7053760,0.7218790,0.4826934,0.7081000,0.8191000,0.4997000,0.6791000,0.6565000,0.3845000,0.7179000,0.5967000,0.2874000,0.7379000,0.5416000,0.3944000,0.8433000,0.4518000,0.5108000,0.3182823,0.0000000,0.0000000},
{0.6017264,0.6910512,0.1527264,0.5350311,0.6947151,0.1539460,0.8344157,0.4345848,0.1514532,0.7489600,0.8958968,0.2939275,0.7064156,0.7223238,0.4834136,0.7085000,0.8203000,0.4995000,0.6791000,0.6578000,0.3843000,0.7175000,0.5976000,0.2873000,0.7375000,0.5423000,0.3944000,0.8425000,0.4524000,0.5110000,0.3182823,0.0000000,0.0000000},
{0.6032285,0.6934244,0.1500934,0.5364280,0.6974269,0.1509253,0.8370696,0.4360792,0.1502940,0.7510504,0.8974126,0.2946305,0.7075191,0.7227942,0.4841792,0.7090000,0.8215000,0.4992000,0.6790000,0.6589000,0.3841000,0.7174000,0.5985000,0.2872000,0.7370000,0.5432000,0.3944000,0.8418000,0.4531000,0.5112000,0.3182823,0.0000000,0.0000000},
{0.6046655,0.6956399,0.1475941,0.5378125,0.6999972,0.1479890,0.8393730,0.4373721,0.1492882,0.7530434,0.8988471,0.2953048,0.7084555,0.7231919,0.4848299,0.7093000,0.8227000,0.4988000,0.6790000,0.6601000,0.3839000,0.7171000,0.5993000,0.2872000,0.7366000,0.5440000,0.3944000,0.8411000,0.4538000,0.5115000,0.3182823,0.0000000,0.0000000},
{0.6060192,0.6976789,0.1452569,0.5391654,0.7024017,0.1451723,0.8420947,0.4388951,0.1481001,0.7547330,0.9000551,0.2958795,0.7092099,0.7235113,0.4853546,0.7097000,0.8239000,0.4985000,0.6789000,0.6613000,0.3837000,0.7169000,0.6002000,0.2872000,0.7362000,0.5449000,0.3944000,0.8403000,0.4545000,0.5118000,0.3182823,0.0000000,0.0000000},
{0.6073017,0.6995686,0.1430577,0.5404748,0.7046334,0.1424930,0.8442020,0.4400706,0.1471804,0.7562293,0.9011188,0.2963908,0.7099002,0.7238029,0.4858354,0.7101000,0.8251000,0.4980000,0.6789000,0.6624000,0.3836000,0.7167000,0.6010000,0.2871000,0.7358000,0.5457000,0.3944000,0.8397000,0.4553000,0.5121000,0.3182823,0.0000000,0.0000000},
{0.6086149,0.7014618,0.1408208,0.5417174,0.7066682,0.1399913,0.8460018,0.4410720,0.1463952,0.7576749,0.9021410,0.2968869,0.7104640,0.7240405,0.4862283,0.7105000,0.8263000,0.4975000,0.6789000,0.6636000,0.3834000,0.7161000,0.6018000,0.2867000,0.7354000,0.5465000,0.3944000,0.8390000,0.4561000,0.5124000,0.3182823,0.0000000,0.0000000},
{0.6098755,0.7032402,0.1386873,0.5429399,0.7085947,0.1375667,0.8480414,0.4422041,0.1455055,0.7589041,0.9030059,0.2973103,0.7110528,0.7242881,0.4866391,0.7109000,0.8275000,0.4970000,0.6788000,0.6647000,0.3831000,0.7158000,0.6025000,0.2865000,0.7350000,0.5473000,0.3944000,0.8383000,0.4569000,0.5127000,0.3182823,0.0000000,0.0000000},
{0.6110533,0.7048679,0.1367062,0.5441481,0.7104278,0.1352056,0.8498758,0.4432198,0.1447054,0.7599122,0.9037124,0.2976586,0.7114062,0.7244365,0.4868859,0.7112000,0.8287000,0.4963000,0.6787000,0.6657000,0.3829000,0.7157000,0.6032000,0.2864000,0.7347000,0.5482000,0.3945000,0.8375000,0.4577000,0.5130000,0.3182823,0.0000000,0.0000000},
{0.6122997,0.7065552,0.1346223,0.5452744,0.7120758,0.1330342,0.8516205,0.4441836,0.1439447,0.7607639,0.9043071,0.2979536,0.7116450,0.7245367,0.4870526,0.7115000,0.8300000,0.4956000,0.6787000,0.6668000,0.3827000,0.7155000,0.6040000,0.2863000,0.7342000,0.5490000,0.3945000,0.8369000,0.4585000,0.5133000,0.3182823,0.0000000,0.0000000},
{0.6134167,0.7080370,0.1327657,0.5463608,0.7136115,0.1309662,0.8531913,0.4450495,0.1432599,0.7613752,0.9047329,0.2981658,0.7118854,0.7246374,0.4872206,0.7118000,0.8311000,0.4949000,0.6785000,0.6677000,0.3824000,0.7155000,0.6046000,0.2862000,0.7337000,0.5498000,0.3945000,0.8361000,0.4592000,0.5136000,0.3182823,0.0000000,0.0000000},
{0.6146522,0.7096433,0.1307236,0.5473484,0.7149630,0.1291081,0.8544628,0.4457490,0.1427057,0.7618543,0.9050660,0.2983324,0.7120672,0.7247135,0.4873476,0.7120000,0.8323000,0.4942000,0.6784000,0.6687000,0.3821000,0.7153000,0.6053000,0.2861000,0.7334000,0.5506000,0.3945000,0.8354000,0.4601000,0.5137000,0.3182823,0.0000000,0.0000000},
{0.6157574,0.7110513,0.1289074,0.5485114,0.7165020,0.1269458,0.8560747,0.4466343,0.1420032,0.7620956,0.9052335,0.2984164,0.7120365,0.7247007,0.4873262,0.7123000,0.8335000,0.4934000,0.6782000,0.6696000,0.3819000,0.7152000,0.6060000,0.2860000,0.7330000,0.5515000,0.3945000,0.8346000,0.4607000,0.5140000,0.3182823,0.0000000,0.0000000},
{0.6168501,0.7124171,0.1271209,0.5496073,0.7179014,0.1249332,0.8569562,0.4471176,0.1416191,0.7621947,0.9053023,0.2984509,0.7120365,0.7247007,0.4873262,0.7125000,0.8347000,0.4927000,0.6781000,0.6707000,0.3816000,0.7150000,0.6066000,0.2859000,0.7327000,0.5522000,0.3945000,0.8339000,0.4615000,0.5142000,0.3182823,0.0000000,0.0000000},
{0.6179221,0.7137317,0.1253776,0.5507624,0.7193249,0.1228370,0.8575671,0.4474522,0.1413530,0.7620771,0.9052207,0.2984099,0.7118642,0.7246286,0.4872058,0.7127000,0.8358000,0.4919000,0.6779000,0.6717000,0.3813000,0.7149000,0.6072000,0.2858000,0.7322000,0.5530000,0.3945000,0.8332000,0.4623000,0.5144000,0.3182823,0.0000000,0.0000000},
{0.6189929,0.7150201,0.1236449,0.5518634,0.7206337,0.1208626,0.8587853,0.4481186,0.1408222,0.7618189,0.9050414,0.2983201,0.7115732,0.7245066,0.4870025,0.7128000,0.8369000,0.4912000,0.6777000,0.6726000,0.3811000,0.7147000,0.6079000,0.2856000,0.7319000,0.5539000,0.3945000,0.8325000,0.4631000,0.5147000,0.3182823,0.0000000,0.0000000},
{0.6200736,0.7162958,0.1219051,0.5530217,0.7219615,0.1188097,0.8596987,0.4486176,0.1404243,0.7614923,0.9048144,0.2982065,0.7112822,0.7243845,0.4867992,0.7129000,0.8379000,0.4905000,0.6776000,0.6735000,0.3808000,0.7145000,0.6085000,0.2855000,0.7315000,0.5546000,0.3945000,0.8318000,0.4639000,0.5150000,0.3182823,0.0000000,0.0000000},
{0.6212095,0.7176101,0.1200859,0.5542883,0.7233572,0.1165924,0.8605122,0.4490616,0.1400700,0.7609519,0.9044382,0.2980189,0.7108492,0.7242026,0.4864970,0.7128000,0.8388000,0.4898000,0.6774000,0.6744000,0.3806000,0.7144000,0.6090000,0.2854000,0.7311000,0.5553000,0.3946000,0.8312000,0.4648000,0.5153000,0.3182823,0.0000000,0.0000000},
{0.6223062,0.7188535,0.1183386,0.5557073,0.7248533,0.1141412,0.8612113,0.4494427,0.1397655,0.7604505,0.9040885,0.2978450,0.7103709,0.7240013,0.4861634,0.7127000,0.8397000,0.4891000,0.6773000,0.6751000,0.3803000,0.7142000,0.6095000,0.2853000,0.7308000,0.5561000,0.3945000,0.8305000,0.4656000,0.5156000,0.3182823,0.0000000,0.0000000},
{0.6232873,0.7199448,0.1167831,0.5572388,0.7263900,0.1115342,0.8617770,0.4497508,0.1395192,0.7599166,0.9037154,0.2976601,0.7099959,0.7238433,0.4859021,0.7125000,0.8406000,0.4885000,0.6772000,0.6760000,0.3801000,0.7140000,0.6100000,0.2852000,0.7304000,0.5568000,0.3946000,0.8299000,0.4664000,0.5159000,0.3182823,0.0000000,0.0000000},
{0.6245333,0.7213026,0.1148175,0.5587478,0.7278275,0.1090030,0.8622744,0.4500216,0.1393026,0.7592757,0.9032666,0.2974385,0.7094400,0.7236086,0.4855148,0.7123000,0.8413000,0.4880000,0.6771000,0.6766000,0.3799000,0.7138000,0.6104000,0.2851000,0.7301000,0.5575000,0.3947000,0.8292000,0.4672000,0.5162000,0.3182823,0.0000000,0.0000000},
{0.6258355,0.7226879,0.1127755,0.5599668,0.7289347,0.1069847,0.8632779,0.4505673,0.1388656,0.7586733,0.9028438,0.2972306,0.7089452,0.7233993,0.4851704,0.7119000,0.8421000,0.4876000,0.6770000,0.6774000,0.3797000,0.7136000,0.6109000,0.2851000,0.7297000,0.5580000,0.3947000,0.8286000,0.4679000,0.5165000,0.3182823,0.0000000,0.0000000}
};
