fitErrPi Mean = 0.0223573
fitErrTh Mean = 0.0184434
fitErrWr Mean = 0.0213359
fitErrLA Mean = 0.344408
fitErrEl Mean = 0.0219192
fitErrUA Mean = 0.370967
efPts = {
{0.6127563,0.7951444,0.1476646,0.5808205,0.7313389,0.1426420,0.8990268,0.5758732,-0.4131965,0.7747769,0.9317706,0.1534024,0.8864058,0.8939856,0.1465124,0.7304000,0.8711000,0.4647000,0.7106000,0.7579000,0.4135000,0.7339000,0.6193000,0.4318000,0.6982000,0.6839000,0.3473000,0.5642000,0.5369000,0.4423000,0.5761786,0.7797377,0.1197847},
{0.6119589,0.7953667,0.1480772,0.5790249,0.7319225,0.1436840,0.7227735,0.8148340,0.0475667,0.7754292,0.9317577,0.1531316,0.8861468,0.8938417,0.1463269,0.7291000,0.8707000,0.4644000,0.7100000,0.7577000,0.4133000,0.7335000,0.6191000,0.4317000,0.6978000,0.6836000,0.3470000,0.5642000,0.5369000,0.4423000,0.5753233,0.7800098,0.1202540},
{0.6108429,0.7956761,0.1486512,0.5770488,0.7325587,0.1448159,0.7233480,0.8150292,0.0478161,0.7761270,0.9317431,0.1528403,0.8856627,0.8935726,0.1459799,0.7277000,0.8703000,0.4641000,0.7093000,0.7574000,0.4129000,0.7331000,0.6189000,0.4316000,0.6974000,0.6833000,0.3469000,0.5642000,0.5369000,0.4423000,0.5739314,0.7804503,0.1210122},
{0.6093596,0.7960845,0.1494079,0.5749398,0.7332309,0.1460071,0.7238096,0.8151859,0.0480164,0.7766477,0.9317317,0.1526217,0.8855289,0.8934983,0.1458840,0.7263000,0.8699000,0.4638000,0.7085000,0.7571000,0.4125000,0.7326000,0.6186000,0.4314000,0.6969000,0.6829000,0.3466000,0.5642000,0.5369000,0.4423000,0.5720500,0.7810412,0.1220261},
{0.6074486,0.7966060,0.1503724,0.5723807,0.7340375,0.1474296,0.7242079,0.8153210,0.0481891,0.7768953,0.9317262,0.1525174,0.8852416,0.8933385,0.1456779,0.7248000,0.8695000,0.4635000,0.7076000,0.7569000,0.4122000,0.7320000,0.6183000,0.4313000,0.6964000,0.6825000,0.3463000,0.5642000,0.5369000,0.4423000,0.5697317,0.7817624,0.1232587},
{0.6050368,0.7972565,0.1515733,0.5692492,0.7350111,0.1491370,0.7243417,0.8153664,0.0482471,0.7766784,0.9317311,0.1526088,0.8849527,0.8931779,0.1454707,0.7234000,0.8693000,0.4632000,0.7068000,0.7565000,0.4119000,0.7315000,0.6180000,0.4311000,0.6958000,0.6821000,0.3460000,0.5643000,0.5369000,0.4423000,0.5667778,0.7826705,0.1248027},
{0.6020669,0.7980462,0.1530275,0.5655620,0.7361392,0.1511017,0.7241828,0.8153125,0.0481782,0.7759415,0.9317471,0.1529179,0.8845084,0.8929308,0.1451517,0.7221000,0.8691000,0.4630000,0.7058000,0.7562000,0.4117000,0.7308000,0.6177000,0.4309000,0.6952000,0.6818000,0.3457000,0.5643000,0.5369000,0.4423000,0.5633270,0.7837163,0.1265700},
{0.5985269,0.7989716,0.1547264,0.5612906,0.7374221,0.1533182,0.7236074,0.8151172,0.0479287,0.7746202,0.9317735,0.1534672,0.8842133,0.8927667,0.1449399,0.7207000,0.8690000,0.4628000,0.7048000,0.7558000,0.4114000,0.7301000,0.6174000,0.4307000,0.6945000,0.6814000,0.3455000,0.5643000,0.5369000,0.4423000,0.5594124,0.7848835,0.1285285},
{0.5945270,0.7999969,0.1566019,0.5563658,0.7388706,0.1557972,0.7225436,0.8147559,0.0474669,0.7727402,0.9318064,0.1542382,0.8837722,0.8925212,0.1446229,0.7194000,0.8688000,0.4628000,0.7038000,0.7553000,0.4112000,0.7294000,0.6171000,0.4305000,0.6938000,0.6810000,0.3452000,0.5643000,0.5369000,0.4423000,0.5547644,0.7862439,0.1307919},
{0.5897756,0.8011877,0.1587709,0.5508523,0.7404550,0.1584794,0.7210493,0.8142478,0.0468171,0.7702737,0.9318413,0.1552314,0.8831469,0.8921731,0.1441734,0.7181000,0.8686000,0.4628000,0.7028000,0.7550000,0.4111000,0.7286000,0.6168000,0.4302000,0.6931000,0.6806000,0.3449000,0.5643000,0.5369000,0.4423000,0.5496607,0.7877068,0.1332023},
{0.5845152,0.8024728,0.1611002,0.5448282,0.7421428,0.1613021,0.7192576,0.8136377,0.0460364,0.7673401,0.9318711,0.1563869,0.8822357,0.8916657,0.1435178,0.7167000,0.8684000,0.4629000,0.7018000,0.7546000,0.4108000,0.7278000,0.6165000,0.4299000,0.6922000,0.6803000,0.3446000,0.5643000,0.5369000,0.4423000,0.5439302,0.7893124,0.1358190},
{0.5787041,0.8038532,0.1635883,0.5382057,0.7439486,0.1642814,0.7170231,0.8128753,0.0450601,0.7638874,0.9318907,0.1577128,0.8812386,0.8911100,0.1427995,0.7153000,0.8680000,0.4630000,0.7006000,0.7543000,0.4107000,0.7269000,0.6162000,0.4296000,0.6914000,0.6799000,0.3443000,0.5643000,0.5369000,0.4423000,0.5375232,0.7910630,0.1386366},
{0.5722974,0.8053293,0.1662322,0.5310408,0.7458465,0.1673653,0.7142810,0.8119377,0.0438583,0.7597506,0.9318936,0.1592555,0.8801153,0.8904835,0.1419892,0.7138000,0.8676000,0.4631000,0.6994000,0.7540000,0.4105000,0.7260000,0.6158000,0.4293000,0.6905000,0.6796000,0.3440000,0.5643000,0.5369000,0.4423000,0.5304973,0.7929310,0.1416007},
{0.5652794,0.8068932,0.1690135,0.5232879,0.7478379,0.1705469,0.7110158,0.8108182,0.0424219,0.7550574,0.9318712,0.1609492,0.8787792,0.8897377,0.1410241,0.7122000,0.8672000,0.4631000,0.6982000,0.7535000,0.4103000,0.7250000,0.6154000,0.4289000,0.6896000,0.6793000,0.3436000,0.5643000,0.5369000,0.4423000,0.5228858,0.7948962,0.1446700},
{0.5578145,0.8084984,0.1718454,0.5150726,0.7498808,0.1737507,0.7074700,0.8095987,0.0408552,0.7496950,0.9318146,0.1628157,0.8772062,0.8888587,0.1398857,0.7104000,0.8667000,0.4632000,0.6968000,0.7531000,0.4101000,0.7239000,0.6151000,0.4286000,0.6887000,0.6789000,0.3433000,0.5643000,0.5369000,0.4423000,0.5142745,0.7970496,0.1479726},
{0.5497212,0.8101737,0.1747746,0.5064413,0.7519563,0.1769399,0.7035886,0.8082593,0.0391321,0.7435178,0.9317114,0.1648816,0.8755580,0.8879368,0.1386907,0.7085000,0.8662000,0.4632000,0.6954000,0.7525000,0.4098000,0.7228000,0.6148000,0.4282000,0.6877000,0.6786000,0.3428000,0.5644000,0.5369000,0.4423000,0.5058490,0.7990880,0.1510375},
{0.5412206,0.8118634,0.1776998,0.4973305,0.7540721,0.1801190,0.6991487,0.8067214,0.0371508,0.7365911,0.9315508,0.1670990,0.8735375,0.8868051,0.1372223,0.7065000,0.8656000,0.4632000,0.6940000,0.7521000,0.4096000,0.7217000,0.6144000,0.4278000,0.6866000,0.6782000,0.3424000,0.5644000,0.5369000,0.4423000,0.4966940,0.8012293,0.1541893},
{0.5321428,0.8135920,0.1806593,0.4877807,0.7562109,0.1832546,0.6943795,0.8050626,0.0350101,0.7290845,0.9313275,0.1693930,0.8716486,0.8857457,0.1358464,0.7045000,0.8651000,0.4633000,0.6924000,0.7517000,0.4092000,0.7204000,0.6141000,0.4274000,0.6854000,0.6778000,0.3420000,0.5644000,0.5369000,0.4423000,0.4870698,0.8034015,0.1573111},
{0.5226614,0.8153174,0.1835768,0.4777689,0.7583706,0.1863356,0.6893667,0.8033113,0.0327462,0.7209801,0.9310334,0.1717523,0.8692838,0.8844174,0.1341193,0.7023000,0.8645000,0.4634000,0.6908000,0.7513000,0.4089000,0.7191000,0.6138000,0.4270000,0.6842000,0.6774000,0.3415000,0.5644000,0.5369000,0.4423000,0.4770015,0.8055910,0.1603760},
{0.5125743,0.8170668,0.1864938,0.4673766,0.7605267,0.1893202,0.6841400,0.8014769,0.0303705,0.7123702,0.9306651,0.1741353,0.8669578,0.8831087,0.1324157,0.7000000,0.8638000,0.4635000,0.6890000,0.7508000,0.4085000,0.7178000,0.6135000,0.4266000,0.6829000,0.6770000,0.3411000,0.5644000,0.5369000,0.4423000,0.4665301,0.8077822,0.1633545},
{0.5024909,0.8187303,0.1892247,0.4567051,0.7626539,0.1921684,0.6786542,0.7995422,0.0278604,0.7033253,0.9302209,0.1765118,0.8641520,0.8815272,0.1303542,0.6975000,0.8632000,0.4636000,0.6871000,0.7503000,0.4081000,0.7164000,0.6131000,0.4261000,0.6815000,0.6766000,0.3406000,0.5644000,0.5369000,0.4423000,0.4556362,0.8099723,0.1662363},
{0.4917696,0.8204089,0.1919330,0.4454702,0.7648023,0.1949395,0.6727944,0.7974650,0.0251600,0.6937195,0.9296894,0.1789036,0.8615092,0.8800347,0.1284059,0.6949000,0.8626000,0.4635000,0.6852000,0.7498000,0.4077000,0.7149000,0.6127000,0.4257000,0.6800000,0.6761000,0.3400000,0.5644000,0.5369000,0.4423000,0.4445619,0.8121089,0.1689476},
{0.4808452,0.8220272,0.1944931,0.4341441,0.7668771,0.1975061,0.6667188,0.7952997,0.0223394,0.6838320,0.9290823,0.1812328,0.8587155,0.8784540,0.1263396,0.6920000,0.8620000,0.4635000,0.6830000,0.7492000,0.4072000,0.7133000,0.6124000,0.4252000,0.6785000,0.6757000,0.3394000,0.5644000,0.5369000,0.4423000,0.4331180,0.8142251,0.1715268},
{0.4695713,0.8236031,0.1969310,0.4224300,0.7689304,0.1999295,0.6605144,0.7930763,0.0194370,0.6734094,0.9283807,0.1835516,0.8556695,0.8767269,0.1240785,0.6890000,0.8613000,0.4635000,0.6808000,0.7486000,0.4067000,0.7116000,0.6121000,0.4246000,0.6769000,0.6751000,0.3388000,0.5644000,0.5369000,0.4423000,0.4215042,0.8162806,0.1739209},
{0.4581107,0.8251103,0.1992035,0.4106999,0.7708953,0.2021289,0.6540939,0.7907623,0.0164098,0.6626776,0.9275960,0.1858014,0.8525080,0.8749305,0.1217228,0.6857000,0.8606000,0.4633000,0.6784000,0.7480000,0.4061000,0.7099000,0.6118000,0.4241000,0.6752000,0.6747000,0.3381000,0.5644000,0.5369000,0.4423000,0.4096057,0.8182933,0.1761475},
{0.4464517,0.8265483,0.2013088,0.3987357,0.7728084,0.2041450,0.6475966,0.7884070,0.0133219,0.6517828,0.9267384,0.1879503,0.8493033,0.8731053,0.1193255,0.6823000,0.8597000,0.4631000,0.6758000,0.7474000,0.4055000,0.7081000,0.6114000,0.4234000,0.6734000,0.6741000,0.3374000,0.5645000,0.5369000,0.4423000,0.3976722,0.8202201,0.1781577},
{0.4347868,0.8278934,0.2032123,0.3869059,0.7746122,0.2059194,0.6410140,0.7860066,0.0101681,0.6407106,0.9258068,0.1900015,0.8457972,0.8711037,0.1166918,0.6786000,0.8588000,0.4629000,0.6732000,0.7466000,0.4049000,0.7063000,0.6111000,0.4228000,0.6716000,0.6735000,0.3366000,0.5645000,0.5369000,0.4423000,0.3855764,0.8220817,0.1799733},
{0.4229284,0.8291673,0.2049446,0.3749362,0.7763507,0.2074987,0.6343502,0.7835621,0.0069492,0.6295030,0.9248051,0.1919478,0.8422468,0.8690716,0.1140133,0.6748000,0.8577000,0.4626000,0.6704000,0.7457000,0.4042000,0.7044000,0.6106000,0.4221000,0.6698000,0.6728000,0.3358000,0.5645000,0.5369000,0.4423000,0.3733838,0.8238673,0.1815827},
{0.4108919,0.8303659,0.2064984,0.3627805,0.7780291,0.2088853,0.6279011,0.7811822,0.0038087,0.6181757,0.9237349,0.1937872,0.8387611,0.8670715,0.1113721,0.6707000,0.8565000,0.4623000,0.6674000,0.7449000,0.4034000,0.7025000,0.6102000,0.4215000,0.6679000,0.6722000,0.3349000,0.5645000,0.5369000,0.4423000,0.3611989,0.8255625,0.1829745},
{0.3987688,0.8314790,0.2078593,0.3505047,0.7796369,0.2100679,0.6211627,0.7786807,0.0005006,0.6067066,0.9225943,0.1955233,0.8349438,0.8648753,0.1084665,0.6664000,0.8551000,0.4619000,0.6642000,0.7439000,0.4027000,0.7005000,0.6096000,0.4208000,0.6659000,0.6714000,0.3340000,0.5645000,0.5369000,0.4423000,0.3488939,0.8271856,0.1841645},
{0.3864614,0.8325141,0.2090348,0.3381180,0.7811719,0.2110434,0.6145236,0.7762011,-0.0027858,0.5951393,0.9213875,0.1971496,0.8311580,0.8626912,0.1055711,0.6619000,0.8537000,0.4614000,0.6608000,0.7428000,0.4019000,0.6984000,0.6092000,0.4200000,0.6637000,0.6705000,0.3333000,0.5645000,0.5369000,0.4423000,0.3366182,0.8287173,0.1851392},
{0.3740560,0.8334620,0.2100129,0.3253658,0.7826621,0.2118228,0.6078130,0.7736795,-0.0061349,0.5833491,0.9201007,0.1986815,0.8272282,0.8604176,0.1025511,0.6573000,0.8522000,0.4609000,0.6571000,0.7416000,0.4010000,0.6962000,0.6088000,0.4193000,0.6608000,0.6694000,0.3327000,0.5645000,0.5369000,0.4424000,0.3241696,0.8301826,0.1859141},
{0.3616771,0.8343135,0.2107845,0.3125141,0.7840725,0.2123805,0.6012606,0.7712025,-0.0094320,0.5715271,0.9187541,0.2000930,0.8233957,0.8581940,0.0995916,0.6528000,0.8507000,0.4604000,0.6531000,0.7404000,0.4001000,0.6939000,0.6082000,0.4188000,0.6595000,0.6688000,0.3314000,0.5645000,0.5369000,0.4424000,0.3118382,0.8315478,0.1864719},
{0.3492896,0.8350723,0.2113542,0.2996775,0.7853908,0.2127117,0.5947418,0.7687233,-0.0127387,0.5597128,0.9173530,0.2013808,0.8193746,0.8558542,0.0964710,0.6480000,0.8490000,0.4599000,0.6485000,0.7383000,0.3992000,0.6916000,0.6078000,0.4178000,0.6573000,0.6680000,0.3303000,0.5645000,0.5369000,0.4424000,0.2994393,0.8328344,0.1868243},
{0.3369556,0.8357357,0.2117217,0.2869760,0.7866068,0.2128189,0.5880538,0.7661644,-0.0161591,0.5479096,0.9158984,0.2025466,0.8156805,0.8536985,0.0935903,0.6433000,0.8473000,0.4594000,0.6443000,0.7364000,0.3983000,0.6891000,0.6074000,0.4169000,0.6549000,0.6672000,0.3291000,0.5645000,0.5369000,0.4424000,0.2871507,0.8340252,0.1869685},
{0.3247480,0.8363022,0.2118903,0.2744085,0.7877239,0.2127103,0.5814608,0.7636263,-0.0195587,0.5364226,0.9144309,0.2035659,0.8117047,0.8513717,0.0904748,0.6383000,0.8453000,0.4589000,0.6443000,0.7364000,0.3983000,0.6866000,0.6068000,0.4158000,0.6525000,0.6664000,0.3280000,0.5645000,0.5369000,0.4424000,0.2749972,0.8351205,0.1869111},
{0.3128878,0.8367671,0.2118686,0.2620697,0.7887377,0.2123965,0.5750074,0.7611269,-0.0229134,0.5251374,0.9129392,0.2044571,0.8080437,0.8492230,0.0875921,0.6334000,0.8434000,0.4584000,0.6407000,0.7365000,0.3957000,0.6840000,0.6063000,0.4150000,0.6500000,0.6655000,0.3268000,0.5646000,0.5369000,0.4424000,0.2631724,0.8361077,0.1866647},
{0.3011666,0.8371436,0.2116675,0.2501568,0.7896383,0.2118987,0.5687477,0.7586881,-0.0261932,0.5141785,0.9114434,0.2052178,0.8043549,0.8470520,0.0846737,0.6287000,0.8413000,0.4580000,0.6370000,0.7354000,0.3945000,0.6814000,0.6058000,0.4140000,0.6474000,0.6646000,0.3255000,0.5646000,0.5369000,0.4424000,0.2515941,0.8369992,0.1862413},
{0.2897824,0.8374303,0.2113009,0.2385550,0.7904416,0.2112296,0.5627520,0.7563389,-0.0293588,0.5033937,0.9099256,0.2058652,0.8006292,0.8448530,0.0817122,0.6238000,0.8391000,0.4573000,0.6333000,0.7343000,0.3933000,0.6787000,0.6054000,0.4130000,0.6446000,0.6638000,0.3243000,0.5646000,0.5369000,0.4424000,0.2402586,0.8377998,0.1856515},
{0.2786256,0.8376355,0.2107772,0.2272625,0.7911531,0.2104029,0.5566772,0.7539451,-0.0325904,0.4925854,0.9083586,0.2064126,0.7968580,0.8426208,0.0787001,0.6190000,0.8368000,0.4566000,0.6296000,0.7331000,0.3920000,0.6760000,0.6049000,0.4119000,0.6419000,0.6630000,0.3230000,0.5646000,0.5369000,0.4424000,0.2292492,0.8385088,0.1849120},
{0.2677954,0.8377623,0.2101122,0.2162843,0.7917779,0.2094323,0.5508351,0.7516301,-0.0357215,0.4824140,0.9068414,0.2068337,0.7934229,0.8405820,0.0759436,0.6143000,0.8346000,0.4558000,0.6257000,0.7320000,0.3907000,0.6731000,0.6044000,0.4108000,0.6391000,0.6621000,0.3217000,0.5646000,0.5369000,0.4424000,0.2185566,0.8391321,0.1840355},
{0.2573030,0.8378168,0.2093196,0.2055434,0.7923249,0.2083220,0.5453790,0.7494564,-0.0386666,0.4725848,0.9053356,0.2071527,0.7899178,0.8384959,0.0731183,0.6094000,0.8322000,0.4550000,0.6218000,0.7309000,0.3894000,0.6701000,0.6038000,0.4096000,0.6362000,0.6613000,0.3203000,0.5646000,0.5369000,0.4424000,0.2081702,0.8396756,0.1830336},
{0.2472401,0.8378053,0.2084211,0.1951227,0.7927940,0.2070916,0.5401647,0.7473685,-0.0415001,0.4631023,0.9038453,0.2073772,0.7864918,0.8364514,0.0703442,0.6046000,0.8299000,0.4543000,0.6179000,0.7297000,0.3879000,0.6671000,0.6033000,0.4085000,0.6332000,0.6604000,0.3190000,0.5646000,0.5369000,0.4424000,0.1980944,0.8401438,0.1819183},
{0.2374234,0.8377331,0.2074126,0.1850343,0.7931899,0.2057549,0.5349710,0.7452785,-0.0443411,0.4540590,0.9023888,0.2075135,0.7832707,0.8345242,0.0677246,0.5995000,0.8275000,0.4535000,0.6139000,0.7287000,0.3865000,0.6640000,0.6028000,0.4074000,0.6304000,0.6595000,0.3176000,0.5646000,0.5369000,0.4424000,0.1886355,0.8405298,0.1807416},
{0.2281507,0.8376090,0.2063387,0.1753558,0.7935151,0.2043362,0.5299210,0.7432362,-0.0471216,0.4453657,0.9009556,0.2075713,0.7801550,0.8326554,0.0651803,0.5942000,0.8249000,0.4525000,0.6100000,0.7276000,0.3851000,0.6608000,0.6022000,0.4063000,0.6272000,0.6587000,0.3162000,0.5646000,0.5369000,0.4424000,0.1794318,0.8408552,0.1794745},
{0.2192422,0.8374380,0.2051946,0.1660078,0.7937777,0.2028375,0.5252344,0.7413320,-0.0497181,0.4369119,0.8995299,0.2075569,0.7770419,0.8307835,0.0626276,0.5889000,0.8225000,0.4516000,0.6060000,0.7265000,0.3835000,0.6575000,0.6017000,0.4052000,0.6242000,0.6578000,0.3149000,0.5646000,0.5369000,0.4424000,0.1708065,0.8411144,0.1781762},
{0.2109008,0.8372311,0.2040222,0.1570893,0.7939803,0.2012882,0.5207283,0.7394930,-0.0522292,0.4288764,0.8981449,0.2074769,0.7738347,0.8288501,0.0599867,0.5835000,0.8205000,0.4507000,0.6020000,0.7255000,0.3820000,0.6544000,0.6012000,0.4041000,0.6211000,0.6569000,0.3135000,0.5647000,0.5369000,0.4424000,0.1626412,0.8413185,0.1768470},
{0.2029008,0.8369897,0.2028045,0.1486206,0.7941287,0.1997072,0.5164156,0.7377252,-0.0546463,0.4210843,0.8967731,0.2073359,0.7711176,0.8272084,0.0577406,0.5781000,0.8184000,0.4497000,0.5980000,0.7244000,0.3804000,0.6510000,0.6007000,0.4029000,0.6179000,0.6561000,0.3122000,0.5647000,0.5369000,0.4424000,0.1548722,0.8414750,0.1754905},
{0.1953061,0.8367209,0.2015626,0.1406144,0.7942289,0.1981127,0.5121064,0.7359514,-0.0570748,0.4136907,0.8954446,0.2071426,0.7681012,0.8253814,0.0552374,0.5729000,0.8163000,0.4485000,0.5940000,0.7233000,0.3789000,0.6477000,0.6002000,0.4018000,0.6148000,0.6552000,0.3108000,0.5647000,0.5369000,0.4424000,0.1473922,0.8415902,0.1740986},
{0.1881707,0.8364327,0.2003185,0.1331530,0.7942867,0.1965377,0.5078860,0.7342068,-0.0594666,0.4065752,0.8941405,0.2069000,0.7651172,0.8235698,0.0527511,0.5677000,0.8143000,0.4473000,0.5900000,0.7223000,0.3773000,0.6444000,0.5996000,0.4006000,0.6118000,0.6543000,0.3093000,0.5647000,0.5369000,0.4424000,0.1402695,0.8416672,0.1726938},
{0.1812357,0.8361190,0.1990363,0.1260408,0.7943092,0.1949551,0.5041085,0.7326392,-0.0616184,0.3996072,0.8928383,0.2066070,0.7623426,0.8218813,0.0504303,0.5626000,0.8123000,0.4459000,0.5860000,0.7212000,0.3757000,0.6410000,0.5989000,0.3994000,0.6086000,0.6534000,0.3079000,0.5647000,0.5369000,0.4424000,0.1335431,0.8417101,0.1712948},
{0.1748165,0.8357985,0.1977844,0.1193075,0.7943007,0.1933825,0.5006863,0.7312138,-0.0635770,0.3930902,0.8915972,0.2062815,0.7593019,0.8200264,0.0478770,0.5576000,0.8102000,0.4446000,0.5822000,0.7202000,0.3742000,0.6376000,0.5984000,0.3982000,0.6055000,0.6525000,0.3064000,0.5647000,0.5369000,0.4424000,0.1270514,0.8417237,0.1698769},
{0.1686084,0.8354607,0.1965132,0.1129839,0.7942658,0.1918385,0.4968605,0.7296146,-0.0657770,0.3867689,0.8903711,0.2059165,0.7565098,0.8183191,0.0455230,0.5526000,0.8080000,0.4432000,0.5784000,0.7193000,0.3724000,0.6342000,0.5978000,0.3970000,0.6025000,0.6515000,0.3049000,0.5647000,0.5369000,0.4424000,0.1208646,0.8417107,0.1684628},
{0.1626862,0.8351124,0.1952441,0.1068347,0.7942064,0.1902737,0.4937066,0.7282916,-0.0675990,0.3806794,0.8891685,0.2055174,0.7539464,0.8167481,0.0433539,0.5479000,0.8060000,0.4416000,0.5746000,0.7184000,0.3708000,0.6309000,0.5972000,0.3957000,0.5992000,0.6505000,0.3034000,0.5647000,0.5369000,0.4424000,0.1150279,0.8416749,0.1670714},
{0.1570894,0.8347595,0.1939933,0.1010093,0.7941267,0.1887327,0.4900417,0.7267489,-0.0697258,0.3749715,0.8880213,0.2050993,0.7512979,0.8151214,0.0411048,0.5432000,0.8041000,0.4401000,0.5710000,0.7175000,0.3690000,0.6274000,0.5966000,0.3944000,0.5960000,0.6496000,0.3019000,0.5647000,0.5369000,0.4424000,0.1094035,0.8416184,0.1656774},
{0.1517868,0.8344035,0.1927613,0.0953944,0.7940278,0.1871923,0.4870157,0.7254708,-0.0714896,0.3695508,0.8869134,0.2046614,0.7489340,0.8136664,0.0390904,0.5386000,0.8023000,0.4385000,0.5674000,0.7166000,0.3673000,0.6241000,0.5961000,0.3931000,0.5929000,0.6487000,0.3004000,0.5647000,0.5369000,0.4424000,0.1040251,0.8415438,0.1642944},
{0.1466163,0.8340359,0.1915155,0.0900392,0.7939129,0.1856719,0.4837211,0.7240749,-0.0734180,0.3644748,0.8858591,0.2042138,0.7463995,0.8121032,0.0369233,0.5341000,0.8007000,0.4369000,0.5639000,0.7159000,0.3654000,0.6208000,0.5954000,0.3918000,0.5897000,0.6478000,0.2989000,0.5648000,0.5369000,0.4424000,0.0989022,0.8414538,0.1629311},
{0.1417183,0.8336685,0.1902940,0.0849505,0.7937849,0.1841801,0.4807736,0.7228219,-0.0751505,0.3596260,0.8848360,0.2037511,0.7439007,0.8105587,0.0347792,0.5298000,0.7992000,0.4352000,0.5604000,0.7151000,0.3638000,0.6175000,0.5949000,0.3905000,0.5867000,0.6470000,0.2973000,0.5648000,0.5369000,0.4424000,0.0939877,0.8413498,0.1615804},
{0.1370129,0.8332979,0.1890821,0.0801072,0.7936456,0.1827167,0.4779680,0.7216257,-0.0768059,0.3549579,0.8838358,0.2032719,0.7417202,0.8092082,0.0329021,0.5255000,0.7978000,0.4334000,0.5569000,0.7143000,0.3620000,0.6142000,0.5944000,0.3891000,0.5837000,0.6462000,0.2958000,0.5648000,0.5369000,0.4424000,0.0893236,0.8412348,0.1602590},
{0.1324871,0.8329247,0.1878803,0.0754042,0.7934938,0.1812545,0.4752181,0.7204499,-0.0784346,0.3503891,0.8828418,0.2027696,0.7390984,0.8075810,0.0306374,0.5213000,0.7965000,0.4317000,0.5535000,0.7135000,0.3603000,0.6110000,0.5939000,0.3878000,0.5808000,0.6455000,0.2942000,0.5648000,0.5369000,0.4424000,0.0849327,0.8411119,0.1589793},
{0.1281498,0.8325515,0.1866948,0.0709459,0.7933346,0.1798301,0.4721564,0.7191369,-0.0802549,0.3460261,0.8818781,0.2022580,0.7371011,0.8063390,0.0289066,0.5172000,0.7953000,0.4300000,0.5503000,0.7127000,0.3585000,0.6079000,0.5934000,0.3864000,0.5780000,0.6448000,0.2926000,0.5648000,0.5369000,0.4424000,0.0806238,0.8409771,0.1576893},
{0.1239146,0.8321721,0.1855047,0.0666390,0.7931664,0.1784182,0.4696115,0.7180422,-0.0817739,0.3417740,0.8809248,0.2017281,0.7345911,0.8047750,0.0267245,0.5134000,0.7940000,0.4283000,0.5470000,0.7119000,0.3568000,0.6049000,0.5929000,0.3850000,0.5754000,0.6441000,0.2910000,0.5648000,0.5369000,0.4424000,0.0764868,0.8408344,0.1564183},
{0.1199427,0.8318027,0.1843590,0.0624954,0.7929910,0.1770259,0.4672817,0.7170376,-0.0831690,0.3376730,0.8799917,0.2011866,0.7325016,0.8034704,0.0249020,0.5095000,0.7928000,0.4266000,0.5437000,0.7112000,0.3550000,0.6019000,0.5923000,0.3836000,0.5728000,0.6435000,0.2894000,0.5648000,0.5369000,0.4424000,0.0724732,0.8406833,0.1551545},
{0.1160491,0.8314275,0.1832077,0.0584554,0.7928069,0.1756358,0.4645670,0.7158638,-0.0848002,0.3337311,0.8790814,0.2006367,0.7304925,0.8022138,0.0231445,0.5057000,0.7918000,0.4249000,0.5406000,0.7103000,0.3534000,0.5990000,0.5917000,0.3823000,0.5704000,0.6428000,0.2879000,0.5648000,0.5369000,0.4424000,0.0687366,0.8405311,0.1539502},
{0.1121912,0.8310428,0.1820389,0.0545678,0.7926174,0.1742673,0.4620858,0.7147880,-0.0862964,0.3299617,0.8781983,0.2000828,0.7282433,0.8008043,0.0211710,0.5021000,0.7907000,0.4232000,0.5375000,0.7095000,0.3517000,0.5960000,0.5913000,0.3810000,0.5679000,0.6422000,0.2863000,0.5648000,0.5369000,0.4424000,0.0650559,0.8403704,0.1527374},
{0.1086541,0.8306786,0.1809424,0.0508081,0.7924223,0.1729145,0.4597257,0.7137621,-0.0877244,0.3264626,0.8773669,0.1995430,0.7262286,0.7995393,0.0193977,0.4985000,0.7896000,0.4216000,0.5344000,0.7088000,0.3500000,0.5932000,0.5908000,0.3795000,0.5656000,0.6417000,0.2848000,0.5648000,0.5369000,0.4424000,0.0614691,0.8402031,0.1515298},
{0.1051851,0.8303106,0.1798435,0.0471809,0.7922230,0.1715815,0.4574508,0.7127708,-0.0891051,0.3230521,0.8765455,0.1989922,0.7243366,0.7983493,0.0177277,0.4951000,0.7887000,0.4199000,0.5315000,0.7081000,0.3484000,0.5904000,0.5904000,0.3782000,0.5634000,0.6411000,0.2832000,0.5649000,0.5369000,0.4424000,0.0580544,0.8400340,0.1503562},
{0.1017677,0.8299375,0.1787379,0.0436004,0.7920153,0.1702385,0.4549843,0.7116932,-0.0906072,0.3197294,0.8757341,0.1984311,0.7225450,0.7972205,0.0161421,0.4918000,0.7877000,0.4182000,0.5287000,0.7074000,0.3468000,0.5878000,0.5899000,0.3768000,0.5610000,0.6406000,0.2817000,0.5649000,0.5368000,0.4424000,0.0547506,0.8398611,0.1491982},
{0.0985160,0.8295724,0.1776643,0.0401558,0.7918051,0.1689205,0.4530876,0.7108627,-0.0917657,0.3166042,0.8749606,0.1978804,0.7204193,0.7958789,0.0142554,0.4886000,0.7867000,0.4166000,0.5260000,0.7066000,0.3451000,0.5850000,0.5895000,0.3754000,0.5588000,0.6400000,0.2801000,0.5649000,0.5368000,0.4424000,0.0515190,0.8396830,0.1480436},
{0.0953004,0.8292017,0.1765816,0.0368869,0.7915961,0.1676457,0.4507045,0.7098167,-0.0932256,0.3135374,0.8741913,0.1973174,0.7191192,0.7950571,0.0130985,0.4855000,0.7859000,0.4151000,0.5233000,0.7060000,0.3435000,0.5825000,0.5890000,0.3741000,0.5566000,0.6394000,0.2786000,0.5649000,0.5368000,0.4424000,0.0483777,0.8395012,0.1469004},
{0.0922363,0.8288394,0.1755301,0.0337409,0.7913858,0.1663965,0.4487571,0.7089599,-0.0944223,0.3106253,0.8734511,0.1967613,0.7171717,0.7938242,0.0113615,0.4824000,0.7849000,0.4136000,0.5207000,0.7053000,0.3419000,0.5801000,0.5885000,0.3728000,0.5545000,0.6388000,0.2772000,0.5649000,0.5368000,0.4424000,0.0453300,0.8393166,0.1457712},
{0.0892844,0.8284818,0.1744986,0.0307544,0.7911780,0.1651899,0.4469248,0.7081522,-0.0955512,0.3078077,0.8727255,0.1962023,0.7154202,0.7927135,0.0097950,0.4795000,0.7840000,0.4121000,0.5182000,0.7046000,0.3403000,0.5777000,0.5881000,0.3714000,0.5524000,0.6383000,0.2757000,0.5649000,0.5368000,0.4424000,0.0423918,0.8391308,0.1446636},
{0.0864044,0.8281246,0.1734744,0.0278791,0.7909702,0.1640090,0.4447669,0.7071988,-0.0968845,0.3050428,0.8720040,0.1956330,0.7139218,0.7917619,0.0084517,0.4766000,0.7831000,0.4105000,0.5157000,0.7039000,0.3387000,0.5754000,0.5877000,0.3700000,0.5503000,0.6378000,0.2742000,0.5649000,0.5368000,0.4424000,0.0395608,0.8389444,0.1435785},
{0.0837305,0.8277857,0.1725076,0.0251338,0.7907645,0.1628634,0.4428532,0.7063514,-0.0980702,0.3023905,0.8713028,0.1950667,0.7122560,0.7907024,0.0069546,0.4737000,0.7824000,0.4089000,0.5132000,0.7033000,0.3372000,0.5732000,0.5873000,0.3687000,0.5484000,0.6373000,0.2727000,0.5649000,0.5368000,0.4424000,0.0368456,0.8387588,0.1425212},
{0.0811471,0.8274515,0.1715587,0.0225174,0.7905619,0.1617551,0.4408272,0.7054523,-0.0993291,0.2997716,0.8706013,0.1944873,0.7107847,0.7897653,0.0056294,0.4710000,0.7816000,0.4073000,0.5109000,0.7025000,0.3356000,0.5710000,0.5870000,0.3673000,0.5465000,0.6367000,0.2713000,0.5649000,0.5368000,0.4424000,0.0342964,0.8385783,0.1415133},
{0.0786463,0.8271214,0.1706261,0.0200711,0.7903665,0.1607039,0.4392462,0.7047494,-0.1003140,0.2973620,0.8699475,0.1939356,0.7092591,0.7887921,0.0042521,0.4684000,0.7808000,0.4058000,0.5086000,0.7019000,0.3342000,0.5689000,0.5866000,0.3660000,0.5447000,0.6362000,0.2699000,0.5649000,0.5368000,0.4424000,0.0318520,0.8383994,0.1405330},
{0.0762741,0.8268024,0.1697286,0.0175663,0.7901603,0.1596125,0.4375625,0.7039994,-0.1013653,0.2950403,0.8693095,0.1933864,0.7078301,0.7878794,0.0029591,0.4659000,0.7801000,0.4043000,0.5064000,0.7013000,0.3328000,0.5670000,0.5863000,0.3647000,0.5430000,0.6358000,0.2685000,0.5650000,0.5368000,0.4424000,0.0294869,0.8382210,0.1395713},
{0.0739584,0.8264852,0.1688401,0.0152047,0.7899603,0.1585693,0.4359100,0.7032619,-0.1023996,0.2927925,0.8686841,0.1928376,0.7063849,0.7869549,0.0016485,0.4635000,0.7794000,0.4028000,0.5043000,0.7007000,0.3313000,0.5650000,0.5859000,0.3635000,0.5413000,0.6353000,0.2672000,0.5650000,0.5368000,0.4424000,0.0272004,0.8380433,0.1386290},
{0.0717211,0.8261734,0.1679700,0.0129308,0.7897623,0.1575516,0.4342043,0.7024992,-0.1034697,0.2907084,0.8680972,0.1923130,0.7049792,0.7860546,0.0003711,0.4611000,0.7788000,0.4013000,0.5023000,0.7001000,0.3299000,0.5631000,0.5856000,0.3623000,0.5398000,0.6349000,0.2659000,0.5650000,0.5368000,0.4424000,0.0250207,0.8378692,0.1377193},
{0.0695168,0.8258610,0.1671013,0.0107169,0.7895646,0.1565482,0.4327213,0.7018349,-0.1044023,0.2887390,0.8675360,0.1918028,0.7037645,0.7852756,-0.0007349,0.4589000,0.7781000,0.3999000,0.5005000,0.6995000,0.3287000,0.5612000,0.5852000,0.3612000,0.5382000,0.6345000,0.2646000,0.5650000,0.5368000,0.4424000,0.0228873,0.8376943,0.1368179},
{0.0674754,0.8255669,0.1662866,0.0086475,0.7893751,0.1555989,0.4312578,0.7011783,-0.1053246,0.2868612,0.8669947,0.1913027,0.7025267,0.7844809,-0.0018641,0.4568000,0.7775000,0.3985000,0.4983000,0.6987000,0.3273000,0.5595000,0.5848000,0.3600000,0.5367000,0.6340000,0.2634000,0.5650000,0.5368000,0.4424000,0.0208335,0.8375215,0.1359396},
{0.0654977,0.8252777,0.1654879,0.0066334,0.7891865,0.1546641,0.4297940,0.7005205,-0.1062489,0.2850273,0.8664601,0.1908009,0.7014978,0.7838196,-0.0028044,0.4547000,0.7769000,0.3973000,0.4968000,0.6986000,0.3258000,0.5579000,0.5845000,0.3590000,0.5352000,0.6336000,0.2622000,0.5650000,0.5368000,0.4424000,0.0188329,0.8373491,0.1350740},
{0.0635606,0.8249901,0.1646963,0.0047001,0.7890013,0.1537568,0.4283468,0.6998690,-0.1071648,0.2832905,0.8659480,0.1903129,0.7003300,0.7830682,-0.0038735,0.4528000,0.7764000,0.3961000,0.4948000,0.6976000,0.3250000,0.5562000,0.5842000,0.3579000,0.5339000,0.6332000,0.2611000,0.5650000,0.5368000,0.4424000,0.0169436,0.8371826,0.1342475},
{0.0617155,0.8247123,0.1639339,0.0028564,0.7888210,0.1528821,0.4270210,0.6992713,-0.1080055,0.2816379,0.8654553,0.1898368,0.6992227,0.7823549,-0.0048888,0.4509000,0.7759000,0.3949000,0.4934000,0.6973000,0.3239000,0.5547000,0.5840000,0.3569000,0.5325000,0.6328000,0.2600000,0.5650000,0.5368000,0.4424000,0.0151019,0.8370166,0.1334332},
{0.0599409,0.8244414,0.1631927,0.0010021,0.7886359,0.1519932,0.4257533,0.6986989,-0.1088109,0.2799776,0.8649549,0.1893462,0.6979721,0.7815484,-0.0060378,0.4491000,0.7754000,0.3938000,0.4918000,0.6969000,0.3227000,0.5531000,0.5837000,0.3558000,0.5312000,0.6325000,0.2590000,0.5650000,0.5368000,0.4424000,0.0133796,0.8368582,0.1326638},
{0.0582502,0.8241800,0.1624791,-0.0007008,0.7884626,0.1511685,0.4246219,0.6981873,-0.1095309,0.2785040,0.8645059,0.1889002,0.6967837,0.7807812,-0.0071316,0.4473000,0.7750000,0.3927000,0.4900000,0.6959000,0.3218000,0.5517000,0.5835000,0.3550000,0.5299000,0.6322000,0.2580000,0.5650000,0.5368000,0.4424000,0.0117851,0.8367088,0.1319447},
{0.0565965,0.8239210,0.1617742,-0.0023534,0.7882913,0.1503604,0.4234190,0.6976427,-0.1102978,0.2770840,0.8640689,0.1884606,0.6959720,0.7802566,-0.0078799,0.4455000,0.7745000,0.3917000,0.4887000,0.6957000,0.3209000,0.5503000,0.5833000,0.3542000,0.5287000,0.6319000,0.2571000,0.5651000,0.5368000,0.4425000,0.0101530,0.8365530,0.1312018},
{0.0550259,0.8236721,0.1610983,-0.0040095,0.7881166,0.1495429,0.4221054,0.6970471,-0.1111368,0.2756851,0.8636339,0.1880178,0.6947637,0.7794749,-0.0089955,0.4439000,0.7741000,0.3907000,0.4873000,0.6957000,0.3195000,0.5489000,0.5831000,0.3533000,0.5275000,0.6315000,0.2563000,0.5651000,0.5368000,0.4425000,0.0085921,0.8364013,0.1304847},
{0.0534525,0.8234198,0.1604148,-0.0055981,0.7879460,0.1487515,0.4209347,0.6965155,-0.1118858,0.2743829,0.8632249,0.1875965,0.6938984,0.7789145,-0.0097958,0.4423000,0.7736000,0.3897000,0.4862000,0.6954000,0.3187000,0.5476000,0.5829000,0.3526000,0.5264000,0.6313000,0.2554000,0.5651000,0.5368000,0.4425000,0.0071060,0.8362544,0.1297960},
{0.0520115,0.8231861,0.1597831,-0.0071125,0.7877808,0.1479902,0.4198638,0.6960287,-0.1125722,0.2730612,0.8628056,0.1871598,0.6930590,0.7783705,-0.0105731,0.4408000,0.7731000,0.3889000,0.4850000,0.6950000,0.3179000,0.5464000,0.5826000,0.3519000,0.5254000,0.6310000,0.2547000,0.5651000,0.5368000,0.4425000,0.0056871,0.8361118,0.1291329},
{0.0505943,0.8229538,0.1591565,-0.0085727,0.7876188,0.1472499,0.4190032,0.6956370,-0.1131246,0.2718342,0.8624125,0.1867457,0.6922392,0.7778387,-0.0113333,0.4393000,0.7728000,0.3881000,0.4850000,0.6950000,0.3179000,0.5453000,0.5825000,0.3513000,0.5244000,0.6307000,0.2540000,0.5651000,0.5368000,0.4425000,0.0042799,0.8359683,0.1284699},
{0.0492504,0.8227313,0.1585574,-0.0099601,0.7874627,0.1465406,0.4177777,0.6950785,-0.1139124,0.2707334,0.8620565,0.1863668,0.6914176,0.7773053,-0.0120961,0.4379000,0.7724000,0.3873000,0.4849000,0.6950000,0.3178000,0.5441000,0.5823000,0.3507000,0.5234000,0.6305000,0.2533000,0.5651000,0.5368000,0.4425000,0.0029332,0.8358288,0.1278303},
{0.0479388,0.8225119,0.1579680,-0.0113696,0.7873017,0.1458142,0.4171746,0.6948034,-0.1143005,0.2696050,0.8616882,0.1859710,0.6905337,0.7767310,-0.0129179,0.4366000,0.7721000,0.3866000,0.4848000,0.6950000,0.3178000,0.5431000,0.5821000,0.3500000,0.5225000,0.6303000,0.2526000,0.5651000,0.5368000,0.4425000,0.0016536,0.8356943,0.1272180},
{0.0466700,0.8222977,0.1573935,-0.0127164,0.7871456,0.1451146,0.4160407,0.6942856,-0.1150314,0.2685409,0.8613377,0.1855907,0.6899058,0.7763227,-0.0135023,0.4354000,0.7719000,0.3859000,0.4847000,0.6950000,0.3177000,0.5421000,0.5819000,0.3495000,0.5217000,0.6302000,0.2521000,0.5651000,0.5368000,0.4425000,0.0003756,0.8355581,0.1266019},
{0.0454263,0.8220857,0.1568260,-0.0140456,0.7869894,0.1444186,0.4152587,0.6939281,-0.1155361,0.2675465,0.8610071,0.1852288,0.6893206,0.7759420,-0.0140476,0.4342000,0.7717000,0.3853000,0.4846000,0.6951000,0.3176000,0.5411000,0.5818000,0.3490000,0.5209000,0.6299000,0.2515000,0.5651000,0.5368000,0.4425000,-0.0008655,0.8354241,0.1259991},
{0.0442863,0.8218897,0.1563021,-0.0153153,0.7868382,0.1437488,0.4143973,0.6935339,-0.1160928,0.2666556,0.8607086,0.1848991,0.6885871,0.7754644,-0.0147317,0.4332000,0.7715000,0.3847000,0.4845000,0.6951000,0.3176000,0.5403000,0.5817000,0.3484000,0.5201000,0.6298000,0.2509000,0.5651000,0.5368000,0.4425000,-0.0020026,0.8352997,0.1254431},
{0.0432275,0.8217061,0.1558123,-0.0165298,0.7866916,0.1431034,0.4139190,0.6933149,-0.1164022,0.2658413,0.8604336,0.1845930,0.6881200,0.7751601,-0.0151678,0.4322000,0.7713000,0.3842000,0.4844000,0.6951000,0.3175000,0.5394000,0.5816000,0.3479000,0.5194000,0.6297000,0.2504000,0.5651000,0.5368000,0.4425000,-0.0031352,0.8351743,0.1248856},
{0.0422181,0.8215298,0.1553423,-0.0176667,0.7865528,0.1424951,0.4130660,0.6929239,-0.1169545,0.2650581,0.8601671,0.1842944,0.6876729,0.7748687,-0.0155856,0.4313000,0.7711000,0.3836000,0.4843000,0.6951000,0.3174000,0.5386000,0.5815000,0.3474000,0.5187000,0.6295000,0.2500000,0.5652000,0.5368000,0.4425000,-0.0040949,0.8350668,0.1244103},
{0.0412503,0.8213595,0.1548891,-0.0187011,0.7864250,0.1419381,0.4124701,0.6926505,-0.1173408,0.2643130,0.8599118,0.1840062,0.6872476,0.7745914,-0.0159832,0.4304000,0.7709000,0.3831000,0.4842000,0.6951000,0.3174000,0.5379000,0.5814000,0.3470000,0.5181000,0.6295000,0.2494000,0.5652000,0.5368000,0.4425000,-0.0050532,0.8349584,0.1239330},
{0.0403875,0.8212066,0.1544828,-0.0196349,0.7863086,0.1414323,0.4117304,0.6923110,-0.1178207,0.2636147,0.8596708,0.1837325,0.6867470,0.7742648,-0.0164516,0.4295000,0.7707000,0.3826000,0.4841000,0.6951000,0.3173000,0.5372000,0.5813000,0.3466000,0.5176000,0.6294000,0.2490000,0.5652000,0.5368000,0.4425000,-0.0058859,0.8348634,0.1235161},
{0.0395642,0.8210598,0.1540931,-0.0204459,0.7862065,0.1409908,0.4111409,0.6920402,-0.1182037,0.2629466,0.8594388,0.1834672,0.6860001,0.7737773,-0.0171511,0.4287000,0.7705000,0.3821000,0.4840000,0.6951000,0.3173000,0.5366000,0.5812000,0.3461000,0.5170000,0.6293000,0.2485000,0.5652000,0.5368000,0.4425000,-0.0066786,0.8347721,0.1231174},
{0.0389020,0.8209411,0.1537783,-0.0209943,0.7861370,0.1406910,0.4104435,0.6917195,-0.1186571,0.2623273,0.8592223,0.1832182,0.6856292,0.7735350,-0.0174987,0.4280000,0.7703000,0.3816000,0.4839000,0.6951000,0.3172000,0.5360000,0.5812000,0.3458000,0.5165000,0.6292000,0.2481000,0.5652000,0.5368000,0.4425000,-0.0072621,0.8347044,0.1228227},
{0.0382441,0.8208226,0.1534642,-0.0214700,0.7860763,0.1404302,0.4099707,0.6915020,-0.1189648,0.2617338,0.8590136,0.1829768,0.6854129,0.7733937,-0.0177016,0.4273000,0.7702000,0.3811000,0.4838000,0.6952000,0.3171000,0.5353000,0.5811000,0.3454000,0.5161000,0.6291000,0.2477000,0.5652000,0.5368000,0.4425000,-0.0078142,0.8346399,0.1225429},
{0.0376945,0.8207231,0.1532009,-0.0219919,0.7860095,0.1401432,0.4094176,0.6912474,-0.1193249,0.2612661,0.8588482,0.1827846,0.6846113,0.7728697,-0.0184540,0.4266000,0.7701000,0.3807000,0.4837000,0.6952000,0.3171000,0.5349000,0.5811000,0.3450000,0.5157000,0.6291000,0.2474000,0.5652000,0.5368000,0.4425000,-0.0083440,0.8345778,0.1222736},
{0.0370698,0.8206095,0.1529005,-0.0224804,0.7859466,0.1398738,0.4094176,0.6912474,-0.1193249,0.2608214,0.8586902,0.1826002,0.6846056,0.7728660,-0.0184594,0.4260000,0.7700000,0.3802000,0.4836000,0.6952000,0.3170000,0.5343000,0.5811000,0.3447000,0.5153000,0.6291000,0.2469000,0.5652000,0.5368000,0.4425000,-0.0088558,0.8345174,0.1220126},
{0.0365473,0.8205142,0.1526484,-0.0229762,0.7858825,0.1395995,0.4089942,0.6910523,-0.1196009,0.2603612,0.8585259,0.1824076,0.6837378,0.7722982,-0.0192750,0.4254000,0.7699000,0.3798000,0.4835000,0.6952000,0.3169000,0.5339000,0.5811000,0.3443000,0.5149000,0.6291000,0.2465000,0.5652000,0.5368000,0.4425000,-0.0094288,0.8344494,0.1217195},
{0.0360189,0.8204173,0.1523926,-0.0234903,0.7858156,0.1393143,0.4083822,0.6907702,-0.1200000,0.2599141,0.8583655,0.1822188,0.6836712,0.7722546,-0.0193377,0.4249000,0.7698000,0.3794000,0.4834000,0.6952000,0.3169000,0.5336000,0.5810000,0.3441000,0.5146000,0.6290000,0.2462000,0.5652000,0.5368000,0.4425000,-0.0099111,0.8343918,0.1214720},
{0.0354838,0.8203189,0.1521327,-0.0239062,0.7857613,0.1390829,0.4078641,0.6905312,-0.1203382,0.2595069,0.8582188,0.1820454,0.6836317,0.7722288,-0.0193748,0.4244000,0.7697000,0.3790000,0.4833000,0.6952000,0.3168000,0.5332000,0.5811000,0.3437000,0.5143000,0.6290000,0.2460000,0.5653000,0.5368000,0.4425000,-0.0103447,0.8343398,0.1212489},
{0.0351005,0.8202481,0.1519460,-0.0242604,0.7857148,0.1388854,0.4075815,0.6904008,-0.1205228,0.2590808,0.8580645,0.1818623,0.6831038,0.7718831,-0.0198716,0.4240000,0.7697000,0.3788000,0.4832000,0.6952000,0.3167000,0.5328000,0.5811000,0.3434000,0.5140000,0.6290000,0.2457000,0.5653000,0.5368000,0.4425000,-0.0106737,0.8343002,0.1210792},
{0.0347367,0.8201808,0.1517685,-0.0245251,0.7856800,0.1387375,0.4075570,0.6903895,-0.1205388,0.2587871,0.8579577,0.1817352,0.6828688,0.7717292,-0.0200929,0.4237000,0.7696000,0.3785000,0.4831000,0.6952000,0.3167000,0.5325000,0.5811000,0.3432000,0.5137000,0.6289000,0.2454000,0.5653000,0.5368000,0.4425000,-0.0110046,0.8342602,0.1209082},
{0.0345025,0.8201373,0.1516539,-0.0247608,0.7856489,0.1386056,0.4071223,0.6901888,-0.1208229,0.2585437,0.8578690,0.1816293,0.6828688,0.7717292,-0.0200929,0.4234000,0.7697000,0.3783000,0.4830000,0.6953000,0.3166000,0.5322000,0.5811000,0.3431000,0.5135000,0.6289000,0.2451000,0.5653000,0.5368000,0.4425000,-0.0111399,0.8342439,0.1208382},
{0.0343020,0.8201001,0.1515558,-0.0249215,0.7856276,0.1385156,0.4071223,0.6901888,-0.1208229,0.2583500,0.8577982,0.1815446,0.6828688,0.7717292,-0.0200929,0.4233000,0.7697000,0.3782000,0.4829000,0.6953000,0.3166000,0.5320000,0.5811000,0.3429000,0.5133000,0.6288000,0.2450000,0.5653000,0.5368000,0.4425000,-0.0112694,0.8342282,0.1207712}
};
