fitErrPi Mean = 0.318282
fitErrTh Mean = 0.319445
fitErrWr Mean = 0.306201
fitErrLA Mean = 0.212719
fitErrEl Mean = 0.116013
fitErrUA Mean = 0.16341
efPts = {
{0.6218547,0.7946464,0.0459988,0.5828886,0.7650690,0.0326807,0.6351399,0.8837514,0.1714901,0.6615894,1.0043334,0.2318358,0.7309689,0.9147467,0.3694551,0.6550000,0.8493000,0.4745000,0.6400000,0.6848000,0.3602000,0.6838000,0.6199000,0.2774000,0.6946000,0.5724000,0.3885000,0.7787000,0.4906000,0.5296000,0.3182822,-0.0000000,-0.0000000},
{0.6207634,0.7936861,0.0448978,0.5817448,0.7642167,0.0314614,0.6343204,0.8818165,0.1713554,0.6598816,1.0018574,0.2323574,0.7306769,0.9137038,0.3697470,0.6536000,0.8487000,0.4744000,0.6390000,0.6843000,0.3600000,0.6830000,0.6195000,0.2773000,0.6937000,0.5721000,0.3884000,0.7778000,0.4907000,0.5297000,0.3182822,-0.0000000,-0.0000000},
{0.6192955,0.7923930,0.0434128,0.5806388,0.7633918,0.0302797,0.6334019,0.8796362,0.1712025,0.6581811,0.9993671,0.2328847,0.7304206,0.9127840,0.3700047,0.6523000,0.8482000,0.4742000,0.6381000,0.6837000,0.3597000,0.6825000,0.6191000,0.2771000,0.6930000,0.5718000,0.3882000,0.7770000,0.4907000,0.5298000,0.3182822,-0.0000000,-0.0000000},
{0.6179668,0.7912209,0.0420646,0.5793119,0.7624010,0.0288584,0.6324734,0.8774194,0.1710456,0.6564526,0.9968105,0.2334291,0.7300925,0.9115998,0.3703370,0.6509000,0.8476000,0.4740000,0.6370000,0.6832000,0.3595000,0.6818000,0.6187000,0.2769000,0.6922000,0.5715000,0.3882000,0.7762000,0.4907000,0.5299000,0.3182822,-0.0000000,-0.0000000},
{0.6164349,0.7898678,0.0405054,0.5779870,0.7614107,0.0274355,0.6314686,0.8750057,0.1708733,0.6546968,0.9941863,0.2339909,0.7297506,0.9103581,0.3706858,0.6496000,0.8470000,0.4739000,0.6360000,0.6826000,0.3592000,0.6812000,0.6182000,0.2769000,0.6915000,0.5712000,0.3881000,0.7754000,0.4906000,0.5300000,0.3182822,-0.0000000,-0.0000000},
{0.6147757,0.7884001,0.0388110,0.5764918,0.7602916,0.0258249,0.6303753,0.8723616,0.1706828,0.6529518,0.9915510,0.2345581,0.7294046,0.9090930,0.3710416,0.6482000,0.8464000,0.4737000,0.6350000,0.6820000,0.3590000,0.6806000,0.6178000,0.2768000,0.6908000,0.5709000,0.3880000,0.7746000,0.4906000,0.5301000,0.3182822,-0.0000000,-0.0000000},
{0.6130564,0.7868767,0.0370488,0.5748666,0.7590736,0.0240687,0.6292504,0.8696219,0.1704833,0.6507740,0.9882232,0.2352787,0.7290364,0.9077377,0.3714235,0.6469000,0.8457000,0.4735000,0.6340000,0.6814000,0.3589000,0.6800000,0.6173000,0.2766000,0.6901000,0.5705000,0.3880000,0.7738000,0.4906000,0.5303000,0.3182822,-0.0000000,-0.0000000},
{0.6112382,0.7852631,0.0351782,0.5733351,0.7579243,0.0224084,0.6280430,0.8666585,0.1702653,0.6485807,0.9848271,0.2360189,0.7286568,0.9063305,0.3718205,0.6455000,0.8451000,0.4733000,0.6330000,0.6807000,0.3585000,0.6793000,0.6169000,0.2765000,0.6895000,0.5702000,0.3879000,0.7731000,0.4905000,0.5304000,0.3182822,-0.0000000,-0.0000000},
{0.6093632,0.7835962,0.0332416,0.5715339,0.7565706,0.0204491,0.6267727,0.8635158,0.1700315,0.6466528,0.9818040,0.2366819,0.7282627,0.9048583,0.3722365,0.6440000,0.8444000,0.4730000,0.6321000,0.6801000,0.3583000,0.6787000,0.6165000,0.2763000,0.6888000,0.5699000,0.3878000,0.7723000,0.4905000,0.5305000,0.3182822,-0.0000000,-0.0000000},
{0.6074909,0.7819287,0.0313000,0.5698247,0.7552840,0.0185831,0.6254788,0.8602872,0.1697887,0.6445158,0.9784106,0.2374307,0.7278778,0.9034090,0.3726468,0.6425000,0.8437000,0.4727000,0.6311000,0.6794000,0.3580000,0.6781000,0.6160000,0.2761000,0.6881000,0.5696000,0.3877000,0.7716000,0.4905000,0.5305000,0.3182822,-0.0000000,-0.0000000},
{0.6054556,0.7801127,0.0291805,0.5679553,0.7538746,0.0165347,0.6241915,0.8570472,0.1695422,0.6423196,0.9748761,0.2382156,0.7274314,0.9017143,0.3731273,0.6410000,0.8430000,0.4725000,0.6301000,0.6788000,0.3577000,0.6775000,0.6155000,0.2760000,0.6875000,0.5693000,0.3876000,0.7709000,0.4905000,0.5306000,0.3182822,-0.0000000,-0.0000000},
{0.6033725,0.7782504,0.0270017,0.5660774,0.7524565,0.0144691,0.6228191,0.8535619,0.1692739,0.6400311,0.9711404,0.2390505,0.7269738,0.8999608,0.3736254,0.6395000,0.8423000,0.4722000,0.6302000,0.6783000,0.3576000,0.6769000,0.6150000,0.2759000,0.6869000,0.5689000,0.3874000,0.7702000,0.4905000,0.5307000,0.3182822,-0.0000000,-0.0000000},
{0.6010929,0.7762081,0.0246061,0.5640674,0.7509361,0.0122493,0.6214148,0.8499616,0.1689935,0.6377107,0.9672966,0.2399154,0.7265425,0.8982931,0.3741000,0.6380000,0.8415000,0.4719000,0.6294000,0.6777000,0.3573000,0.6764000,0.6145000,0.2756000,0.6862000,0.5686000,0.3873000,0.7696000,0.4905000,0.5308000,0.3182822,-0.0000000,-0.0000000},
{0.5987641,0.7741170,0.0221466,0.5619661,0.7493436,0.0099189,0.6200276,0.8463705,0.1687105,0.6353395,0.9633087,0.2408187,0.7260789,0.8964837,0.3746159,0.6364000,0.8407000,0.4716000,0.6285000,0.6769000,0.3569000,0.6758000,0.6140000,0.2755000,0.6856000,0.5682000,0.3873000,0.7689000,0.4905000,0.5310000,0.3182822,-0.0000000,-0.0000000},
{0.5962748,0.7718767,0.0195039,0.5597240,0.7476411,0.0074211,0.6185240,0.8424384,0.1683968,0.6329514,0.9592292,0.2417491,0.7255941,0.8945721,0.3751620,0.6348000,0.8398000,0.4713000,0.6277000,0.6762000,0.3565000,0.6753000,0.6135000,0.2753000,0.6850000,0.5679000,0.3872000,0.7684000,0.4905000,0.5310000,0.3182822,-0.0000000,-0.0000000},
{0.5938661,0.7697037,0.0169332,0.5575008,0.7459496,0.0049329,0.6170572,0.8385617,0.1680837,0.6305370,0.9550387,0.2427112,0.7250961,0.8925876,0.3757302,0.6332000,0.8389000,0.4711000,0.6269000,0.6755000,0.3562000,0.6748000,0.6130000,0.2752000,0.6844000,0.5676000,0.3871000,0.7678000,0.4905000,0.5311000,0.3182822,-0.0000000,-0.0000000},
{0.5911929,0.7672862,0.0140645,0.5551791,0.7441796,0.0023223,0.6155064,0.8344180,0.1677448,0.6281040,0.9507460,0.2437035,0.7245940,0.8905642,0.3763106,0.6316000,0.8379000,0.4708000,0.6261000,0.6747000,0.3559000,0.6743000,0.6125000,0.2751000,0.6839000,0.5672000,0.3870000,0.7672000,0.4905000,0.5313000,0.3182822,-0.0000000,-0.0000000},
{0.5886476,0.7649783,0.0113174,0.5527308,0.7423091,-0.0004443,0.6139864,0.8303109,0.1674046,0.6256664,0.9463729,0.2447213,0.7240721,0.8884371,0.3769222,0.6300000,0.8370000,0.4706000,0.6252000,0.6740000,0.3556000,0.6738000,0.6120000,0.2750000,0.6834000,0.5670000,0.3870000,0.7667000,0.4905000,0.5314000,0.3182822,-0.0000000,-0.0000000},
{0.5859321,0.7625098,0.0083699,0.5501423,0.7403268,-0.0033847,0.6124205,0.8260308,0.1670456,0.6232380,0.9419418,0.2457595,0.7235450,0.8862624,0.3775488,0.6285000,0.8360000,0.4704000,0.6243000,0.6731000,0.3554000,0.6733000,0.6116000,0.2749000,0.6828000,0.5667000,0.3869000,0.7661000,0.4906000,0.5315000,0.3182822,-0.0000000,-0.0000000},
{0.5832592,0.7600733,0.0054512,0.5477212,0.7384686,-0.0061493,0.6108766,0.8217607,0.1666830,0.6207529,0.9373274,0.2468479,0.7229787,0.8838961,0.3782323,0.6270000,0.8349000,0.4703000,0.6235000,0.6723000,0.3552000,0.6727000,0.6111000,0.2747000,0.6823000,0.5664000,0.3868000,0.7656000,0.4906000,0.5316000,0.3182822,-0.0000000,-0.0000000},
{0.5805121,0.7575624,0.0024337,0.5451004,0.7364524,-0.0091576,0.6093256,0.8174195,0.1663097,0.6183759,0.9328354,0.2479145,0.7224239,0.8815469,0.3789125,0.6255000,0.8339000,0.4701000,0.6226000,0.6715000,0.3551000,0.6722000,0.6107000,0.2747000,0.6818000,0.5661000,0.3868000,0.7651000,0.4907000,0.5317000,0.3182822,-0.0000000,-0.0000000},
{0.5778468,0.7551197,-0.0005114,0.5425432,0.7344804,-0.0121088,0.6077911,0.8130725,0.1659312,0.6159339,0.9281377,0.2490373,0.7219027,0.8793104,0.3795615,0.6241000,0.8328000,0.4700000,0.6218000,0.6707000,0.3549000,0.6716000,0.6103000,0.2746000,0.6813000,0.5658000,0.3867000,0.7646000,0.4907000,0.5317000,0.3182822,-0.0000000,-0.0000000},
{0.5751480,0.7526393,-0.0035115,0.5399631,0.7324861,-0.0151025,0.6062220,0.8085718,0.1655346,0.6135682,0.9235040,0.2501520,0.7213409,0.8768670,0.3802723,0.6227000,0.8317000,0.4699000,0.6210000,0.6699000,0.3548000,0.6710000,0.6098000,0.2745000,0.6808000,0.5655000,0.3866000,0.7642000,0.4908000,0.5318000,0.3182822,-0.0000000,-0.0000000},
{0.5724446,0.7501479,-0.0065348,0.5373718,0.7304783,-0.0181256,0.6047610,0.8043292,0.1651562,0.6112809,0.9189428,0.2512561,0.7208181,0.8745614,0.3809446,0.6214000,0.8307000,0.4698000,0.6201000,0.6691000,0.3547000,0.6704000,0.6095000,0.2744000,0.6804000,0.5653000,0.3866000,0.7638000,0.4908000,0.5319000,0.3182822,-0.0000000,-0.0000000},
{0.5698278,0.7477296,-0.0094788,0.5348518,0.7285211,-0.0210813,0.6032418,0.7998628,0.1647532,0.6090026,0.9143172,0.2523827,0.7202598,0.8720639,0.3816746,0.6200000,0.8296000,0.4698000,0.6191000,0.6684000,0.3547000,0.6698000,0.6090000,0.2743000,0.6799000,0.5650000,0.3866000,0.7633000,0.4909000,0.5320000,0.3182822,-0.0000000,-0.0000000},
{0.5671621,0.7452593,-0.0124956,0.5323320,0.7265593,-0.0240526,0.6017851,0.7955261,0.1643573,0.6067653,0.9096921,0.2535160,0.7197151,0.8695910,0.3823992,0.6187000,0.8287000,0.4697000,0.6182000,0.6677000,0.3547000,0.6692000,0.6086000,0.2742000,0.6794000,0.5649000,0.3865000,0.7629000,0.4910000,0.5321000,0.3182822,-0.0000000,-0.0000000},
{0.5647187,0.7429889,-0.0152769,0.5299479,0.7246989,-0.0268786,0.6003259,0.7911269,0.1639511,0.6046152,0.9051661,0.2546316,0.7192081,0.8672560,0.3830850,0.6173000,0.8277000,0.4695000,0.6172000,0.6668000,0.3546000,0.6687000,0.6083000,0.2741000,0.6789000,0.5646000,0.3865000,0.7625000,0.4911000,0.5321000,0.3182822,-0.0000000,-0.0000000},
{0.5620482,0.7405007,-0.0183344,0.5273792,0.7226896,-0.0299395,0.5989218,0.7868404,0.1635509,0.6025078,0.9006502,0.2557510,0.7186798,0.8647862,0.3838121,0.6158000,0.8267000,0.4694000,0.6164000,0.6661000,0.3545000,0.6681000,0.6078000,0.2739000,0.6786000,0.5643000,0.3863000,0.7621000,0.4913000,0.5322000,0.3182822,-0.0000000,-0.0000000},
{0.5596818,0.7382899,-0.0210595,0.5251169,0.7209159,-0.0326492,0.5975868,0.7827142,0.1631617,0.6004463,0.8961524,0.2568721,0.7181413,0.8622302,0.3845664,0.6144000,0.8256000,0.4693000,0.6155000,0.6653000,0.3544000,0.6676000,0.6074000,0.2738000,0.6781000,0.5640000,0.3863000,0.7618000,0.4913000,0.5323000,0.3182822,-0.0000000,-0.0000000},
{0.5575284,0.7362732,-0.0235522,0.5228776,0.7191564,-0.0353443,0.5962362,0.7784884,0.1627589,0.5984650,0.8917520,0.2579750,0.7176359,0.8597931,0.3852874,0.6130000,0.8246000,0.4692000,0.6147000,0.6645000,0.3543000,0.6671000,0.6070000,0.2737000,0.6777000,0.5638000,0.3861000,0.7614000,0.4914000,0.5323000,0.3182822,-0.0000000,-0.0000000},
{0.5552694,0.7341525,-0.0261804,0.5206316,0.7173878,-0.0380606,0.5949401,0.7743827,0.1623635,0.5965060,0.8873231,0.2590908,0.7171058,0.8571959,0.3860577,0.6116000,0.8235000,0.4690000,0.6139000,0.6639000,0.3542000,0.6666000,0.6066000,0.2735000,0.6774000,0.5636000,0.3860000,0.7611000,0.4915000,0.5323000,0.3182822,-0.0000000,-0.0000000},
{0.5531584,0.7321659,-0.0286490,0.5187216,0.7158807,-0.0403809,0.5937262,0.7704913,0.1619852,0.5947080,0.8831867,0.2601382,0.7166179,0.8547666,0.3867798,0.6102000,0.8224000,0.4689000,0.6132000,0.6632000,0.3540000,0.6661000,0.6062000,0.2733000,0.6769000,0.5633000,0.3859000,0.7607000,0.4916000,0.5323000,0.3182822,-0.0000000,-0.0000000},
{0.5511869,0.7303064,-0.0309655,0.5168253,0.7143816,-0.0426941,0.5925336,0.7666229,0.1616057,0.5929688,0.8791182,0.2611734,0.7161046,0.8521693,0.3875538,0.6087000,0.8214000,0.4687000,0.6125000,0.6625000,0.3538000,0.6655000,0.6057000,0.2731000,0.6766000,0.5631000,0.3857000,0.7604000,0.4916000,0.5323000,0.3182822,-0.0000000,-0.0000000},
{0.5493274,0.7285488,-0.0331603,0.5148885,0.7128476,-0.0450666,0.5914021,0.7629105,0.1612382,0.5912715,0.8750806,0.2622054,0.7156493,0.8498274,0.3882533,0.6073000,0.8203000,0.4686000,0.6118000,0.6619000,0.3537000,0.6650000,0.6053000,0.2729000,0.6762000,0.5628000,0.3856000,0.7602000,0.4917000,0.5323000,0.3182822,-0.0000000,-0.0000000},
{0.5472017,0.7265351,-0.0356811,0.5129400,0.7113013,-0.0474635,0.5902917,0.7592260,0.1608703,0.5896508,0.8711611,0.2632118,0.7151883,0.8474183,0.3889746,0.6058000,0.8191000,0.4684000,0.6112000,0.6611000,0.3535000,0.6644000,0.6048000,0.2728000,0.6759000,0.5626000,0.3855000,0.7598000,0.4918000,0.5322000,0.3182822,-0.0000000,-0.0000000},
{0.5456259,0.7250392,-0.0375579,0.5111361,0.7098670,-0.0496918,0.5892586,0.7557596,0.1605214,0.5880789,0.8672974,0.2642081,0.7147581,0.8451342,0.3896598,0.6044000,0.8180000,0.4683000,0.6105000,0.6603000,0.3534000,0.6639000,0.6044000,0.2726000,0.6756000,0.5623000,0.3854000,0.7595000,0.4919000,0.5322000,0.3182822,-0.0000000,-0.0000000},
{0.5437020,0.7232091,-0.0398591,0.5093673,0.7084582,-0.0518852,0.5881984,0.7521633,0.1601565,0.5865715,0.8635320,0.2651832,0.7143450,0.8429063,0.3903297,0.6031000,0.8170000,0.4682000,0.6098000,0.6596000,0.3533000,0.6635000,0.6040000,0.2724000,0.6752000,0.5620000,0.3852000,0.7593000,0.4919000,0.5324000,0.3182822,-0.0000000,-0.0000000},
{0.5418813,0.7214735,-0.0420466,0.5077192,0.7071431,-0.0539368,0.5871840,0.7486839,0.1598007,0.5851731,0.8599842,0.2661056,0.7139668,0.8408366,0.3909532,0.6018000,0.8159000,0.4681000,0.6091000,0.6587000,0.3531000,0.6629000,0.6036000,0.2723000,0.6749000,0.5617000,0.3851000,0.7590000,0.4920000,0.5324000,0.3182822,-0.0000000,-0.0000000},
{0.5401681,0.7198371,-0.0441137,0.5059470,0.7057267,-0.0561511,0.5862768,0.7455393,0.1594767,0.5837422,0.8562969,0.2670680,0.7135890,0.8387383,0.3915866,0.6005000,0.8149000,0.4680000,0.6083000,0.6580000,0.3530000,0.6624000,0.6033000,0.2721000,0.6746000,0.5615000,0.3850000,0.7585000,0.4921000,0.5322000,0.3182822,-0.0000000,-0.0000000},
{0.5385273,0.7182667,-0.0461015,0.5042810,0.7043926,-0.0582409,0.5853143,0.7421685,0.1591270,0.5824392,0.8528874,0.2679612,0.7132204,0.8366600,0.3922151,0.5993000,0.8139000,0.4679000,0.6076000,0.6572000,0.3529000,0.6618000,0.6029000,0.2720000,0.6742000,0.5613000,0.3849000,0.7583000,0.4921000,0.5324000,0.3182822,-0.0000000,-0.0000000},
{0.5367619,0.7165736,-0.0482492,0.5024428,0.7029181,-0.0605555,0.5843992,0.7389293,0.1587885,0.5811925,0.8495770,0.2688316,0.7128709,0.8346603,0.3928211,0.5982000,0.8129000,0.4679000,0.6069000,0.6565000,0.3528000,0.6613000,0.6026000,0.2719000,0.6738000,0.5611000,0.3847000,0.7580000,0.4922000,0.5324000,0.3182822,-0.0000000,-0.0000000},
{0.5351816,0.7150551,-0.0501796,0.5008937,0.7016733,-0.0625136,0.5836026,0.7360817,0.1584890,0.5799218,0.8461525,0.2697351,0.7125293,0.8326776,0.3934229,0.5970000,0.8120000,0.4679000,0.6061000,0.6559000,0.3528000,0.6608000,0.6022000,0.2717000,0.6734000,0.5608000,0.3847000,0.7576000,0.4923000,0.5324000,0.3182822,-0.0000000,-0.0000000},
{0.5332321,0.7131778,-0.0525714,0.4991251,0.7002496,-0.0647576,0.5828219,0.7332648,0.1581908,0.5787077,0.8428311,0.2706145,0.7121948,0.8307071,0.3940222,0.5959000,0.8110000,0.4679000,0.6053000,0.6552000,0.3528000,0.6602000,0.6018000,0.2716000,0.6730000,0.5607000,0.3846000,0.7573000,0.4923000,0.5325000,0.3182822,-0.0000000,-0.0000000},
{0.5316512,0.7116523,-0.0545195,0.4974754,0.6989193,-0.0668587,0.5820147,0.7303247,0.1578778,0.5775956,0.8397448,0.2714344,0.7118937,0.8289078,0.3945703,0.5949000,0.8101000,0.4679000,0.6046000,0.6545000,0.3528000,0.6597000,0.6015000,0.2714000,0.6726000,0.5605000,0.3846000,0.7570000,0.4924000,0.5325000,0.3182822,-0.0000000,-0.0000000},
{0.5299262,0.7099843,-0.0566539,0.4956490,0.6974437,-0.0691942,0.5812114,0.7273704,0.1575613,0.5764886,0.8366290,0.2722646,0.7115991,0.8271233,0.3951148,0.5938000,0.8092000,0.4680000,0.6038000,0.6539000,0.3528000,0.6590000,0.6011000,0.2714000,0.6723000,0.5603000,0.3846000,0.7567000,0.4924000,0.5326000,0.3182822,-0.0000000,-0.0000000},
{0.5283688,0.7084754,-0.0585888,0.4941585,0.6962374,-0.0711074,0.5804634,0.7245926,0.1572619,0.5754247,0.8335922,0.2730764,0.7113015,0.8252952,0.3956736,0.5928000,0.8083000,0.4680000,0.6031000,0.6532000,0.3527000,0.6585000,0.6007000,0.2713000,0.6719000,0.5599000,0.3846000,0.7564000,0.4925000,0.5326000,0.3182822,-0.0000000,-0.0000000},
{0.5266782,0.7068341,-0.0606980,0.4923613,0.6947802,-0.0734229,0.5797876,0.7220608,0.1569876,0.5744374,0.8307356,0.2738422,0.7110116,0.8234893,0.3962264,0.5918000,0.8073000,0.4681000,0.6025000,0.6525000,0.3528000,0.6580000,0.6002000,0.2712000,0.6717000,0.5597000,0.3845000,0.7561000,0.4925000,0.5326000,0.3182822,-0.0000000,-0.0000000},
{0.5250621,0.7052619,-0.0627226,0.4905416,0.6933019,-0.0757773,0.5792304,0.7199565,0.1567584,0.5735274,0.8280684,0.2745593,0.7107607,0.8219048,0.3967122,0.5908000,0.8065000,0.4682000,0.6020000,0.6520000,0.3528000,0.6573000,0.5996000,0.2711000,0.6713000,0.5594000,0.3844000,0.7559000,0.4925000,0.5327000,0.3182822,-0.0000000,-0.0000000},
{0.5235336,0.7037721,-0.0646452,0.4887973,0.6918822,-0.0780434,0.5786756,0.7178464,0.1565277,0.5726610,0.8254977,0.2752521,0.7105264,0.8204073,0.3971720,0.5898000,0.8056000,0.4682000,0.6016000,0.6514000,0.3528000,0.6569000,0.5991000,0.2710000,0.6711000,0.5591000,0.3844000,0.7556000,0.4924000,0.5327000,0.3182822,-0.0000000,-0.0000000},
{0.5220383,0.7023117,-0.0665334,0.4870472,0.6904550,-0.0803262,0.5781269,0.7157442,0.1562968,0.5718558,0.8230802,0.2759053,0.7102871,0.8188586,0.3976482,0.5889000,0.8049000,0.4682000,0.6011000,0.6508000,0.3528000,0.6564000,0.5986000,0.2709000,0.6707000,0.5588000,0.3843000,0.7554000,0.4924000,0.5327000,0.3182822,-0.0000000,-0.0000000},
{0.5203447,0.7006544,-0.0686808,0.4851504,0.6889050,-0.0828111,0.5775315,0.7134456,0.1560432,0.5711439,0.8209192,0.2764905,0.7100632,0.8173911,0.3981000,0.5881000,0.8041000,0.4683000,0.6008000,0.6502000,0.3529000,0.6558000,0.5981000,0.2708000,0.6705000,0.5585000,0.3842000,0.7552000,0.4924000,0.5327000,0.3182822,-0.0000000,-0.0000000},
{0.5188224,0.6991616,-0.0706191,0.4831098,0.6872339,-0.0854968,0.5771269,0.7118730,0.1558691,0.5704465,0.8187805,0.2770708,0.7098636,0.8160678,0.3985079,0.5872000,0.8033000,0.4683000,0.6005000,0.6497000,0.3529000,0.6556000,0.5978000,0.2707000,0.6703000,0.5582000,0.3842000,0.7550000,0.4923000,0.5327000,0.3182822,-0.0000000,-0.0000000},
{0.5171659,0.6975338,-0.0727370,0.4810311,0.6855275,-0.0882461,0.5766856,0.7101478,0.1556774,0.5697992,0.8167750,0.2776161,0.7096965,0.8149485,0.3988534,0.5864000,0.8026000,0.4683000,0.6001000,0.6491000,0.3529000,0.6552000,0.5974000,0.2706000,0.6700000,0.5579000,0.3841000,0.7548000,0.4922000,0.5327000,0.3182822,-0.0000000,-0.0000000},
{0.5157121,0.6961023,-0.0746035,0.4787729,0.6836693,-0.0912481,0.5762987,0.7086271,0.1555079,0.5692088,0.8149288,0.2781191,0.7095095,0.8136835,0.3992442,0.5857000,0.8019000,0.4684000,0.5999000,0.6487000,0.3529000,0.6549000,0.5971000,0.2706000,0.6699000,0.5577000,0.3840000,0.7546000,0.4921000,0.5327000,0.3182822,-0.0000000,-0.0000000},
{0.5140971,0.6945089,-0.0766852,0.4768351,0.6820709,-0.0938372,0.5759284,0.7071635,0.1553442,0.5686896,0.8132910,0.2785660,0.7093517,0.8126048,0.3995778,0.5850000,0.8011000,0.4684000,0.5996000,0.6482000,0.3528000,0.6547000,0.5969000,0.2705000,0.6696000,0.5573000,0.3839000,0.7544000,0.4920000,0.5327000,0.3182822,-0.0000000,-0.0000000},
{0.5129180,0.6933435,-0.0782108,0.4757205,0.6811500,-0.0953320,0.5755613,0.7057052,0.1551807,0.5681920,0.8117090,0.2789983,0.7091943,0.8115190,0.3999139,0.5843000,0.8005000,0.4684000,0.5994000,0.6477000,0.3527000,0.6543000,0.5965000,0.2704000,0.6694000,0.5571000,0.3839000,0.7543000,0.4918000,0.5326000,0.3182822,-0.0000000,-0.0000000},
{0.5121424,0.6925757,-0.0792171,0.4750942,0.6806319,-0.0961737,0.5752676,0.7045326,0.1550489,0.5677696,0.8103560,0.2793685,0.7090676,0.8106376,0.4001870,0.5836000,0.7998000,0.4684000,0.5990000,0.6471000,0.3526000,0.6541000,0.5963000,0.2704000,0.6693000,0.5568000,0.3838000,0.7541000,0.4917000,0.5326000,0.3182822,-0.0000000,-0.0000000},
{0.5112997,0.6917408,-0.0803126,0.4743575,0.6800220,-0.0971654,0.5750325,0.7035910,0.1549428,0.5674166,0.8092185,0.2796802,0.7089429,0.8097639,0.4004579,0.5829000,0.7991000,0.4683000,0.5988000,0.6467000,0.3524000,0.6539000,0.5960000,0.2703000,0.6690000,0.5565000,0.3837000,0.7540000,0.4916000,0.5326000,0.3182822,-0.0000000,-0.0000000},
{0.5106338,0.6910803,-0.0811802,0.4741225,0.6798274,-0.0974821,0.5748282,0.7027699,0.1548502,0.5671852,0.8084693,0.2798857,0.7088421,0.8090516,0.4006789,0.5823000,0.7985000,0.4681000,0.5985000,0.6462000,0.3522000,0.6537000,0.5957000,0.2702000,0.6688000,0.5562000,0.3836000,0.7538000,0.4914000,0.5325000,0.3182822,-0.0000000,-0.0000000},
{0.5103369,0.6907856,-0.0815674,0.4737887,0.6795508,-0.0979323,0.5745851,0.7017896,0.1547394,0.5670193,0.8079301,0.2800336,0.7087982,0.8087403,0.4007755,0.5817000,0.7980000,0.4678000,0.5982000,0.6457000,0.3520000,0.6536000,0.5954000,0.2701000,0.6686000,0.5560000,0.3835000,0.7536000,0.4912000,0.5325000,0.3182822,-0.0000000,-0.0000000},
{0.5098174,0.6902697,-0.0822459,0.4733374,0.6791767,-0.0985416,0.5743320,0.7007650,0.1546233,0.5668993,0.8075395,0.2801409,0.7087536,0.8084234,0.4008739,0.5811000,0.7975000,0.4675000,0.5978000,0.6452000,0.3517000,0.6535000,0.5952000,0.2699000,0.6684000,0.5556000,0.3834000,0.7535000,0.4911000,0.5325000,0.3182822,-0.0000000,-0.0000000},
{0.5095400,0.6899940,-0.0826086,0.4730587,0.6789456,-0.0989181,0.5740912,0.6997872,0.1545123,0.5667587,0.8070805,0.2802669,0.7087247,0.8082171,0.4009380,0.5807000,0.7972000,0.4673000,0.5975000,0.6447000,0.3514000,0.6534000,0.5948000,0.2697000,0.6683000,0.5553000,0.3833000,0.7533000,0.4910000,0.5324000,0.3182822,-0.0000000,-0.0000000},
{0.5091651,0.6896214,-0.0830991,0.4728557,0.6787772,-0.0991926,0.5739386,0.6991656,0.1544417,0.5665735,0.8064746,0.2804334,0.7087170,0.8081625,0.4009549,0.5803000,0.7969000,0.4670000,0.5971000,0.6444000,0.3511000,0.6533000,0.5945000,0.2696000,0.6681000,0.5550000,0.3832000,0.7531000,0.4909000,0.5324000,0.3182822,-0.0000000,-0.0000000},
{0.5091179,0.6895745,-0.0831608,0.4726091,0.6785725,-0.0995262,0.5737523,0.6984049,0.1543551,0.5663885,0.8058676,0.2806003,0.7086868,0.8079464,0.4010221,0.5801000,0.7967000,0.4668000,0.5968000,0.6440000,0.3509000,0.6532000,0.5943000,0.2694000,0.6678000,0.5548000,0.3831000,0.7529000,0.4908000,0.5323000,0.3182822,-0.0000000,-0.0000000},
{0.5086149,0.6890741,-0.0838199,0.4722993,0.6783154,-0.0999455,0.5736095,0.6978201,0.1542884,0.5662835,0.8055219,0.2806954,0.7086591,0.8077477,0.4010838,0.5799000,0.7965000,0.4666000,0.5967000,0.6438000,0.3508000,0.6532000,0.5940000,0.2692000,0.6677000,0.5547000,0.3829000,0.7527000,0.4907000,0.5323000,0.3182822,-0.0000000,-0.0000000},
{0.5084865,0.6889464,-0.0839883,0.4721618,0.6782013,-0.1001317,0.5735148,0.6974317,0.1542441,0.5661184,0.8049774,0.2808452,0.7085900,0.8072518,0.4012380,0.5798000,0.7964000,0.4665000,0.5966000,0.6437000,0.3507000,0.6531000,0.5938000,0.2690000,0.6676000,0.5546000,0.3828000,0.7525000,0.4906000,0.5323000,0.3182822,-0.0000000,-0.0000000},
{0.5082408,0.6887018,-0.0843106,0.4720030,0.6780694,-0.1003469,0.5733955,0.6969416,0.1541882,0.5659669,0.8044765,0.2809831,0.7085490,0.8069563,0.4013299,0.5797000,0.7962000,0.4664000,0.5965000,0.6436000,0.3506000,0.6529000,0.5937000,0.2690000,0.6675000,0.5545000,0.3827000,0.7523000,0.4906000,0.5323000,0.3182822,-0.0000000,-0.0000000},
{0.5080931,0.6885547,-0.0845046,0.4717690,0.6778751,-0.1006641,0.5732778,0.6964572,0.1541328,0.5658124,0.8039643,0.2811242,0.7085108,0.8066801,0.4014157,0.5797000,0.7960000,0.4664000,0.5965000,0.6435000,0.3506000,0.6528000,0.5936000,0.2690000,0.6674000,0.5545000,0.3827000,0.7521000,0.4907000,0.5322000,0.3182822,-0.0000000,-0.0000000},
{0.5079339,0.6883962,-0.0847137,0.4717690,0.6778751,-0.1006641,0.5731557,0.6959541,0.1540753,0.5656542,0.8034385,0.2812691,0.7084903,0.8065319,0.4014618,0.5797000,0.7959000,0.4665000,0.5965000,0.6435000,0.3506000,0.6527000,0.5935000,0.2689000,0.6673000,0.5545000,0.3826000,0.7520000,0.4907000,0.5322000,0.3182822,-0.0000000,-0.0000000},
{0.5079339,0.6883962,-0.0847137,0.4716041,0.6777380,-0.1008878,0.5731315,0.6958541,0.1540638,0.5655143,0.8029724,0.2813976,0.7084812,0.8064656,0.4014825,0.5797000,0.7958000,0.4665000,0.5966000,0.6433000,0.3506000,0.6526000,0.5935000,0.2689000,0.6673000,0.5545000,0.3826000,0.7519000,0.4907000,0.5322000,0.3182822,-0.0000000,-0.0000000}
};
