fitErrPi Mean = 0.0275135
fitErrTh Mean = 0.0134459
fitErrWr Mean = 0.0238471
fitErrLA Mean = 0.0120566
fitErrEl Mean = 0.0266762
fitErrUA Mean = 0.0520703
efPts = {
{0.9755760,0.3330996,0.2994718,1.0199101,0.2982607,0.2720310,0.8463705,0.4424092,0.2984307,0.7602336,0.5416184,0.2978823,0.8195112,0.6871217,0.4436867,0.8282000,0.6426000,0.5251000,0.7440000,0.6873000,0.3746000,0.8810000,0.5886000,0.3560000,0.9452000,0.5277000,0.3674000,1.0600000,0.5151000,0.4154000,0.9658315,0.2587941,0.2793225},
{0.9753746,0.3331777,0.2995484,1.0197332,0.2982490,0.2722120,0.8463890,0.4423964,0.2984303,0.7603126,0.5415389,0.2979015,0.8195788,0.6870410,0.4437194,0.8288000,0.6425000,0.5251000,0.7444000,0.6874000,0.3746000,0.8820000,0.5880000,0.3559000,0.9452000,0.5273000,0.3672000,1.0590000,0.5143000,0.4152000,0.9657915,0.2588035,0.2793415},
{0.9751756,0.3332552,0.2996237,1.0188261,0.2982006,0.2731251,0.8465483,0.4422857,0.2984274,0.7603685,0.5414828,0.2979151,0.8196759,0.6869251,0.4437663,0.8294000,0.6426000,0.5252000,0.7448000,0.6875000,0.3747000,0.8831000,0.5874000,0.3558000,0.9452000,0.5269000,0.3672000,1.0590000,0.5136000,0.4150000,0.9654609,0.2588817,0.2794976},
{0.9746971,0.3334425,0.2998040,1.0184056,0.2981847,0.2735398,0.8465848,0.4422603,0.2984267,0.7603202,0.5415314,0.2979033,0.8197876,0.6867918,0.4438202,0.8299000,0.6427000,0.5251000,0.7453000,0.6876000,0.3747000,0.8841000,0.5867000,0.3557000,0.9452000,0.5267000,0.3671000,1.0590000,0.5130000,0.4149000,0.9649535,0.2590032,0.2797359},
{0.9740894,0.3336824,0.3000308,1.0173052,0.2981618,0.2746006,0.8463768,0.4424049,0.2984306,0.7602289,0.5416231,0.2978811,0.8198274,0.6867444,0.4438394,0.8304000,0.6428000,0.5251000,0.7457000,0.6877000,0.3748000,0.8852000,0.5861000,0.3556000,0.9452000,0.5265000,0.3670000,1.0590000,0.5124000,0.4148000,0.9642796,0.2591674,0.2800501},
{0.9731641,0.3340521,0.3003718,1.0161428,0.2981652,0.2756852,0.8461437,0.4425671,0.2984348,0.7600223,0.5418312,0.2978308,0.8198274,0.6867444,0.4438394,0.8308000,0.6428000,0.5249000,0.7461000,0.6878000,0.3748000,0.8862000,0.5854000,0.3554000,0.9452000,0.5264000,0.3671000,1.0590000,0.5119000,0.4148000,0.9634708,0.2593686,0.2804235},
{0.9721471,0.3344644,0.3007405,1.0148305,0.2982009,0.2768680,0.8455253,0.4429986,0.2984456,0.7597022,0.5421545,0.2977528,0.8197664,0.6868171,0.4438099,0.8310000,0.6430000,0.5247000,0.7465000,0.6879000,0.3748000,0.8873000,0.5848000,0.3553000,0.9453000,0.5264000,0.3672000,1.0590000,0.5115000,0.4148000,0.9622038,0.2596929,0.2810007},
{0.9706505,0.3350823,0.3012718,1.0134236,0.2982739,0.2780907,0.8448036,0.4435042,0.2984578,0.7592268,0.5426368,0.2976365,0.8196394,0.6869686,0.4437486,0.8311000,0.6431000,0.5245000,0.7469000,0.6879000,0.3749000,0.8883000,0.5841000,0.3552000,0.9454000,0.5263000,0.3673000,1.0600000,0.5111000,0.4148000,0.9606806,0.2600972,0.2816822},
{0.9687944,0.3358668,0.3019123,1.0110812,0.2984685,0.2800310,0.8438136,0.4442015,0.2984733,0.7584940,0.5433854,0.2974565,0.8193859,0.6872716,0.4436262,0.8312000,0.6432000,0.5242000,0.7473000,0.6880000,0.3749000,0.8893000,0.5835000,0.3551000,0.9455000,0.5263000,0.3674000,1.0600000,0.5107000,0.4149000,0.9586491,0.2606602,0.2825706},
{0.9665217,0.3368542,0.3026696,1.0085255,0.2987747,0.2820254,0.8425733,0.4450810,0.2984911,0.7576634,0.5442416,0.2972514,0.8191172,0.6875938,0.4434962,0.8313000,0.6433000,0.5239000,0.7478000,0.6881000,0.3750000,0.8904000,0.5828000,0.3549000,0.9457000,0.5262000,0.3675000,1.0600000,0.5104000,0.4150000,0.9561616,0.2613859,0.2836271},
{0.9639349,0.3380126,0.3034967,1.0057625,0.2992038,0.2840534,0.8409154,0.4462670,0.2985120,0.7565235,0.5454299,0.2969679,0.8187884,0.6879891,0.4433369,0.8312000,0.6436000,0.5234000,0.7482000,0.6882000,0.3750000,0.8914000,0.5822000,0.3548000,0.9458000,0.5261000,0.3676000,1.0600000,0.5101000,0.4150000,0.9532064,0.2622981,0.2848393},
{0.9608263,0.3394518,0.3044429,1.0024160,0.2998446,0.2863518,0.8389730,0.4476717,0.2985320,0.7552128,0.5468153,0.2966392,0.8183062,0.6885712,0.4431028,0.8311000,0.6440000,0.5231000,0.7486000,0.6883000,0.3751000,0.8925000,0.5815000,0.3547000,0.9460000,0.5262000,0.3677000,1.0600000,0.5098000,0.4151000,0.9501073,0.2633112,0.2860619},
{0.9572296,0.3411788,0.3054754,0.9983858,0.3007711,0.2889173,0.8366046,0.4494070,0.2985501,0.7537306,0.5484074,0.2962637,0.8176975,0.6893101,0.4428065,0.8310000,0.6444000,0.5225000,0.7490000,0.6884000,0.3751000,0.8935000,0.5809000,0.3546000,0.9461000,0.5262000,0.3678000,1.0600000,0.5096000,0.4151000,0.9464022,0.2645952,0.2874608},
{0.9529826,0.3432996,0.3066122,0.9938519,0.3019902,0.2915725,0.8339012,0.4514183,0.2985620,0.7519817,0.5503212,0.2958154,0.8171267,0.6900071,0.4425278,0.8307000,0.6449000,0.5220000,0.7494000,0.6885000,0.3751000,0.8946000,0.5803000,0.3544000,0.9463000,0.5262000,0.3678000,1.0600000,0.5093000,0.4151000,0.9422797,0.2661134,0.2889404},
{0.9483066,0.3457322,0.3077653,0.9888869,0.3035124,0.2942357,0.8306548,0.4538774,0.2985638,0.7500315,0.5525014,0.2953088,0.8163073,0.6910148,0.4421264,0.8303000,0.6454000,0.5214000,0.7499000,0.6886000,0.3752000,0.8956000,0.5796000,0.3543000,0.9464000,0.5263000,0.3679000,1.0610000,0.5091000,0.4152000,0.9377707,0.2678771,0.2904698},
{0.9431072,0.3485513,0.3089321,0.9833828,0.3053995,0.2969274,0.8270353,0.4566765,0.2985494,0.7477392,0.5551280,0.2947038,0.8154042,0.6921350,0.4416820,0.8292000,0.6458000,0.5208000,0.7503000,0.6887000,0.3752000,0.8966000,0.5790000,0.3542000,0.9465000,0.5264000,0.3679000,1.0610000,0.5090000,0.4151000,0.9328920,0.2699015,0.2920248},
{0.9376228,0.3516489,0.3100378,0.9773493,0.3076792,0.2996023,0.8230344,0.4598424,0.2985130,0.7451841,0.5581402,0.2940171,0.8143735,0.6934258,0.4411724,0.8279000,0.6463000,0.5201000,0.7507000,0.6887000,0.3753000,0.8977000,0.5783000,0.3541000,0.9466000,0.5266000,0.3680000,1.0610000,0.5089000,0.4151000,0.9273718,0.2723305,0.2936650},
{0.9317903,0.3550760,0.3110794,0.9708682,0.3103440,0.3021934,0.8187394,0.4633271,0.2984493,0.7422829,0.5616729,0.2932207,0.8132093,0.6949000,0.4405935,0.8283000,0.6471000,0.5192000,0.7511000,0.6888000,0.3753000,0.8987000,0.5777000,0.3539000,0.9467000,0.5268000,0.3679000,1.0610000,0.5088000,0.4151000,0.9213105,0.2751589,0.2953272},
{0.9257838,0.3587416,0.3120145,0.9638399,0.3134570,0.3047118,0.8141426,0.4671581,0.2983523,0.7390436,0.5657659,0.2923097,0.8119026,0.6965748,0.4399398,0.8275000,0.6479000,0.5183000,0.7515000,0.6889000,0.3753000,0.8998000,0.5770000,0.3538000,0.9468000,0.5271000,0.3679000,1.0610000,0.5087000,0.4150000,0.9147431,0.2784049,0.2969723},
{0.9190237,0.3630251,0.3129075,0.9565065,0.3169250,0.3070522,0.8093493,0.4712681,0.2982182,0.7358169,0.5700075,0.2913780,0.8105348,0.6983512,0.4392509,0.8261000,0.6486000,0.5177000,0.7519000,0.6890000,0.3754000,0.8998000,0.5770000,0.3538000,0.9468000,0.5273000,0.3678000,1.0610000,0.5086000,0.4150000,0.9077082,0.2820806,0.2985633},
{0.9122649,0.3674675,0.3136390,0.9488179,0.3207768,0.3092242,0.8043496,0.4756847,0.2980414,0.7325230,0.5745177,0.2904004,0.8091541,0.7001688,0.4385506,0.8260000,0.6498000,0.5167000,0.7524000,0.6891000,0.3754000,0.8994000,0.5769000,0.3535000,0.9467000,0.5273000,0.3676000,1.0610000,0.5085000,0.4149000,0.9003217,0.2861509,0.3000524},
{0.9052928,0.3722104,0.3142316,0.9409297,0.3249355,0.3111823,0.7990174,0.4805460,0.2978096,0.7291460,0.5793438,0.2893683,0.8075726,0.7022810,0.4377424,0.8250000,0.6509000,0.5161000,0.7528000,0.6892000,0.3755000,0.8991000,0.5765000,0.3533000,0.9466000,0.5277000,0.3675000,1.0610000,0.5084000,0.4148000,0.8927722,0.2905240,0.3013911},
{0.8979733,0.3773582,0.3146838,0.9328763,0.3293779,0.3129245,0.7935129,0.4857351,0.2975218,0.7257579,0.5844070,0.2883002,0.8060372,0.7043630,0.4369515,0.8244000,0.6521000,0.5153000,0.7532000,0.6893000,0.3755000,0.8986000,0.5770000,0.3536000,0.9464000,0.5279000,0.3673000,1.0610000,0.5083000,0.4148000,0.8850718,0.2951968,0.3025738},
{0.8907019,0.3826368,0.3149665,0.9246111,0.3341264,0.3144652,0.7877467,0.4913650,0.2971648,0.7222727,0.5898654,0.2871647,0.8043584,0.7066753,0.4360797,0.8239000,0.6535000,0.5144000,0.7536000,0.6894000,0.3756000,0.8982000,0.5779000,0.3535000,0.9460000,0.5278000,0.3671000,1.0610000,0.5082000,0.4148000,0.8771836,0.3001972,0.3036016},
{0.8831640,0.3882768,0.3150902,0.9161359,0.3391797,0.3158048,0.7819380,0.4972473,0.2967451,0.7186630,0.5958108,0.2859456,0.8027381,0.7089428,0.4352311,0.8235000,0.6550000,0.5137000,0.7540000,0.6894000,0.3756000,0.8976000,0.5781000,0.3537000,0.9456000,0.5282000,0.3669000,1.0600000,0.5081000,0.4147000,0.8692099,0.3054636,0.3044582},
{0.8754874,0.3941911,0.3150440,0.9075673,0.3444646,0.3169293,0.7760354,0.5034533,0.2962533,0.7150316,0.6021223,0.2846706,0.8009450,0.7114938,0.4342837,0.8230000,0.6566000,0.5128000,0.7545000,0.6895000,0.3756000,0.8970000,0.5784000,0.3539000,0.9451000,0.5285000,0.3668000,1.0600000,0.5079000,0.4147000,0.8607504,0.3112760,0.3051733},
{0.8677876,0.4002918,0.3148275,0.8986835,0.3501188,0.3178667,0.7700494,0.5099960,0.2956836,0.7113891,0.6088240,0.2833370,0.7993452,0.7138074,0.4334309,0.8229000,0.6582000,0.5123000,0.7549000,0.6896000,0.3757000,0.8963000,0.5786000,0.3542000,0.9446000,0.5288000,0.3668000,1.0590000,0.5078000,0.4147000,0.8520558,0.3174842,0.3057066},
{0.8599594,0.4066636,0.3144363,0.8899353,0.3558504,0.3185758,0.7639994,0.5168795,0.2950304,0.7077215,0.6159949,0.2819319,0.7974864,0.7165408,0.4324310,0.8227000,0.6599000,0.5118000,0.7553000,0.6897000,0.3757000,0.8958000,0.5790000,0.3542000,0.9439000,0.5290000,0.3668000,1.0590000,0.5076000,0.4148000,0.8430576,0.3241526,0.3060490},
{0.8520261,0.4132921,0.3138671,0.8805083,0.3621990,0.3191151,0.7579292,0.5240785,0.2942916,0.7040851,0.6235836,0.2804683,0.7956350,0.7193124,0.4314254,0.8204000,0.6611000,0.5118000,0.7557000,0.6898000,0.3758000,0.8951000,0.5794000,0.3543000,0.9433000,0.5292000,0.3668000,1.0580000,0.5074000,0.4149000,0.8338706,0.3312103,0.3061840},
{0.8440109,0.4201615,0.3131179,0.8711567,0.3686648,0.3194307,0.7518168,0.5316454,0.2934570,0.7005299,0.6315372,0.2789586,0.7938635,0.7220110,0.4304539,0.8198000,0.6628000,0.5117000,0.7561000,0.6899000,0.3758000,0.8945000,0.5799000,0.3545000,0.9425000,0.5294000,0.3668000,1.0570000,0.5071000,0.4150000,0.8244869,0.3386742,0.3061025},
{0.8359094,0.4272791,0.3121846,0.8617384,0.3753384,0.3195373,0.7457631,0.5394792,0.2925336,0.6970757,0.6398606,0.2774041,0.7919918,0.7249130,0.4294173,0.8193000,0.6644000,0.5116000,0.7565000,0.6900000,0.3758000,0.8937000,0.5802000,0.3548000,0.9417000,0.5297000,0.3668000,1.0560000,0.5069000,0.4151000,0.8151270,0.3463718,0.3058036},
{0.8277155,0.4346551,0.3110618,0.8522773,0.3821994,0.3194391,0.7396904,0.5477064,0.2915020,0.6937511,0.6485371,0.2758099,0.7902413,0.7276752,0.4284383,0.8187000,0.6660000,0.5116000,0.7570000,0.6901000,0.3759000,0.8930000,0.5809000,0.3550000,0.9407000,0.5299000,0.3669000,1.0550000,0.5066000,0.4153000,0.8056482,0.3544214,0.3052823},
{0.8195961,0.4421393,0.3097723,0.8428925,0.3891556,0.3191451,0.7336743,0.5562552,0.2903663,0.6905861,0.6575391,0.2741830,0.7883559,0.7307034,0.4273732,0.8181000,0.6677000,0.5115000,0.7574000,0.6902000,0.3759000,0.8922000,0.5815000,0.3552000,0.9396000,0.5298000,0.3670000,1.0540000,0.5063000,0.4155000,0.7961289,0.3627609,0.3045388},
{0.8115358,0.4497417,0.3083178,0.8335223,0.3962464,0.3186617,0.7277495,0.5651008,0.2891262,0.6875658,0.6669762,0.2725058,0.7866235,0.7335355,0.4263847,0.8175000,0.6693000,0.5114000,0.7578000,0.6902000,0.3760000,0.8914000,0.5821000,0.3554000,0.9386000,0.5301000,0.3671000,1.0530000,0.5060000,0.4158000,0.7866426,0.3713254,0.3035794},
{0.8035253,0.4574686,0.3066991,0.8241648,0.4034691,0.3179940,0.7218030,0.5744514,0.2877468,0.6847702,0.6766630,0.2708131,0.7847699,0.7366197,0.4253162,0.8167000,0.6710000,0.5112000,0.7582000,0.6903000,0.3760000,0.8905000,0.5827000,0.3555000,0.9374000,0.5305000,0.3671000,1.0510000,0.5057000,0.4161000,0.7770701,0.3802248,0.3023901},
{0.7955740,0.4653088,0.3049203,0.8147053,0.4109117,0.3171347,0.7162438,0.5836717,0.2863205,0.6822181,0.6865728,0.2691108,0.7828760,0.7398299,0.4242128,0.8160000,0.6727000,0.5111000,0.7586000,0.6904000,0.3761000,0.8895000,0.5833000,0.3556000,0.9362000,0.5309000,0.3672000,1.0500000,0.5054000,0.4163000,0.7675599,0.3893233,0.3009873},
{0.7876770,0.4732660,0.3029816,0.8051956,0.4185348,0.3160867,0.7108559,0.5931053,0.2847964,0.6799568,0.6965330,0.2674288,0.7809937,0.7430811,0.4231041,0.8152000,0.6746000,0.5110000,0.7591000,0.6905000,0.3761000,0.8885000,0.5839000,0.3557000,0.9350000,0.5312000,0.3673000,1.0480000,0.5052000,0.4167000,0.7580312,0.3986991,0.2993584},
{0.7798258,0.4813479,0.3008815,0.7956337,0.4263406,0.3148489,0.7057179,0.6026181,0.2831954,0.6779918,0.7064922,0.2657750,0.7790242,0.7465496,0.4219307,0.8145000,0.6766000,0.5109000,0.7595000,0.6906000,0.3761000,0.8875000,0.5846000,0.3559000,0.9336000,0.5315000,0.3673000,1.0470000,0.5049000,0.4170000,0.7483312,0.4085137,0.2974676},
{0.7720222,0.4895534,0.2986199,0.7859007,0.4344305,0.3134003,0.7008806,0.6121008,0.2815379,0.6763174,0.7164418,0.2641504,0.7770366,0.7501215,0.4207323,0.8136000,0.6787000,0.5108000,0.7599000,0.6907000,0.3762000,0.8862000,0.5852000,0.3562000,0.9316000,0.5318000,0.3674000,1.0450000,0.5047000,0.4173000,0.7386323,0.4186052,0.2953377},
{0.7643924,0.4977465,0.2962366,0.7759082,0.4428873,0.3117156,0.6962321,0.6217672,0.2797871,0.6748524,0.7269818,0.2624587,0.7750253,0.7538113,0.4195046,0.8128000,0.6809000,0.5108000,0.7603000,0.6908000,0.3762000,0.8849000,0.5858000,0.3565000,0.9301000,0.5322000,0.3674000,1.0430000,0.5045000,0.4176000,0.7289598,0.4289526,0.2929698},
{0.7569034,0.5059570,0.2937272,0.7662878,0.4511744,0.3099040,0.6918728,0.6314042,0.2779820,0.6737476,0.7370223,0.2608749,0.7730359,0.7575382,0.4182749,0.8108000,0.6829000,0.5110000,0.7607000,0.6909000,0.3763000,0.8835000,0.5866000,0.3567000,0.9285000,0.5326000,0.3675000,1.0420000,0.5043000,0.4180000,0.7192228,0.4396631,0.2903331},
{0.7491884,0.5145956,0.2909600,0.7566127,0.4596531,0.3078933,0.6877691,0.6410690,0.2761135,0.6729124,0.7472254,0.2592927,0.7710721,0.7612951,0.4170454,0.8099000,0.6852000,0.5107000,0.7611000,0.6910000,0.3763000,0.8820000,0.5873000,0.3569000,0.9293000,0.5352000,0.3670000,1.0400000,0.5042000,0.4183000,0.7096440,0.4504975,0.2874828},
{0.7418464,0.5229928,0.2881485,0.7468035,0.4683992,0.3056589,0.6838816,0.6508523,0.2741645,0.6723613,0.7575143,0.2577250,0.7691226,0.7651045,0.4158090,0.8090000,0.6877000,0.5104000,0.7616000,0.6910000,0.3763000,0.8805000,0.5881000,0.3571000,0.9276000,0.5359000,0.3671000,1.0380000,0.5040000,0.4187000,0.7001470,0.4615426,0.2843959},
{0.7344507,0.5316324,0.2851337,0.7370983,0.4772035,0.3032512,0.6802920,0.6605341,0.2721798,0.6721027,0.7677080,0.2561991,0.7671678,0.7690074,0.4145527,0.8080000,0.6903000,0.5100000,0.7620000,0.6911000,0.3764000,0.8789000,0.5889000,0.3574000,0.9259000,0.5365000,0.3673000,1.0360000,0.5039000,0.4191000,0.6907750,0.4727519,0.2810833},
{0.7270503,0.5404680,0.2819248,0.7271754,0.4863638,0.3005824,0.6769511,0.6702228,0.2701393,0.6721307,0.7779268,0.2546968,0.7651722,0.7730812,0.4132524,0.8071000,0.6930000,0.5095000,0.7624000,0.6912000,0.3764000,0.8772000,0.5898000,0.3577000,0.9239000,0.5371000,0.3674000,1.0340000,0.5038000,0.4194000,0.6814903,0.4841757,0.2775270},
{0.7197486,0.5493822,0.2785603,0.7172828,0.4956598,0.2977078,0.6738265,0.6800102,0.2680237,0.6724447,0.7880787,0.2532315,0.7632416,0.7771125,0.4119764,0.8061000,0.6957000,0.5091000,0.7628000,0.6913000,0.3765000,0.8755000,0.5907000,0.3579000,0.9221000,0.5378000,0.3675000,1.0320000,0.5036000,0.4198000,0.6722840,0.4958346,0.2737154},
{0.7126648,0.5582274,0.2750972,0.7074240,0.5050921,0.2946237,0.6709958,0.6896329,0.2658915,0.6730487,0.7982632,0.2517890,0.7613597,0.7811312,0.4107149,0.8050000,0.6984000,0.5086000,0.7632000,0.6914000,0.3765000,0.8738000,0.5917000,0.3581000,0.9200000,0.5385000,0.3678000,1.0300000,0.5036000,0.4202000,0.6631306,0.5077755,0.2696254},
{0.7057284,0.5670885,0.2715042,0.6974580,0.5148040,0.2912748,0.6684229,0.6991695,0.2637280,0.6739309,0.8083034,0.2503943,0.7595147,0.7851606,0.4094603,0.8038000,0.7012000,0.5081000,0.7636000,0.6915000,0.3766000,0.8721000,0.5928000,0.3582000,0.9177000,0.5390000,0.3679000,1.0270000,0.5035000,0.4206000,0.6541422,0.5198646,0.2652963},
{0.6986588,0.5763376,0.2676224,0.6875401,0.5246534,0.2877011,0.6660746,0.7087238,0.2615107,0.6750635,0.8180432,0.2490676,0.7577272,0.7891538,0.4082270,0.8026000,0.7040000,0.5077000,0.7641000,0.6916000,0.3766000,0.8702000,0.5937000,0.3584000,0.9156000,0.5396000,0.3680000,1.0250000,0.5034000,0.4211000,0.6451322,0.5323742,0.2606200},
{0.6918317,0.5854938,0.2636472,0.6775983,0.5347211,0.2838647,0.6640542,0.7178002,0.2593588,0.6764786,0.8278122,0.2477635,0.7560854,0.7929023,0.4070781,0.8013000,0.7068000,0.5072000,0.7645000,0.6917000,0.3766000,0.8684000,0.5949000,0.3584000,0.9132000,0.5403000,0.3683000,1.0220000,0.5033000,0.4215000,0.6365231,0.5447269,0.2558078},
{0.6851540,0.5946809,0.2595255,0.6677885,0.5448574,0.2798151,0.6622302,0.7269138,0.2571537,0.6780981,0.8371451,0.2465431,0.7544136,0.7968035,0.4058915,0.8001000,0.7098000,0.5067000,0.7649000,0.6917000,0.3767000,0.8665000,0.5962000,0.3585000,0.9108000,0.5410000,0.3684000,1.0200000,0.5033000,0.4220000,0.6283657,0.5568280,0.2509068},
{0.6787216,0.6037664,0.2553170,0.6581578,0.5550172,0.2755669,0.6606669,0.7356862,0.2549895,0.6799153,0.8461510,0.2453897,0.7528444,0.8005463,0.4047616,0.7987000,0.7127000,0.5062000,0.7653000,0.6918000,0.3767000,0.8645000,0.5974000,0.3587000,0.9077000,0.5415000,0.3690000,1.0170000,0.5033000,0.4224000,0.6203168,0.5691879,0.2457097},
{0.6725183,0.6127689,0.2510154,0.6488022,0.5650997,0.2711621,0.6593177,0.7442800,0.2528298,0.6818968,0.8547745,0.2443082,0.7513417,0.8042082,0.4036640,0.7974000,0.7158000,0.5056000,0.7657000,0.6919000,0.3768000,0.8621000,0.5983000,0.3586000,0.9051000,0.5421000,0.3692000,1.0140000,0.5033000,0.4229000,0.6126988,0.5813161,0.2404209},
{0.6665371,0.6216966,0.2466180,0.6397790,0.5750392,0.2666325,0.6581669,0.7527254,0.2506695,0.6840150,0.8630033,0.2432978,0.7498730,0.8078645,0.4025759,0.7962000,0.7187000,0.5049000,0.7662000,0.6920000,0.3768000,0.8606000,0.6004000,0.3584000,0.9028000,0.5431000,0.3693000,1.0110000,0.5034000,0.4234000,0.6053596,0.5934479,0.2349405},
{0.6608597,0.6304209,0.2421914,0.6309460,0.5849929,0.2619062,0.6572185,0.7608984,0.2485430,0.6862453,0.8708373,0.2423563,0.7484827,0.8113996,0.4015312,0.7950000,0.7217000,0.5042000,0.7666000,0.6921000,0.3768000,0.8584000,0.6013000,0.3589000,0.9015000,0.5449000,0.3687000,1.0080000,0.5034000,0.4238000,0.5985346,0.6051796,0.2294570},
{0.6554790,0.6389414,0.2377417,0.6225356,0.5946968,0.2571103,0.6564566,0.7687922,0.2464558,0.6885953,0.8783750,0.2414698,0.7470980,0.8149966,0.4004755,0.7937000,0.7247000,0.5034000,0.7670000,0.6922000,0.3769000,0.8562000,0.6027000,0.3589000,0.8985000,0.5453000,0.3691000,1.0050000,0.5036000,0.4244000,0.5920980,0.6167018,0.2238913},
{0.6504071,0.6472263,0.2332914,0.6143964,0.6043216,0.2521638,0.6558634,0.7764375,0.2444030,0.6910090,0.8855033,0.2406496,0.7457869,0.8184762,0.3994612,0.7926000,0.7277000,0.5026000,0.7674000,0.6923000,0.3769000,0.8540000,0.6041000,0.3591000,0.8962000,0.5464000,0.3691000,1.0020000,0.5037000,0.4250000,0.5860888,0.6279261,0.2182930},
{0.6457075,0.6551525,0.2289160,0.6065853,0.6138005,0.2471003,0.6554308,0.7837256,0.2424173,0.6934645,0.8922307,0.2398924,0.7443720,0.8223164,0.3983496,0.7914000,0.7308000,0.5018000,0.7678000,0.6924000,0.3770000,0.8517000,0.6055000,0.3593000,0.8943000,0.5482000,0.3689000,0.9992000,0.5039000,0.4255000,0.5804742,0.6388937,0.2126490},
{0.6412806,0.6628693,0.2245414,0.5993528,0.6228163,0.2420996,0.6551400,0.7906570,0.2405026,0.6959185,0.8985101,0.2392011,0.7431426,0.8257295,0.3973686,0.7904000,0.7340000,0.5012000,0.7682000,0.6925000,0.3770000,0.8495000,0.6071000,0.3595000,0.8917000,0.5494000,0.3691000,0.9960000,0.5041000,0.4262000,0.5753274,0.6494330,0.2070575},
{0.6371498,0.6703224,0.2202046,0.5924307,0.6316911,0.2369924,0.6549734,0.7972345,0.2386619,0.6983782,0.9044225,0.2385644,0.7419460,0.8291237,0.3963993,0.7894000,0.7372000,0.5005000,0.7687000,0.6925000,0.3771000,0.8471000,0.6087000,0.3596000,0.8885000,0.5502000,0.3694000,0.9926000,0.5043000,0.4268000,0.5706359,0.6595272,0.2015413},
{0.6333916,0.6773485,0.2160113,0.5860863,0.6400681,0.2319941,0.6549141,0.8035597,0.2368701,0.7008427,0.9100131,0.2379756,0.7407911,0.8324718,0.3954495,0.7885000,0.7406000,0.5000000,0.7691000,0.6926000,0.3771000,0.8447000,0.6103000,0.3599000,0.8858000,0.5517000,0.3695000,0.9892000,0.5046000,0.4274000,0.5664252,0.6690685,0.1961760},
{0.6299128,0.6840945,0.2118852,0.5802752,0.6479775,0.2271069,0.6549491,0.8095076,0.2351654,0.7032042,0.9150934,0.2374520,0.7396677,0.8358006,0.3945112,0.7876000,0.7441000,0.4996000,0.7695000,0.6927000,0.3771000,0.8423000,0.6120000,0.3602000,0.8830000,0.5529000,0.3699000,0.9857000,0.5049000,0.4281000,0.5626880,0.6780060,0.1910103},
{0.6267792,0.6904048,0.2079326,0.5750330,0.6553392,0.2224023,0.6550636,0.8151323,0.2335358,0.7055517,0.9199038,0.2369670,0.7386314,0.8389383,0.3936324,0.7868000,0.7476000,0.4990000,0.7699000,0.6928000,0.3772000,0.8399000,0.6138000,0.3605000,0.8799000,0.5539000,0.3705000,0.9822000,0.5053000,0.4288000,0.5593545,0.6864394,0.1860056},
{0.6240006,0.6962176,0.2042082,0.5703283,0.6621605,0.2178999,0.6552492,0.8205482,0.2319503,0.7078251,0.9243560,0.2365276,0.7376453,0.8419874,0.3927835,0.7859000,0.7511000,0.4985000,0.7703000,0.6929000,0.3772000,0.8376000,0.6156000,0.3608000,0.8770000,0.5553000,0.3709000,0.9786000,0.5058000,0.4296000,0.5564772,0.6941560,0.1813094},
{0.6214588,0.7017458,0.2005884,0.5661120,0.6684767,0.2135998,0.6554837,0.8254951,0.2304880,0.7100533,0.9285397,0.2361234,0.7367329,0.8448670,0.3919863,0.7851000,0.7545000,0.4980000,0.7708000,0.6930000,0.3773000,0.8352000,0.6174000,0.3611000,0.8741000,0.5567000,0.3713000,0.9751000,0.5063000,0.4304000,0.5539638,0.7013142,0.1768479},
{0.6192590,0.7067220,0.1972620,0.5622905,0.6743974,0.2094463,0.6557625,0.8301669,0.2290946,0.7122031,0.9324208,0.2357564,0.7358500,0.8477104,0.3912037,0.7841000,0.7578000,0.4973000,0.7712000,0.6931000,0.3773000,0.8328000,0.6193000,0.3613000,0.8711000,0.5582000,0.3715000,0.9714000,0.5068000,0.4312000,0.5517785,0.7079388,0.1726238},
{0.6171925,0.7115885,0.1939435,0.5588056,0.6799899,0.2054062,0.6560799,0.8346119,0.2277576,0.7142934,0.9360585,0.2354195,0.7349393,0.8507058,0.3903839,0.7832000,0.7610000,0.4967000,0.7716000,0.6932000,0.3773000,0.8303000,0.6210000,0.3615000,0.8682000,0.5596000,0.3720000,0.9678000,0.5074000,0.4320000,0.5498771,0.7140897,0.1686155},
{0.6152917,0.7162598,0.1906941,0.5556593,0.6852285,0.2015113,0.6564365,0.8389224,0.2264504,0.7163235,0.9394717,0.2351100,0.7340363,0.8537423,0.3895579,0.7822000,0.7642000,0.4960000,0.7720000,0.6932000,0.3774000,0.8278000,0.6227000,0.3617000,0.8654000,0.5611000,0.3724000,0.9641000,0.5079000,0.4328000,0.5481755,0.7199883,0.1646893},
{0.6135464,0.7207467,0.1875109,0.5527636,0.6902412,0.1976765,0.6568207,0.8430219,0.2251975,0.7183678,0.9427969,0.2348148,0.7332592,0.8564121,0.3888357,0.7811000,0.7672000,0.4953000,0.7724000,0.6933000,0.3774000,0.8250000,0.6241000,0.3617000,0.8625000,0.5626000,0.3727000,0.9605000,0.5086000,0.4337000,0.5466910,0.7255324,0.1609214},
{0.6119746,0.7249832,0.1844466,0.5501144,0.6950231,0.1939122,0.6572303,0.8469502,0.2239879,0.7203450,0.9459123,0.2345441,0.7324975,0.8590831,0.3881171,0.7800000,0.7702000,0.4946000,0.7724000,0.6933000,0.3774000,0.8228000,0.6261000,0.3617000,0.8598000,0.5641000,0.3730000,0.9569000,0.5093000,0.4345000,0.5453817,0.7308331,0.1572446},
{0.6105353,0.7290611,0.1814402,0.5476784,0.6996239,0.1901848,0.6576609,0.8507134,0.2228209,0.7221637,0.9486952,0.2343073,0.7317750,0.8616693,0.3874249,0.7787000,0.7731000,0.4939000,0.7714000,0.6938000,0.3763000,0.8210000,0.6286000,0.3614000,0.8571000,0.5656000,0.3733000,0.9533000,0.5101000,0.4354000,0.5442390,0.7358876,0.1536671},
{0.6092618,0.7328635,0.1785839,0.5454837,0.7039779,0.1865538,0.6581172,0.8543828,0.2216750,0.7238955,0.9512748,0.2340922,0.7311042,0.8641196,0.3867725,0.7774000,0.7759000,0.4932000,0.7698000,0.6958000,0.3758000,0.8192000,0.6306000,0.3614000,0.8544000,0.5672000,0.3736000,0.9498000,0.5110000,0.4363000,0.5432525,0.7407016,0.1501910},
{0.6081107,0.7364956,0.1758052,0.5435185,0.7080899,0.1830238,0.6585763,0.8578111,0.2205974,0.7255909,0.9537368,0.2338909,0.7303818,0.8668146,0.3860588,0.7761000,0.7786000,0.4925000,0.7682000,0.6984000,0.3754000,0.8173000,0.6325000,0.3614000,0.8519000,0.5686000,0.3740000,0.9465000,0.5120000,0.4373000,0.5424534,0.7450408,0.1469969},
{0.6070828,0.7399343,0.1731266,0.5417510,0.7120102,0.1795590,0.6590484,0.8611124,0.2195532,0.7271654,0.9559692,0.2337119,0.7297756,0.8691239,0.3854502,0.7748000,0.7813000,0.4916000,0.7669000,0.7008000,0.3748000,0.8153000,0.6344000,0.3615000,0.8494000,0.5701000,0.3743000,0.9431000,0.5130000,0.4382000,0.5417467,0.7493673,0.1437512},
{0.6061484,0.7432633,0.1704866,0.5402083,0.7156571,0.1762406,0.6595258,0.8642574,0.2185524,0.7287110,0.9581122,0.2335434,0.7290875,0.8718021,0.3847482,0.7734000,0.7839000,0.4908000,0.7655000,0.7033000,0.3741000,0.8126000,0.6352000,0.3621000,0.8469000,0.5717000,0.3747000,0.9399000,0.5141000,0.4392000,0.5411756,0.7533865,0.1406784},
{0.6053121,0.7464537,0.1679109,0.5387681,0.7193171,0.1728092,0.6599976,0.8672031,0.2176097,0.7302054,0.9601398,0.2333869,0.7284652,0.8742795,0.3841023,0.7720000,0.7865000,0.4899000,0.7639000,0.7053000,0.3735000,0.8104000,0.6367000,0.3622000,0.8445000,0.5731000,0.3749000,0.9368000,0.5152000,0.4402000,0.5407029,0.7573048,0.1376259},
{0.6045746,0.7494831,0.1654214,0.5375499,0.7226799,0.1695579,0.6604927,0.8701444,0.2166632,0.7316344,0.9620393,0.2332432,0.7278409,0.8768223,0.3834428,0.7705000,0.7889000,0.4891000,0.7623000,0.7073000,0.3731000,0.8084000,0.6382000,0.3621000,0.8423000,0.5746000,0.3752000,0.9337000,0.5163000,0.4412000,0.5403322,0.7610630,0.1346422},
{0.6039219,0.7523897,0.1629904,0.5364848,0.7259088,0.1663382,0.6609615,0.8728061,0.2158022,0.7330192,0.9638445,0.2331091,0.7272503,0.8792839,0.3828078,0.7690000,0.7914000,0.4882000,0.7610000,0.7096000,0.3723000,0.8069000,0.6400000,0.3616000,0.8400000,0.5760000,0.3756000,0.9307000,0.5175000,0.4422000,0.5400653,0.7645496,0.1318221},
{0.6033547,0.7551506,0.1606406,0.5355943,0.7289182,0.1632415,0.6614389,0.8754075,0.2149565,0.7343139,0.9655015,0.2329882,0.7266986,0.8816368,0.3822040,0.7674000,0.7939000,0.4873000,0.7596000,0.7118000,0.3718000,0.8061000,0.6423000,0.3617000,0.8378000,0.5773000,0.3759000,0.9277000,0.5187000,0.4432000,0.5398795,0.7679802,0.1289953},
{0.6028488,0.7578721,0.1582833,0.5348247,0.7318815,0.1600919,0.6618893,0.8777713,0.2141845,0.7355714,0.9670832,0.2328749,0.7261774,0.8839105,0.3816234,0.7659000,0.7962000,0.4863000,0.7582000,0.7138000,0.3711000,0.8059000,0.6451000,0.3606000,0.8356000,0.5786000,0.3762000,0.9249000,0.5199000,0.4442000,0.5397805,0.7711238,0.1263570},
{0.6024140,0.7604962,0.1559694,0.5341869,0.7347807,0.1569026,0.6623252,0.8799837,0.2134587,0.7366583,0.9684287,0.2327802,0.7256625,0.8862087,0.3810395,0.7643000,0.7985000,0.4854000,0.7566000,0.7156000,0.3706000,0.8046000,0.6467000,0.3604000,0.8332000,0.5799000,0.3767000,0.9220000,0.5212000,0.4452000,0.5397540,0.7742895,0.1236506},
{0.6020504,0.7630037,0.1537182,0.5336870,0.7376188,0.1536637,0.6627376,0.8820143,0.2127900,0.7376357,0.9696221,0.2326974,0.7251879,0.8883768,0.3804914,0.7626000,0.8008000,0.4844000,0.7552000,0.7176000,0.3700000,0.8032000,0.6483000,0.3601000,0.8312000,0.5815000,0.3771000,0.9193000,0.5225000,0.4463000,0.5397995,0.7772325,0.1210872},
{0.6017391,0.7655232,0.1514146,0.5333286,0.7404475,0.1503045,0.6631767,0.8841143,0.2120957,0.7385166,0.9706844,0.2326248,0.7247326,0.8905045,0.3799561,0.7609000,0.8030000,0.4835000,0.7537000,0.7196000,0.3694000,0.8020000,0.6501000,0.3599000,0.8288000,0.5829000,0.3776000,0.9166000,0.5238000,0.4473000,0.5399179,0.7801864,0.1184651},
{0.6014865,0.7680349,0.1490736,0.5331289,0.7433491,0.1467016,0.6636011,0.8860888,0.2114404,0.7392392,0.9715465,0.2325666,0.7242681,0.8927277,0.3793994,0.7592000,0.8051000,0.4826000,0.7514000,0.7198000,0.3694000,0.8002000,0.6514000,0.3598000,0.8267000,0.5845000,0.3780000,0.9140000,0.5251000,0.4484000,0.5401047,0.7830233,0.1158975},
{0.6012987,0.7704960,0.1467337,0.5331266,0.7461615,0.1430301,0.6639690,0.8877591,0.2108841,0.7398569,0.9722771,0.2325178,0.7238421,0.8948162,0.3788791,0.7575000,0.8073000,0.4816000,0.7506000,0.7229000,0.3682000,0.7979000,0.6524000,0.3604000,0.8245000,0.5859000,0.3784000,0.9113000,0.5264000,0.4494000,0.5403770,0.7859391,0.1132042},
{0.6011784,0.7728520,0.1444477,0.5333538,0.7489944,0.1391169,0.6643325,0.8893740,0.2103445,0.7404218,0.9729399,0.2324739,0.7234382,0.8968446,0.3783761,0.7557000,0.8093000,0.4807000,0.7491000,0.7247000,0.3677000,0.7950000,0.6530000,0.3606000,0.8225000,0.5874000,0.3788000,0.9087000,0.5278000,0.4504000,0.5407224,0.7887507,0.1105512},
{0.6011201,0.7752574,0.1420640,0.5338718,0.7518479,0.1349044,0.6646408,0.8907180,0.2098942,0.7408225,0.9734070,0.2324432,0.7230801,0.8986851,0.3779217,0.7539000,0.8114000,0.4798000,0.7475000,0.7264000,0.3672000,0.7929000,0.6541000,0.3610000,0.8203000,0.5888000,0.3792000,0.9061000,0.5291000,0.4514000,0.5411392,0.7914656,0.1079332},
{0.6011302,0.7775517,0.1397397,0.5347325,0.7546171,0.1304809,0.6649040,0.8918472,0.2095150,0.7411676,0.9738074,0.2324171,0.7226948,0.9007123,0.3774236,0.7521000,0.8134000,0.4788000,0.7458000,0.7276000,0.3667000,0.7908000,0.6555000,0.3609000,0.8183000,0.5902000,0.3795000,0.9034000,0.5304000,0.4524000,0.5416393,0.7941533,0.1052822},
{0.6012096,0.7798444,0.1373635,0.5359737,0.7572150,0.1259246,0.6651937,0.8930716,0.2091029,0.7414290,0.9741095,0.2323975,0.7223824,0.9023952,0.3770118,0.7503000,0.8153000,0.4777000,0.7442000,0.7295000,0.3657000,0.7888000,0.6568000,0.3610000,0.8162000,0.5915000,0.3799000,0.9008000,0.5318000,0.4534000,0.5422370,0.7968535,0.1025546},
{0.6013636,0.7821246,0.1349424,0.5376853,0.7596506,0.1211397,0.6654506,0.8941421,0.2087418,0.7416824,0.9744013,0.2323786,0.7220387,0.9042905,0.3765501,0.7488000,0.8166000,0.4763000,0.7416000,0.7289000,0.3659000,0.7869000,0.6581000,0.3607000,0.8141000,0.5929000,0.3802000,0.8981000,0.5330000,0.4544000,0.5429095,0.7994474,0.0998679},
{0.6016100,0.7844906,0.1323633,0.5399236,0.7618351,0.1161893,0.6657300,0.8952907,0.2083535,0.7418310,0.9745720,0.2323676,0.7217214,0.9060839,0.3761151,0.7468000,0.8184000,0.4752000,0.7398000,0.7303000,0.3649000,0.7850000,0.6592000,0.3605000,0.8121000,0.5942000,0.3805000,0.8955000,0.5344000,0.4554000,0.5437147,0.8021247,0.0970197},
{0.6019667,0.7869330,0.1296219,0.5420389,0.7632968,0.1122982,0.6660204,0.8964675,0.2079548,0.7420310,0.9748013,0.2323529,0.7214404,0.9077100,0.3757224,0.7448000,0.8202000,0.4740000,0.7381000,0.7316000,0.3643000,0.7829000,0.6604000,0.3605000,0.8101000,0.5955000,0.3807000,0.8928000,0.5357000,0.4563000,0.5446409,0.8047912,0.0940990}
};
