fitErrPi Mean = 0.0203221
fitErrTh Mean = 0.0182534
fitErrWr Mean = 0.00776471
fitErrLA Mean = 0.0181466
fitErrEl Mean = 0.0121221
fitErrUA Mean = 0.0279601
efPts = {
{0.6192464,0.2351100,0.3623170,0.6487815,0.7629019,0.0109431,0.8972546,0.7742914,0.0964408,1.0973591,0.8013830,0.2121125,1.3337344,0.6727158,0.2727946,0.7144000,0.6421000,0.5791000,0.7563000,0.6540000,0.4315000,0.8183000,0.5313000,0.4153000,0.8418000,0.5228000,0.3695000,1.0020000,0.4325000,0.2829000,0.5567322,0.7476639,0.1398167},
{0.6195708,0.2346802,0.3620215,0.5741570,0.1839864,0.3326849,0.5806558,0.3455434,0.4107078,0.5553768,0.4971257,0.3784380,0.6407260,0.5756499,0.4537091,0.7145000,0.6414000,0.5791000,0.7563000,0.6534000,0.4316000,0.8185000,0.5308000,0.4152000,0.8419000,0.5224000,0.3694000,1.0010000,0.4325000,0.2829000,0.6279448,0.1702589,0.3274515},
{0.6198667,0.2342902,0.3617513,0.5744079,0.1836574,0.3324679,0.5809007,0.3450542,0.4106466,0.5555638,0.4965565,0.3785466,0.6407855,0.5749925,0.4538121,0.7146000,0.6406000,0.5792000,0.7563000,0.6528000,0.4317000,0.8186000,0.5305000,0.4151000,0.8419000,0.5220000,0.3693000,1.0010000,0.4325000,0.2828000,0.6282262,0.1700030,0.3270640},
{0.6201283,0.2339470,0.3615118,0.5745715,0.1834435,0.3323262,0.5811523,0.3445537,0.4105832,0.5557280,0.4960602,0.3786412,0.6408329,0.5744762,0.4538928,0.7148000,0.6400000,0.5793000,0.7563000,0.6522000,0.4318000,0.8188000,0.5301000,0.4151000,0.8420000,0.5216000,0.3692000,1.0010000,0.4325000,0.2828000,0.6284098,0.1698373,0.3268106},
{0.6203980,0.2335947,0.3612644,0.5747729,0.1831808,0.3321516,0.5814158,0.3440318,0.4105163,0.5558866,0.4955836,0.3787319,0.6408844,0.5739244,0.4539789,0.7149000,0.6394000,0.5794000,0.7563000,0.6516000,0.4318000,0.8189000,0.5297000,0.4150000,0.8421000,0.5212000,0.3691000,1.0010000,0.4325000,0.2828000,0.6285918,0.1696740,0.3265588},
{0.6206601,0.2332538,0.3610234,0.5749734,0.1829199,0.3319774,0.5817322,0.3434084,0.4104353,0.5560637,0.4950542,0.3788324,0.6409393,0.5733441,0.4540692,0.7150000,0.6389000,0.5795000,0.7563000,0.6510000,0.4319000,0.8190000,0.5293000,0.4151000,0.8421000,0.5208000,0.3691000,1.0010000,0.4325000,0.2828000,0.6287398,0.1695419,0.3263536},
{0.6208376,0.2330236,0.3608598,0.5751404,0.1827032,0.3318320,0.5819986,0.3428862,0.4103665,0.5562353,0.4945444,0.3789291,0.6409829,0.5728895,0.4541398,0.7152000,0.6384000,0.5795000,0.7562000,0.6504000,0.4320000,0.8191000,0.5290000,0.4151000,0.8422000,0.5204000,0.3690000,1.0010000,0.4325000,0.2828000,0.6288500,0.1694440,0.3262006},
{0.6210450,0.2327557,0.3606685,0.5752284,0.1825892,0.3317554,0.5822248,0.3424445,0.4103077,0.5564079,0.4940348,0.3790255,0.6410389,0.5723137,0.4542291,0.7153000,0.6380000,0.5796000,0.7562000,0.6498000,0.4321000,0.8192000,0.5286000,0.4151000,0.8422000,0.5200000,0.3689000,1.0010000,0.4325000,0.2828000,0.6289626,0.1693442,0.3260441},
{0.6212156,0.2325360,0.3605109,0.5753703,0.1824057,0.3316318,0.5824528,0.3420012,0.4102480,0.5565778,0.4935358,0.3791198,0.6410823,0.5718725,0.4542974,0.7154000,0.6376000,0.5796000,0.7562000,0.6492000,0.4322000,0.8194000,0.5285000,0.4151000,0.8423000,0.5196000,0.3688000,1.0000000,0.4324000,0.2828000,0.6290373,0.1692784,0.3259402},
{0.6213585,0.2323525,0.3603786,0.5754620,0.1822873,0.3315518,0.5827103,0.3415026,0.4101801,0.5567087,0.4931536,0.3791919,0.6411198,0.5714958,0.4543556,0.7155000,0.6372000,0.5796000,0.7562000,0.6485000,0.4323000,0.8196000,0.5283000,0.4151000,0.8423000,0.5192000,0.3688000,1.0000000,0.4324000,0.2827000,0.6290456,0.1692710,0.3259286},
{0.6214357,0.2322534,0.3603071,0.5754906,0.1822503,0.3315268,0.5828619,0.3412099,0.4101399,0.5568463,0.4927535,0.3792673,0.6411660,0.5710361,0.4544265,0.7155000,0.6369000,0.5795000,0.7562000,0.6479000,0.4324000,0.8197000,0.5281000,0.4150000,0.8424000,0.5188000,0.3687000,1.0000000,0.4324000,0.2827000,0.6290059,0.1693060,0.3259838},
{0.6214375,0.2322512,0.3603055,0.5755194,0.1822132,0.3315016,0.5829403,0.3410590,0.4101191,0.5569898,0.4923380,0.3793454,0.6412135,0.5705692,0.4544984,0.7155000,0.6367000,0.5795000,0.7562000,0.6473000,0.4325000,0.8199000,0.5280000,0.4150000,0.8424000,0.5184000,0.3686000,0.9999000,0.4324000,0.2827000,0.6288511,0.1694430,0.3261991},
{0.6213408,0.2323751,0.3603950,0.5755141,0.1822201,0.3315063,0.5829162,0.3411053,0.4101255,0.5570985,0.4920248,0.3794042,0.6412422,0.5702887,0.4545416,0.7156000,0.6365000,0.5795000,0.7562000,0.6467000,0.4326000,0.8200000,0.5279000,0.4151000,0.8425000,0.5180000,0.3685000,0.9998000,0.4324000,0.2827000,0.6287053,0.1695726,0.3264015},
{0.6211810,0.2325805,0.3605428,0.5754160,0.1823466,0.3315919,0.5828453,0.3412419,0.4101443,0.5571328,0.4919259,0.3794228,0.6412614,0.5701034,0.4545701,0.7157000,0.6363000,0.5795000,0.7562000,0.6461000,0.4326000,0.8201000,0.5278000,0.4152000,0.8426000,0.5176000,0.3684000,0.9996000,0.4324000,0.2827000,0.6284925,0.1697630,0.3266962},
{0.6209872,0.2328303,0.3607218,0.5752833,0.1825181,0.3317076,0.5827300,0.3414644,0.4101749,0.5570868,0.4920584,0.3793979,0.6412501,0.5702126,0.4545533,0.7158000,0.6363000,0.5795000,0.7562000,0.6455000,0.4327000,0.8201000,0.5278000,0.4152000,0.8426000,0.5172000,0.3684000,0.9995000,0.4324000,0.2827000,0.6282055,0.1700218,0.3270926},
{0.6207228,0.2331723,0.3609656,0.5749393,0.1829642,0.3320070,0.5826078,0.3417007,0.4102072,0.5569764,0.4923767,0.3793381,0.6412286,0.5704216,0.4545212,0.7158000,0.6363000,0.5795000,0.7562000,0.6449000,0.4328000,0.8202000,0.5278000,0.4153000,0.8427000,0.5168000,0.3683000,0.9993000,0.4324000,0.2827000,0.6278309,0.1703631,0.3276079},
{0.6203057,0.2337151,0.3613491,0.5744435,0.1836109,0.3324371,0.5823567,0.3421879,0.4102732,0.5568364,0.4927822,0.3792619,0.6411925,0.5707743,0.4544669,0.7160000,0.6365000,0.5796000,0.7561000,0.6443000,0.4329000,0.8202000,0.5279000,0.4155000,0.8427000,0.5164000,0.3682000,0.9992000,0.4324000,0.2826000,0.6273260,0.1708297,0.3282989},
{0.6197825,0.2344010,0.3618282,0.5737909,0.1844685,0.3330008,0.5819776,0.3429272,0.4103719,0.5566483,0.4933298,0.3791587,0.6411366,0.5713276,0.4543816,0.7162000,0.6368000,0.5797000,0.7561000,0.6437000,0.4330000,0.8203000,0.5280000,0.4156000,0.8428000,0.5160000,0.3681000,0.9990000,0.4324000,0.2826000,0.6266376,0.1714776,0.3292344},
{0.6190674,0.2353481,0.3624797,0.5729706,0.1855573,0.3337052,0.5814519,0.3439606,0.4105071,0.5563701,0.4941462,0.3790045,0.6410662,0.5720351,0.4542723,0.7165000,0.6373000,0.5798000,0.7561000,0.6430000,0.4331000,0.8204000,0.5283000,0.4158000,0.8428000,0.5156000,0.3680000,0.9989000,0.4324000,0.2826000,0.6257799,0.1723038,0.3303896},
{0.6181576,0.2365691,0.3633027,0.5719817,0.1868857,0.3345483,0.5807529,0.3453493,0.4106836,0.5559654,0.4953475,0.3787768,0.6409692,0.5730318,0.4541178,0.7169000,0.6379000,0.5799000,0.7561000,0.6424000,0.4332000,0.8204000,0.5284000,0.4161000,0.8429000,0.5152000,0.3680000,0.9987000,0.4323000,0.2826000,0.6246745,0.1733992,0.3318612},
{0.6169822,0.2381730,0.3643565,0.5707817,0.1885210,0.3355625,0.5798894,0.3470884,0.4108963,0.5554002,0.4970541,0.3784516,0.6408412,0.5743869,0.4539067,0.7173000,0.6386000,0.5801000,0.7561000,0.6418000,0.4333000,0.8205000,0.5286000,0.4164000,0.8430000,0.5148000,0.3679000,0.9986000,0.4323000,0.2826000,0.6233969,0.1747078,0.3335384},
{0.6155940,0.2401065,0.3655870,0.5693734,0.1904734,0.3367403,0.5787711,0.3493806,0.4111630,0.5547611,0.4990258,0.3780737,0.6407027,0.5759109,0.4536682,0.7177000,0.6395000,0.5802000,0.7561000,0.6412000,0.4334000,0.8205000,0.5289000,0.4167000,0.8430000,0.5144000,0.3678000,0.9984000,0.4323000,0.2826000,0.6218343,0.1763693,0.3355556},
{0.6140074,0.2423685,0.3669745,0.5677107,0.1928249,0.3381132,0.5775316,0.3519756,0.4114465,0.5539957,0.5014501,0.3776056,0.6405358,0.5778375,0.4533646,0.7182000,0.6405000,0.5804000,0.7561000,0.6406000,0.4335000,0.8206000,0.5294000,0.4170000,0.8431000,0.5140000,0.3677000,0.9983000,0.4323000,0.2825000,0.6200395,0.1783594,0.3378271},
{0.6121157,0.2451393,0.3686022,0.5658913,0.1954560,0.3395933,0.5760773,0.3550970,0.4117623,0.5531322,0.5042727,0.3770558,0.6403480,0.5801454,0.4529981,0.7187000,0.6417000,0.5805000,0.7561000,0.6400000,0.4335000,0.8206000,0.5299000,0.4174000,0.8431000,0.5137000,0.3677000,0.9981000,0.4323000,0.2825000,0.6179728,0.1807573,0.3403834},
{0.6100233,0.2482994,0.3703684,0.5638247,0.1985194,0.3412461,0.5744134,0.3587742,0.4120999,0.5521779,0.5075112,0.3764189,0.6401515,0.5827528,0.4525803,0.7192000,0.6430000,0.5807000,0.7561000,0.6394000,0.4336000,0.8205000,0.5304000,0.4178000,0.8432000,0.5133000,0.3676000,0.9979000,0.4323000,0.2825000,0.6156930,0.1835324,0.3431310},
{0.6076419,0.2520200,0.3723340,0.5615450,0.2019925,0.3430338,0.5725755,0.3629765,0.4124419,0.5511098,0.5113005,0.3756656,0.6399376,0.5858855,0.4520732,0.7197000,0.6445000,0.5807000,0.7560000,0.6388000,0.4337000,0.8205000,0.5310000,0.4181000,0.8432000,0.5129000,0.3675000,0.9978000,0.4323000,0.2825000,0.6131664,0.1867643,0.3460890},
{0.6051230,0.2561021,0.3743602,0.5590718,0.2058735,0.3449302,0.5705546,0.3677796,0.4127774,0.5500037,0.5154319,0.3748343,0.6397360,0.5892265,0.4515260,0.7202000,0.6460000,0.5808000,0.7560000,0.6382000,0.4338000,0.8204000,0.5317000,0.4184000,0.8433000,0.5125000,0.3674000,0.9976000,0.4323000,0.2825000,0.6103186,0.1906004,0.3493151},
{0.6022710,0.2609116,0.3765869,0.5563694,0.2102517,0.3469501,0.5684081,0.3731085,0.4130834,0.5487088,0.5205821,0.3737839,0.6395391,0.5930439,0.4508930,0.7208000,0.6478000,0.5809000,0.7560000,0.6375000,0.4339000,0.8202000,0.5325000,0.4186000,0.8434000,0.5121000,0.3673000,0.9975000,0.4323000,0.2825000,0.6073074,0.1948762,0.3526040},
{0.5993091,0.2661240,0.3788213,0.5535033,0.2150559,0.3490312,0.5661887,0.3788894,0.4133398,0.5474589,0.5259367,0.3726756,0.6393682,0.5971158,0.4502085,0.7214000,0.6496000,0.5809000,0.7560000,0.6369000,0.4340000,0.8200000,0.5333000,0.4189000,0.8434000,0.5117000,0.3673000,0.9973000,0.4323000,0.2825000,0.6041006,0.1996739,0.3559705},
{0.5961921,0.2718573,0.3810834,0.5504571,0.2203486,0.3511721,0.5638820,0.3852223,0.4135343,0.5462069,0.5317693,0.3714499,0.6392273,0.6015776,0.4494475,0.7221000,0.6522000,0.5811000,0.7560000,0.6363000,0.4341000,0.8199000,0.5344000,0.4192000,0.8435000,0.5113000,0.3672000,0.9972000,0.4323000,0.2824000,0.6007465,0.2049582,0.3593434},
{0.5929607,0.2780810,0.3833277,0.5472270,0.2261779,0.3533599,0.5614844,0.3922010,0.4136488,0.5449601,0.5381764,0.3700818,0.6391303,0.6063283,0.4486247,0.7227000,0.6542000,0.5810000,0.7560000,0.6357000,0.4342000,0.8197000,0.5352000,0.4196000,0.8435000,0.5109000,0.3671000,0.9970000,0.4322000,0.2824000,0.5972187,0.2108066,0.3627289},
{0.5895925,0.2848863,0.3855527,0.5438388,0.2325412,0.3555602,0.5590951,0.3996164,0.4136607,0.5438034,0.5448371,0.3686360,0.6390871,0.6114249,0.4477276,0.7236000,0.6563000,0.5809000,0.7560000,0.6351000,0.4343000,0.8196000,0.5364000,0.4200000,0.8436000,0.5105000,0.3670000,0.9969000,0.4322000,0.2824000,0.5936560,0.2170131,0.3659807},
{0.5861619,0.2921696,0.3876923,0.5403423,0.2393862,0.3577250,0.5566997,0.4075907,0.4135530,0.5426951,0.5521376,0.3670245,0.6391098,0.6168124,0.4467632,0.7243000,0.6586000,0.5808000,0.7560000,0.6345000,0.4343000,0.8192000,0.5369000,0.4205000,0.8436000,0.5101000,0.3669000,0.9967000,0.4322000,0.2824000,0.5899275,0.2238305,0.3692043},
{0.5826949,0.2999133,0.3897167,0.5367428,0.2467421,0.3598361,0.5543217,0.4161441,0.4133050,0.5416949,0.5599056,0.3652795,0.6392116,0.6225752,0.4457134,0.7251000,0.6611000,0.5807000,0.7560000,0.6339000,0.4344000,0.8189000,0.5378000,0.4209000,0.8437000,0.5097000,0.3669000,0.9966000,0.4322000,0.2824000,0.5861229,0.2311266,0.3723044},
{0.5792001,0.3081355,0.3916076,0.5330365,0.2546611,0.3618787,0.5520239,0.4251452,0.4129022,0.5408263,0.5681999,0.3633828,0.6394057,0.6286495,0.4445862,0.7258000,0.6639000,0.5806000,0.7560000,0.6333000,0.4345000,0.8184000,0.5387000,0.4215000,0.8437000,0.5093000,0.3668000,0.9964000,0.4322000,0.2824000,0.5822282,0.2389527,0.3752789},
{0.5757039,0.3168116,0.3933374,0.5293101,0.2629972,0.3637902,0.5498360,0.4345578,0.4123322,0.5401258,0.5769893,0.3613357,0.6397133,0.6351713,0.4433526,0.7265000,0.6669000,0.5803000,0.7559000,0.6327000,0.4346000,0.8181000,0.5398000,0.4220000,0.8438000,0.5089000,0.3667000,0.9963000,0.4322000,0.2824000,0.5783377,0.2471344,0.3780474},
{0.5722364,0.3258987,0.3948793,0.5255534,0.2718054,0.3655637,0.5477474,0.4445339,0.4115685,0.5396265,0.5862770,0.3591319,0.6401340,0.6418381,0.4420665,0.7270000,0.6701000,0.5800000,0.7559000,0.6320000,0.4347000,0.8176000,0.5408000,0.4225000,0.8439000,0.5085000,0.3666000,0.9961000,0.4322000,0.2823000,0.5743981,0.2557954,0.3806413},
{0.5687608,0.3355346,0.3962350,0.5217472,0.2811738,0.3671917,0.5458507,0.4547161,0.4106263,0.5393656,0.5959095,0.3568031,0.6407007,0.6489423,0.4406680,0.7274000,0.6734000,0.5795000,0.7559000,0.6314000,0.4348000,0.8169000,0.5418000,0.4230000,0.8439000,0.5081000,0.3665000,0.9959000,0.4322000,0.2823000,0.5704099,0.2649562,0.3830483},
{0.5653559,0.3455397,0.3973598,0.5179551,0.2909877,0.3686311,0.5441069,0.4653997,0.4094671,0.5393676,0.6059596,0.3543270,0.6414213,0.6563408,0.4391808,0.7280000,0.6769000,0.5789000,0.7559000,0.6308000,0.4349000,0.8164000,0.5432000,0.4233000,0.8440000,0.5077000,0.3665000,0.9958000,0.4322000,0.2823000,0.5664156,0.2745367,0.3852326},
{0.5620314,0.3559110,0.3982414,0.5141878,0.3012546,0.3698647,0.5425692,0.4763775,0.4080999,0.5396589,0.6163218,0.3517253,0.6422937,0.6638851,0.4376319,0.7287000,0.6805000,0.5783000,0.7559000,0.6302000,0.4350000,0.8157000,0.5444000,0.4237000,0.8440000,0.5073000,0.3664000,0.9956000,0.4322000,0.2823000,0.5624233,0.2845310,0.3871829},
{0.5587722,0.3667295,0.3988715,0.5105244,0.3117804,0.3708581,0.5412488,0.4876658,0.4065134,0.5402721,0.6271309,0.3489592,0.6433493,0.6717331,0.4359855,0.7294000,0.6841000,0.5776000,0.7559000,0.6296000,0.4351000,0.8151000,0.5455000,0.4240000,0.8441000,0.5069000,0.3663000,0.9955000,0.4321000,0.2823000,0.5584209,0.2949854,0.3888956},
{0.5556329,0.3778451,0.3992285,0.5068335,0.3229844,0.3716313,0.5401612,0.4992547,0.4046992,0.5412304,0.6382564,0.3460570,0.6445986,0.6798335,0.4342486,0.7303000,0.6879000,0.5768000,0.7559000,0.6290000,0.4352000,0.8146000,0.5469000,0.4243000,0.8441000,0.5065000,0.3662000,0.9953000,0.4321000,0.2823000,0.5544612,0.3057752,0.3903410},
{0.5526080,0.3893006,0.3993043,0.5032238,0.3345929,0.3721401,0.5393267,0.5110494,0.4026639,0.5425532,0.6496448,0.3430286,0.6460467,0.6881243,0.4324308,0.7312000,0.6919000,0.5758000,0.7559000,0.6284000,0.4352000,0.8141000,0.5482000,0.4245000,0.8442000,0.5061000,0.3662000,0.9952000,0.4321000,0.2823000,0.5505674,0.3168404,0.3915088},
{0.5497285,0.4010018,0.3990901,0.4997666,0.3463933,0.3723680,0.5387520,0.5231229,0.4003871,0.5442694,0.6613302,0.3398607,0.6477135,0.6966360,0.4305220,0.7321000,0.6959000,0.5748000,0.7559000,0.6278000,0.4353000,0.8135000,0.5495000,0.4247000,0.8443000,0.5057000,0.3661000,0.9950000,0.4321000,0.2822000,0.5467012,0.3282985,0.3924058},
{0.5470367,0.4127751,0.3985895,0.4963699,0.3587321,0.3723090,0.5384557,0.5352029,0.3979159,0.5463535,0.6730343,0.3366261,0.6495770,0.7051993,0.4285576,0.7330000,0.7002000,0.5738000,0.7559000,0.6272000,0.4354000,0.8132000,0.5510000,0.4249000,0.8443000,0.5057000,0.3661000,0.9949000,0.4321000,0.2822000,0.5428703,0.3401448,0.3930199},
{0.5444574,0.4249719,0.3977805,0.4931164,0.3713530,0.3719474,0.5384359,0.5473404,0.3952405,0.5488241,0.6848227,0.3333056,0.6516647,0.7138997,0.4265158,0.7339000,0.7046000,0.5729000,0.7558000,0.6266000,0.4355000,0.8126000,0.5523000,0.4252000,0.8433000,0.5068000,0.3657000,0.9947000,0.4321000,0.2822000,0.5391970,0.3519967,0.3933339},
{0.5420506,0.4373501,0.3966670,0.4899762,0.3844114,0.3712651,0.5387018,0.5597522,0.3923065,0.5516968,0.6967102,0.3298930,0.6539527,0.7226046,0.4244260,0.7351000,0.7089000,0.5720000,0.7558000,0.6266000,0.4355000,0.8119000,0.5538000,0.4255000,0.8427000,0.5081000,0.3656000,0.9946000,0.4321000,0.2822000,0.5355450,0.3642969,0.3933581},
{0.5398259,0.4498729,0.3952488,0.4869919,0.3977787,0.3702530,0.5392508,0.5720661,0.3891981,0.5551084,0.7091137,0.3262623,0.6565345,0.7316139,0.4222126,0.7363000,0.7132000,0.5710000,0.7573000,0.6302000,0.4349000,0.8114000,0.5553000,0.4258000,0.8417000,0.5092000,0.3657000,0.9944000,0.4321000,0.2822000,0.5319526,0.3769435,0.3930771},
{0.5377847,0.4625494,0.3935207,0.4841364,0.4116366,0.3688787,0.5400948,0.5845087,0.3858568,0.5588606,0.7212411,0.3226423,0.6592414,0.7403236,0.4200230,0.7378000,0.7174000,0.5701000,0.7584000,0.6337000,0.4345000,0.8107000,0.5568000,0.4261000,0.8407000,0.5102000,0.3659000,0.9943000,0.4321000,0.2822000,0.5284387,0.3898901,0.3924809},
{0.5359155,0.4754934,0.3914578,0.4814613,0.4258074,0.3671397,0.5412275,0.5969142,0.3823239,0.5629455,0.7331223,0.3190268,0.6621212,0.7489205,0.4178127,0.7396000,0.7216000,0.5688000,0.7590000,0.6368000,0.4343000,0.8099000,0.5584000,0.4264000,0.8396000,0.5113000,0.3662000,0.9941000,0.4321000,0.2821000,0.5250329,0.4030430,0.3915663},
{0.5342603,0.4884444,0.3890954,0.4789968,0.4401731,0.3650395,0.5426507,0.6092927,0.3785956,0.5674501,0.7450125,0.3153383,0.6651864,0.7574471,0.4155710,0.7411000,0.7257000,0.5677000,0.7596000,0.6399000,0.4342000,0.8092000,0.5601000,0.4266000,0.8387000,0.5125000,0.3664000,0.9940000,0.4321000,0.2821000,0.5217591,0.4163147,0.3903367},
{0.5328146,0.5014370,0.3864274,0.4767355,0.4548294,0.3625520,0.5443714,0.6216736,0.3746608,0.5723370,0.7567914,0.3116128,0.6684899,0.7660357,0.4132621,0.7426000,0.7299000,0.5665000,0.7603000,0.6431000,0.4339000,0.8085000,0.5616000,0.4269000,0.8376000,0.5137000,0.3666000,0.9938000,0.4320000,0.2821000,0.5185784,0.4298788,0.3887688},
{0.5315747,0.5145345,0.3834361,0.4747068,0.4696436,0.3596873,0.5463541,0.6338200,0.3705965,0.5776114,0.7684622,0.3078486,0.6719475,0.7744620,0.4109457,0.7442000,0.7340000,0.5653000,0.7612000,0.6463000,0.4337000,0.8078000,0.5634000,0.4270000,0.8364000,0.5149000,0.3669000,0.9936000,0.4320000,0.2821000,0.5155052,0.4437060,0.3868518},
{0.5305498,0.5276986,0.3801227,0.4729115,0.4846737,0.3564223,0.5485940,0.6457576,0.3664004,0.5831976,0.7798635,0.3040982,0.6755279,0.7826694,0.4086392,0.7458000,0.7380000,0.5643000,0.7620000,0.6494000,0.4335000,0.8070000,0.5649000,0.4272000,0.8354000,0.5162000,0.3671000,0.9935000,0.4320000,0.2821000,0.5125701,0.4576851,0.3845901},
{0.5297452,0.5409306,0.3764791,0.4713534,0.5000073,0.3527187,0.5511656,0.6578489,0.3619404,0.5891345,0.7910858,0.3003328,0.6792880,0.7907996,0.4063041,0.7475000,0.7419000,0.5634000,0.7628000,0.6524000,0.4331000,0.8064000,0.5667000,0.4274000,0.8343000,0.5175000,0.3673000,0.9933000,0.4320000,0.2821000,0.5097625,0.4718979,0.3819582},
{0.5291709,0.5541581,0.3725177,0.4700741,0.5153316,0.3486387,0.5540053,0.6697533,0.3573362,0.5954695,0.8022058,0.2965255,0.6831545,0.7987044,0.4039840,0.7491000,0.7458000,0.5626000,0.7637000,0.6556000,0.4328000,0.8055000,0.5684000,0.4277000,0.8331000,0.5187000,0.3676000,0.9932000,0.4320000,0.2821000,0.5071088,0.4862475,0.3789600},
{0.5288328,0.5673110,0.3682554,0.4690670,0.5308238,0.3441237,0.5570769,0.6813500,0.3526395,0.6021124,0.8130596,0.2927318,0.6871738,0.8064919,0.4016486,0.7507000,0.7495000,0.5618000,0.7644000,0.6584000,0.4324000,0.8048000,0.5702000,0.4279000,0.8319000,0.5201000,0.3679000,0.9930000,0.4320000,0.2820000,0.5046209,0.5007048,0.3755895},
{0.5287334,0.5803310,0.3637096,0.4683528,0.5463354,0.3392020,0.5604092,0.6927701,0.3478014,0.6090279,0.8236020,0.2889689,0.6913087,0.8140980,0.3993183,0.7524000,0.7531000,0.5610000,0.7650000,0.6613000,0.4320000,0.8040000,0.5719000,0.4282000,0.8306000,0.5214000,0.3682000,0.9929000,0.4320000,0.2820000,0.5023235,0.5151555,0.3718638},
{0.5288713,0.5930929,0.3589276,0.4679425,0.5617618,0.3338986,0.5639500,0.7038562,0.3428929,0.6161524,0.8337588,0.2852657,0.6956444,0.8216803,0.3969448,0.7542000,0.7567000,0.5601000,0.7655000,0.6639000,0.4317000,0.8033000,0.5738000,0.4284000,0.8293000,0.5226000,0.3685000,0.9927000,0.4320000,0.2820000,0.5002041,0.5297219,0.3677386},
{0.5292492,0.6057935,0.3538346,0.4678412,0.5771158,0.3282013,0.5676732,0.7145683,0.3379409,0.6234934,0.8435641,0.2816127,0.7001002,0.8290963,0.3945725,0.7559000,0.7602000,0.5589000,0.7658000,0.6665000,0.4313000,0.8024000,0.5756000,0.4286000,0.8281000,0.5239000,0.3688000,0.9926000,0.4320000,0.2820000,0.4983141,0.5440796,0.3632974},
{0.5298579,0.6181418,0.3485482,0.4680499,0.5920876,0.3222268,0.5715522,0.7248760,0.3329706,0.6309234,0.8528799,0.2780652,0.7046472,0.8363095,0.3922148,0.7576000,0.7638000,0.5578000,0.7660000,0.6691000,0.4309000,0.8016000,0.5774000,0.4288000,0.8267000,0.5253000,0.3691000,0.9924000,0.4320000,0.2820000,0.4966433,0.5583147,0.3585117},
{0.5306986,0.6302535,0.3430248,0.4685441,0.6063403,0.3161364,0.5756020,0.7348558,0.3279547,0.6385218,0.8618365,0.2745778,0.7092784,0.8433222,0.3898729,0.7593000,0.7674000,0.5567000,0.7662000,0.6715000,0.4306000,0.8006000,0.5791000,0.4290000,0.8254000,0.5266000,0.3693000,0.9923000,0.4320000,0.2820000,0.4951877,0.5725182,0.3533384},
{0.5317668,0.6420793,0.3372889,0.4693499,0.6207015,0.3095800,0.5797717,0.7444171,0.3229483,0.6461965,0.8703510,0.2711864,0.7140133,0.8501737,0.3875352,0.7609000,0.7711000,0.5556000,0.7663000,0.6740000,0.4303000,0.7998000,0.5811000,0.4290000,0.8241000,0.5279000,0.3696000,0.9921000,0.4319000,0.2820000,0.4939782,0.5864350,0.3478612},
{0.5330455,0.6534943,0.3314086,0.4704492,0.6346727,0.3027718,0.5841506,0.7537824,0.3178406,0.6540157,0.8785221,0.2678553,0.7187036,0.8566696,0.3852714,0.7622000,0.7747000,0.5549000,0.7663000,0.6764000,0.4301000,0.7988000,0.5830000,0.4292000,0.8228000,0.5293000,0.3698000,0.9920000,0.4319000,0.2819000,0.4930120,0.6001273,0.3420508},
{0.5345415,0.6646049,0.3253362,0.4718411,0.6482883,0.2956997,0.5885838,0.7626454,0.3128066,0.6619265,0.8863116,0.2646027,0.7233230,0.8628058,0.3830883,0.7640000,0.7782000,0.5539000,0.7664000,0.6789000,0.4299000,0.7980000,0.5851000,0.4294000,0.8217000,0.5308000,0.3700000,0.9918000,0.4319000,0.2819000,0.4922997,0.6134960,0.3359426},
{0.5362413,0.6753343,0.3191183,0.4734988,0.6613574,0.2884731,0.5931199,0.7711432,0.3077821,0.6697708,0.8935951,0.2614860,0.7280386,0.8688213,0.3809040,0.7652000,0.7817000,0.5532000,0.7665000,0.6814000,0.4297000,0.7970000,0.5869000,0.4296000,0.8204000,0.5323000,0.3703000,0.9916000,0.4319000,0.2819000,0.4918462,0.6264706,0.3295666},
{0.5381017,0.6854872,0.3128851,0.4753952,0.6737987,0.2811597,0.5978231,0.7794084,0.3026935,0.6776553,0.9005029,0.2584551,0.7328389,0.8747046,0.3787232,0.7668000,0.7850000,0.5523000,0.7667000,0.6840000,0.4293000,0.7924000,0.5870000,0.4308000,0.8191000,0.5340000,0.3705000,0.9915000,0.4319000,0.2819000,0.4916541,0.6388248,0.3230439},
{0.5401188,0.6951361,0.3066156,0.4775235,0.6856782,0.2737437,0.6024206,0.7870026,0.2978268,0.6853848,0.9068963,0.2555770,0.7376007,0.8803163,0.3765999,0.7683000,0.7883000,0.5513000,0.7662000,0.6865000,0.4289000,0.7921000,0.5891000,0.4307000,0.8178000,0.5356000,0.3707000,0.9913000,0.4319000,0.2819000,0.4917154,0.6507446,0.3162860},
{0.5422739,0.7042634,0.3003423,0.4798528,0.6969202,0.2662961,0.6070252,0.7941705,0.2930495,0.6930706,0.9129019,0.2528018,0.7423614,0.8857172,0.3745143,0.7698000,0.7916000,0.5504000,0.7668000,0.6893000,0.4284000,0.7912000,0.5913000,0.4308000,0.8166000,0.5373000,0.3709000,0.9912000,0.4319000,0.2819000,0.4920267,0.6620860,0.3093796},
{0.5445468,0.7128561,0.2940979,0.4823670,0.7075440,0.2588311,0.6116196,0.8009203,0.2883720,0.7006305,0.9184838,0.2501522,0.7469896,0.8907781,0.3725206,0.7714000,0.7947000,0.5496000,0.7674000,0.6920000,0.4280000,0.7903000,0.5933000,0.4309000,0.8153000,0.5391000,0.3711000,0.9910000,0.4319000,0.2819000,0.4925791,0.6728066,0.3023649},
{0.5469495,0.7210133,0.2878302,0.4850336,0.7175049,0.2514105,0.6163020,0.8074168,0.2836897,0.7081256,0.9237131,0.2476003,0.7514559,0.8954941,0.3706265,0.7728000,0.7978000,0.5488000,0.7679000,0.6946000,0.4276000,0.7893000,0.5955000,0.4310000,0.8140000,0.5409000,0.3712000,0.9909000,0.4319000,0.2818000,0.4933492,0.6827438,0.2953769},
{0.5494570,0.7286925,0.2815889,0.4878563,0.7268952,0.2439940,0.6208070,0.8133273,0.2792600,0.7154545,0.9285448,0.2451745,0.7558052,0.8999358,0.3688088,0.7743000,0.8008000,0.5481000,0.7682000,0.6971000,0.4273000,0.7884000,0.5977000,0.4311000,0.8127000,0.5428000,0.3714000,0.9907000,0.4319000,0.2818000,0.4943844,0.6924766,0.2880033},
{0.5520157,0.7357921,0.2754851,0.4907640,0.7355644,0.2367356,0.6253243,0.8189401,0.2748878,0.7226705,0.9330398,0.2428506,0.7600343,0.9041184,0.3670657,0.7758000,0.8037000,0.5474000,0.7683000,0.6996000,0.4271000,0.7875000,0.5999000,0.4312000,0.8113000,0.5447000,0.3716000,0.9906000,0.4319000,0.2818000,0.4956198,0.7013781,0.2807160},
{0.5546755,0.7424998,0.2693821,0.4937336,0.7435464,0.2296540,0.6298312,0.8242446,0.2705911,0.7297402,0.9371993,0.2406341,0.7641533,0.9080683,0.3653900,0.7772000,0.8065000,0.5465000,0.7684000,0.7021000,0.4269000,0.7865000,0.6021000,0.4313000,0.8099000,0.5465000,0.3718000,0.9904000,0.4318000,0.2818000,0.4970645,0.7096430,0.2733891},
{0.5573328,0.7486084,0.2634979,0.4967816,0.7509634,0.2226802,0.6342323,0.8291549,0.2664550,0.7366053,0.9410137,0.2385370,0.7682578,0.9118875,0.3637409,0.7785000,0.8092000,0.5455000,0.7686000,0.7045000,0.4266000,0.7855000,0.6043000,0.4313000,0.8085000,0.5483000,0.3721000,0.9903000,0.4318000,0.2818000,0.4986818,0.7171534,0.2661577},
{0.5600103,0.7542362,0.2577587,0.4998229,0.7576891,0.2159784,0.6385708,0.8337470,0.2624328,0.7431085,0.9444281,0.2365995,0.7722349,0.9154810,0.3621621,0.7798000,0.8120000,0.5445000,0.7688000,0.7069000,0.4262000,0.7845000,0.6065000,0.4314000,0.8071000,0.5501000,0.3723000,0.9901000,0.4318000,0.2818000,0.5004696,0.7239947,0.2589781},
{0.5626994,0.7594140,0.2521654,0.5028803,0.7638556,0.2094671,0.6426918,0.8378905,0.2586605,0.7494380,0.9475695,0.2347586,0.7762010,0.9189631,0.3606058,0.7811000,0.8146000,0.5435000,0.7690000,0.7094000,0.4258000,0.7835000,0.6087000,0.4314000,0.8057000,0.5518000,0.3725000,0.9900000,0.4318000,0.2817000,0.5024060,0.7301561,0.2518973},
{0.5653512,0.7641009,0.2468004,0.5058905,0.7694090,0.2032532,0.6467420,0.8417636,0.2549973,0.7554340,0.9503833,0.2330545,0.7799402,0.9221564,0.3591544,0.7823000,0.8171000,0.5425000,0.7693000,0.7117000,0.4255000,0.7826000,0.6108000,0.4314000,0.8042000,0.5535000,0.3728000,0.9898000,0.4318000,0.2817000,0.5044600,0.7356220,0.2449825},
{0.5680322,0.7684547,0.2415145,0.5088991,0.7744981,0.1972178,0.6505912,0.8452681,0.2515549,0.7611416,0.9529178,0.2314679,0.7834832,0.9251041,0.3577931,0.7835000,0.8197000,0.5417000,0.7695000,0.7141000,0.4251000,0.7817000,0.6129000,0.4315000,0.8028000,0.5552000,0.3730000,0.9896000,0.4318000,0.2817000,0.5066266,0.7404549,0.2382086},
{0.5706287,0.7723327,0.2365172,0.5118821,0.7791303,0.1913911,0.6543053,0.8484918,0.2482683,0.7665344,0.9551854,0.2300001,0.7867636,0.9277676,0.3565444,0.7848000,0.8222000,0.5408000,0.7697000,0.7165000,0.4248000,0.7808000,0.6150000,0.4316000,0.8013000,0.5570000,0.3733000,0.9895000,0.4318000,0.2817000,0.5089362,0.7447602,0.2314592},
{0.5732265,0.7759045,0.2316283,0.5147852,0.7832755,0.1858583,0.6579115,0.8514779,0.2451091,0.7716460,0.9572223,0.2286366,0.7898722,0.9302347,0.3553712,0.7860000,0.8245000,0.5399000,0.7698000,0.7188000,0.4246000,0.7799000,0.6172000,0.4317000,0.8000000,0.5588000,0.3736000,0.9893000,0.4318000,0.2817000,0.5112915,0.7484095,0.2249893},
{0.5757753,0.7791298,0.2269318,0.5176405,0.7870298,0.1805392,0.6613467,0.8541940,0.2421281,0.7764551,0.9590396,0.2273781,0.7928314,0.9325329,0.3542633,0.7871000,0.8268000,0.5391000,0.7700000,0.7211000,0.4243000,0.7791000,0.6193000,0.4318000,0.7986000,0.5605000,0.3739000,0.9892000,0.4318000,0.2817000,0.5137894,0.7515934,0.2185103},
{0.5782633,0.7820280,0.2224375,0.5204758,0.7904627,0.1753696,0.6646488,0.8566896,0.2392881,0.7810545,0.9606889,0.2261964,0.7956114,0.9346482,0.3532304,0.7882000,0.8291000,0.5382000,0.7701000,0.7233000,0.4240000,0.7783000,0.6213000,0.4319000,0.7970000,0.5623000,0.3741000,0.9890000,0.4318000,0.2817000,0.5163119,0.7541958,0.2123090},
{0.5807250,0.7846665,0.2180729,0.5232435,0.7935481,0.1704242,0.6678276,0.8589876,0.2365773,0.7853894,0.9621645,0.2251021,0.7982987,0.9366534,0.3522389,0.7892000,0.8313000,0.5372000,0.7702000,0.7254000,0.4237000,0.7775000,0.6234000,0.4320000,0.7955000,0.5640000,0.3743000,0.9889000,0.4317000,0.2816000,0.5188659,0.7562858,0.2063337},
{0.5831000,0.7870073,0.2139359,0.5259834,0.7963587,0.1656210,0.6708930,0.8611085,0.2339844,0.7896102,0.9635282,0.2240545,0.8008452,0.9385183,0.3513056,0.7901000,0.8335000,0.5362000,0.7702000,0.7276000,0.4235000,0.7767000,0.6254000,0.4320000,0.7943000,0.5657000,0.3745000,0.9887000,0.4317000,0.2816000,0.5213859,0.7578739,0.2007023},
{0.5854335,0.7891208,0.2099382,0.5286376,0.7988624,0.1610515,0.6737802,0.8630222,0.2315607,0.7934340,0.9647018,0.2231207,0.8033137,0.9402939,0.3504067,0.7909000,0.8356000,0.5353000,0.7702000,0.7297000,0.4231000,0.7759000,0.6274000,0.4320000,0.7931000,0.5674000,0.3748000,0.9886000,0.4317000,0.2816000,0.5238940,0.7590365,0.1953303},
{0.5876996,0.7910040,0.2061167,0.5312034,0.8010878,0.1567082,0.6765191,0.8647636,0.2292779,0.7970129,0.9657473,0.2222598,0.8057204,0.9419950,0.3495356,0.7916000,0.8376000,0.5342000,0.7703000,0.7316000,0.4227000,0.7751000,0.6293000,0.4320000,0.7920000,0.5690000,0.3750000,0.9884000,0.4317000,0.2816000,0.5263684,0.7598134,0.1902370},
{0.5899092,0.7926861,0.2024462,0.5337036,0.8030801,0.1525428,0.6791489,0.8663688,0.2271009,0.8003765,0.9666833,0.2214622,0.8079637,0.9435544,0.3487283,0.7923000,0.8396000,0.5331000,0.7703000,0.7334000,0.4224000,0.7744000,0.6312000,0.4319000,0.7910000,0.5705000,0.3752000,0.9883000,0.4317000,0.2816000,0.5287341,0.7602415,0.1855425},
{0.5920795,0.7941958,0.1988920,0.5361082,0.8048387,0.1485965,0.6817538,0.8678951,0.2249585,0.8033806,0.9674813,0.2207591,0.8100695,0.9449955,0.3479745,0.7928000,0.8415000,0.5320000,0.7703000,0.7352000,0.4219000,0.7737000,0.6330000,0.4319000,0.7900000,0.5720000,0.3754000,0.9881000,0.4317000,0.2816000,0.5310913,0.7603853,0.1810225},
{0.5941910,0.7955335,0.1954814,0.5383747,0.8063600,0.1449289,0.6842102,0.8692771,0.2229511,0.8062813,0.9682180,0.2200886,0.8119897,0.9462905,0.3472906,0.7934000,0.8434000,0.5308000,0.7705000,0.7368000,0.4214000,0.7730000,0.6347000,0.4318000,0.7892000,0.5734000,0.3757000,0.9880000,0.4317000,0.2816000,0.5333198,0.7602792,0.1768843},
{0.5961641,0.7966704,0.1923349,0.5406029,0.8077311,0.1413703,0.6865244,0.8705286,0.2210710,0.8089648,0.9688699,0.2194756,0.8139077,0.9475662,0.3466106,0.7938000,0.8452000,0.5296000,0.7705000,0.7383000,0.4210000,0.7725000,0.6362000,0.4317000,0.7883000,0.5746000,0.3759000,0.9878000,0.4317000,0.2815000,0.5354162,0.7599775,0.1731038},
{0.5980704,0.7976678,0.1893313,0.5427050,0.8089149,0.1380550,0.6886623,0.8716418,0.2193436,0.8113921,0.9694351,0.2189271,0.8156201,0.9486902,0.3460062,0.7941000,0.8469000,0.5284000,0.7704000,0.7399000,0.4205000,0.7719000,0.6378000,0.4317000,0.7876000,0.5759000,0.3761000,0.9876000,0.4317000,0.2815000,0.5373353,0.7595387,0.1697337},
{0.5999048,0.7985363,0.1864740,0.5447820,0.8099827,0.1348179,0.6905847,0.8726079,0.2177982,0.8136953,0.9699499,0.2184120,0.8170958,0.9496477,0.3454873,0.7943000,0.8486000,0.5272000,0.7703000,0.7413000,0.4201000,0.7714000,0.6392000,0.4316000,0.7869000,0.5770000,0.3764000,0.9875000,0.4317000,0.2815000,0.5391863,0.7589749,0.1665616},
{0.6016576,0.7992845,0.1837729,0.5466946,0.8108789,0.1318701,0.6924029,0.8734914,0.2163432,0.8157274,0.9703869,0.2179618,0.8184760,0.9505339,0.3450036,0.7945000,0.8502000,0.5260000,0.7701000,0.7425000,0.4196000,0.7709000,0.6406000,0.4316000,0.7862000,0.5781000,0.3767000,0.9873000,0.4317000,0.2815000,0.5409069,0.7583321,0.1636790},
{0.6032335,0.7998905,0.1813685,0.5485154,0.8116562,0.1290926,0.6940284,0.8742565,0.2150478,0.8175064,0.9707561,0.2175709,0.8197664,0.9513543,0.3445529,0.7946000,0.8517000,0.5249000,0.7699000,0.7437000,0.4192000,0.7704000,0.6418000,0.4316000,0.7856000,0.5791000,0.3770000,0.9872000,0.4316000,0.2815000,0.5424047,0.7576826,0.1612197},
{0.6047738,0.8004229,0.1790401,0.5502320,0.8123227,0.1264993,0.6955790,0.8749648,0.2138169,0.8190958,0.9710754,0.2172242,0.8208238,0.9520209,0.3441846,0.7947000,0.8530000,0.5238000,0.7695000,0.7448000,0.4188000,0.7699000,0.6429000,0.4316000,0.7850000,0.5799000,0.3773000,0.9870000,0.4316000,0.2815000,0.5438328,0.7569880,0.1589170},
{0.6062229,0.8008707,0.1768684,0.5518508,0.8128933,0.1240758,0.6969647,0.8755799,0.2127209,0.8204884,0.9713471,0.2169225,0.8217881,0.9526243,0.3438494,0.7947000,0.8543000,0.5228000,0.7691000,0.7458000,0.4185000,0.7695000,0.6440000,0.4316000,0.7845000,0.5807000,0.3776000,0.9869000,0.4316000,0.2814000,0.5451443,0.7562868,0.1568374},
{0.6075018,0.8012237,0.1749672,0.5534030,0.8133885,0.1217717,0.6982717,0.8761449,0.2116905,0.8217755,0.9715914,0.2166454,0.8225697,0.9531102,0.3435784,0.7946000,0.8557000,0.5218000,0.7690000,0.7468000,0.4180000,0.7690000,0.6450000,0.4316000,0.7840000,0.5815000,0.3779000,0.9867000,0.4316000,0.2814000,0.5463570,0.7555859,0.1549440}
};
