fitErrPi Mean = 0.226468
fitErrTh Mean = 0.0826959
fitErrWr Mean = 0.0517942
fitErrLA Mean = 0.0364933
fitErrEl Mean = 0.0336828
fitErrUA Mean = 0.600502
efPts = {
{0.6023805,0.8317997,0.1644347,0.5429719,0.8079448,0.1907530,0.4211062,0.2826195,0.0640921,0.5752872,0.2971873,0.1858924,1.0947145,0.8227036,0.2441483,0.6618000,0.8270000,0.4451000,0.6695000,0.7363000,0.3359000,0.7178000,0.6588000,0.3430000,0.7149000,0.5926000,0.3699000,0.7727000,0.5313000,0.4582000,0.5337078,0.7910316,0.0760019},
{0.5983614,0.8314877,0.1655403,0.5396397,0.8071767,0.1910318,0.6471477,0.9371703,0.1709706,0.7191900,1.0067270,0.2033702,1.0942742,0.8213243,0.2436182,0.6572000,0.8260000,0.4438000,0.6663000,0.7351000,0.3348000,0.7164000,0.6582000,0.3424000,0.7123000,0.5920000,0.3693000,0.7696000,0.5310000,0.4582000,0.5322172,0.7902585,0.0754941},
{0.5933704,0.8310427,0.1668558,0.5356824,0.8062483,0.1913393,0.6436043,0.9370010,0.1717335,0.7154128,1.0065722,0.2035049,1.0938737,0.8200674,0.2431350,0.6526000,0.8248000,0.4425000,0.6630000,0.7340000,0.3336000,0.7150000,0.6575000,0.3418000,0.7095000,0.5913000,0.3687000,0.7665000,0.5306000,0.4582000,0.5305402,0.7893878,0.0749213},
{0.5876419,0.8304581,0.1682916,0.5308255,0.8050852,0.1916823,0.6394676,0.9367658,0.1726151,0.7110159,1.0063505,0.2036604,1.0933746,0.8184983,0.2425317,0.6481000,0.8236000,0.4413000,0.6597000,0.7328000,0.3325000,0.7136000,0.6569000,0.3413000,0.7069000,0.5906000,0.3680000,0.7634000,0.5302000,0.4581000,0.5284513,0.7883018,0.0742056},
{0.5810734,0.8296967,0.1698465,0.5250973,0.8036809,0.1920396,0.6347195,0.9364463,0.1736150,0.7062148,1.0060575,0.2038286,1.0928410,0.8168166,0.2418849,0.6436000,0.8225000,0.4401000,0.6564000,0.7316000,0.3314000,0.7122000,0.6562000,0.3407000,0.7047000,0.5902000,0.3671000,0.7602000,0.5298000,0.4579000,0.5258047,0.7869234,0.0732953},
{0.5735993,0.8287196,0.1715050,0.5183800,0.8019907,0.1923953,0.6290679,0.9359978,0.1747886,0.7007040,1.0056560,0.2040195,1.0922863,0.8150646,0.2412109,0.6392000,0.8214000,0.4390000,0.6532000,0.7305000,0.3303000,0.7108000,0.6556000,0.3401000,0.7014000,0.5888000,0.3665000,0.7573000,0.5292000,0.4576000,0.5224623,0.7851788,0.0721402},
{0.5654578,0.8275305,0.1731864,0.5105592,0.7999657,0.1927262,0.6230764,0.9354421,0.1760135,0.6946856,1.0051385,0.2042255,1.0918140,0.8135697,0.2406357,0.6351000,0.8203000,0.4380000,0.6499000,0.7293000,0.3291000,0.7094000,0.6549000,0.3396000,0.6985000,0.5880000,0.3657000,0.7540000,0.5287000,0.4572000,0.5183589,0.7830313,0.0707136},
{0.5560737,0.8260098,0.1749741,0.5019480,0.7976673,0.1929907,0.6164178,0.9347291,0.1773517,0.6881906,1.0044880,0.2044449,1.0913977,0.8122497,0.2401277,0.6322000,0.8186000,0.4365000,0.6466000,0.7281000,0.3280000,0.7080000,0.6543000,0.3390000,0.6966000,0.5876000,0.3646000,0.7505000,0.5282000,0.4568000,0.5136551,0.7805618,0.0690668},
{0.5462201,0.8242523,0.1766901,0.4927157,0.7951261,0.1931622,0.6088298,0.9337952,0.1788474,0.6811773,1.0036789,0.2046783,1.0907281,0.8101211,0.2393083,0.6285000,0.8175000,0.4357000,0.6433000,0.7270000,0.3269000,0.7066000,0.6536000,0.3384000,0.6929000,0.5861000,0.3640000,0.7470000,0.5276000,0.4564000,0.5082358,0.7777061,0.0671541},
{0.5357269,0.8222122,0.1783485,0.4826340,0.7922633,0.1932218,0.6008139,0.9326702,0.1803939,0.6736563,1.0026885,0.2049247,1.0902839,0.8087059,0.2387634,0.6249000,0.8163000,0.4350000,0.6401000,0.7258000,0.3258000,0.7052000,0.6530000,0.3379000,0.6901000,0.5854000,0.3630000,0.7434000,0.5271000,0.4559000,0.5021856,0.7745048,0.0649994},
{0.5245135,0.8198528,0.1799411,0.4719522,0.7891337,0.1931447,0.5920950,0.9312869,0.1820375,0.6658442,1.0015262,0.2051763,1.0896142,0.8065667,0.2379395,0.6213000,0.8152000,0.4344000,0.6368000,0.7246000,0.3246000,0.7038000,0.6523000,0.3373000,0.6873000,0.5844000,0.3621000,0.7399000,0.5265000,0.4554000,0.4955713,0.7709889,0.0626203},
{0.5127755,0.8171972,0.1814219,0.4607547,0.7857501,0.1929141,0.5828314,0.9296367,0.1837402,0.6574755,1.0001302,0.2054410,1.0890104,0.8046331,0.2371946,0.6178000,0.8140000,0.4338000,0.6335000,0.7234000,0.3235000,0.7024000,0.6517000,0.3368000,0.6848000,0.5837000,0.3611000,0.7365000,0.5259000,0.4549000,0.4885235,0.7672241,0.0600580},
{0.5006636,0.8142694,0.1827619,0.4490498,0.7821041,0.1925145,0.5732634,0.9277391,0.1854522,0.6487973,0.9985183,0.2057102,1.0883902,0.8026414,0.2364270,0.6142000,0.8128000,0.4331000,0.6302000,0.7223000,0.3224000,0.7010000,0.6510000,0.3362000,0.6818000,0.5828000,0.3602000,0.7331000,0.5252000,0.4544000,0.4807835,0.7630675,0.0572116},
{0.4882106,0.8110715,0.1839516,0.4370452,0.7782525,0.1919414,0.5631604,0.9255241,0.1872088,0.6396564,0.9966396,0.2059879,1.0877593,0.8006098,0.2356439,0.6105000,0.8116000,0.4324000,0.6270000,0.7211000,0.3213000,0.6996000,0.6504000,0.3356000,0.6791000,0.5819000,0.3593000,0.7298000,0.5246000,0.4539000,0.4726802,0.7586906,0.0541948},
{0.4754106,0.8075960,0.1849854,0.4247653,0.7741980,0.1911883,0.5526488,0.9229908,0.1889812,0.6301248,0.9944829,0.2062712,1.0870835,0.7984274,0.2348024,0.6069000,0.8102000,0.4316000,0.6237000,0.7199000,0.3202000,0.6982000,0.6497000,0.3351000,0.6764000,0.5811000,0.3585000,0.7264000,0.5241000,0.4534000,0.4642948,0.7541343,0.0510331},
{0.4624704,0.8038967,0.1858444,0.4123598,0.7699870,0.1902604,0.5416994,0.9201049,0.1907678,0.6202670,0.9920394,0.2065573,1.0863540,0.7960644,0.2338909,0.6032000,0.8089000,0.4308000,0.6204000,0.7188000,0.3190000,0.6968000,0.6490000,0.3345000,0.6737000,0.5805000,0.3575000,0.7231000,0.5235000,0.4529000,0.4556368,0.7494006,0.0477257},
{0.4493659,0.7999675,0.1865310,0.3999305,0.7656543,0.1891653,0.5303980,0.9168627,0.1925480,0.6096727,0.9891709,0.2068570,1.0855433,0.7934297,0.2328743,0.5995000,0.8075000,0.4301000,0.6171000,0.7176000,0.3179000,0.6954000,0.6484000,0.3339000,0.6711000,0.5797000,0.3566000,0.7200000,0.5230000,0.4523000,0.4466555,0.7444584,0.0442482},
{0.4361057,0.7958107,0.1870443,0.3873179,0.7611433,0.1878876,0.5187776,0.9132496,0.1943111,0.5988389,0.9859759,0.2071551,1.0848128,0.7910469,0.2319545,0.5958000,0.8061000,0.4293000,0.6139000,0.7164000,0.3168000,0.6940000,0.6477000,0.3334000,0.6684000,0.5789000,0.3558000,0.7169000,0.5224000,0.4517000,0.4375916,0.7394376,0.0406900},
{0.4226467,0.7914106,0.1873840,0.3747046,0.7565180,0.1864441,0.5069096,0.9092667,0.1960409,0.5875446,0.9823608,0.2074567,1.0840452,0.7885351,0.2309846,0.5920000,0.8047000,0.4285000,0.6106000,0.7153000,0.3157000,0.6926000,0.6471000,0.3328000,0.6658000,0.5783000,0.3548000,0.7135000,0.5218000,0.4512000,0.4282918,0.7342510,0.0369878},
{0.4089659,0.7867555,0.1875463,0.3617013,0.7516315,0.1847840,0.4949332,0.9049455,0.1977136,0.5760767,0.9783895,0.2077533,1.0830365,0.7852212,0.2297045,0.5881000,0.8032000,0.4276000,0.6073000,0.7141000,0.3145000,0.6912000,0.6464000,0.3322000,0.6632000,0.5778000,0.3538000,0.7102000,0.5214000,0.4507000,0.4188149,0.7289286,0.0331606},
{0.3951924,0.7818864,0.1875269,0.3486225,0.7465961,0.1829388,0.4829416,0.9003125,0.1993144,0.5644443,0.9740469,0.2080440,1.0822640,0.7826729,0.2287197,0.5840000,0.8017000,0.4267000,0.6040000,0.7129000,0.3134000,0.6898000,0.6458000,0.3317000,0.6606000,0.5771000,0.3529000,0.7068000,0.5209000,0.4503000,0.4092378,0.7235114,0.0292363},
{0.3814807,0.7768596,0.1873276,0.3355648,0.7414483,0.1809213,0.4708467,0.8953253,0.2008531,0.5527359,0.9693504,0.2083262,1.0813430,0.7796234,0.2275407,0.5799000,0.8000000,0.4256000,0.6008000,0.7117000,0.3123000,0.6884000,0.6451000,0.3311000,0.6580000,0.5765000,0.3520000,0.7034000,0.5206000,0.4499000,0.3997190,0.7180880,0.0252785},
{0.3677574,0.7716506,0.1869497,0.3226213,0.7362264,0.1787482,0.4589126,0.8900907,0.2022955,0.5410738,0.9643410,0.2085966,1.0803079,0.7761804,0.2262091,0.5756000,0.7984000,0.4245000,0.5975000,0.7106000,0.3112000,0.6870000,0.6445000,0.3305000,0.6553000,0.5759000,0.3511000,0.7000000,0.5203000,0.4495000,0.3903827,0.7127301,0.0213399},
{0.3542172,0.7663371,0.1864025,0.3099561,0.7310011,0.1764535,0.4469258,0.8845134,0.2036671,0.5295588,0.9590618,0.2088529,1.0792721,0.7727185,0.2248694,0.5712000,0.7968000,0.4234000,0.5942000,0.7094000,0.3100000,0.6856000,0.6438000,0.3300000,0.6527000,0.5753000,0.3503000,0.6965000,0.5202000,0.4490000,0.3811330,0.7073834,0.0173815},
{0.3408402,0.7609173,0.1856912,0.2974422,0.7257247,0.1740211,0.4349402,0.8786097,0.2049595,0.5182657,0.9535544,0.2090936,1.0781808,0.7690531,0.2234503,0.5669000,0.7953000,0.4222000,0.5909000,0.7082000,0.3089000,0.6842000,0.6432000,0.3294000,0.6501000,0.5748000,0.3493000,0.6931000,0.5200000,0.4487000,0.3720997,0.7021242,0.0134604},
{0.3276103,0.7553895,0.1848196,0.2852178,0.7204598,0.1714841,0.4232693,0.8725391,0.2061401,0.5070320,0.9477416,0.2093224,1.0772240,0.7658239,0.2221995,0.5625000,0.7937000,0.4210000,0.5877000,0.7071000,0.3078000,0.6828000,0.6425000,0.3288000,0.6474000,0.5742000,0.3485000,0.6900000,0.5196000,0.4484000,0.3630483,0.6968164,0.0094756},
{0.3146024,0.7497897,0.1837976,0.2730802,0.7151223,0.1688052,0.4117926,0.8662509,0.2072242,0.4962131,0.9418177,0.2095322,1.0761968,0.7623413,0.2208498,0.5581000,0.7923000,0.4198000,0.5844000,0.7059000,0.3067000,0.6814000,0.6419000,0.3283000,0.6446000,0.5734000,0.3477000,0.6867000,0.5194000,0.4480000,0.3542723,0.6916328,0.0055573},
{0.3018538,0.7441405,0.1826345,0.2611247,0.7097554,0.1660072,0.4006526,0.8598359,0.2082013,0.4857084,0.9357490,0.2097257,1.0751325,0.7587144,0.2194436,0.5537000,0.7907000,0.4186000,0.5844000,0.7059000,0.3067000,0.6800000,0.6412000,0.3277000,0.6419000,0.5728000,0.3468000,0.6836000,0.5188000,0.4478000,0.3454793,0.6864016,0.0015762},
{0.2894952,0.7385085,0.1813510,0.2493961,0.7043822,0.1631050,0.3897679,0.8532616,0.2090819,0.4755931,0.9295987,0.2099023,1.0742812,0.7558004,0.2183132,0.5494000,0.7891000,0.4174000,0.5818000,0.7033000,0.3066000,0.6786000,0.6406000,0.3272000,0.6392000,0.5723000,0.3458000,0.6802000,0.5187000,0.4474000,0.3370224,0.6813339,-0.0023062},
{0.2772334,0.7327651,0.1799218,0.2378797,0.6989989,0.1600993,0.3793494,0.8466751,0.2098539,0.4658067,0.9233505,0.2100635,1.0731850,0.7520300,0.2168500,0.5450000,0.7874000,0.4162000,0.5783000,0.7016000,0.3054000,0.6772000,0.6399000,0.3266000,0.6365000,0.5716000,0.3449000,0.6768000,0.5187000,0.4469000,0.3287067,0.6763151,-0.0061761},
{0.2655222,0.7271308,0.1784075,0.2267558,0.6936951,0.1570445,0.3693093,0.8400453,0.2105295,0.4565269,0.9171437,0.2102073,1.0723092,0.7490033,0.2156748,0.5407000,0.7857000,0.4149000,0.5743000,0.7008000,0.3039000,0.6758000,0.6393000,0.3260000,0.6337000,0.5708000,0.3439000,0.6735000,0.5186000,0.4464000,0.3208882,0.6715634,-0.0098632},
{0.2542228,0.7215517,0.1768033,0.2161918,0.6885602,0.1540010,0.3596226,0.8333753,0.2111153,0.4475230,0.9108470,0.2103380,1.0714011,0.7458512,0.2144505,0.5363000,0.7840000,0.4137000,0.5709000,0.6990000,0.3027000,0.6744000,0.6386000,0.3255000,0.6310000,0.5700000,0.3430000,0.6702000,0.5187000,0.4458000,0.3130538,0.6667690,-0.0136063},
{0.2432705,0.7160051,0.1751091,0.2062271,0.6836259,0.1509982,0.3502238,0.8266357,0.2116189,0.4389473,0.9045872,0.2104541,1.0704020,0.7423670,0.2130965,0.5321000,0.7822000,0.4125000,0.5679000,0.6947000,0.3038000,0.6730000,0.6380000,0.3249000,0.6283000,0.5693000,0.3421000,0.6670000,0.5186000,0.4453000,0.3057511,0.6622694,-0.0171402},
{0.2327610,0.7105487,0.1733491,0.1967073,0.6788264,0.1480050,0.3410750,0.8198102,0.2120451,0.4307305,0.8983375,0.2105572,1.0696294,0.7396607,0.2120443,0.5279000,0.7805000,0.4114000,0.5645000,0.6926000,0.3032000,0.6716000,0.6373000,0.3243000,0.6256000,0.5684000,0.3411000,0.6639000,0.5186000,0.4447000,0.2984284,0.6577271,-0.0207284},
{0.2228405,0.7052722,0.1715614,0.1875256,0.6741149,0.1449984,0.3324143,0.8130967,0.2123876,0.4228935,0.8921358,0.2106478,1.0688147,0.7367957,0.2109301,0.5238000,0.7788000,0.4104000,0.5610000,0.6903000,0.3027000,0.6702000,0.6367000,0.3238000,0.6228000,0.5675000,0.3403000,0.6609000,0.5186000,0.4440000,0.2913827,0.6533271,-0.0242242},
{0.2133338,0.7000955,0.1697278,0.1785541,0.6694299,0.1419420,0.3240792,0.8063925,0.2126585,0.4154805,0.8860422,0.2107261,1.0678938,0.7335429,0.2096645,0.5196000,0.7773000,0.4096000,0.5575000,0.6887000,0.3017000,0.6688000,0.6360000,0.3232000,0.6202000,0.5666000,0.3393000,0.6581000,0.5184000,0.4433000,0.2846454,0.6490919,-0.0276079},
{0.2041744,0.6949910,0.1678440,0.1699851,0.6648764,0.1389085,0.3162129,0.7998354,0.2128586,0.4085048,0.8800961,0.2107931,1.0670675,0.7306110,0.2085232,0.5156000,0.7757000,0.4088000,0.5541000,0.6868000,0.3011000,0.6674000,0.6354000,0.3226000,0.6176000,0.5655000,0.3384000,0.6554000,0.5180000,0.4425000,0.2784846,0.6451946,-0.0307379},
{0.1954307,0.6900052,0.1659325,0.1619526,0.6605350,0.1359586,0.3086935,0.7933480,0.2129968,0.4018663,0.8742368,0.2108504,1.0662438,0.7276762,0.2073804,0.5156000,0.7757000,0.4088000,0.5508000,0.6849000,0.2999000,0.6660000,0.6347000,0.3221000,0.6149000,0.5646000,0.3373000,0.6525000,0.5178000,0.4417000,0.2721802,0.6411816,-0.0339775},
{0.1871313,0.6851651,0.1640101,0.1541610,0.6562531,0.1329943,0.3015498,0.7869755,0.2130776,0.3955350,0.8684569,0.2108988,1.0652059,0.7239602,0.2059327,0.5150000,0.7749000,0.4088000,0.5474000,0.6828000,0.2993000,0.6646000,0.6341000,0.3215000,0.6122000,0.5636000,0.3363000,0.6496000,0.5176000,0.4409000,0.2663560,0.6374513,-0.0370039},
{0.1791640,0.6804142,0.1620600,0.1470312,0.6522707,0.1301885,0.2947635,0.7807227,0.2131062,0.3894761,0.8627413,0.2109393,1.0644683,0.7213072,0.2048986,0.5145000,0.7741000,0.4088000,0.5441000,0.6809000,0.2985000,0.6631000,0.6334000,0.3209000,0.6096000,0.5625000,0.3353000,0.6468000,0.5173000,0.4401000,0.2607927,0.6338670,-0.0399259},
{0.1716936,0.6758610,0.1601327,0.1404845,0.6485575,0.1275299,0.2881696,0.7744512,0.2130866,0.3837366,0.8571519,0.2109720,1.0637440,0.7186923,0.2038791,0.5139000,0.7733000,0.4088000,0.5407000,0.6793000,0.2977000,0.6617000,0.6328000,0.3204000,0.6070000,0.5616000,0.3343000,0.6441000,0.5170000,0.4393000,0.2554968,0.6304351,-0.0427364},
{0.1646670,0.6714857,0.1582271,0.1343586,0.6450316,0.1249674,0.2818577,0.7682567,0.2130217,0.3781362,0.8515249,0.2109983,1.0629527,0.7158237,0.2027603,0.5133000,0.7725000,0.4088000,0.5389000,0.6793000,0.2965000,0.6603000,0.6321000,0.3198000,0.6045000,0.5605000,0.3333000,0.6414000,0.5167000,0.4384000,0.2504079,0.6271189,-0.0454644},
{0.1580152,0.6672561,0.1563352,0.1285284,0.6416274,0.1224582,0.2759078,0.7622365,0.2129168,0.3729298,0.8461323,0.2110176,1.0623176,0.7135124,0.2018584,0.5127000,0.7716000,0.4088000,0.5358000,0.6767000,0.2961000,0.6589000,0.6315000,0.3192000,0.6020000,0.5594000,0.3323000,0.6387000,0.5163000,0.4375000,0.2456287,0.6239874,-0.0480513},
{0.1518319,0.6632428,0.1544948,0.1230484,0.6383827,0.1200342,0.2704510,0.7565518,0.2127811,0.3678949,0.8407611,0.2110312,1.0614557,0.7103636,0.2006294,0.5121000,0.7708000,0.4088000,0.5331000,0.6756000,0.2950000,0.6575000,0.6308000,0.3187000,0.5996000,0.5584000,0.3313000,0.6360000,0.5160000,0.4366000,0.2411746,0.6210537,-0.0504847},
{0.1461147,0.6594576,0.1527186,0.1178988,0.6352918,0.1176955,0.2653680,0.7511078,0.2126188,0.3632061,0.8356135,0.2110393,1.0605496,0.7070375,0.1993306,0.5115000,0.7700000,0.4088000,0.5331000,0.6756000,0.2950000,0.6561000,0.6302000,0.3181000,0.5973000,0.5574000,0.3302000,0.6335000,0.5156000,0.4357000,0.2366883,0.6180836,-0.0529580},
{0.1406968,0.6558005,0.1509650,0.1130211,0.6323250,0.1154235,0.2606538,0.7459238,0.2124356,0.3588439,0.8306917,0.2110425,1.0600415,0.7051652,0.1985992,0.5109000,0.7692000,0.4088000,0.5267000,0.6725000,0.2919000,0.6547000,0.6295000,0.3176000,0.5951000,0.5564000,0.3292000,0.6310000,0.5153000,0.4348000,0.2327053,0.6154335,-0.0551732},
{0.1356271,0.6523125,0.1492582,0.1085049,0.6295427,0.1132683,0.2562780,0.7409890,0.2122359,0.3547609,0.8259625,0.2110415,1.0592893,0.7023834,0.1975122,0.5104000,0.7684000,0.4088000,0.5267000,0.6725000,0.2919000,0.6533000,0.6289000,0.3170000,0.5930000,0.5555000,0.3281000,0.6286000,0.5148000,0.4339000,0.2287391,0.6127820,-0.0573974},
{0.1309503,0.6490348,0.1476234,0.1043533,0.6269534,0.1112412,0.2521497,0.7362193,0.2120199,0.3510132,0.8215125,0.2110371,1.0587160,0.7002560,0.1966806,0.5098000,0.7676000,0.4088000,0.5241000,0.6701000,0.2912000,0.6519000,0.6282000,0.3164000,0.5910000,0.5548000,0.3271000,0.6263000,0.5144000,0.4330000,0.2249321,0.6102250,-0.0595500},
{0.1266016,0.6459321,0.1460482,0.1004447,0.6244869,0.1092909,0.2481977,0.7315439,0.2117867,0.3474894,0.8172281,0.2110298,1.0580649,0.6978312,0.1957325,0.5092000,0.7668000,0.4088000,0.5222000,0.6696000,0.2902000,0.6505000,0.6276000,0.3159000,0.5891000,0.5540000,0.3260000,0.6240000,0.5140000,0.4321000,0.2215248,0.6079261,-0.0614918},
{0.1225454,0.6429873,0.1445281,0.0968965,0.6222226,0.1074837,0.2446177,0.7272116,0.2115520,0.3442163,0.8131571,0.2110201,1.0573405,0.6951232,0.1946733,0.5086000,0.7660000,0.4088000,0.5201000,0.6682000,0.2892000,0.6491000,0.6269000,0.3153000,0.5873000,0.5533000,0.3250000,0.6219000,0.5136000,0.4312000,0.2182360,0.6056978,-0.0633797},
{0.1188439,0.6402548,0.1430955,0.0935130,0.6200402,0.1057265,0.2413000,0.7231101,0.2113136,0.3411546,0.8092657,0.2110083,1.0567174,0.6927848,0.1937584,0.5080000,0.7652000,0.4088000,0.5180000,0.6668000,0.2883000,0.6477000,0.6263000,0.3147000,0.5856000,0.5528000,0.3240000,0.6198000,0.5131000,0.4303000,0.2151092,0.6035705,-0.0651875},
{0.1153081,0.6376016,0.1416841,0.0904391,0.6180368,0.1041001,0.2382874,0.7193102,0.2110788,0.3382446,0.8054891,0.2109945,1.0561498,0.6906479,0.1929220,0.5074000,0.7643000,0.4088000,0.5160000,0.6655000,0.2871000,0.6463000,0.6256000,0.3142000,0.5841000,0.5520000,0.3230000,0.6178000,0.5127000,0.4295000,0.2121192,0.6015281,-0.0669282},
{0.1119814,0.6350649,0.1403155,0.0874361,0.6160601,0.1024828,0.2353724,0.7155617,0.2108344,0.3355654,0.8019414,0.2109796,1.0556460,0.6887454,0.1921772,0.5068000,0.7635000,0.4088000,0.5142000,0.6642000,0.2862000,0.6449000,0.6249000,0.3136000,0.5826000,0.5513000,0.3220000,0.6159000,0.5121000,0.4287000,0.2096552,0.5998390,-0.0683715},
{0.1088600,0.6326469,0.1389935,0.0845136,0.6141169,0.1008806,0.2326496,0.7119937,0.2105899,0.3329973,0.7984747,0.2109632,1.0550687,0.6865585,0.1913208,0.5063000,0.7627000,0.4088000,0.5124000,0.6629000,0.2851000,0.6435000,0.6243000,0.3130000,0.5811000,0.5505000,0.3209000,0.6140000,0.5116000,0.4279000,0.2068703,0.5979231,-0.0700128},
{0.1058600,0.6302864,0.1376863,0.0816795,0.6122136,0.0992993,0.2300512,0.7085260,0.2103415,0.3306460,0.7952416,0.2109463,1.0544412,0.6841728,0.1903862,0.5057000,0.7619000,0.4088000,0.5109000,0.6616000,0.2841000,0.6421000,0.6236000,0.3125000,0.5797000,0.5497000,0.3200000,0.6123000,0.5111000,0.4270000,0.2042240,0.5960958,-0.0715823},
{0.1030631,0.6280516,0.1364334,0.0788060,0.6102639,0.0976672,0.2276629,0.7052823,0.2100995,0.3283925,0.7920875,0.2109283,1.0539181,0.6821779,0.1896046,0.5051000,0.7611000,0.4088000,0.5095000,0.6605000,0.2830000,0.6407000,0.6230000,0.3119000,0.5783000,0.5490000,0.3191000,0.6105000,0.5106000,0.4261000,0.2017621,0.5943898,-0.0730513},
{0.1002861,0.6257981,0.1351547,0.0760124,0.6083485,0.0960514,0.2253208,0.7020468,0.2098490,0.3262582,0.7890483,0.2109096,1.0533976,0.6801864,0.1888240,0.5045000,0.7603000,0.4088000,0.5082000,0.6594000,0.2820000,0.6393000,0.6223000,0.3113000,0.5771000,0.5482000,0.3181000,0.6089000,0.5101000,0.4253000,0.1993860,0.5927377,-0.0744773},
{0.0974783,0.6234826,0.1338248,0.0730719,0.6063102,0.0943183,0.2230064,0.6987939,0.2095880,0.3241395,0.7859792,0.2108894,1.0528719,0.6781693,0.1880333,0.5039000,0.7595000,0.4088000,0.5070000,0.6582000,0.2810000,0.6379000,0.6217000,0.3108000,0.5758000,0.5475000,0.3171000,0.6073000,0.5096000,0.4245000,0.1968209,0.5909478,-0.0760260},
{0.0947643,0.6212067,0.1325014,0.0703008,0.6043676,0.0926534,0.2206809,0.6954675,0.2093118,0.3221127,0.7829929,0.2108684,1.0524183,0.6764234,0.1873486,0.5033000,0.7587000,0.4088000,0.5058000,0.6572000,0.2799000,0.6365000,0.6210000,0.3102000,0.5747000,0.5468000,0.3163000,0.6058000,0.5091000,0.4238000,0.1944274,0.5892717,-0.0774800},
{0.0921855,0.6190077,0.1312073,0.0673796,0.6022958,0.0908636,0.2184177,0.6921716,0.2090289,0.3201613,0.7800691,0.2108466,1.0519236,0.6745144,0.1865998,0.5028000,0.7579000,0.4088000,0.5046000,0.6560000,0.2789000,0.6351000,0.6204000,0.3096000,0.5737000,0.5462000,0.3154000,0.6045000,0.5086000,0.4231000,0.1921509,0.5876720,-0.0788708},
{0.0897961,0.6169362,0.1299743,0.0645355,0.6002539,0.0890849,0.2162703,0.6889888,0.2087469,0.3183706,0.7773426,0.2108252,1.0515191,0.6729489,0.1859856,0.5022000,0.7571000,0.4088000,0.5037000,0.6550000,0.2778000,0.6337000,0.6197000,0.3091000,0.5727000,0.5455000,0.3145000,0.6032000,0.5080000,0.4223000,0.1895001,0.5858024,-0.0805005},
{0.0876199,0.6150194,0.1288211,0.0616365,0.5981461,0.0872333,0.2144598,0.6862612,0.2084986,0.3166667,0.7747080,0.2108036,1.0510864,0.6712706,0.1853270,0.5016000,0.7562000,0.4088000,0.5028000,0.6539000,0.2769000,0.6323000,0.6191000,0.3085000,0.5718000,0.5447000,0.3137000,0.6020000,0.5075000,0.4216000,0.1872649,0.5842202,-0.0818832},
{0.0855648,0.6131813,0.1277040,0.0588775,0.5961139,0.0854331,0.2128805,0.6838477,0.2082737,0.3152502,0.7724869,0.2107846,1.0508353,0.6702942,0.1849438,0.5010000,0.7554000,0.4088000,0.5018000,0.6530000,0.2759000,0.6309000,0.6184000,0.3080000,0.5709000,0.5440000,0.3129000,0.6009000,0.5069000,0.4208000,0.1847330,0.5824213,-0.0834592},
{0.0836575,0.6114496,0.1266414,0.0560590,0.5940101,0.0835537,0.2116167,0.6818926,0.2080880,0.3139743,0.7704614,0.2107667,1.0502011,0.6678226,0.1839735,0.5004000,0.7546000,0.4088000,0.5007000,0.6519000,0.2749000,0.6295000,0.6178000,0.3074000,0.5702000,0.5434000,0.3119000,0.5998000,0.5062000,0.4200000,0.1824582,0.5807989,-0.0848841},
{0.0818052,0.6097426,0.1255842,0.0533162,0.5919342,0.0816831,0.2104120,0.6800087,0.2079061,0.3128495,0.7686559,0.2107503,1.0498076,0.6662838,0.1833693,0.4998000,0.7538000,0.4088000,0.4999000,0.6510000,0.2738000,0.6281000,0.6171000,0.3068000,0.5694000,0.5427000,0.3111000,0.5989000,0.5056000,0.4192000,0.1805167,0.5794096,-0.0861070},
{0.0800847,0.6081335,0.1245785,0.0506373,0.5898779,0.0798143,0.2093484,0.6783286,0.2077414,0.3117604,0.7668891,0.2107338,1.0495538,0.6652897,0.1829788,0.4992000,0.7530000,0.4088000,0.4993000,0.6501000,0.2729000,0.6267000,0.6165000,0.3063000,0.5688000,0.5419000,0.3103000,0.5980000,0.5048000,0.4184000,0.1782916,0.5778121,-0.0875164},
{0.0786551,0.6067783,0.1237247,0.0493314,0.5888646,0.0788875,0.2082963,0.6766505,0.2075746,0.3107847,0.7652906,0.2107185,1.0491432,0.6636776,0.1823456,0.4987000,0.7522000,0.4088000,0.4985000,0.6491000,0.2719000,0.6253000,0.6158000,0.3057000,0.5682000,0.5412000,0.3096000,0.5972000,0.5042000,0.4177000,0.1765750,0.5765756,-0.0886097},
{0.0780865,0.6062345,0.1233803,0.0488690,0.5885041,0.0785567,0.2074380,0.6752696,0.2074356,0.3099352,0.7638864,0.2107048,1.0487900,0.6622879,0.1817996,0.4981000,0.7514000,0.4088000,0.4981000,0.6483000,0.2709000,0.6239000,0.6152000,0.3051000,0.5677000,0.5405000,0.3088000,0.5966000,0.5034000,0.4170000,0.1756828,0.5759316,-0.0891799},
{0.0778011,0.6059606,0.1232064,0.0485080,0.5882220,0.0782976,0.2069608,0.6744970,0.2073572,0.3092905,0.7628129,0.2106942,1.0484348,0.6608874,0.1812492,0.4975000,0.7506000,0.4088000,0.4973000,0.6473000,0.2701000,0.6225000,0.6145000,0.3046000,0.5672000,0.5396000,0.3081000,0.5960000,0.5026000,0.4164000,0.1750755,0.5754926,-0.0895688},
{0.0776221,0.6057883,0.1230970,0.0482485,0.5880189,0.0781108,0.2069217,0.6744335,0.2073507,0.3089328,0.7622142,0.2106882,1.0480260,0.6592715,0.1806141,0.4969000,0.7498000,0.4088000,0.4969000,0.6465000,0.2692000,0.6211000,0.6139000,0.3040000,0.5669000,0.5388000,0.3074000,0.5955000,0.5018000,0.4157000,0.1748191,0.5753071,-0.0897332},
{0.0774361,0.6056091,0.1229830,0.0480008,0.5878247,0.0779321,0.2069845,0.6745354,0.2073611,0.3088008,0.7619928,0.2106859,1.0480260,0.6592715,0.1806141,0.4963000,0.7489000,0.4088000,0.4962000,0.6455000,0.2684000,0.6197000,0.6132000,0.3034000,0.5665000,0.5380000,0.3068000,0.5950000,0.5009000,0.4151000,0.1743388,0.5749596,-0.0900415},
{0.0771923,0.6053737,0.1228330,0.0477406,0.5876203,0.0777439,0.2069394,0.6744623,0.2073537,0.3088016,0.7619941,0.2106859,1.0477984,0.6583703,0.1802598,0.4957000,0.7481000,0.4088000,0.4959000,0.6448000,0.2677000,0.6183000,0.6126000,0.3029000,0.5661000,0.5372000,0.3061000,0.5946000,0.5000000,0.4144000,0.1737323,0.5745202,-0.0904314},
{0.0769415,0.6051309,0.1226782,0.0475165,0.5874442,0.0775815,0.2069216,0.6744333,0.2073507,0.3087736,0.7619471,0.2106855,1.0477070,0.6580077,0.1801173,0.4952000,0.7473000,0.4088000,0.4953000,0.6440000,0.2670000,0.6169000,0.6119000,0.3023000,0.5659000,0.5363000,0.3055000,0.5943000,0.4991000,0.4138000,0.1735459,0.5743851,-0.0905513},
{0.0766953,0.6048920,0.1225257,0.0473375,0.5873033,0.0774515,0.2068423,0.6743045,0.2073376,0.3087736,0.7619471,0.2106855,1.0476216,0.6576688,0.1799840,0.4946000,0.7465000,0.4088000,0.4949000,0.6433000,0.2664000,0.6155000,0.6113000,0.3017000,0.5655000,0.5354000,0.3049000,0.5939000,0.4982000,0.4131000,0.1733770,0.5742626,-0.0906601},
{0.0765107,0.6047126,0.1224110,0.0472371,0.5872242,0.0773785,0.2068121,0.6742555,0.2073326,0.3087724,0.7619451,0.2106855,1.0476216,0.6576688,0.1799840,0.4940000,0.7457000,0.4088000,0.4944000,0.6428000,0.2660000,0.6141000,0.6106000,0.3012000,0.5652000,0.5345000,0.3044000,0.5936000,0.4972000,0.4124000,0.1730807,0.5740477,-0.0908510},
{0.0764331,0.6046371,0.1223627,0.0471719,0.5871727,0.0773311,0.2067864,0.6742137,0.2073283,0.3087724,0.7619451,0.2106855,1.0474480,0.6569798,0.1797131,0.4934000,0.7449000,0.4088000,0.4939000,0.6420000,0.2657000,0.6127000,0.6100000,0.3006000,0.5649000,0.5337000,0.3038000,0.5933000,0.4963000,0.4116000,0.1730807,0.5740477,-0.0908510},
{0.0764018,0.6046066,0.1223432,0.0470194,0.5870525,0.0772201,0.2067864,0.6742137,0.2073283,0.3087679,0.7619375,0.2106854,1.0474480,0.6569798,0.1797131,0.4928000,0.7441000,0.4089000,0.4935000,0.6414000,0.2653000,0.6113000,0.6093000,0.3000000,0.5646000,0.5330000,0.3031000,0.5930000,0.4954000,0.4109000,0.1731259,0.5740805,-0.0908219},
{0.0764628,0.6046660,0.1223812,0.0471011,0.5871169,0.0772796,0.2067864,0.6742137,0.2073283,0.3087323,0.7618778,0.2106848,1.0473536,0.6566046,0.1795656,0.4922000,0.7433000,0.4089000,0.4931000,0.6410000,0.2650000,0.6099000,0.6087000,0.2995000,0.5644000,0.5324000,0.3026000,0.5928000,0.4944000,0.4101000,0.1731259,0.5740805,-0.0908219},
{0.0765403,0.6047414,0.1224294,0.0471422,0.5871494,0.0773095,0.2067864,0.6742137,0.2073283,0.3087027,0.7618280,0.2106843,1.0473078,0.6564227,0.1794941,0.4916000,0.7425000,0.4089000,0.4927000,0.6405000,0.2649000,0.6085000,0.6080000,0.2989000,0.5642000,0.5318000,0.3020000,0.5925000,0.4935000,0.4093000,0.1731259,0.5740805,-0.0908219},
{0.0766518,0.6048498,0.1224987,0.0471606,0.5871638,0.0773229,0.2068582,0.6743304,0.2073402,0.3087027,0.7618280,0.2106843,1.0473078,0.6564227,0.1794941,0.4911000,0.7417000,0.4089000,0.4925000,0.6400000,0.2646000,0.6071000,0.6074000,0.2984000,0.5639000,0.5312000,0.3015000,0.5923000,0.4926000,0.4086000,0.1731259,0.5740805,-0.0908219},
{0.0767679,0.6049625,0.1225707,0.0472897,0.5872656,0.0774168,0.2069467,0.6744740,0.2073549,0.3088111,0.7620101,0.2106861,1.0472711,0.6562770,0.1794368,0.4905000,0.7408000,0.4089000,0.4924000,0.6397000,0.2645000,0.6057000,0.6067000,0.2978000,0.5638000,0.5308000,0.3010000,0.5921000,0.4918000,0.4078000,0.1731259,0.5740805,-0.0908219}
};
