fitErrPi Mean = 0.0695134
fitErrTh Mean = 0.225715
fitErrWr Mean = 0.0688416
fitErrLA Mean = 0.209861
fitErrEl Mean = 0.0403863
fitErrUA Mean = 0.34885
efPts = {
{0.1479889,0.5960113,-0.2447317,0.5420332,0.7753766,0.1368119,0.6742051,0.9034366,0.1413416,0.4800696,0.4575672,0.1462186,0.8838570,0.8481984,0.2411143,0.7034000,0.8603000,0.4486000,0.6989000,0.7656000,0.3449000,0.7303000,0.6866000,0.3539000,0.7428000,0.6185000,0.3828000,0.8045000,0.5580000,0.4722000,0.1563700,0.7548417,-0.1408145},
{0.6270830,0.8068783,0.1481127,0.5414515,0.7753040,0.1365635,0.6735950,0.9029934,0.1412596,0.7590680,1.0059463,0.1705822,0.8831916,0.8473885,0.2407192,0.7010000,0.8607000,0.4478000,0.6969000,0.7660000,0.3442000,0.7281000,0.6869000,0.3535000,0.7399000,0.6184000,0.3824000,0.8017000,0.5586000,0.4723000,0.5578097,0.8081074,0.1114876},
{0.6259597,0.8070831,0.1484435,0.5404423,0.7751776,0.1361320,0.6730090,0.9025673,0.1411805,0.7577105,1.0060814,0.1707556,0.8826858,0.8467722,0.2404184,0.6986000,0.8612000,0.4471000,0.6949000,0.7663000,0.3435000,0.7258000,0.6873000,0.3531000,0.7370000,0.6183000,0.3819000,0.7987000,0.5590000,0.4724000,0.5567973,0.8082829,0.1116568},
{0.6240877,0.8074212,0.1489894,0.5392936,0.7750332,0.1356397,0.6724194,0.9021381,0.1411008,0.7562889,1.0062187,0.1709368,0.8819633,0.8458910,0.2399883,0.6959000,0.8616000,0.4463000,0.6928000,0.7668000,0.3429000,0.7235000,0.6875000,0.3527000,0.7341000,0.6183000,0.3815000,0.7958000,0.5595000,0.4725000,0.5556958,0.8084733,0.1118394},
{0.6217569,0.8078369,0.1496595,0.5379727,0.7748665,0.1350721,0.6718883,0.9017511,0.1410287,0.7549302,1.0063457,0.1711095,0.8812537,0.8450244,0.2395652,0.6931000,0.8619000,0.4454000,0.6907000,0.7671000,0.3420000,0.7213000,0.6877000,0.3522000,0.7312000,0.6182000,0.3811000,0.7929000,0.5599000,0.4727000,0.5539594,0.8087723,0.1121242},
{0.6192469,0.8082781,0.1503695,0.5367119,0.7747066,0.1345288,0.6712945,0.9013178,0.1409480,0.7536978,1.0064575,0.1712658,0.8803094,0.8438697,0.2390011,0.6902000,0.8622000,0.4445000,0.6885000,0.7673000,0.3413000,0.7189000,0.6879000,0.3518000,0.7283000,0.6182000,0.3807000,0.7899000,0.5603000,0.4728000,0.5521978,0.8090742,0.1124093},
{0.6163482,0.8087793,0.1511747,0.5355902,0.7745638,0.1340443,0.6707399,0.9009128,0.1408724,0.7519553,1.0066100,0.1714863,0.8797375,0.8431694,0.2386590,0.6872000,0.8623000,0.4436000,0.6862000,0.7675000,0.3405000,0.7167000,0.6881000,0.3513000,0.7254000,0.6181000,0.3802000,0.7870000,0.5607000,0.4730000,0.5500302,0.8094437,0.1127550},
{0.6130333,0.8093419,0.1520764,0.5340928,0.7743722,0.1333957,0.6701137,0.9004551,0.1407867,0.7501700,1.0067594,0.1717114,0.8787616,0.8419729,0.2380742,0.6840000,0.8625000,0.4427000,0.6838000,0.7675000,0.3399000,0.7143000,0.6882000,0.3508000,0.7225000,0.6181000,0.3798000,0.7840000,0.5610000,0.4731000,0.5475237,0.8098682,0.1131476},
{0.6088416,0.8100371,0.1531877,0.5320370,0.7741077,0.1325018,0.6694337,0.8999574,0.1406935,0.7482816,1.0069100,0.1719487,0.8783165,0.8414264,0.2378071,0.6808000,0.8627000,0.4418000,0.6801000,0.7664000,0.3396000,0.7119000,0.6882000,0.3503000,0.7196000,0.6180000,0.3794000,0.7810000,0.5613000,0.4733000,0.5445321,0.8103710,0.1136063},
{0.6037980,0.8108503,0.1544831,0.5293777,0.7737627,0.1313400,0.6684984,0.8992718,0.1405647,0.7458524,1.0070925,0.1722529,0.8774490,0.8403603,0.2372858,0.6776000,0.8627000,0.4408000,0.6777000,0.7663000,0.3386000,0.7094000,0.6882000,0.3498000,0.7167000,0.6179000,0.3789000,0.7780000,0.5616000,0.4735000,0.5413167,0.8109070,0.1140876},
{0.5976743,0.8118041,0.1559959,0.5263894,0.7733713,0.1300267,0.6673280,0.8984122,0.1404027,0.7428302,1.0073023,0.1726295,0.8764684,0.8391532,0.2366953,0.6742000,0.8627000,0.4398000,0.6752000,0.7661000,0.3377000,0.7069000,0.6882000,0.3493000,0.7137000,0.6179000,0.3785000,0.7750000,0.5619000,0.4737000,0.5375556,0.8115280,0.1146352},
{0.5908777,0.8128208,0.1575999,0.5228410,0.7729014,0.1284567,0.6657954,0.8972838,0.1401894,0.7394807,1.0075123,0.1730446,0.8755187,0.8379823,0.2361223,0.6708000,0.8627000,0.4388000,0.6727000,0.7660000,0.3369000,0.7044000,0.6881000,0.3487000,0.7108000,0.6178000,0.3781000,0.7719000,0.5620000,0.4738000,0.5332397,0.8122329,0.1152436},
{0.5834772,0.8138791,0.1592591,0.5189867,0.7723847,0.1267385,0.6639436,0.8959162,0.1399295,0.7354605,1.0077337,0.1735396,0.8743580,0.8365486,0.2354204,0.6674000,0.8625000,0.4378000,0.6703000,0.7659000,0.3361000,0.7019000,0.6879000,0.3482000,0.7079000,0.6178000,0.3777000,0.7688000,0.5622000,0.4739000,0.5282324,0.8130407,0.1159231},
{0.5756594,0.8149433,0.1609157,0.5147086,0.7718036,0.1248157,0.6618264,0.8943468,0.1396297,0.7309496,1.0079425,0.1740908,0.8732646,0.8351953,0.2347576,0.6640000,0.8624000,0.4369000,0.6678000,0.7657000,0.3352000,0.6993000,0.6877000,0.3476000,0.7050000,0.6177000,0.3772000,0.7656000,0.5623000,0.4740000,0.5222419,0.8139929,0.1166996},
{0.5671647,0.8160390,0.1626070,0.5099796,0.7711519,0.1226709,0.6593894,0.8925330,0.1392810,0.7260385,1.0081227,0.1746861,0.8719426,0.8335558,0.2339542,0.6606000,0.8622000,0.4359000,0.6650000,0.7654000,0.3344000,0.6967000,0.6874000,0.3470000,0.7021000,0.6177000,0.3768000,0.7624000,0.5624000,0.4740000,0.5150990,0.8151089,0.1175746},
{0.5583168,0.8171149,0.1642515,0.5047995,0.7704268,0.1202983,0.6566225,0.8904638,0.1388805,0.7205502,1.0082668,0.1753454,0.8705344,0.8318053,0.2330960,0.6572000,0.8620000,0.4351000,0.6623000,0.7650000,0.3337000,0.6940000,0.6872000,0.3465000,0.6992000,0.6176000,0.3764000,0.7591000,0.5625000,0.4740000,0.5071265,0.8163299,0.1184875},
{0.5487935,0.8182005,0.1658921,0.4993572,0.7696523,0.1177796,0.6535163,0.8881285,0.1384248,0.7145540,1.0083558,0.1760585,0.8692347,0.8301857,0.2323015,0.6539000,0.8618000,0.4343000,0.6596000,0.7647000,0.3330000,0.6913000,0.6869000,0.3459000,0.6963000,0.6175000,0.3760000,0.7558000,0.5625000,0.4740000,0.4981604,0.8176729,0.1194359},
{0.5387064,0.8192708,0.1674873,0.4934638,0.7687989,0.1150219,0.6501459,0.8855797,0.1379234,0.7080504,1.0083725,0.1768237,0.8679062,0.8285266,0.2314872,0.6506000,0.8615000,0.4337000,0.6568000,0.7643000,0.3324000,0.6886000,0.6865000,0.3453000,0.6934000,0.6175000,0.3755000,0.7525000,0.5626000,0.4740000,0.4884140,0.8190976,0.1203752},
{0.5280434,0.8203157,0.1690186,0.4873794,0.7679019,0.1121420,0.6464366,0.8827568,0.1373629,0.7011249,1.0083003,0.1776292,0.8665493,0.8268280,0.2306531,0.6473000,0.8613000,0.4330000,0.6540000,0.7637000,0.3319000,0.6859000,0.6861000,0.3448000,0.6905000,0.6174000,0.3751000,0.7492000,0.5625000,0.4740000,0.4781580,0.8205582,0.1212633},
{0.5169561,0.8213104,0.1704465,0.4809345,0.7669341,0.1090549,0.6424422,0.8796957,0.1367492,0.6937085,1.0081211,0.1784811,0.8652442,0.8251905,0.2298485,0.6440000,0.8609000,0.4326000,0.6511000,0.7632000,0.3313000,0.6830000,0.6857000,0.3443000,0.6876000,0.6174000,0.3747000,0.7459000,0.5625000,0.4739000,0.4671945,0.8220769,0.1221018},
{0.5054425,0.8222468,0.1717564,0.4742541,0.7659116,0.1058154,0.6382643,0.8764705,0.1360961,0.6859821,1.0078238,0.1793571,0.8637341,0.8232910,0.2289148,0.6407000,0.8605000,0.4321000,0.6481000,0.7625000,0.3308000,0.6802000,0.6852000,0.3438000,0.6847000,0.6173000,0.3743000,0.7426000,0.5625000,0.4739000,0.4557903,0.8236110,0.1228553},
{0.4935869,0.8231106,0.1729254,0.4673846,0.7648397,0.1024421,0.6339307,0.8730996,0.1354065,0.6779520,1.0073965,0.1802552,0.8623144,0.8215008,0.2280342,0.6374000,0.8600000,0.4317000,0.6451000,0.7618000,0.3303000,0.6773000,0.6846000,0.3433000,0.6818000,0.6173000,0.3738000,0.7393000,0.5624000,0.4739000,0.4438990,0.8251621,0.1235150},
{0.4813535,0.8238975,0.1739446,0.4603232,0.7637162,0.0989300,0.6294475,0.8695850,0.1346800,0.6695686,1.0068229,0.1811796,0.8607725,0.8195513,0.2270747,0.6339000,0.8596000,0.4313000,0.6420000,0.7610000,0.3299000,0.6743000,0.6841000,0.3428000,0.6789000,0.6172000,0.3734000,0.7359000,0.5623000,0.4739000,0.4314781,0.8267306,0.1240695},
{0.4689254,0.8245904,0.1747894,0.4531848,0.7625581,0.0953336,0.6247626,0.8658822,0.1339063,0.6608728,1.0060916,0.1821242,0.8592354,0.8176027,0.2261152,0.6304000,0.8590000,0.4308000,0.6390000,0.7603000,0.3293000,0.6713000,0.6836000,0.3423000,0.6759000,0.6171000,0.3730000,0.7325000,0.5621000,0.4738000,0.4186134,0.8283004,0.1245016},
{0.4562090,0.8251902,0.1754582,0.4458314,0.7613415,0.0915802,0.6199038,0.8620094,0.1330885,0.6518427,1.0051865,0.1830900,0.8576149,0.8155425,0.2251000,0.6267000,0.8585000,0.4304000,0.6358000,0.7596000,0.3287000,0.6683000,0.6829000,0.3417000,0.6730000,0.6171000,0.3725000,0.7290000,0.5621000,0.4737000,0.4055212,0.8298416,0.1247950},
{0.4434239,0.8256835,0.1759343,0.4384600,0.7600978,0.0877681,0.6149167,0.8579997,0.1322324,0.6423923,1.0040813,0.1840842,0.8557912,0.8132171,0.2239533,0.6230000,0.8580000,0.4301000,0.6325000,0.7588000,0.3283000,0.6653000,0.6824000,0.3412000,0.6701000,0.6170000,0.3721000,0.7255000,0.5620000,0.4735000,0.3923076,0.8313404,0.1249435},
{0.4306623,0.8260677,0.1762157,0.4309481,0.7588055,0.0838319,0.6097781,0.8538312,0.1313325,0.6328069,1.0027962,0.1850756,0.8540553,0.8109966,0.2228576,0.6192000,0.8574000,0.4297000,0.6291000,0.7579000,0.3278000,0.6621000,0.6818000,0.3406000,0.6672000,0.6170000,0.3717000,0.7219000,0.5621000,0.4734000,0.3786085,0.8328345,0.1249423},
{0.4178385,0.8263458,0.1763051,0.4234406,0.7574887,0.0798461,0.6045336,0.8495377,0.1303955,0.6229651,1.0013051,0.1860756,0.8521575,0.8085611,0.2216550,0.6152000,0.8567000,0.4294000,0.6257000,0.7571000,0.3273000,0.6592000,0.6815000,0.3399000,0.6643000,0.6169000,0.3713000,0.7183000,0.5621000,0.4732000,0.3654190,0.8342160,0.1247931},
{0.4050404,0.8265164,0.1762028,0.4159776,0.7561546,0.0758321,0.5992318,0.8451570,0.1294289,0.6124189,0.9995148,0.1871271,0.8503476,0.8062308,0.2205035,0.6112000,0.8560000,0.4292000,0.6221000,0.7562000,0.3268000,0.6555000,0.6805000,0.3396000,0.6614000,0.6169000,0.3708000,0.7146000,0.5621000,0.4731000,0.3519092,0.8355734,0.1244900},
{0.3920798,0.8265806,0.1759048,0.4085371,0.7547993,0.0717786,0.5936570,0.8405065,0.1283914,0.6020155,0.9975534,0.1881440,0.8483099,0.8035980,0.2192016,0.6070000,0.8554000,0.4289000,0.6185000,0.7554000,0.3262000,0.6525000,0.6803000,0.3386000,0.6585000,0.6168000,0.3704000,0.7109000,0.5621000,0.4728000,0.3382999,0.8368816,0.1240310},
{0.3794386,0.8265383,0.1754263,0.4009023,0.7533825,0.0675652,0.5880512,0.8357840,0.1273260,0.5914909,0.9953712,0.1891522,0.8462657,0.8009473,0.2178897,0.6028000,0.8547000,0.4286000,0.6148000,0.7546000,0.3257000,0.6491000,0.6797000,0.3380000,0.6556000,0.6167000,0.3700000,0.7072000,0.5622000,0.4726000,0.3246178,0.8381368,0.1234137},
{0.3667346,0.8263913,0.1747583,0.3935557,0.7519938,0.0634589,0.5824112,0.8309857,0.1262316,0.5808532,0.9929623,0.1901501,0.8442933,0.7983804,0.2166183,0.5984000,0.8540000,0.4282000,0.6111000,0.7537000,0.3251000,0.6458000,0.6792000,0.3373000,0.6527000,0.6167000,0.3696000,0.7034000,0.5624000,0.4723000,0.3111700,0.8393116,0.1226537},
{0.3540700,0.8261402,0.1739053,0.3859078,0.7505217,0.0591296,0.5767025,0.8260803,0.1251007,0.5702347,0.9903524,0.1911247,0.8422444,0.7957041,0.2152917,0.5940000,0.8532000,0.4278000,0.6072000,0.7526000,0.3245000,0.6425000,0.6785000,0.3367000,0.6498000,0.6166000,0.3691000,0.6996000,0.5625000,0.4719000,0.2977682,0.8404237,0.1217437},
{0.3416281,0.8257914,0.1728843,0.3786591,0.7491013,0.0549745,0.5709938,0.8211254,0.1239460,0.5595946,0.9875295,0.1920797,0.8401514,0.7929600,0.2139304,0.5895000,0.8524000,0.4273000,0.6032000,0.7514000,0.3238000,0.6392000,0.6777000,0.3359000,0.6469000,0.6166000,0.3687000,0.6958000,0.5626000,0.4716000,0.2847802,0.8414447,0.1207144},
{0.3293410,0.8253467,0.1716967,0.3713984,0.7476538,0.0507616,0.5653599,0.8161863,0.1227829,0.5490398,0.9845213,0.1930054,0.8380277,0.7901649,0.2125426,0.5850000,0.8516000,0.4268000,0.5995000,0.7506000,0.3231000,0.6392000,0.6777000,0.3359000,0.6469000,0.6166000,0.3687000,0.6920000,0.5627000,0.4711000,0.2719962,0.8423944,0.1195575},
{0.3172603,0.8248115,0.1703534,0.3643563,0.7462260,0.0466264,0.5598067,0.8112698,0.1216135,0.5388016,0.9814026,0.1938824,0.8358603,0.7873011,0.2111196,0.5804000,0.8513000,0.4270000,0.5956000,0.7494000,0.3224000,0.6389000,0.6773000,0.3358000,0.6438000,0.6165000,0.3678000,0.6881000,0.5629000,0.4705000,0.2596574,0.8432579,0.1183030},
{0.3055172,0.8241969,0.1688788,0.3574398,0.7448006,0.0425173,0.5542399,0.8062924,0.1204178,0.5286620,0.9781159,0.1947304,0.8338177,0.7845916,0.2097721,0.5758000,0.8504000,0.4265000,0.5917000,0.7482000,0.3218000,0.6387000,0.6769000,0.3357000,0.6407000,0.6164000,0.3667000,0.6842000,0.5630000,0.4698000,0.2477126,0.8440432,0.1169568},
{0.2941961,0.8235151,0.1672973,0.3506456,0.7433779,0.0384347,0.5488963,0.8014682,0.1192479,0.5188227,0.9747348,0.1955332,0.8314695,0.7814641,0.2082154,0.5711000,0.8496000,0.4261000,0.5879000,0.7473000,0.3211000,0.6384000,0.6764000,0.3356000,0.6375000,0.6161000,0.3656000,0.6803000,0.5631000,0.4690000,0.2359628,0.8447658,0.1155029},
{0.2830887,0.8227596,0.1655905,0.3437510,0.7419111,0.0342442,0.5436111,0.7966513,0.1180689,0.5092751,0.9712695,0.1962931,0.8292438,0.7784871,0.2067323,0.5663000,0.8484000,0.4254000,0.5841000,0.7462000,0.3206000,0.6381000,0.6760000,0.3355000,0.6343000,0.6159000,0.3643000,0.6764000,0.5633000,0.4681000,0.2246956,0.8454111,0.1139849},
{0.2723840,0.8219488,0.1637977,0.3372902,0.7405153,0.0302737,0.5385547,0.7920000,0.1169206,0.4999193,0.9676938,0.1970189,0.8270909,0.7755958,0.2052907,0.5614000,0.8472000,0.4247000,0.5804000,0.7449000,0.3200000,0.6378000,0.6756000,0.3354000,0.6312000,0.6156000,0.3629000,0.6725000,0.5634000,0.4671000,0.2139077,0.8459839,0.1124146},
{0.2620691,0.8210893,0.1619300,0.3310100,0.7391386,0.0263731,0.5335485,0.7873532,0.1157636,0.4909521,0.9640955,0.1976968,0.8247504,0.7724391,0.2037153,0.5566000,0.8459000,0.4239000,0.5767000,0.7439000,0.3192000,0.6375000,0.6752000,0.3353000,0.6276000,0.6151000,0.3619000,0.6685000,0.5635000,0.4659000,0.2033831,0.8464990,0.1107689},
{0.2520033,0.8201750,0.1599721,0.3247407,0.7377445,0.0224384,0.5285188,0.7826422,0.1145809,0.4822444,0.9604368,0.1983379,0.8227991,0.7697968,0.2023956,0.5518000,0.8446000,0.4230000,0.5730000,0.7426000,0.3184000,0.6372000,0.6747000,0.3353000,0.6244000,0.6148000,0.3600000,0.6648000,0.5635000,0.4647000,0.1932487,0.8469530,0.1090748},
{0.2421996,0.8192110,0.1579337,0.3184142,0.7363173,0.0184261,0.5235932,0.7779867,0.1134027,0.4739434,0.9567941,0.1989329,0.8206103,0.7668211,0.2009081,0.5481000,0.8430000,0.4214000,0.5694000,0.7414000,0.3175000,0.6369000,0.6743000,0.3352000,0.6214000,0.6146000,0.3585000,0.6607000,0.5637000,0.4634000,0.1834129,0.8473526,0.1073242},
{0.2326970,0.8182058,0.1558311,0.3122688,0.7349113,0.0144879,0.5186229,0.7732465,0.1121933,0.4658005,0.9530698,0.1995009,0.8187577,0.7642927,0.1996432,0.5437000,0.8417000,0.4205000,0.5660000,0.7404000,0.3166000,0.6366000,0.6739000,0.3351000,0.6178000,0.6141000,0.3572000,0.6568000,0.5638000,0.4621000,0.1737209,0.8477055,0.1054930},
{0.2234594,0.8171602,0.1536644,0.3061153,0.7334836,0.0105039,0.5138952,0.7686973,0.1110237,0.4579894,0.9493527,0.2000307,0.8168429,0.7616701,0.1983303,0.5394000,0.8406000,0.4195000,0.5625000,0.7394000,0.3156000,0.6363000,0.6735000,0.3350000,0.6146000,0.6138000,0.3556000,0.6531000,0.5635000,0.4610000,0.1642961,0.8480083,0.1036072},
{0.2146024,0.8160925,0.1514704,0.3002498,0.7321041,0.0066681,0.5091942,0.7641343,0.1098418,0.4503778,0.9455902,0.2005324,0.8150142,0.7591562,0.1970708,0.5350000,0.8396000,0.4186000,0.5591000,0.7385000,0.3148000,0.6360000,0.6730000,0.3349000,0.6117000,0.6135000,0.3539000,0.6491000,0.5636000,0.4597000,0.1551945,0.8482613,0.1016838},
{0.2059794,0.8149900,0.1492216,0.2941940,0.7306606,0.0026680,0.5045461,0.7595832,0.1086543,0.4429884,0.9418009,0.2010051,0.8131564,0.7565933,0.1957859,0.5306000,0.8385000,0.4177000,0.5557000,0.7377000,0.3138000,0.6357000,0.6726000,0.3348000,0.6081000,0.6130000,0.3527000,0.6453000,0.5638000,0.4583000,0.1464447,0.8484665,0.0997358},
{0.1976362,0.8138625,0.1469368,0.2885491,0.7292971,-0.0010976,0.5001847,0.7552767,0.1075228,0.4359627,0.9380693,0.2014412,0.8112258,0.7539201,0.1944447,0.5263000,0.8375000,0.4166000,0.5523000,0.7367000,0.3127000,0.6354000,0.6722000,0.3348000,0.6053000,0.6127000,0.3507000,0.6416000,0.5641000,0.4567000,0.1381594,0.8486249,0.0977979},
{0.1896407,0.8127242,0.1446438,0.2826170,0.7278454,-0.0050935,0.4956395,0.7507508,0.1063255,0.4291873,0.9343477,0.2018489,0.8094964,0.7515169,0.1932381,0.5219000,0.8366000,0.4154000,0.5492000,0.7360000,0.3114000,0.6351000,0.6718000,0.3347000,0.6022000,0.6123000,0.3493000,0.6380000,0.5642000,0.4555000,0.1301297,0.8487436,0.0958293},
{0.1817876,0.8115494,0.1422900,0.2771562,0.7264917,-0.0088076,0.4912582,0.7463511,0.1051535,0.4226647,0.9306472,0.2022292,0.8075122,0.7487495,0.1918476,0.5177000,0.8357000,0.4142000,0.5461000,0.7353000,0.3100000,0.6348000,0.6713000,0.3346000,0.5993000,0.6118000,0.3477000,0.6345000,0.5644000,0.4541000,0.1225516,0.8488227,0.0938858},
{0.1744007,0.8103914,0.1399811,0.2718211,0.7251528,-0.0124697,0.4869795,0.7420185,0.1039919,0.4165146,0.9270484,0.2025763,0.8059116,0.7465093,0.1907212,0.5136000,0.8346000,0.4128000,0.5432000,0.7346000,0.3087000,0.6345000,0.6709000,0.3345000,0.5963000,0.6112000,0.3462000,0.6311000,0.5645000,0.4528000,0.1152508,0.8488673,0.0919312},
{0.1673262,0.8092327,0.1376810,0.2666843,0.7238484,-0.0160273,0.4828375,0.7377902,0.1028510,0.4106200,0.9234959,0.2028983,0.8042624,0.7441936,0.1895561,0.5096000,0.8337000,0.4116000,0.5404000,0.7338000,0.3073000,0.6342000,0.6705000,0.3344000,0.5935000,0.6106000,0.3448000,0.6278000,0.5645000,0.4515000,0.1081919,0.8488794,0.0899609},
{0.1606010,0.8080847,0.1354111,0.2615927,0.7225404,-0.0195848,0.4788538,0.7336912,0.1017383,0.4051271,0.9200915,0.2031885,0.8025910,0.7418388,0.1883705,0.5096000,0.8337000,0.4116000,0.5376000,0.7328000,0.3061000,0.6339000,0.6701000,0.3343000,0.5907000,0.6100000,0.3434000,0.6246000,0.5646000,0.4503000,0.1014050,0.8488609,0.0879881},
{0.1541893,0.8069467,0.1331691,0.2568506,0.7213084,-0.0229262,0.4751627,0.7298645,0.1006936,0.3999066,0.9167690,0.2034553,0.8008244,0.7393414,0.1871124,0.5109000,0.8332000,0.4121000,0.5348000,0.7319000,0.3049000,0.6336000,0.6696000,0.3342000,0.5881000,0.6094000,0.3419000,0.6215000,0.5647000,0.4490000,0.0951216,0.8488161,0.0860898},
{0.1482131,0.8058465,0.1310088,0.2522194,0.7200923,-0.0262161,0.4715499,0.7260920,0.0996580,0.3949843,0.9135561,0.2036985,0.7992259,0.7370738,0.1859692,0.5122000,0.8326000,0.4126000,0.5321000,0.7310000,0.3037000,0.6333000,0.6692000,0.3342000,0.5855000,0.6088000,0.3407000,0.6185000,0.5647000,0.4478000,0.0890527,0.8487464,0.0841874},
{0.1424247,0.8047434,0.1288491,0.2476817,0.7188882,-0.0294654,0.4682104,0.7225805,0.0986892,0.3903520,0.9104590,0.2039197,0.7975025,0.7346210,0.1847318,0.5135000,0.8321000,0.4132000,0.5295000,0.7299000,0.3026000,0.6330000,0.6688000,0.3341000,0.5829000,0.6081000,0.3394000,0.6157000,0.5645000,0.4468000,0.0834524,0.8486577,0.0823686},
{0.1368318,0.8036414,0.1266977,0.2433476,0.7177263,-0.0325932,0.4648969,0.7190729,0.0977167,0.3858825,0.9074010,0.2041258,0.7960592,0.7325600,0.1836915,0.5148000,0.8315000,0.4137000,0.5269000,0.7290000,0.3013000,0.6327000,0.6684000,0.3340000,0.5805000,0.6075000,0.3381000,0.6129000,0.5645000,0.4457000,0.0782098,0.8485525,0.0806085},
{0.1314540,0.8025472,0.1245671,0.2390485,0.7165624,-0.0357194,0.4617917,0.7157645,0.0967951,0.3816668,0.9044519,0.2043135,0.7944777,0.7302947,0.1825474,0.5161000,0.8310000,0.4143000,0.5244000,0.7280000,0.3001000,0.6324000,0.6679000,0.3339000,0.5783000,0.6070000,0.3369000,0.6103000,0.5646000,0.4444000,0.0731968,0.8484309,0.0788707},
{0.1263398,0.8014742,0.1224828,0.2351641,0.7155007,-0.0385646,0.4584869,0.7122202,0.0958032,0.3776209,0.9015604,0.2044873,0.7930971,0.7283113,0.1815450,0.5175000,0.8304000,0.4148000,0.5220000,0.7271000,0.2988000,0.6321000,0.6675000,0.3338000,0.5762000,0.6065000,0.3356000,0.6077000,0.5646000,0.4433000,0.0685539,0.8482990,0.0772111},
{0.1216004,0.8004507,0.1204990,0.2308674,0.7143152,-0.0417348,0.4551581,0.7086257,0.0947923,0.3737370,0.8987266,0.2046481,0.7917192,0.7263259,0.1805411,0.5188000,0.8299000,0.4153000,0.5198000,0.7263000,0.2975000,0.6318000,0.6671000,0.3337000,0.5742000,0.6061000,0.3345000,0.6053000,0.5645000,0.4422000,0.0642038,0.8481578,0.0756104},
{0.1171101,0.7994542,0.1185717,0.2271449,0.7132784,-0.0445012,0.4522386,0.7054527,0.0938959,0.3699916,0.8959382,0.2047974,0.7903801,0.7243910,0.1795622,0.5201000,0.8293000,0.4159000,0.5175000,0.7254000,0.2964000,0.6315000,0.6667000,0.3336000,0.5723000,0.6057000,0.3333000,0.6032000,0.5643000,0.4412000,0.0600683,0.8480070,0.0740457},
{0.1130000,0.7985187,0.1167657,0.2232032,0.7121708,-0.0474508,0.4496195,0.7025895,0.0930838,0.3664450,0.8932459,0.2049333,0.7891001,0.7225364,0.1786234,0.5214000,0.8288000,0.4164000,0.5152000,0.7245000,0.2953000,0.6312000,0.6662000,0.3336000,0.5705000,0.6052000,0.3323000,0.6011000,0.5640000,0.4403000,0.0562393,0.8478524,0.0725579},
{0.1091402,0.7976192,0.1150321,0.2197963,0.7112051,-0.0500171,0.4471708,0.6998984,0.0923177,0.3632409,0.8907688,0.2050514,0.7878699,0.7207494,0.1777184,0.5227000,0.8282000,0.4170000,0.5130000,0.7237000,0.2943000,0.6310000,0.6658000,0.3335000,0.5688000,0.6047000,0.3312000,0.5992000,0.5634000,0.4394000,0.0525091,0.8476872,0.0710707},
{0.1056311,0.7967833,0.1134234,0.2163685,0.7102257,-0.0526155,0.4449798,0.6974785,0.0916265,0.3604425,0.8885696,0.2051508,0.7866357,0.7189518,0.1768076,0.5240000,0.8277000,0.4175000,0.5110000,0.7231000,0.2931000,0.6307000,0.6654000,0.3334000,0.5671000,0.6042000,0.3301000,0.5975000,0.5629000,0.4385000,0.0490429,0.8475203,0.0696538},
{0.1022351,0.7959575,0.1118365,0.2133303,0.7093509,-0.0549322,0.4429598,0.6952374,0.0909845,0.3579572,0.8865876,0.2052362,0.7855943,0.7174313,0.1760368,0.5253000,0.8271000,0.4180000,0.5090000,0.7222000,0.2922000,0.6304000,0.6650000,0.3333000,0.5654000,0.6036000,0.3292000,0.5955000,0.5625000,0.4376000,0.0458369,0.8473538,0.0683119},
{0.0990859,0.7951764,0.1103376,0.2103918,0.7084988,-0.0571854,0.4411277,0.6931963,0.0903981,0.3556894,0.8847550,0.2053115,0.7843534,0.7156153,0.1751158,0.5267000,0.8266000,0.4186000,0.5074000,0.7214000,0.2912000,0.6301000,0.6645000,0.3332000,0.5637000,0.6031000,0.3281000,0.5936000,0.5622000,0.4365000,0.0428741,0.8471893,0.0670440},
{0.0961314,0.7944300,0.1089070,0.2078423,0.7077547,-0.0591502,0.4392788,0.6911283,0.0898024,0.3534912,0.8829561,0.2053822,0.7832613,0.7140129,0.1743028,0.5280000,0.8260000,0.4191000,0.5058000,0.7208000,0.2901000,0.6298000,0.6641000,0.3331000,0.5621000,0.6026000,0.3271000,0.5917000,0.5619000,0.4355000,0.0402621,0.8470353,0.0659030},
{0.0933539,0.7937160,0.1075399,0.2056588,0.7071138,-0.0608403,0.4374363,0.6890591,0.0892048,0.3513171,0.8811547,0.2054498,0.7822804,0.7125705,0.1735706,0.5293000,0.8255000,0.4197000,0.5043000,0.7201000,0.2889000,0.6295000,0.6637000,0.3330000,0.5606000,0.6020000,0.3262000,0.5899000,0.5616000,0.4346000,0.0379188,0.8468898,0.0648603},
{0.0908588,0.7930641,0.1062932,0.2033483,0.7064320,-0.0626363,0.4356726,0.6870705,0.0886290,0.3491333,0.8793225,0.2055153,0.7812880,0.7111083,0.1728281,0.5306000,0.8249000,0.4202000,0.5028000,0.7194000,0.2879000,0.6292000,0.6633000,0.3330000,0.5592000,0.6016000,0.3253000,0.5882000,0.5613000,0.4337000,0.0357621,0.8467496,0.0638841},
{0.0885343,0.7924478,0.1051155,0.2015848,0.7059090,-0.0640124,0.4341471,0.6853443,0.0881279,0.3471070,0.8776015,0.2055739,0.7800769,0.7093192,0.1719192,0.5319000,0.8244000,0.4207000,0.5014000,0.7188000,0.2867000,0.6289000,0.6628000,0.3329000,0.5579000,0.6011000,0.3244000,0.5866000,0.5610000,0.4330000,0.0337219,0.8466111,0.0629456},
{0.0863618,0.7918637,0.1040004,0.1996905,0.7053447,-0.0654957,0.4326351,0.6836277,0.0876286,0.3452549,0.8760105,0.2056256,0.7794590,0.7084049,0.1714545,0.5332000,0.8238000,0.4213000,0.5000000,0.7182000,0.2857000,0.6286000,0.6624000,0.3328000,0.5567000,0.6007000,0.3236000,0.5849000,0.5606000,0.4323000,0.0319291,0.8464846,0.0621084},
{0.0845234,0.7913632,0.1030456,0.1978364,0.7047899,-0.0669526,0.4312788,0.6820829,0.0871783,0.3436105,0.8745831,0.2056700,0.7784263,0.7068736,0.1706761,0.5345000,0.8233000,0.4218000,0.4988000,0.7178000,0.2847000,0.6283000,0.6620000,0.3327000,0.5556000,0.6001000,0.3228000,0.5835000,0.5602000,0.4316000,0.0302064,0.8463587,0.0612927},
{0.0825936,0.7908316,0.1020322,0.1962710,0.7043195,-0.0681868,0.4301394,0.6807815,0.0867983,0.3422690,0.8734084,0.2057051,0.7775284,0.7055395,0.1699976,0.5358000,0.8227000,0.4224000,0.4976000,0.7171000,0.2837000,0.6280000,0.6616000,0.3326000,0.5545000,0.5996000,0.3221000,0.5822000,0.5599000,0.4310000,0.0286049,0.8462378,0.0605240},
{0.0809245,0.7903665,0.1011463,0.1946232,0.7038224,-0.0694899,0.4289628,0.6794340,0.0864042,0.3410027,0.8722907,0.2057374,0.7769105,0.7046199,0.1695298,0.5372000,0.8222000,0.4229000,0.4966000,0.7166000,0.2828000,0.6277000,0.6611000,0.3325000,0.5536000,0.5991000,0.3214000,0.5809000,0.5595000,0.4304000,0.0270813,0.8461191,0.0597835},
{0.0792987,0.7899088,0.1002750,0.1929629,0.7033196,-0.0708069,0.4281074,0.6784522,0.0861166,0.3398761,0.8712891,0.2057653,0.7761330,0.7034610,0.1689400,0.5385000,0.8216000,0.4234000,0.4957000,0.7160000,0.2820000,0.6274000,0.6607000,0.3324000,0.5527000,0.5986000,0.3206000,0.5797000,0.5592000,0.4298000,0.0255026,0.8459923,0.0590062},
{0.0777710,0.7894745,0.0994485,0.1912863,0.7028097,-0.0721413,0.4271245,0.6773216,0.0857850,0.3388675,0.8703866,0.2057897,0.7754421,0.7024294,0.1684149,0.5398000,0.8211000,0.4240000,0.4948000,0.7155000,0.2811000,0.6271000,0.6603000,0.3324000,0.5518000,0.5981000,0.3200000,0.5786000,0.5588000,0.4292000,0.0241880,0.8458837,0.0583510},
{0.0765350,0.7891199,0.0987742,0.1906519,0.7026163,-0.0726473,0.4262405,0.6763027,0.0854857,0.3378830,0.8695002,0.2058129,0.7747522,0.7013978,0.1678897,0.5411000,0.8205000,0.4245000,0.4939000,0.7148000,0.2805000,0.6268000,0.6599000,0.3323000,0.5510000,0.5975000,0.3193000,0.5776000,0.5583000,0.4286000,0.0231324,0.8457944,0.0578196},
{0.0755347,0.7888309,0.0982249,0.1898148,0.7023605,-0.0733160,0.4257172,0.6756986,0.0853081,0.3369998,0.8687005,0.2058333,0.7744703,0.7009760,0.1676748,0.5424000,0.8200000,0.4251000,0.4932000,0.7142000,0.2798000,0.6265000,0.6594000,0.3322000,0.5503000,0.5970000,0.3188000,0.5767000,0.5579000,0.4280000,0.0223499,0.8457270,0.0574226},
{0.0747211,0.7885944,0.0977756,0.1892734,0.7021948,-0.0737490,0.4249708,0.6748357,0.0850542,0.3361974,0.8679701,0.2058514,0.7738496,0.7000459,0.1672011,0.5437000,0.8194000,0.4256000,0.4924000,0.7137000,0.2792000,0.6262000,0.6590000,0.3321000,0.5496000,0.5966000,0.3182000,0.5759000,0.5575000,0.4275000,0.0217038,0.8456706,0.0570928},
{0.0739403,0.7883664,0.0973423,0.1887799,0.7020436,-0.0741441,0.4244994,0.6742898,0.0848934,0.3355174,0.8673482,0.2058665,0.7731099,0.6989358,0.1666355,0.5450000,0.8189000,0.4261000,0.4919000,0.7132000,0.2784000,0.6259000,0.6586000,0.3320000,0.5491000,0.5962000,0.3176000,0.5752000,0.5571000,0.4269000,0.0212264,0.8456285,0.0568478},
{0.0732778,0.7881719,0.0969730,0.1880183,0.7018098,-0.0747546,0.4238681,0.6735580,0.0846777,0.3350535,0.8669225,0.2058766,0.7726586,0.6982577,0.1662899,0.5464000,0.8183000,0.4267000,0.4912000,0.7126000,0.2780000,0.6256000,0.6582000,0.3319000,0.5486000,0.5956000,0.3172000,0.5745000,0.5566000,0.4264000,0.0207220,0.8455836,0.0565880},
{0.0726483,0.7879864,0.0966208,0.1875241,0.7016579,-0.0751513,0.4235033,0.6731346,0.0845529,0.3346304,0.8665332,0.2058857,0.7723008,0.6977196,0.1660156,0.5477000,0.8178000,0.4272000,0.4909000,0.7120000,0.2774000,0.6253000,0.6577000,0.3319000,0.5482000,0.5952000,0.3167000,0.5740000,0.5561000,0.4260000,0.0201725,0.8455341,0.0563036},
{0.0721030,0.7878251,0.0963145,0.1870414,0.7015094,-0.0755390,0.4230346,0.6725901,0.0843922,0.3342165,0.8661513,0.2058945,0.7719342,0.6971678,0.1657343,0.5490000,0.8172000,0.4278000,0.4904000,0.7116000,0.2769000,0.6250000,0.6573000,0.3318000,0.5478000,0.5947000,0.3162000,0.5736000,0.5556000,0.4254000,0.0196738,0.8454887,0.0560442},
{0.0716819,0.7877001,0.0960774,0.1863400,0.7012932,-0.0761031,0.4226098,0.6720962,0.0842463,0.3338853,0.8658449,0.2059015,0.7718527,0.6970451,0.1656718,0.5503000,0.8167000,0.4283000,0.4900000,0.7111000,0.2766000,0.6247000,0.6569000,0.3317000,0.5476000,0.5943000,0.3158000,0.5733000,0.5551000,0.4250000,0.0192912,0.8454536,0.0558445},
{0.0713007,0.7875867,0.0958621,0.1861959,0.7012487,-0.0762191,0.4224436,0.6719027,0.0841891,0.3334294,0.8654222,0.2059110,0.7717381,0.6968724,0.1655837,0.5516000,0.8161000,0.4289000,0.4897000,0.7106000,0.2763000,0.6244000,0.6565000,0.3316000,0.5473000,0.5938000,0.3154000,0.5730000,0.5546000,0.4245000,0.0189779,0.8454247,0.0556804},
{0.0709610,0.7874854,0.0956699,0.1856542,0.7010815,-0.0766555,0.4221087,0.6715129,0.0840739,0.3331738,0.8651846,0.2059163,0.7713755,0.6963260,0.1653051,0.5529000,0.8156000,0.4294000,0.4894000,0.7101000,0.2761000,0.6241000,0.6560000,0.3315000,0.5471000,0.5933000,0.3151000,0.5728000,0.5541000,0.4241000,0.0187116,0.8454000,0.0555406},
{0.0706746,0.7873998,0.0955075,0.1854702,0.7010246,-0.0768038,0.4216470,0.6709748,0.0839148,0.3327726,0.8648111,0.2059245,0.7711718,0.6960187,0.1651484,0.5542000,0.8150000,0.4299000,0.4892000,0.7097000,0.2760000,0.6238000,0.6556000,0.3314000,0.5471000,0.5929000,0.3148000,0.5727000,0.5536000,0.4238000,0.0185478,0.8453847,0.0554544},
{0.0704559,0.7873343,0.0953833,0.1852655,0.7009613,-0.0769689,0.4213897,0.6706746,0.0838260,0.3323135,0.8643824,0.2059337,0.7711549,0.6959933,0.1651354,0.5555000,0.8145000,0.4305000,0.4891000,0.7094000,0.2760000,0.6235000,0.6552000,0.3313000,0.5471000,0.5925000,0.3146000,0.5727000,0.5530000,0.4234000,0.0184625,0.8453767,0.0554095},
{0.0703548,0.7873040,0.0953258,0.1848807,0.7008422,-0.0772793,0.4209696,0.6701843,0.0836808,0.3318243,0.8639242,0.2059434,0.7709251,0.6956465,0.1649586,0.5569000,0.8139000,0.4310000,0.4892000,0.7089000,0.2760000,0.6233000,0.6547000,0.3313000,0.5471000,0.5921000,0.3145000,0.5727000,0.5525000,0.4232000,0.0183474,0.8453659,0.0553489},
{0.0701497,0.7872425,0.0952091,0.1848210,0.7008237,-0.0773275,0.4205327,0.6696738,0.0835296,0.3313561,0.8634843,0.2059526,0.7708511,0.6955348,0.1649016,0.5582000,0.8134000,0.4316000,0.4893000,0.7085000,0.2762000,0.6230000,0.6543000,0.3312000,0.5472000,0.5917000,0.3144000,0.5728000,0.5519000,0.4231000,0.0183369,0.8453649,0.0553433},
{0.0700876,0.7872239,0.0951738,0.1848210,0.7008237,-0.0773275,0.4203041,0.6694064,0.0834504,0.3308489,0.8630063,0.2059623,0.7706596,0.6952457,0.1647542,0.5595000,0.8128000,0.4321000,0.4895000,0.7081000,0.2764000,0.6227000,0.6539000,0.3311000,0.5474000,0.5913000,0.3143000,0.5730000,0.5515000,0.4230000,0.0183369,0.8453649,0.0553433},
{0.0702140,0.7872618,0.0952457,0.1847395,0.7007985,-0.0773933,0.4199061,0.6689407,0.0833123,0.3303937,0.8625761,0.2059709,0.7706596,0.6952457,0.1647542,0.5608000,0.8123000,0.4326000,0.4898000,0.7077000,0.2767000,0.6224000,0.6535000,0.3310000,0.5476000,0.5910000,0.3144000,0.5734000,0.5510000,0.4230000,0.0182768,0.8453593,0.0553116},
{0.0703122,0.7872913,0.0953016,0.1846751,0.7007786,-0.0774453,0.4199061,0.6689407,0.0833123,0.3299058,0.8621134,0.2059800,0.7703898,0.6948381,0.1645462,0.5621000,0.8117000,0.4332000,0.4900000,0.7071000,0.2771000,0.6221000,0.6530000,0.3309000,0.5479000,0.5906000,0.3145000,0.5737000,0.5505000,0.4231000,0.0182718,0.8453588,0.0553090},
{0.0704023,0.7873182,0.0953528,0.1846751,0.7007786,-0.0774453,0.4195688,0.6685456,0.0831951,0.3295379,0.8617636,0.2059868,0.7703387,0.6947609,0.1645068,0.5634000,0.8112000,0.4337000,0.4903000,0.7066000,0.2775000,0.6218000,0.6526000,0.3308000,0.5482000,0.5902000,0.3147000,0.5742000,0.5501000,0.4232000,0.0182718,0.8453588,0.0553090}
};
