fitErrPi Mean = 0.0476827
fitErrTh Mean = 0.0274836
fitErrWr Mean = 0.0599555
fitErrLA Mean = 0.0847357
fitErrEl Mean = 0.08314
fitErrUA Mean = 0.126936
efPts = {
{0.7843688,0.6169662,-0.1505417,0.6220226,0.7126097,-0.0254113,1.5406676,0.4229446,0.0216473,0.7642374,0.7077257,0.3306212,0.7100593,0.6047748,0.6676332,0.7346000,0.7295000,0.4906000,0.7506000,0.6418000,0.3830000,0.8146000,0.6133000,0.3639000,0.8536000,0.5608000,0.3922000,0.9523000,0.5263000,0.4618000,0.6440488,0.2816771,0.3067471},
{0.6886958,0.3479804,0.3456247,0.7156385,0.2691222,0.2816912,0.6698001,0.5093120,0.2884436,0.7642944,0.7071832,0.3310668,0.6654266,0.6975138,0.4300463,0.7366000,0.7299000,0.4909000,0.7520000,0.6419000,0.3833000,0.8163000,0.6132000,0.3640000,0.8547000,0.5608000,0.3922000,0.9535000,0.5261000,0.4614000,0.6441151,0.2815458,0.3067162},
{0.6888757,0.3475193,0.3456157,0.7156083,0.2691580,0.2817305,0.6698316,0.5094395,0.2884058,0.7643133,0.7070053,0.3312131,0.6667636,0.6985322,0.4307867,0.7387000,0.7306000,0.4912000,0.7534000,0.6420000,0.3836000,0.8181000,0.6132000,0.3642000,0.8556000,0.5608000,0.3921000,0.9547000,0.5259000,0.4611000,0.6442053,0.2813670,0.3066739},
{0.6890498,0.3470739,0.3456061,0.7154550,0.2693406,0.2819299,0.6698728,0.5096058,0.2883566,0.7643164,0.7069761,0.3312370,0.6681619,0.6995950,0.4315648,0.7408000,0.7312000,0.4914000,0.7547000,0.6421000,0.3839000,0.8199000,0.6131000,0.3644000,0.8565000,0.5610000,0.3921000,0.9557000,0.5256000,0.4608000,0.6442636,0.2812517,0.3066466},
{0.6891599,0.3467925,0.3455996,0.7152414,0.2695955,0.2822070,0.6698730,0.5096066,0.2883563,0.7643164,0.7069761,0.3312370,0.6695863,0.7006754,0.4323613,0.7429000,0.7321000,0.4916000,0.7561000,0.6422000,0.3842000,0.8217000,0.6130000,0.3645000,0.8574000,0.5611000,0.3921000,0.9567000,0.5253000,0.4606000,0.6443245,0.2811311,0.3066179},
{0.6892112,0.3466617,0.3455965,0.7149701,0.2699203,0.2825578,0.6698627,0.5095651,0.2883686,0.7643164,0.7069761,0.3312370,0.6710968,0.7018185,0.4332102,0.7451000,0.7330000,0.4917000,0.7575000,0.6422000,0.3845000,0.8217000,0.6130000,0.3645000,0.8581000,0.5612000,0.3922000,0.9575000,0.5249000,0.4604000,0.6442614,0.2812561,0.3066476},
{0.6891146,0.3469081,0.3456023,0.7146699,0.2702808,0.2829443,0.6698128,0.5093638,0.2884283,0.7643346,0.7068052,0.3313777,0.6724751,0.7028593,0.4339886,0.7472000,0.7339000,0.4918000,0.7589000,0.6423000,0.3848000,0.8227000,0.6134000,0.3646000,0.8590000,0.5612000,0.3924000,0.9582000,0.5245000,0.4603000,0.6441143,0.2815474,0.3067165},
{0.6889429,0.3473472,0.3456121,0.7142941,0.2707340,0.2834258,0.6698411,0.5094779,0.2883945,0.7643479,0.7066804,0.3314804,0.6737798,0.7038425,0.4347288,0.7492000,0.7348000,0.4918000,0.7603000,0.6424000,0.3851000,0.8238000,0.6136000,0.3649000,0.8597000,0.5614000,0.3927000,0.9586000,0.5238000,0.4603000,0.6439141,0.2819445,0.3068098},
{0.6885522,0.3483491,0.3456314,0.7137891,0.2713463,0.2840686,0.6698929,0.5096871,0.2883325,0.7643299,0.7068486,0.3313419,0.6750368,0.7047880,0.4354450,0.7512000,0.7356000,0.4918000,0.7617000,0.6425000,0.3854000,0.8247000,0.6137000,0.3649000,0.8605000,0.5615000,0.3929000,0.9594000,0.5234000,0.4604000,0.6435159,0.2827364,0.3069937},
{0.6880610,0.3496144,0.3456501,0.7129808,0.2723339,0.2850877,0.6700456,0.5103013,0.2881504,0.7643088,0.7070472,0.3311785,0.6762415,0.7056924,0.4361342,0.7531000,0.7361000,0.4917000,0.7630000,0.6426000,0.3858000,0.8257000,0.6136000,0.3650000,0.8612000,0.5617000,0.3931000,0.9603000,0.5231000,0.4605000,0.6429559,0.2838547,0.3072485},
{0.6873319,0.3515046,0.3456664,0.7118152,0.2737744,0.2865362,0.6702870,0.5112681,0.2878634,0.7642558,0.7075501,0.3307653,0.6773033,0.7064882,0.4367441,0.7550000,0.7366000,0.4917000,0.7644000,0.6427000,0.3861000,0.8269000,0.6137000,0.3650000,0.8620000,0.5617000,0.3933000,0.9612000,0.5227000,0.4606000,0.6421546,0.2854650,0.3076051},
{0.6862385,0.3543664,0.3456649,0.7101359,0.2758832,0.2885798,0.6706532,0.5127233,0.2874305,0.7641647,0.7084270,0.3300462,0.6783427,0.7072659,0.4373431,0.7568000,0.7370000,0.4916000,0.7658000,0.6428000,0.3864000,0.8281000,0.6141000,0.3650000,0.8629000,0.5618000,0.3936000,0.9620000,0.5223000,0.4607000,0.6409041,0.2880010,0.3081431},
{0.6849351,0.3578214,0.3456217,0.7079871,0.2786382,0.2911217,0.6711381,0.5146305,0.2868615,0.7640319,0.7097378,0.3289743,0.6792921,0.7079752,0.4378920,0.7584000,0.7373000,0.4914000,0.7672000,0.6429000,0.3867000,0.8294000,0.6143000,0.3649000,0.8638000,0.5618000,0.3938000,0.9629000,0.5219000,0.4607000,0.6394180,0.2910519,0.3087526},
{0.6834859,0.3617196,0.3455195,0.7053599,0.2820910,0.2941202,0.6717970,0.5171869,0.2860959,0.7638688,0.7114042,0.3276171,0.6802647,0.7087008,0.4384562,0.7598000,0.7376000,0.4912000,0.7686000,0.6430000,0.3870000,0.8305000,0.6142000,0.3648000,0.8646000,0.5618000,0.3938000,0.9637000,0.5215000,0.4607000,0.6375953,0.2948495,0.3094552},
{0.6817963,0.3663415,0.3453266,0.7023856,0.2861096,0.2973735,0.6725234,0.5199601,0.2852616,0.7636968,0.7132362,0.3261321,0.6813196,0.7094866,0.4390702,0.7612000,0.7381000,0.4908000,0.7700000,0.6431000,0.3873000,0.8314000,0.6143000,0.3648000,0.8655000,0.5618000,0.3938000,0.9646000,0.5211000,0.4607000,0.6355453,0.2991952,0.3101854},
{0.6799359,0.3715294,0.3450197,0.6990851,0.2907017,0.3008121,0.6733538,0.5230755,0.2843196,0.7634907,0.7155448,0.3242710,0.6823355,0.7102421,0.4396634,0.7625000,0.7387000,0.4905000,0.7713000,0.6432000,0.3876000,0.8324000,0.6144000,0.3646000,0.8662000,0.5616000,0.3938000,0.9653000,0.5206000,0.4607000,0.6333945,0.3038414,0.3108818},
{0.6780346,0.3769423,0.3446000,0.6955309,0.2957990,0.3043183,0.6742895,0.5265189,0.2832726,0.7632793,0.7180653,0.3222519,0.6834265,0.7110522,0.4403027,0.7638000,0.7395000,0.4901000,0.7727000,0.6432000,0.3879000,0.8333000,0.6147000,0.3645000,0.8669000,0.5615000,0.3937000,0.9659000,0.5200000,0.4606000,0.6310826,0.3089365,0.3115488},
{0.6760525,0.3827098,0.3440438,0.6917749,0.3013533,0.3078070,0.6752700,0.5300559,0.2821907,0.7630686,0.7207572,0.3201102,0.6846240,0.7119398,0.4410071,0.7651000,0.7403000,0.4897000,0.7741000,0.6433000,0.3882000,0.8341000,0.6149000,0.3644000,0.8675000,0.5615000,0.3935000,0.9663000,0.5194000,0.4605000,0.6286220,0.3144777,0.3121636},
{0.6739877,0.3888580,0.3433302,0.6878796,0.3072917,0.3111952,0.6763748,0.5339583,0.2809896,0.7628530,0.7237431,0.3177518,0.6858858,0.7128733,0.4417522,0.7664000,0.7412000,0.4892000,0.7741000,0.6433000,0.3882000,0.8349000,0.6153000,0.3642000,0.8681000,0.5614000,0.3934000,0.9667000,0.5188000,0.4603000,0.6259422,0.3206552,0.3127183},
{0.6718243,0.3954612,0.3424285,0.6836422,0.3139535,0.3146199,0.6775971,0.5381795,0.2796814,0.7626451,0.7269032,0.3152751,0.6870919,0.7137639,0.4424673,0.7677000,0.7422000,0.4888000,0.7728000,0.6470000,0.3879000,0.8355000,0.6155000,0.3641000,0.8685000,0.5614000,0.3932000,0.9669000,0.5181000,0.4602000,0.6231573,0.3272378,0.3131633},
{0.6696115,0.4023948,0.3413344,0.6791712,0.3212073,0.3179435,0.6789443,0.5427231,0.2782630,0.7624528,0.7301479,0.3127524,0.6883349,0.7146800,0.4432071,0.7690000,0.7433000,0.4883000,0.7736000,0.6484000,0.3872000,0.8363000,0.6157000,0.3639000,0.8689000,0.5613000,0.3929000,0.9670000,0.5173000,0.4600000,0.6202498,0.3342945,0.3134797},
{0.6673623,0.4096398,0.3400337,0.6745894,0.3288769,0.3210441,0.6804444,0.5476563,0.2767107,0.7622729,0.7335680,0.3101153,0.6895945,0.7156065,0.4439599,0.7702000,0.7443000,0.4877000,0.7757000,0.6484000,0.3862000,0.8367000,0.6159000,0.3637000,0.8693000,0.5613000,0.3927000,0.9670000,0.5166000,0.4598000,0.6171470,0.3420417,0.3136429},
{0.6651031,0.4171305,0.3385235,0.6697994,0.3371487,0.3239581,0.6820567,0.5528210,0.2750718,0.7621080,0.7371752,0.3073575,0.6909712,0.7166172,0.4447860,0.7714000,0.7454000,0.4872000,0.7762000,0.6501000,0.3855000,0.8373000,0.6161000,0.3636000,0.8695000,0.5611000,0.3925000,0.9670000,0.5159000,0.4596000,0.6138388,0.3505602,0.3136088},
{0.6628406,0.4248614,0.3367920,0.6649928,0.3457089,0.3265468,0.6837748,0.5581792,0.2733567,0.7619641,0.7408915,0.3045414,0.6924107,0.7176716,0.4456538,0.7727000,0.7466000,0.4866000,0.7763000,0.6514000,0.3850000,0.8377000,0.6164000,0.3635000,0.8695000,0.5610000,0.3922000,0.9668000,0.5151000,0.4593000,0.6106205,0.3591174,0.3133578},
{0.6606524,0.4325729,0.3348931,0.6600417,0.3547989,0.3288615,0.6855859,0.5636768,0.2715811,0.7618438,0.7446923,0.3016867,0.6939988,0.7188321,0.4466157,0.7740000,0.7479000,0.4861000,0.7768000,0.6530000,0.3844000,0.8380000,0.6167000,0.3633000,0.8697000,0.5609000,0.3918000,0.9665000,0.5143000,0.4590000,0.6072960,0.3682548,0.3128590},
{0.6584548,0.4405691,0.3327458,0.6550661,0.3642140,0.3308254,0.6875537,0.5694878,0.2696868,0.7617467,0.7486543,0.2987382,0.6956713,0.7200513,0.4476339,0.7755000,0.7492000,0.4857000,0.7766000,0.6551000,0.3845000,0.8384000,0.6171000,0.3630000,0.8697000,0.5609000,0.3914000,0.9661000,0.5134000,0.4587000,0.6039355,0.3778191,0.3120903},
{0.6562946,0.4486962,0.3303800,0.6500938,0.3739073,0.3324207,0.6896053,0.5753794,0.2677477,0.7616765,0.7527129,0.2957458,0.6973944,0.7213039,0.4486885,0.7769000,0.7506000,0.4852000,0.7775000,0.6564000,0.3835000,0.8387000,0.6175000,0.3629000,0.8697000,0.5608000,0.3910000,0.9656000,0.5125000,0.4583000,0.6005405,0.3878428,0.3110232},
{0.6541393,0.4570937,0.3277435,0.6450643,0.3840067,0.3336538,0.6918227,0.5815698,0.2656900,0.7616343,0.7569337,0.2926632,0.6991562,0.7225812,0.4497727,0.7784000,0.7519000,0.4847000,0.7785000,0.6579000,0.3830000,0.8389000,0.6178000,0.3626000,0.8696000,0.5607000,0.3906000,0.9650000,0.5115000,0.4579000,0.5971531,0.3982359,0.3096425},
{0.6520316,0.4656133,0.3248711,0.6399802,0.3945243,0.3345018,0.6941830,0.5879724,0.2635398,0.7616231,0.7613955,0.2894367,0.7009670,0.7238904,0.4508932,0.7800000,0.7532000,0.4843000,0.7790000,0.6596000,0.3826000,0.8392000,0.6180000,0.3624000,0.8695000,0.5606000,0.3902000,0.9644000,0.5105000,0.4574000,0.5938267,0.4088590,0.3079510},
{0.6499647,0.4742976,0.3217398,0.6348709,0.4054164,0.3349374,0.6966548,0.5944861,0.2613293,0.7616470,0.7660023,0.2861392,0.7027488,0.7251749,0.4520019,0.7814000,0.7547000,0.4838000,0.7787000,0.6616000,0.3821000,0.8393000,0.6183000,0.3622000,0.8693000,0.5606000,0.3896000,0.9637000,0.5096000,0.4570000,0.5904689,0.4200443,0.3058713},
{0.6479521,0.4831040,0.3183557,0.6297882,0.4165851,0.3349402,0.6992594,0.6011539,0.2590421,0.7617112,0.7709079,0.2826649,0.7047356,0.7266030,0.4532454,0.7829000,0.7561000,0.4834000,0.7782000,0.6640000,0.3818000,0.8394000,0.6185000,0.3620000,0.8691000,0.5605000,0.3892000,0.9630000,0.5086000,0.4566000,0.5872782,0.4311520,0.3035092},
{0.6460143,0.4919538,0.3147434,0.6247275,0.4280512,0.3344964,0.7020000,0.6079693,0.2566785,0.7618297,0.7764104,0.2788124,0.7066719,0.7279903,0.4544646,0.7843000,0.7576000,0.4830000,0.7782000,0.6640000,0.3818000,0.8395000,0.6188000,0.3618000,0.8687000,0.5603000,0.3888000,0.9622000,0.5076000,0.4561000,0.5841192,0.4426669,0.3007540},
{0.6441613,0.5008046,0.3109182,0.6198046,0.4395544,0.3336136,0.7050269,0.6152748,0.2541158,0.7619926,0.7817977,0.2750854,0.7088841,0.7295701,0.4558663,0.7858000,0.7591000,0.4827000,0.7846000,0.6631000,0.3787000,0.8395000,0.6191000,0.3616000,0.8684000,0.5602000,0.3884000,0.9613000,0.5066000,0.4556000,0.5811475,0.4540317,0.2977331},
{0.6423826,0.5097116,0.3068534,0.6149224,0.4513237,0.3322713,0.7080160,0.6222783,0.2516304,0.7622011,0.7871904,0.2713981,0.7110536,0.7311140,0.4572502,0.7873000,0.7606000,0.4824000,0.7851000,0.6650000,0.3785000,0.8396000,0.6196000,0.3612000,0.8680000,0.5601000,0.3879000,0.9604000,0.5056000,0.4552000,0.5782154,0.4658260,0.2942843},
{0.6407003,0.5185688,0.3025954,0.6101328,0.4632448,0.3304702,0.7110582,0.6292062,0.2491439,0.7624562,0.7926214,0.2677279,0.7134020,0.7327790,0.4587585,0.7888000,0.7622000,0.4821000,0.7855000,0.6669000,0.3782000,0.8389000,0.6188000,0.3618000,0.8676000,0.5600000,0.3875000,0.9594000,0.5047000,0.4547000,0.5754546,0.4775448,0.2905432},
{0.6390961,0.5274766,0.2980938,0.6054547,0.4752757,0.3282104,0.7142720,0.6363213,0.2465609,0.7627617,0.7981498,0.2640357,0.7157472,0.7344354,0.4602754,0.7902000,0.7638000,0.4821000,0.7855000,0.6693000,0.3779000,0.8391000,0.6194000,0.3615000,0.8673000,0.5599000,0.3870000,0.9584000,0.5037000,0.4543000,0.5728300,0.4893339,0.2864641},
{0.6376094,0.5362132,0.2934621,0.6009440,0.4872720,0.3255201,0.7175168,0.6433069,0.2439956,0.7631198,0.8037845,0.2603172,0.7180618,0.7360639,0.4617831,0.7918000,0.7653000,0.4820000,0.7856000,0.6715000,0.3773000,0.8394000,0.6204000,0.3612000,0.8668000,0.5600000,0.3865000,0.9573000,0.5027000,0.4539000,0.5703494,0.5011709,0.2820496},
{0.6361941,0.5450508,0.2885552,0.5966831,0.4989968,0.3224715,0.7209050,0.6504033,0.2413594,0.7635333,0.8095362,0.2565674,0.7204346,0.7377269,0.4633395,0.7934000,0.7669000,0.4818000,0.7856000,0.6737000,0.3768000,0.8401000,0.6219000,0.3607000,0.8663000,0.5600000,0.3861000,0.9561000,0.5018000,0.4534000,0.5680364,0.5129456,0.2773393},
{0.6348961,0.5537072,0.2835284,0.5925830,0.5106793,0.3190210,0.7243259,0.6573763,0.2387390,0.7640037,0.8153949,0.2527949,0.7227944,0.7393742,0.4648984,0.7950000,0.7687000,0.4816000,0.7861000,0.6754000,0.3770000,0.8389000,0.6212000,0.3609000,0.8658000,0.5600000,0.3857000,0.9550000,0.5009000,0.4530000,0.5659096,0.5245479,0.2723835},
{0.6337422,0.5619566,0.2785303,0.5886373,0.5223371,0.3151641,0.7277984,0.6642695,0.2361190,0.7645247,0.8212706,0.2490586,0.7252572,0.7410865,0.4665371,0.7965000,0.7704000,0.4814000,0.7861000,0.6779000,0.3765000,0.8389000,0.6217000,0.3609000,0.8651000,0.5600000,0.3854000,0.9537000,0.5001000,0.4525000,0.5639592,0.5360093,0.2671772},
{0.6326908,0.5700503,0.2734249,0.5849161,0.5337540,0.3109806,0.7311353,0.6707285,0.2336367,0.7650950,0.8271528,0.2453648,0.7279334,0.7429389,0.4683314,0.7981000,0.7722000,0.4813000,0.7862000,0.6803000,0.3760000,0.8385000,0.6221000,0.3611000,0.8644000,0.5600000,0.3849000,0.9524000,0.4993000,0.4521000,0.5621954,0.5472434,0.2617688},
{0.6317577,0.5778289,0.2683247,0.5814304,0.5448747,0.3065114,0.7344548,0.6770023,0.2311999,0.7656519,0.8324670,0.2420675,0.7308158,0.7449246,0.4702800,0.7999000,0.7740000,0.4814000,0.7866000,0.6817000,0.3758000,0.8380000,0.6226000,0.3611000,0.8635000,0.5600000,0.3847000,0.9511000,0.4986000,0.4517000,0.5606043,0.5583106,0.2561388},
{0.6309207,0.5854354,0.2631486,0.5781253,0.5558597,0.3017048,0.7377689,0.6831231,0.2287979,0.7662260,0.8375920,0.2389231,0.7337676,0.7469478,0.4722927,0.8023000,0.7751000,0.4813000,0.7866000,0.6817000,0.3758000,0.8375000,0.6231000,0.3613000,0.8628000,0.5600000,0.3844000,0.9497000,0.4979000,0.4513000,0.5592016,0.5690593,0.2503762},
{0.6301829,0.5928099,0.2579465,0.5751023,0.5663460,0.2967415,0.7410022,0.6889642,0.2264824,0.7667943,0.8423745,0.2360200,0.7366843,0.7489366,0.4742990,0.8044000,0.7768000,0.4816000,0.7878000,0.6844000,0.3757000,0.8369000,0.6236000,0.3615000,0.8619000,0.5602000,0.3841000,0.9482000,0.4972000,0.4509000,0.5579720,0.5795529,0.2444621},
{0.6295502,0.5998278,0.2528222,0.5722864,0.5765601,0.2915416,0.7443545,0.6948906,0.2241096,0.7674153,0.8473234,0.2330474,0.7392577,0.7506827,0.4760835,0.8064000,0.7783000,0.4818000,0.7884000,0.6866000,0.3758000,0.8364000,0.6244000,0.3618000,0.8610000,0.5605000,0.3839000,0.9467000,0.4966000,0.4505000,0.5569156,0.5897311,0.2384444},
{0.6289663,0.6071337,0.2473009,0.5696939,0.5864199,0.2861655,0.7476217,0.7005455,0.2218230,0.7680542,0.8521584,0.2301741,0.7418728,0.7524489,0.4779108,0.8083000,0.7798000,0.4820000,0.7891000,0.6887000,0.3759000,0.8361000,0.6252000,0.3621000,0.8595000,0.5602000,0.3839000,0.9453000,0.4961000,0.4501000,0.5560640,0.5991250,0.2326358},
{0.6284904,0.6139871,0.2419418,0.5673278,0.5958811,0.2806614,0.7510472,0.7063520,0.2194520,0.7687363,0.8570740,0.2272839,0.7443063,0.7540847,0.4796240,0.8101000,0.7812000,0.4821000,0.7896000,0.6911000,0.3760000,0.8358000,0.6260000,0.3623000,0.8589000,0.5611000,0.3836000,0.9438000,0.4955000,0.4498000,0.5553352,0.6085246,0.2265693},
{0.6280991,0.6206167,0.2365853,0.5651514,0.6050630,0.2749794,0.7543761,0.7118796,0.2171726,0.7694484,0.8619715,0.2244355,0.7467739,0.7557361,0.4813739,0.8118000,0.7825000,0.4822000,0.7900000,0.6930000,0.3759000,0.8355000,0.6269000,0.3626000,0.8583000,0.5618000,0.3835000,0.9425000,0.4951000,0.4495000,0.5547477,0.6176999,0.2203918},
{0.6277870,0.6270497,0.2312185,0.5631844,0.6138557,0.2692055,0.7577089,0.7173050,0.2149139,0.7701645,0.8666863,0.2217226,0.7490344,0.7572421,0.4829881,0.8134000,0.7838000,0.4823000,0.7904000,0.6944000,0.3759000,0.8350000,0.6275000,0.3629000,0.8575000,0.5622000,0.3835000,0.9412000,0.4947000,0.4493000,0.5543025,0.6265463,0.2141856},
{0.6275486,0.6333585,0.2257863,0.5614070,0.6223154,0.2633237,0.7609476,0.7224769,0.2127406,0.7709127,0.8714151,0.2190304,0.7511500,0.7586457,0.4845088,0.8148000,0.7851000,0.4824000,0.7904000,0.6944000,0.3759000,0.8347000,0.6284000,0.3631000,0.8567000,0.5627000,0.3835000,0.9400000,0.4944000,0.4492000,0.5539903,0.6351139,0.2079296},
{0.6273864,0.6393826,0.2204356,0.5598513,0.6302400,0.2575039,0.7641146,0.7274428,0.2106350,0.7716325,0.8757946,0.2165628,0.7532680,0.7600452,0.4860407,0.8161000,0.7863000,0.4824000,0.7905000,0.6959000,0.3758000,0.8343000,0.6290000,0.3635000,0.8560000,0.5632000,0.3835000,0.9388000,0.4942000,0.4491000,0.5538056,0.6433930,0.2016427},
{0.6272941,0.6451447,0.2151607,0.5583841,0.6383067,0.2512490,0.7672084,0.7322092,0.2085964,0.7723418,0.8799643,0.2142363,0.7554631,0.7614896,0.4876386,0.8174000,0.7876000,0.4825000,0.7906000,0.6974000,0.3757000,0.8340000,0.6298000,0.3637000,0.8552000,0.5636000,0.3835000,0.9376000,0.4940000,0.4490000,0.5537423,0.6513297,0.1953810},
{0.6272661,0.6507792,0.2098468,0.5571256,0.6458572,0.2450683,0.7701883,0.7367239,0.2066491,0.7730496,0.8839942,0.2120091,0.7575682,0.7628688,0.4891808,0.8185000,0.7887000,0.4825000,0.7907000,0.6989000,0.3756000,0.8336000,0.6305000,0.3639000,0.8544000,0.5640000,0.3836000,0.9364000,0.4938000,0.4490000,0.5537920,0.6589163,0.1891682},
{0.6272998,0.6561420,0.2046384,0.5560496,0.6529747,0.2389290,0.7731138,0.7410855,0.2047527,0.7737417,0.8878200,0.2099140,0.7594044,0.7640671,0.4905339,0.8195000,0.7898000,0.4825000,0.7908000,0.7004000,0.3755000,0.8331000,0.6311000,0.3642000,0.8537000,0.5644000,0.3837000,0.9353000,0.4937000,0.4490000,0.5539486,0.6662523,0.1829367},
{0.6273913,0.6613313,0.1994512,0.5551447,0.6596620,0.2328596,0.7760380,0.7453776,0.2028715,0.7744523,0.8916388,0.2078417,0.7611503,0.7652025,0.4918275,0.8203000,0.7908000,0.4824000,0.7909000,0.7020000,0.3754000,0.8328000,0.6320000,0.3643000,0.8532000,0.5650000,0.3836000,0.9342000,0.4937000,0.4490000,0.5542120,0.6734407,0.1766036},
{0.6275345,0.6662489,0.1943943,0.5543812,0.6660857,0.2267293,0.7788517,0.7494454,0.2010749,0.7751632,0.8953577,0.2058417,0.7625024,0.7660789,0.4928340,0.8209000,0.7920000,0.4827000,0.7909000,0.7020000,0.3754000,0.8325000,0.6325000,0.3644000,0.8524000,0.5654000,0.3836000,0.9332000,0.4937000,0.4492000,0.5545288,0.6795838,0.1710021},
{0.6277223,0.6708778,0.1895019,0.5537692,0.6721021,0.2206950,0.7815175,0.7532447,0.1993844,0.7758513,0.8988672,0.2039707,0.7640329,0.7670681,0.4939782,0.8210000,0.7927000,0.4829000,0.7911000,0.7031000,0.3751000,0.8313000,0.6322000,0.3645000,0.8518000,0.5659000,0.3836000,0.9321000,0.4938000,0.4493000,0.5549421,0.6858151,0.1651304},
{0.6279516,0.6752851,0.1847174,0.5532920,0.6777832,0.2147110,0.7841108,0.7568910,0.1977506,0.7765275,0.9022357,0.2021900,0.7652081,0.7678254,0.4948603,0.8212000,0.7938000,0.4825000,0.7914000,0.7042000,0.3750000,0.8310000,0.6329000,0.3646000,0.8511000,0.5663000,0.3837000,0.9311000,0.4940000,0.4496000,0.5554213,0.6916801,0.1594179},
{0.6282213,0.6795243,0.1799927,0.5529398,0.6831641,0.2087598,0.7864753,0.7601739,0.1962699,0.7771369,0.9052077,0.2006312,0.7662835,0.7685169,0.4956703,0.8214000,0.7944000,0.4822000,0.7915000,0.7051000,0.3746000,0.8307000,0.6335000,0.3647000,0.8505000,0.5668000,0.3838000,0.9302000,0.4943000,0.4498000,0.5559551,0.6971762,0.1538899},
{0.6285239,0.6835426,0.1753968,0.5527106,0.6881242,0.2030033,0.7886900,0.7632135,0.1948906,0.7777025,0.9079147,0.1992214,0.7672701,0.7691499,0.4964158,0.8215000,0.7949000,0.4820000,0.7917000,0.7059000,0.3744000,0.8304000,0.6341000,0.3648000,0.8499000,0.5672000,0.3840000,0.9292000,0.4946000,0.4500000,0.5565458,0.7024190,0.1484483},
{0.6288411,0.6871963,0.1711127,0.5525885,0.6927517,0.1973723,0.7908093,0.7660909,0.1935774,0.7782499,0.9104897,0.1978893,0.7682636,0.7697858,0.4971686,0.8218000,0.7956000,0.4818000,0.7919000,0.7069000,0.3742000,0.8300000,0.6348000,0.3649000,0.8491000,0.5676000,0.3841000,0.9283000,0.4949000,0.4503000,0.5571682,0.7072694,0.1432575},
{0.6291904,0.6907513,0.1668428,0.5525636,0.6970476,0.1918937,0.7926991,0.7686312,0.1924119,0.7787788,0.9129383,0.1966307,0.7692050,0.7703873,0.4978842,0.8219000,0.7964000,0.4817000,0.7918000,0.7076000,0.3741000,0.8296000,0.6354000,0.3650000,0.8484000,0.5681000,0.3843000,0.9274000,0.4953000,0.4507000,0.5578071,0.7117153,0.1383584},
{0.6295397,0.6939404,0.1629224,0.5526226,0.7009197,0.1867242,0.7944948,0.7710232,0.1913092,0.7793001,0.9153150,0.1954166,0.7700027,0.7708960,0.4984921,0.8219000,0.7972000,0.4815000,0.7920000,0.7085000,0.3740000,0.8291000,0.6360000,0.3652000,0.8480000,0.5688000,0.3845000,0.9265000,0.4957000,0.4510000,0.5584504,0.7157685,0.1337665},
{0.6299076,0.6969917,0.1590872,0.5527557,0.7045339,0.1816777,0.7961311,0.7731848,0.1903082,0.7797365,0.9172774,0.1944198,0.7706848,0.7713302,0.4990130,0.8221000,0.7984000,0.4812000,0.7921000,0.7095000,0.3740000,0.8287000,0.6368000,0.3653000,0.8472000,0.5694000,0.3847000,0.9256000,0.4962000,0.4513000,0.5590931,0.7194770,0.1294533},
{0.6302700,0.6997498,0.1555460,0.5529406,0.7076897,0.1770760,0.7976675,0.7751988,0.1893717,0.7802427,0.9195245,0.1932846,0.7714033,0.7717870,0.4995631,0.8219000,0.7992000,0.4810000,0.7923000,0.7107000,0.3739000,0.8281000,0.6374000,0.3654000,0.8466000,0.5700000,0.3849000,0.9247000,0.4967000,0.4516000,0.5597448,0.7229491,0.1253122},
{0.6306433,0.7023796,0.1521000,0.5531848,0.7107121,0.1724783,0.7990481,0.7769956,0.1885329,0.7806648,0.9213752,0.1923548,0.7719256,0.7721185,0.4999635,0.8217000,0.8002000,0.4808000,0.7923000,0.7119000,0.3735000,0.8276000,0.6382000,0.3656000,0.8458000,0.5707000,0.3853000,0.9238000,0.4972000,0.4519000,0.5603786,0.7260910,0.1214737},
{0.6310229,0.7048687,0.1487728,0.5534704,0.7134582,0.1681200,0.8003636,0.7786968,0.1877361,0.7810530,0.9230587,0.1915129,0.7722492,0.7723237,0.5002120,0.8215000,0.8012000,0.4804000,0.7921000,0.7129000,0.3735000,0.8271000,0.6389000,0.3657000,0.8454000,0.5716000,0.3855000,0.9229000,0.4978000,0.4523000,0.5609990,0.7289728,0.1178725},
{0.6313875,0.7071086,0.1457212,0.5537930,0.7159841,0.1639414,0.8015433,0.7802133,0.1870234,0.7814124,0.9246020,0.1907445,0.7726932,0.7726051,0.5005534,0.8215000,0.8025000,0.4799000,0.7917000,0.7140000,0.3733000,0.8264000,0.6397000,0.3658000,0.8444000,0.5721000,0.3856000,0.9220000,0.4984000,0.4526000,0.5616208,0.7316926,0.1143989},
{0.6317565,0.7092450,0.1427574,0.5541399,0.7182679,0.1600064,0.8024327,0.7813509,0.1864874,0.7817552,0.9260609,0.1900210,0.7729929,0.7727949,0.5007840,0.8219000,0.8032000,0.4785000,0.7914000,0.7152000,0.3731000,0.8258000,0.6405000,0.3658000,0.8438000,0.5731000,0.3859000,0.9210000,0.4991000,0.4530000,0.5622310,0.7342162,0.1111071},
{0.6321170,0.7112202,0.1399690,0.5545183,0.7204090,0.1561660,0.8033286,0.7824920,0.1859484,0.7820804,0.9274334,0.1893430,0.7731990,0.7729253,0.5009428,0.8217000,0.8044000,0.4780000,0.7908000,0.7164000,0.3727000,0.8251000,0.6412000,0.3658000,0.8429000,0.5737000,0.3860000,0.9200000,0.4998000,0.4533000,0.5628224,0.7365388,0.1080160},
{0.6324655,0.7130359,0.1373629,0.5549238,0.7224084,0.1524320,0.8039795,0.7833180,0.1855575,0.7823074,0.9283851,0.1888744,0.7733000,0.7729892,0.5010206,0.8214000,0.8053000,0.4775000,0.7902000,0.7175000,0.3722000,0.8244000,0.6422000,0.3658000,0.8420000,0.5746000,0.3862000,0.9189000,0.5005000,0.4536000,0.5634184,0.7387678,0.1049910},
{0.6328111,0.7147538,0.1348578,0.5553498,0.7242605,0.1488301,0.8045168,0.7839980,0.1852352,0.7825053,0.9292102,0.1884691,0.7733469,0.7730189,0.5010568,0.8212000,0.8064000,0.4770000,0.7885000,0.7178000,0.3719000,0.8238000,0.6430000,0.3657000,0.8412000,0.5754000,0.3864000,0.9177000,0.5013000,0.4539000,0.5639777,0.7407667,0.1022268},
{0.6331383,0.7163118,0.1325511,0.5558026,0.7260118,0.1452823,0.8048190,0.7843797,0.1850541,0.7826544,0.9298289,0.1881658,0.7733179,0.7730005,0.5010344,0.8209000,0.8075000,0.4765000,0.7867000,0.7168000,0.3725000,0.8231000,0.6439000,0.3656000,0.8403000,0.5763000,0.3864000,0.9166000,0.5020000,0.4542000,0.5645286,0.7426546,0.0995696},
{0.6334720,0.7178371,0.1302596,0.5562860,0.7276836,0.1417503,0.8051390,0.7847832,0.1848625,0.7827765,0.9303343,0.1879184,0.7731439,0.7728904,0.5009004,0.8205000,0.8085000,0.4760000,0.7855000,0.7170000,0.3724000,0.8226000,0.6448000,0.3654000,0.8396000,0.5772000,0.3864000,0.9154000,0.5028000,0.4545000,0.5650787,0.7444654,0.0969759},
{0.6337997,0.7192778,0.1280639,0.5567753,0.7292063,0.1383940,0.8052218,0.7848875,0.1848129,0.7828606,0.9306816,0.1877486,0.7730127,0.7728074,0.5007993,0.8200000,0.8095000,0.4755000,0.7852000,0.7184000,0.3720000,0.8219000,0.6456000,0.3652000,0.8386000,0.5782000,0.3865000,0.9142000,0.5036000,0.4548000,0.5656186,0.7461753,0.0944847},
{0.6341287,0.7206714,0.1259098,0.5572931,0.7306628,0.1350424,0.8053690,0.7850729,0.1847249,0.7829207,0.9309289,0.1876278,0.7726637,0.7725864,0.5005307,0.8194000,0.8106000,0.4750000,0.7852000,0.7184000,0.3720000,0.8214000,0.6464000,0.3651000,0.8377000,0.5789000,0.3864000,0.9131000,0.5044000,0.4550000,0.5661484,0.7477930,0.0920884},
{0.6344489,0.7219799,0.1238592,0.5578279,0.7320263,0.1317629,0.8054356,0.7851567,0.1846850,0.7829661,0.9311159,0.1875365,0.7722094,0.7722985,0.5001815,0.8185000,0.8117000,0.4747000,0.7849000,0.7199000,0.3717000,0.8206000,0.6473000,0.3650000,0.8370000,0.5799000,0.3864000,0.9120000,0.5052000,0.4553000,0.5666918,0.7493932,0.0896784},
{0.6347343,0.7231091,0.1220668,0.5583981,0.7333457,0.1284396,0.8053966,0.7851076,0.1847083,0.7830050,0.9312757,0.1874586,0.7716873,0.7719673,0.4997807,0.8175000,0.8128000,0.4745000,0.7845000,0.7214000,0.3713000,0.8199000,0.6480000,0.3649000,0.8360000,0.5806000,0.3864000,0.9108000,0.5061000,0.4556000,0.5671986,0.7508355,0.0874710},
{0.6350325,0.7242541,0.1202272,0.5590343,0.7346771,0.1249134,0.8052157,0.7848798,0.1848166,0.7830050,0.9312757,0.1874586,0.7711574,0.7716307,0.4993747,0.8164000,0.8138000,0.4743000,0.7841000,0.7230000,0.3710000,0.8190000,0.6488000,0.3648000,0.8352000,0.5815000,0.3864000,0.9097000,0.5070000,0.4560000,0.5677730,0.7524147,0.0850138},
{0.6353288,0.7253576,0.1184323,0.5597729,0.7360633,0.1210258,0.8048951,0.7844756,0.1850086,0.7830050,0.9312757,0.1874586,0.7708406,0.7714293,0.4991322,0.8151000,0.8147000,0.4743000,0.7837000,0.7245000,0.3707000,0.8182000,0.6496000,0.3647000,0.8342000,0.5822000,0.3865000,0.9086000,0.5080000,0.4563000,0.5683746,0.7540093,0.0824880},
{0.6356403,0.7264838,0.1165775,0.5606151,0.7374649,0.1168239,0.8045662,0.7840604,0.1852056,0.7830110,0.9313005,0.1874464,0.7703951,0.7711459,0.4987917,0.8137000,0.8155000,0.4743000,0.7834000,0.7261000,0.3704000,0.8173000,0.6504000,0.3645000,0.8332000,0.5829000,0.3866000,0.9074000,0.5090000,0.4566000,0.5690564,0.7557470,0.0796815}
};
