fitErrPi Mean = 0.318282
fitErrTh Mean = 0.0280701
fitErrWr Mean = 0.14928
fitErrLA Mean = 0.147041
fitErrEl Mean = 0.117435
fitErrUA Mean = 0.162617
efPts = {
{0.3327851,0.8373179,0.1898570,0.0317589,0.7934717,0.0849343,0.4408538,0.9386074,0.2030909,0.5333374,1.0044792,0.2229365,0.6294580,0.9483723,0.2905088,0.6102000,0.8519000,0.4652000,0.6002000,0.6899000,0.3479000,0.6563000,0.6254000,0.2695000,0.6551000,0.5814000,0.3831000,0.7294000,0.5035000,0.5306000,0.3182822,0.0000000,0.0000000},
{0.3313639,0.8360318,0.1874767,0.2022231,0.8068033,0.1355924,0.4393933,0.9363375,0.2012907,0.5311623,1.0011101,0.2208296,0.6283014,0.9469048,0.2888299,0.6081000,0.8504000,0.4657000,0.5984000,0.6887000,0.3479000,0.6552000,0.6248000,0.2693000,0.6544000,0.5809000,0.3829000,0.7287000,0.5034000,0.5306000,0.3182822,0.0000000,0.0000000},
{0.3298002,0.8346011,0.1848266,0.1964792,0.8091310,0.1391208,0.4379748,0.9341138,0.1995180,0.5289725,0.9976779,0.2186561,0.6271117,0.9453901,0.2870884,0.6060000,0.8487000,0.4661000,0.5966000,0.6875000,0.3479000,0.6541000,0.6242000,0.2693000,0.6537000,0.5804000,0.3828000,0.7280000,0.5032000,0.5306000,0.3182822,0.0000000,0.0000000},
{0.3282842,0.8331981,0.1822257,0.1906565,0.8113656,0.1424620,0.4365421,0.9318485,0.1977031,0.5268349,0.9942877,0.2164828,0.6259322,0.9438832,0.2853472,0.6039000,0.8469000,0.4665000,0.5949000,0.6862000,0.3480000,0.6530000,0.6235000,0.2691000,0.6530000,0.5798000,0.3827000,0.7274000,0.5030000,0.5306000,0.3182822,0.0000000,0.0000000},
{0.3268104,0.8318188,0.1796665,0.1846982,0.8135361,0.1456620,0.4351014,0.9295503,0.1958526,0.5247407,0.9909274,0.2143029,0.6247027,0.9423066,0.2835162,0.6018000,0.8451000,0.4669000,0.5934000,0.6849000,0.3480000,0.6519000,0.6228000,0.2690000,0.6523000,0.5793000,0.3825000,0.7267000,0.5029000,0.5306000,0.3182822,0.0000000,0.0000000},
{0.3253546,0.8304411,0.1771085,0.1787190,0.8156072,0.1486715,0.4337197,0.9273272,0.1940535,0.5227460,0.9876898,0.2121788,0.6235149,0.9407779,0.2817318,0.5997000,0.8433000,0.4673000,0.5918000,0.6835000,0.3480000,0.6508000,0.6221000,0.2689000,0.6516000,0.5787000,0.3824000,0.7261000,0.5027000,0.5307000,0.3182822,0.0000000,0.0000000},
{0.3239718,0.8291182,0.1746505,0.1727976,0.8175614,0.1514692,0.4322995,0.9250220,0.1921790,0.5207563,0.9844237,0.2100125,0.6223491,0.9392721,0.2799654,0.5976000,0.8415000,0.4676000,0.5903000,0.6822000,0.3479000,0.6497000,0.6214000,0.2688000,0.6508000,0.5781000,0.3823000,0.7255000,0.5026000,0.5308000,0.3182822,0.0000000,0.0000000},
{0.3225664,0.8277593,0.1721236,0.1670738,0.8193652,0.1540128,0.4309395,0.9227951,0.1903594,0.5188927,0.9813305,0.2079392,0.6211814,0.9377586,0.2781811,0.5954000,0.8397000,0.4679000,0.5889000,0.6810000,0.3480000,0.6484000,0.6206000,0.2687000,0.6501000,0.5776000,0.3822000,0.7249000,0.5025000,0.5308000,0.3182822,0.0000000,0.0000000},
{0.3212003,0.8264239,0.1696387,0.1614471,0.8210615,0.1563685,0.4295905,0.9205672,0.1885303,0.5170585,0.9782530,0.2058557,0.6199768,0.9361914,0.2763244,0.5932000,0.8379000,0.4681000,0.5874000,0.6795000,0.3479000,0.6472000,0.6199000,0.2686000,0.6494000,0.5771000,0.3821000,0.7242000,0.5024000,0.5309000,0.3182822,0.0000000,0.0000000},
{0.3198263,0.8250664,0.1671108,0.1559543,0.8226475,0.1585363,0.4282057,0.9182600,0.1866270,0.5153185,0.9753027,0.2038391,0.6188570,0.9347292,0.2745836,0.5909000,0.8361000,0.4683000,0.5860000,0.6781000,0.3478000,0.6462000,0.6191000,0.2685000,0.6488000,0.5765000,0.3819000,0.7237000,0.5023000,0.5310000,0.3182822,0.0000000,0.0000000},
{0.3185072,0.8237491,0.1646560,0.1506487,0.8241168,0.1605118,0.4268499,0.9159807,0.1847379,0.5135910,0.9723427,0.2017968,0.6177005,0.9332138,0.2727706,0.5887000,0.8344000,0.4684000,0.5845000,0.6768000,0.3477000,0.6451000,0.6183000,0.2683000,0.6481000,0.5759000,0.3818000,0.7231000,0.5022000,0.5311000,0.3182822,0.0000000,0.0000000},
{0.3171802,0.8224097,0.1621584,0.1453707,0.8255191,0.1623655,0.4255743,0.9138175,0.1829369,0.5118831,0.9693851,0.1997374,0.6166401,0.9318192,0.2710946,0.5864000,0.8327000,0.4685000,0.5830000,0.6753000,0.3478000,0.6438000,0.6174000,0.2682000,0.6474000,0.5753000,0.3816000,0.7224000,0.5021000,0.5312000,0.3182822,0.0000000,0.0000000},
{0.3159432,0.8211480,0.1598042,0.1403970,0.8267881,0.1640133,0.4242225,0.9115049,0.1810026,0.5102629,0.9665501,0.1977457,0.6154633,0.9302663,0.2692193,0.5842000,0.8310000,0.4685000,0.5816000,0.6739000,0.3476000,0.6427000,0.6164000,0.2680000,0.6468000,0.5747000,0.3815000,0.7219000,0.5020000,0.5312000,0.3182822,0.0000000,0.0000000},
{0.3147650,0.8199344,0.1575381,0.1355415,0.8279788,0.1655311,0.4229433,0.9092969,0.1791474,0.5086936,0.9637764,0.1957804,0.6143014,0.9287270,0.2673513,0.5821000,0.8294000,0.4685000,0.5802000,0.6725000,0.3475000,0.6416000,0.6153000,0.2678000,0.6461000,0.5740000,0.3813000,0.7213000,0.5019000,0.5313000,0.3182822,0.0000000,0.0000000},
{0.3135414,0.8186613,0.1551596,0.1309316,0.8290660,0.1668906,0.4216781,0.9070938,0.1772882,0.5071720,0.9610595,0.1938394,0.6131953,0.9272562,0.2655578,0.5800000,0.8277000,0.4684000,0.5789000,0.6711000,0.3475000,0.6404000,0.6142000,0.2676000,0.6455000,0.5734000,0.3812000,0.7207000,0.5017000,0.5313000,0.3182822,0.0000000,0.0000000},
{0.3124986,0.8175659,0.1531118,0.1264196,0.8300897,0.1681450,0.4204516,0.9049394,0.1754621,0.5056814,0.9583716,0.1919034,0.6120868,0.9257768,0.2637454,0.5779000,0.8261000,0.4682000,0.5777000,0.6697000,0.3474000,0.6395000,0.6131000,0.2672000,0.6449000,0.5727000,0.3810000,0.7202000,0.5016000,0.5314000,0.3182822,0.0000000,0.0000000},
{0.3114866,0.8164936,0.1511062,0.1221294,0.8310263,0.1692684,0.4193636,0.9030127,0.1738225,0.5042213,0.9557120,0.1899727,0.6110071,0.9243306,0.2619654,0.5758000,0.8246000,0.4680000,0.5764000,0.6684000,0.3472000,0.6384000,0.6120000,0.2669000,0.6443000,0.5720000,0.3807000,0.7197000,0.5015000,0.5314000,0.3182822,0.0000000,0.0000000},
{0.3105643,0.8155081,0.1492619,0.1180167,0.8318906,0.1702821,0.4182712,0.9010628,0.1721569,0.5028451,0.9531807,0.1881209,0.6100023,0.9229800,0.2602956,0.5738000,0.8231000,0.4676000,0.5753000,0.6671000,0.3469000,0.6374000,0.6109000,0.2667000,0.6438000,0.5714000,0.3806000,0.7191000,0.5013000,0.5315000,0.3182822,0.0000000,0.0000000},
{0.3096156,0.8144862,0.1473486,0.1141478,0.8326737,0.1711792,0.4172802,0.8992805,0.1706287,0.5014602,0.9506084,0.1862251,0.6090051,0.9216349,0.2586256,0.5717000,0.8217000,0.4672000,0.5741000,0.6656000,0.3467000,0.6366000,0.6099000,0.2663000,0.6432000,0.5706000,0.3803000,0.7186000,0.5012000,0.5315000,0.3182822,0.0000000,0.0000000},
{0.3087500,0.8135463,0.1455878,0.1105143,0.8333826,0.1719717,0.4162682,0.8974469,0.1690512,0.5001473,0.9481460,0.1843968,0.6080417,0.9203312,0.2570002,0.5697000,0.8203000,0.4667000,0.5730000,0.6644000,0.3464000,0.6358000,0.6088000,0.2661000,0.6426000,0.5700000,0.3802000,0.7181000,0.5011000,0.5316000,0.3182822,0.0000000,0.0000000},
{0.3078883,0.8126033,0.1438208,0.1071800,0.8340104,0.1726562,0.4153080,0.8956944,0.1675381,0.4988413,0.9456726,0.1825471,0.6071597,0.9191336,0.2555011,0.5677000,0.8189000,0.4663000,0.5719000,0.6630000,0.3460000,0.6350000,0.6079000,0.2658000,0.6421000,0.5694000,0.3799000,0.7176000,0.5010000,0.5316000,0.3182822,0.0000000,0.0000000},
{0.3069276,0.8115435,0.1418335,0.1040462,0.8345806,0.1732619,0.4143436,0.8939211,0.1660020,0.4976161,0.9433299,0.1807829,0.6061910,0.9178143,0.2538430,0.5657000,0.8176000,0.4658000,0.5708000,0.6617000,0.3456000,0.6343000,0.6069000,0.2654000,0.6415000,0.5688000,0.3797000,0.7170000,0.5009000,0.5316000,0.3182822,0.0000000,0.0000000},
{0.3060767,0.8105970,0.1400580,0.1011748,0.8350859,0.1737846,0.4133904,0.8921554,0.1644672,0.4964517,0.9410829,0.1790795,0.6053946,0.9167260,0.2524701,0.5638000,0.8163000,0.4652000,0.5696000,0.6605000,0.3452000,0.6337000,0.6061000,0.2651000,0.6410000,0.5682000,0.3795000,0.7165000,0.5009000,0.5316000,0.3182822,0.0000000,0.0000000},
{0.3050996,0.8095009,0.1380009,0.0984943,0.8355427,0.1742446,0.4125096,0.8905122,0.1630342,0.4953795,0.9389954,0.1774871,0.6045679,0.9155931,0.2510359,0.5619000,0.8152000,0.4647000,0.5685000,0.6593000,0.3448000,0.6331000,0.6053000,0.2647000,0.6405000,0.5677000,0.3792000,0.7159000,0.5008000,0.5316000,0.3182822,0.0000000,0.0000000},
{0.3041176,0.8083891,0.1359132,0.0961095,0.8359370,0.1746307,0.4116232,0.8888468,0.1615772,0.4943262,0.9369269,0.1758997,0.6037466,0.9144642,0.2496017,0.5601000,0.8140000,0.4641000,0.5675000,0.6581000,0.3444000,0.6325000,0.6045000,0.2644000,0.6399000,0.5671000,0.3790000,0.7153000,0.5007000,0.5315000,0.3182822,0.0000000,0.0000000},
{0.3031358,0.8072672,0.1338054,0.0938192,0.8363046,0.1749810,0.4108179,0.8873235,0.1602406,0.4933424,0.9349783,0.1743956,0.6030194,0.9134620,0.2483240,0.5584000,0.8128000,0.4636000,0.5665000,0.6571000,0.3439000,0.6320000,0.6037000,0.2640000,0.6394000,0.5665000,0.3787000,0.7148000,0.5007000,0.5315000,0.3182822,0.0000000,0.0000000},
{0.3021721,0.8061556,0.1317160,0.0917103,0.8366336,0.1752855,0.4098357,0.8854519,0.1585930,0.4924623,0.9332216,0.1730324,0.6022640,0.9124178,0.2469886,0.5567000,0.8116000,0.4630000,0.5656000,0.6559000,0.3435000,0.6315000,0.6030000,0.2637000,0.6389000,0.5661000,0.3785000,0.7142000,0.5006000,0.5315000,0.3182822,0.0000000,0.0000000},
{0.3011952,0.8050180,0.1295765,0.0897788,0.8369268,0.1755490,0.4089248,0.8837025,0.1570477,0.4915676,0.9314218,0.1716285,0.6015286,0.9113986,0.2456808,0.5550000,0.8104000,0.4625000,0.5648000,0.6550000,0.3429000,0.6310000,0.6023000,0.2634000,0.6383000,0.5655000,0.3782000,0.7137000,0.5006000,0.5315000,0.3182822,0.0000000,0.0000000},
{0.3001179,0.8037508,0.1271917,0.0880253,0.8371862,0.1757755,0.4081256,0.8821566,0.1556779,0.4907619,0.9297890,0.1703486,0.6008780,0.9104946,0.2445173,0.5534000,0.8091000,0.4619000,0.5640000,0.6539000,0.3425000,0.6306000,0.6016000,0.2630000,0.6379000,0.5650000,0.3780000,0.7132000,0.5005000,0.5315000,0.3182822,0.0000000,0.0000000},
{0.2991475,0.8025973,0.1250200,0.0864489,0.8374137,0.1759685,0.4072914,0.8805316,0.1542338,0.4900084,0.9282512,0.1691376,0.6002258,0.9095860,0.2433446,0.5519000,0.8079000,0.4614000,0.5633000,0.6528000,0.3419000,0.6302000,0.6009000,0.2628000,0.6374000,0.5645000,0.3778000,0.7127000,0.5005000,0.5315000,0.3182822,0.0000000,0.0000000},
{0.2980462,0.8012742,0.1225274,0.0850436,0.8376121,0.1761321,0.4065302,0.8790385,0.1529029,0.4892874,0.9267696,0.1679658,0.5996243,0.9087461,0.2422575,0.5504000,0.8067000,0.4609000,0.5626000,0.6517000,0.3414000,0.6298000,0.6002000,0.2624000,0.6370000,0.5640000,0.3774000,0.7122000,0.5006000,0.5314000,0.3182822,0.0000000,0.0000000},
{0.2970514,0.8000659,0.1202497,0.0838807,0.8377730,0.1762614,0.4057650,0.8775274,0.1515522,0.4886240,0.9253974,0.1668760,0.5989923,0.9078614,0.2411093,0.5489000,0.8055000,0.4603000,0.5621000,0.6507000,0.3408000,0.6295000,0.5995000,0.2621000,0.6364000,0.5634000,0.3772000,0.7118000,0.5006000,0.5315000,0.3182822,0.0000000,0.0000000},
{0.2961079,0.7989081,0.1180660,0.0834870,0.8378269,0.1763039,0.4050412,0.8760884,0.1502624,0.4880576,0.9242193,0.1659369,0.5985026,0.9071746,0.2402157,0.5474000,0.8044000,0.4598000,0.5615000,0.6497000,0.3403000,0.6293000,0.5988000,0.2617000,0.6360000,0.5628000,0.3769000,0.7113000,0.5006000,0.5314000,0.3182822,0.0000000,0.0000000},
{0.2954091,0.7980427,0.1164330,0.0833116,0.8378507,0.1763226,0.4043425,0.8746904,0.1490060,0.4875155,0.9230854,0.1650300,0.5978545,0.9062635,0.2390272,0.5460000,0.8033000,0.4592000,0.5609000,0.6488000,0.3397000,0.6290000,0.5982000,0.2614000,0.6356000,0.5623000,0.3766000,0.7109000,0.5006000,0.5314000,0.3182822,0.0000000,0.0000000},
{0.2947133,0.7971745,0.1147941,0.0829259,0.8379030,0.1763633,0.4037247,0.8734467,0.1478855,0.4869882,0.9219767,0.1641403,0.5973816,0.9055971,0.2381558,0.5446000,0.8022000,0.4585000,0.5603000,0.6478000,0.3391000,0.6288000,0.5976000,0.2609000,0.6351000,0.5617000,0.3763000,0.7105000,0.5006000,0.5314000,0.3182822,0.0000000,0.0000000},
{0.2941079,0.7964136,0.1133571,0.0826050,0.8379462,0.1763968,0.4032349,0.8724555,0.1469907,0.4865313,0.9210112,0.1633633,0.5968630,0.9048649,0.2371961,0.5433000,0.8014000,0.4579000,0.5598000,0.6469000,0.3386000,0.6287000,0.5969000,0.2606000,0.6347000,0.5612000,0.3760000,0.7104000,0.5004000,0.5317000,0.3182822,0.0000000,0.0000000},
{0.2936610,0.7958485,0.1122896,0.0822631,0.8379920,0.1764319,0.4027588,0.8714876,0.1461152,0.4861009,0.9200976,0.1626259,0.5964843,0.9043293,0.2364928,0.5421000,0.8006000,0.4572000,0.5592000,0.6461000,0.3379000,0.6286000,0.5964000,0.2602000,0.6344000,0.5607000,0.3757000,0.7099000,0.5005000,0.5315000,0.3182822,0.0000000,0.0000000},
{0.2932029,0.7952662,0.1111895,0.0818875,0.8380420,0.1764699,0.4023702,0.8706945,0.1453966,0.4857631,0.9193780,0.1620437,0.5960367,0.9036953,0.2356585,0.5411000,0.8000000,0.4565000,0.5587000,0.6454000,0.3374000,0.6284000,0.5959000,0.2600000,0.6340000,0.5602000,0.3755000,0.7096000,0.5005000,0.5315000,0.3182822,0.0000000,0.0000000},
{0.2928255,0.7947842,0.1102785,0.0816172,0.8380778,0.1764970,0.4019528,0.8698390,0.1446203,0.4854410,0.9186891,0.1614853,0.5957401,0.9032745,0.2351039,0.5401000,0.7996000,0.4559000,0.5581000,0.6447000,0.3370000,0.6283000,0.5954000,0.2596000,0.6337000,0.5598000,0.3753000,0.7093000,0.5005000,0.5314000,0.3182822,0.0000000,0.0000000},
{0.2925377,0.7944152,0.1095810,0.0814095,0.8381052,0.1765175,0.4016770,0.8692720,0.1441052,0.4852236,0.9182231,0.1611068,0.5954163,0.9028145,0.2344968,0.5393000,0.7992000,0.4554000,0.5576000,0.6442000,0.3365000,0.6282000,0.5949000,0.2594000,0.6333000,0.5594000,0.3750000,0.7091000,0.5003000,0.5316000,0.3182822,0.0000000,0.0000000},
{0.2923245,0.7941410,0.1090625,0.0811179,0.8381435,0.1765460,0.4014708,0.8688470,0.1437187,0.4850415,0.9178318,0.1607887,0.5951993,0.9025058,0.2340890,0.5386000,0.7989000,0.4550000,0.5571000,0.6438000,0.3363000,0.6281000,0.5946000,0.2592000,0.6330000,0.5590000,0.3748000,0.7089000,0.5002000,0.5315000,0.3182822,0.0000000,0.0000000},
{0.2921801,0.7939550,0.1087108,0.0809412,0.8381666,0.1765632,0.4012554,0.8684021,0.1433138,0.4848339,0.9173848,0.1604248,0.5950124,0.9022397,0.2337370,0.5380000,0.7986000,0.4547000,0.5567000,0.6434000,0.3360000,0.6280000,0.5943000,0.2589000,0.6327000,0.5586000,0.3746000,0.7086000,0.5001000,0.5313000,0.3182822,0.0000000,0.0000000},
{0.2919958,0.7937170,0.1082608,0.0807774,0.8381879,0.1765789,0.4011262,0.8681347,0.1430703,0.4847103,0.9171181,0.1602075,0.5947929,0.9019271,0.2333231,0.5375000,0.7983000,0.4544000,0.5564000,0.6431000,0.3359000,0.6279000,0.5940000,0.2587000,0.6325000,0.5584000,0.3745000,0.7084000,0.5001000,0.5312000,0.3182822,0.0000000,0.0000000},
{0.2919205,0.7936196,0.1080767,0.0806723,0.8382016,0.1765890,0.4010024,0.8678783,0.1428366,0.4845636,0.9168013,0.1599491,0.5947929,0.9019271,0.2333231,0.5372000,0.7981000,0.4542000,0.5562000,0.6428000,0.3358000,0.6277000,0.5938000,0.2586000,0.6323000,0.5582000,0.3744000,0.7082000,0.5000000,0.5312000,0.3182822,0.0000000,0.0000000},
{0.2918130,0.7934804,0.1078135,0.0805920,0.8382120,0.1765966,0.4009669,0.8678047,0.1427695,0.4845334,0.9167359,0.1598957,0.5946161,0.9016750,0.2329891,0.5368000,0.7979000,0.4541000,0.5560000,0.6427000,0.3356000,0.6276000,0.5937000,0.2586000,0.6321000,0.5580000,0.3744000,0.7081000,0.5000000,0.5312000,0.3182822,0.0000000,0.0000000},
{0.2918108,0.7934776,0.1078082,0.0805338,0.8382196,0.1766021,0.4009669,0.8678047,0.1427695,0.4845334,0.9167359,0.1598957,0.5945806,0.9016244,0.2329220,0.5366000,0.7978000,0.4540000,0.5558000,0.6425000,0.3355000,0.6275000,0.5936000,0.2585000,0.6320000,0.5579000,0.3743000,0.7080000,0.4999000,0.5312000,0.3182822,0.0000000,0.0000000},
{0.2918448,0.7935216,0.1078913,0.0805255,0.8382207,0.1766029,0.4009669,0.8678047,0.1427695,0.4846155,0.9169135,0.1600406,0.5945806,0.9016244,0.2329220,0.5365000,0.7977000,0.4540000,0.5557000,0.6424000,0.3355000,0.6275000,0.5936000,0.2585000,0.6319000,0.5578000,0.3743000,0.7079000,0.4998000,0.5312000,0.3182822,0.0000000,0.0000000},
{0.2919055,0.7936002,0.1080401,0.0804900,0.8382253,0.1766063,0.4010124,0.8678992,0.1428556,0.4846711,0.9170335,0.1601385,0.5946140,0.9016720,0.2329851,0.5364000,0.7977000,0.4541000,0.5556000,0.6423000,0.3354000,0.6275000,0.5936000,0.2585000,0.6318000,0.5577000,0.3743000,0.7079000,0.4997000,0.5311000,0.3182822,0.0000000,0.0000000},
{0.2919962,0.7937175,0.1082618,0.0804900,0.8382253,0.1766063,0.4011434,0.8681705,0.1431028,0.4847662,0.9172387,0.1603057,0.5946140,0.9016720,0.2329851,0.5365000,0.7977000,0.4541000,0.5556000,0.6423000,0.3355000,0.6275000,0.5936000,0.2586000,0.6319000,0.5577000,0.3744000,0.7080000,0.4997000,0.5312000,0.3182822,0.0000000,0.0000000},
{0.2921244,0.7938831,0.1085749,0.0804613,0.8382290,0.1766090,0.4013021,0.8684986,0.1434016,0.4849119,0.9175528,0.1605616,0.5946348,0.9017017,0.2330245,0.5366000,0.7978000,0.4542000,0.5557000,0.6423000,0.3356000,0.6275000,0.5935000,0.2586000,0.6319000,0.5576000,0.3744000,0.7080000,0.4996000,0.5311000,0.3182822,0.0000000,0.0000000},
{0.2923506,0.7941746,0.1091261,0.0803805,0.8382394,0.1766166,0.4014126,0.8687269,0.1436094,0.4850461,0.9178416,0.1607967,0.5948396,0.9019936,0.2334112,0.5367000,0.7980000,0.4542000,0.5557000,0.6423000,0.3357000,0.6275000,0.5935000,0.2587000,0.6320000,0.5576000,0.3745000,0.7082000,0.4996000,0.5311000,0.3182822,0.0000000,0.0000000},
{0.2924499,0.7943023,0.1093677,0.0804543,0.8382299,0.1766097,0.4016160,0.8691463,0.1439909,0.4851777,0.9181244,0.1610266,0.5949141,0.9020998,0.2335519,0.5370000,0.7982000,0.4543000,0.5558000,0.6424000,0.3359000,0.6276000,0.5935000,0.2587000,0.6321000,0.5576000,0.3746000,0.7083000,0.4996000,0.5311000,0.3182822,0.0000000,0.0000000},
{0.2926183,0.7945187,0.1097767,0.0805427,0.8382184,0.1766013,0.4018171,0.8695602,0.1443671,0.4853610,0.9185177,0.1613461,0.5950285,0.9022627,0.2337674,0.5373000,0.7984000,0.4544000,0.5559000,0.6425000,0.3360000,0.6277000,0.5935000,0.2587000,0.6322000,0.5576000,0.3747000,0.7086000,0.4995000,0.5313000,0.3182822,0.0000000,0.0000000},
{0.2928174,0.7947739,0.1102590,0.0806309,0.8382070,0.1765929,0.4020330,0.8700036,0.1447699,0.4855197,0.9188576,0.1616220,0.5952454,0.9025714,0.2341756,0.5376000,0.7987000,0.4545000,0.5559000,0.6427000,0.3361000,0.6278000,0.5935000,0.2588000,0.6324000,0.5577000,0.3748000,0.7089000,0.4996000,0.5313000,0.3182822,0.0000000,0.0000000},
{0.2930311,0.7950471,0.1107754,0.0807680,0.8381892,0.1765798,0.4022113,0.8703692,0.1451016,0.4857049,0.9192537,0.1619430,0.5953540,0.9027258,0.2343798,0.5380000,0.7990000,0.4546000,0.5561000,0.6428000,0.3363000,0.6279000,0.5936000,0.2589000,0.6326000,0.5577000,0.3749000,0.7091000,0.4997000,0.5311000,0.3182822,0.0000000,0.0000000},
{0.2932666,0.7953474,0.1113429,0.0810561,0.8381515,0.1765520,0.4024827,0.8709243,0.1456050,0.4859416,0.9197586,0.1623518,0.5955202,0.9029620,0.2346916,0.5385000,0.7992000,0.4548000,0.5562000,0.6430000,0.3365000,0.6281000,0.5937000,0.2589000,0.6328000,0.5578000,0.3751000,0.7094000,0.4998000,0.5311000,0.3182822,0.0000000,0.0000000},
{0.2934408,0.7955690,0.1117617,0.0814116,0.8381049,0.1765173,0.4026681,0.8713029,0.1459479,0.4861448,0.9201911,0.1627014,0.5956457,0.9031403,0.2349269,0.5390000,0.7995000,0.4549000,0.5564000,0.6431000,0.3367000,0.6283000,0.5938000,0.2590000,0.6331000,0.5579000,0.3753000,0.7097000,0.4999000,0.5311000,0.3182822,0.0000000,0.0000000},
{0.2936966,0.7958936,0.1123749,0.0818552,0.8380463,0.1764732,0.4028642,0.8717022,0.1463094,0.4863223,0.9205681,0.1630058,0.5958727,0.9034626,0.2353519,0.5395000,0.7998000,0.4551000,0.5568000,0.6434000,0.3368000,0.6286000,0.5939000,0.2592000,0.6335000,0.5580000,0.3755000,0.7103000,0.4999000,0.5313000,0.3182822,0.0000000,0.0000000},
{0.2939058,0.7961584,0.1128751,0.0823703,0.8379776,0.1764209,0.4031094,0.8722008,0.1467604,0.4865119,0.9209701,0.1633301,0.5960047,0.9036499,0.2355988,0.5401000,0.8001000,0.4552000,0.5571000,0.6435000,0.3371000,0.6288000,0.5939000,0.2593000,0.6338000,0.5581000,0.3757000,0.7106000,0.5001000,0.5312000,0.3182822,0.0000000,0.0000000},
{0.2941890,0.7965157,0.1135501,0.0829393,0.8379012,0.1763619,0.4033343,0.8726571,0.1471728,0.4866739,0.9213130,0.1636063,0.5962486,0.9039955,0.2360538,0.5407000,0.8004000,0.4554000,0.5575000,0.6436000,0.3374000,0.6290000,0.5940000,0.2594000,0.6343000,0.5584000,0.3758000,0.7111000,0.5001000,0.5312000,0.3182822,0.0000000,0.0000000},
{0.2944532,0.7968482,0.1141780,0.0835919,0.8378126,0.1762926,0.4035411,0.8730757,0.1475508,0.4868812,0.9217510,0.1639589,0.5963587,0.9041515,0.2362590,0.5413000,0.8008000,0.4555000,0.5580000,0.6438000,0.3376000,0.6293000,0.5942000,0.2595000,0.6348000,0.5586000,0.3760000,0.7117000,0.5001000,0.5314000,0.3182822,0.0000000,0.0000000},
{0.2947875,0.7972675,0.1149696,0.0843289,0.8377114,0.1762122,0.4038058,0.8736103,0.1480330,0.4870970,0.9222058,0.1643244,0.5966093,0.9045062,0.2367252,0.5419000,0.8011000,0.4557000,0.5584000,0.6439000,0.3378000,0.6296000,0.5943000,0.2596000,0.6354000,0.5589000,0.3762000,0.7122000,0.5003000,0.5312000,0.3182822,0.0000000,0.0000000},
{0.2951932,0.7977740,0.1159259,0.0850614,0.8376096,0.1761301,0.4040772,0.8741571,0.1485258,0.4872939,0.9226201,0.1646569,0.5968382,0.9048299,0.2371501,0.5426000,0.8015000,0.4558000,0.5590000,0.6440000,0.3381000,0.6300000,0.5945000,0.2598000,0.6361000,0.5592000,0.3764000,0.7130000,0.5002000,0.5314000,0.3182822,0.0000000,0.0000000},
{0.2955221,0.7981831,0.1166979,0.0859484,0.8374849,0.1760277,0.4043811,0.8747679,0.1490758,0.4875397,0.9231361,0.1650706,0.5969370,0.9049695,0.2373333,0.5434000,0.8018000,0.4560000,0.5597000,0.6441000,0.3384000,0.6304000,0.5947000,0.2600000,0.6368000,0.5594000,0.3766000,0.7137000,0.5003000,0.5313000,0.3182822,0.0000000,0.0000000},
{0.2959129,0.7986672,0.1176115,0.0869705,0.8373390,0.1759057,0.4047190,0.8754448,0.1496844,0.4878025,0.9236863,0.1655109,0.5972679,0.9054367,0.2379457,0.5442000,0.8021000,0.4562000,0.5602000,0.6442000,0.3387000,0.6310000,0.5948000,0.2601000,0.6375000,0.5596000,0.3767000,0.7146000,0.5002000,0.5314000,0.3182822,0.0000000,0.0000000},
{0.2962504,0.7990837,0.1183972,0.0881638,0.8371659,0.1757580,0.4050721,0.8761500,0.1503177,0.4880968,0.9243010,0.1660021,0.5975626,0.9058523,0.2384897,0.5450000,0.8025000,0.4564000,0.5610000,0.6443000,0.3389000,0.6315000,0.5950000,0.2603000,0.6382000,0.5598000,0.3769000,0.7155000,0.5002000,0.5313000,0.3182822,0.0000000,0.0000000},
{0.2966807,0.7996124,0.1193945,0.0895346,0.8369633,0.1755813,0.4054785,0.8769590,0.1510431,0.4884340,0.9250030,0.1665620,0.5977990,0.9061852,0.2389249,0.5459000,0.8028000,0.4567000,0.5616000,0.6445000,0.3393000,0.6321000,0.5952000,0.2606000,0.6389000,0.5599000,0.3771000,0.7164000,0.5002000,0.5312000,0.3182822,0.0000000,0.0000000},
{0.2970966,0.8001212,0.1203539,0.0911123,0.8367252,0.1753687,0.4058804,0.8777559,0.1517567,0.4888698,0.9259069,0.1672812,0.5981759,0.9067155,0.2396173,0.5468000,0.8032000,0.4570000,0.5624000,0.6446000,0.3397000,0.6327000,0.5953000,0.2608000,0.6397000,0.5599000,0.3773000,0.7174000,0.5001000,0.5312000,0.3182822,0.0000000,0.0000000},
{0.2976055,0.8007406,0.1215216,0.0929009,0.8364490,0.1751157,0.4063806,0.8787438,0.1526398,0.4892773,0.9267488,0.1679493,0.5985677,0.9072660,0.2403347,0.5477000,0.8036000,0.4573000,0.5631000,0.6448000,0.3400000,0.6334000,0.5955000,0.2610000,0.6404000,0.5600000,0.3775000,0.7186000,0.5000000,0.5311000,0.3182822,0.0000000,0.0000000},
{0.2981933,0.8014519,0.1228622,0.0949272,0.8361281,0.1748141,0.4069326,0.8798291,0.1536081,0.4898077,0.9278397,0.1688127,0.5989488,0.9078006,0.2410302,0.5486000,0.8040000,0.4575000,0.5638000,0.6449000,0.3405000,0.6341000,0.5958000,0.2612000,0.6413000,0.5600000,0.3777000,0.7198000,0.4998000,0.5311000,0.3182822,0.0000000,0.0000000},
{0.2987035,0.8020657,0.1240187,0.0972009,0.8357580,0.1744567,0.4074792,0.8808984,0.1545601,0.4903480,0.9289456,0.1696851,0.5993790,0.9084030,0.2418126,0.5496000,0.8044000,0.4578000,0.5646000,0.6451000,0.3409000,0.6349000,0.5959000,0.2615000,0.6421000,0.5601000,0.3779000,0.7210000,0.4996000,0.5311000,0.3182822,0.0000000,0.0000000},
{0.2993060,0.8027865,0.1253763,0.0996369,0.8353498,0.1740518,0.4080975,0.8821021,0.1556296,0.4910050,0.9302829,0.1707364,0.5998563,0.9090703,0.2426775,0.5506000,0.8048000,0.4580000,0.5653000,0.6452000,0.3413000,0.6356000,0.5962000,0.2618000,0.6430000,0.5601000,0.3782000,0.7222000,0.4995000,0.5311000,0.3182822,0.0000000,0.0000000},
{0.2999508,0.8035530,0.1268195,0.1021764,0.8349115,0.1736058,0.4088609,0.8835794,0.1569388,0.4916835,0.9316559,0.1718116,0.6003797,0.9098006,0.2436220,0.5517000,0.8053000,0.4582000,0.5662000,0.6453000,0.3417000,0.6363000,0.5964000,0.2621000,0.6438000,0.5602000,0.3785000,0.7235000,0.4992000,0.5310000,0.3182822,0.0000000,0.0000000},
{0.3006834,0.8044177,0.1284469,0.1049530,0.8344176,0.1730904,0.4095268,0.8848602,0.1580709,0.4924380,0.9331729,0.1729945,0.6009183,0.9105506,0.2445895,0.5528000,0.8059000,0.4584000,0.5670000,0.6455000,0.3422000,0.6371000,0.5967000,0.2624000,0.6448000,0.5602000,0.3787000,0.7248000,0.4989000,0.5310000,0.3182822,0.0000000,0.0000000},
{0.3013910,0.8052469,0.1300070,0.1078551,0.8338851,0.1725209,0.4102673,0.8862762,0.1593193,0.4932684,0.9348311,0.1742817,0.6014816,0.9113334,0.2455971,0.5539000,0.8065000,0.4585000,0.5678000,0.6455000,0.3425000,0.6379000,0.5970000,0.2628000,0.6457000,0.5602000,0.3790000,0.7261000,0.4987000,0.5309000,0.3182822,0.0000000,0.0000000},
{0.3022518,0.8062479,0.1318895,0.1108715,0.8333141,0.1718960,0.4110850,0.8878298,0.1606853,0.4941179,0.9365156,0.1755829,0.6020788,0.9121614,0.2466600,0.5550000,0.8071000,0.4587000,0.5688000,0.6456000,0.3429000,0.6388000,0.5973000,0.2632000,0.6466000,0.5602000,0.3793000,0.7273000,0.4984000,0.5310000,0.3182822,0.0000000,0.0000000},
{0.3030814,0.8072047,0.1336880,0.1141723,0.8326688,0.1711737,0.4118827,0.8893355,0.1620053,0.4950950,0.9384383,0.1770605,0.6027007,0.9130218,0.2477616,0.5562000,0.8077000,0.4588000,0.5697000,0.6458000,0.3432000,0.6397000,0.5976000,0.2634000,0.6476000,0.5602000,0.3795000,0.7287000,0.4981000,0.5310000,0.3182822,0.0000000,0.0000000},
{0.3040320,0.8082917,0.1357304,0.1176843,0.8319590,0.1703613,0.4127206,0.8909069,0.1633788,0.4960174,0.9402395,0.1784373,0.6033320,0.9138932,0.2488742,0.5574000,0.8084000,0.4589000,0.5707000,0.6460000,0.3436000,0.6407000,0.5980000,0.2639000,0.6485000,0.5601000,0.3798000,0.7301000,0.4977000,0.5306000,0.3182822,0.0000000,0.0000000},
{0.3049749,0.8093603,0.1377370,0.1212330,0.8312174,0.1694946,0.4136360,0.8926116,0.1648642,0.4970307,0.9422028,0.1799299,0.6039684,0.9147695,0.2499900,0.5587000,0.8091000,0.4590000,0.5718000,0.6462000,0.3440000,0.6416000,0.5982000,0.2642000,0.6495000,0.5601000,0.3800000,0.7315000,0.4974000,0.5306000,0.3182822,0.0000000,0.0000000},
{0.3059516,0.8104571,0.1397957,0.1249951,0.8304046,0.1685255,0.4145708,0.8943399,0.1663653,0.4980860,0.9442311,0.1814630,0.6046310,0.9156797,0.2511457,0.5600000,0.8097000,0.4590000,0.5729000,0.6465000,0.3444000,0.6426000,0.5986000,0.2646000,0.6505000,0.5601000,0.3803000,0.7329000,0.4971000,0.5305000,0.3182822,0.0000000,0.0000000}
};
