fitErrPi Mean = 0.358558
fitErrTh Mean = 0.0306714
fitErrWr Mean = 0.0730946
fitErrLA Mean = 0.413095
fitErrEl Mean = 0.310471
fitErrUA Mean = 0.193663
efPts = {
{0.5564465,0.8025439,0.1916502,0.5448061,0.7674697,0.1536295,0.8351749,0.8589521,0.0759407,0.8550375,0.9619825,0.2103651,0.7967925,0.9128117,0.3442772,0.6852000,0.8626000,0.4675000,0.6479000,0.7110000,0.3473000,0.6835000,0.6448000,0.2692000,0.6890000,0.5846000,0.3747000,0.7637000,0.4874000,0.5098000,0.3182823,-0.1651069,0.0000000},
{0.5525648,0.8007033,0.1914334,0.5395027,0.7663269,0.1567027,0.8348807,0.8579971,0.0757766,0.8548437,0.9613108,0.2105248,0.7966052,0.9120559,0.3444651,0.6838000,0.8620000,0.4674000,0.6470000,0.7103000,0.3472000,0.6828000,0.6442000,0.2691000,0.6883000,0.5840000,0.3746000,0.7631000,0.4869000,0.5098000,0.3182823,-0.1651069,0.0000000},
{0.5483925,0.7987026,0.1911500,0.5332149,0.7649035,0.1600963,0.8345838,0.8570316,0.0756106,0.8546281,0.9605613,0.2107030,0.7963804,0.9111449,0.3446917,0.6824000,0.8614000,0.4674000,0.6461000,0.7096000,0.3471000,0.6821000,0.6436000,0.2690000,0.6877000,0.5835000,0.3745000,0.7624000,0.4865000,0.5100000,0.3182823,-0.1651069,0.0000000},
{0.5436792,0.7964149,0.1907678,0.5268292,0.7633875,0.1632858,0.8341600,0.8556510,0.0753728,0.8541645,0.9589440,0.2110875,0.7961577,0.9102383,0.3449173,0.6812000,0.8608000,0.4673000,0.6452000,0.7090000,0.3470000,0.6814000,0.6431000,0.2689000,0.6871000,0.5828000,0.3744000,0.7620000,0.4861000,0.5099000,0.3182823,-0.1651069,0.0000000},
{0.5389040,0.7940678,0.1903142,0.5198674,0.7616600,0.1664903,0.8337043,0.8541630,0.0751162,0.8536923,0.9572876,0.2114812,0.7959357,0.9093304,0.3451432,0.6800000,0.8601000,0.4673000,0.6444000,0.7082000,0.3469000,0.6808000,0.6426000,0.2689000,0.6865000,0.5823000,0.3744000,0.7616000,0.4857000,0.5096000,0.3182823,-0.1651069,0.0000000},
{0.5337887,0.7915212,0.1897552,0.5126580,0.7597948,0.1695302,0.8332079,0.8525377,0.0748353,0.8532555,0.9557471,0.2118474,0.7956676,0.9082288,0.3454174,0.6788000,0.8594000,0.4672000,0.6436000,0.7076000,0.3469000,0.6802000,0.6421000,0.2689000,0.6859000,0.5818000,0.3743000,0.7612000,0.4853000,0.5095000,0.3182823,-0.1651069,0.0000000},
{0.5285851,0.7888966,0.1891097,0.5059564,0.7579959,0.1721185,0.8325965,0.8505295,0.0744876,0.8527267,0.9538712,0.2122932,0.7953730,0.9070109,0.3457207,0.6776000,0.8587000,0.4672000,0.6428000,0.7069000,0.3468000,0.6797000,0.6416000,0.2689000,0.6853000,0.5812000,0.3742000,0.7606000,0.4848000,0.5096000,0.3182823,-0.1651069,0.0000000},
{0.5230676,0.7860766,0.1883416,0.4976861,0.7556949,0.1750172,0.8320220,0.8486367,0.0741591,0.8522366,0.9521217,0.2127091,0.7950978,0.9058666,0.3460057,0.6766000,0.8580000,0.4671000,0.6420000,0.7061000,0.3467000,0.6791000,0.6411000,0.2688000,0.6848000,0.5807000,0.3742000,0.7603000,0.4845000,0.5095000,0.3182823,-0.1651069,0.0000000},
{0.5174647,0.7831742,0.1874742,0.4895806,0.7533581,0.1775601,0.8313478,0.8464071,0.0737713,0.8516926,0.9501677,0.2131734,0.7947860,0.9045621,0.3463307,0.6755000,0.8573000,0.4670000,0.6413000,0.7054000,0.3467000,0.6786000,0.6405000,0.2688000,0.6844000,0.5802000,0.3742000,0.7597000,0.4840000,0.5099000,0.3182823,-0.1651069,0.0000000},
{0.5116305,0.7801109,0.1864781,0.4813621,0.7509110,0.1798544,0.8305997,0.8439235,0.0733382,0.8510228,0.9477440,0.2137494,0.7944540,0.9031637,0.3466793,0.6744000,0.8566000,0.4670000,0.6406000,0.7047000,0.3466000,0.6781000,0.6400000,0.2688000,0.6839000,0.5796000,0.3742000,0.7597000,0.4837000,0.5095000,0.3182823,-0.1651069,0.0000000},
{0.5057510,0.7769816,0.1853790,0.4729937,0.7483427,0.1819115,0.8297767,0.8411790,0.0728582,0.8503859,0.9454202,0.2143015,0.7940915,0.9016253,0.3470629,0.6734000,0.8558000,0.4669000,0.6399000,0.7038000,0.3465000,0.6777000,0.6394000,0.2688000,0.6836000,0.5791000,0.3741000,0.7595000,0.4833000,0.5095000,0.3182823,-0.1651069,0.0000000},
{0.4998165,0.7737803,0.1841733,0.4645848,0.7456879,0.1837081,0.8290406,0.8387133,0.0724258,0.8496615,0.9427550,0.2149348,0.7937392,0.9001189,0.3474387,0.6723000,0.8550000,0.4668000,0.6393000,0.7031000,0.3465000,0.6773000,0.6388000,0.2687000,0.6832000,0.5785000,0.3741000,0.7592000,0.4829000,0.5095000,0.3182823,-0.1651069,0.0000000},
{0.4938851,0.7705380,0.1828716,0.4560829,0.7429313,0.1852601,0.8281674,0.8357749,0.0719089,0.8489292,0.9400355,0.2155808,0.7933574,0.8984728,0.3478496,0.6712000,0.8542000,0.4668000,0.6387000,0.7022000,0.3464000,0.6769000,0.6381000,0.2687000,0.6828000,0.5780000,0.3741000,0.7587000,0.4826000,0.5099000,0.3182823,-0.1651069,0.0000000},
{0.4879174,0.7672327,0.1814647,0.4476887,0.7401408,0.1865411,0.8272605,0.8327071,0.0713674,0.8481336,0.9370518,0.2162896,0.7929479,0.8966915,0.3482944,0.6701000,0.8533000,0.4668000,0.6381000,0.7014000,0.3464000,0.6765000,0.6375000,0.2687000,0.6826000,0.5774000,0.3741000,0.7589000,0.4824000,0.5096000,0.3182823,-0.1651069,0.0000000},
{0.4819384,0.7638779,0.1799574,0.4392680,0.7372748,0.1875829,0.8263871,0.8297373,0.0708416,0.8473501,0.9340828,0.2169948,0.7925313,0.8948627,0.3487513,0.6690000,0.8524000,0.4667000,0.6376000,0.7006000,0.3463000,0.6758000,0.6368000,0.2687000,0.6822000,0.5767000,0.3741000,0.7587000,0.4821000,0.5096000,0.3182823,-0.1651069,0.0000000},
{0.4759103,0.7604515,0.1783384,0.4309658,0.7343855,0.1883780,0.8255184,0.8267685,0.0703142,0.8465111,0.9308696,0.2177580,0.7920863,0.8928897,0.3492444,0.6678000,0.8514000,0.4667000,0.6370000,0.6997000,0.3462000,0.6748000,0.6359000,0.2688000,0.6820000,0.5762000,0.3740000,0.7585000,0.4818000,0.5096000,0.3182823,-0.1651069,0.0000000},
{0.4700611,0.7570845,0.1766719,0.4226686,0.7314364,0.1889475,0.8246221,0.8236892,0.0697655,0.8456796,0.9276489,0.2185228,0.7916473,0.8909227,0.3497364,0.6666000,0.8504000,0.4666000,0.6363000,0.6988000,0.3461000,0.6757000,0.6355000,0.2690000,0.6817000,0.5757000,0.3740000,0.7584000,0.4815000,0.5096000,0.3182823,-0.1651069,0.0000000},
{0.4641384,0.7536324,0.1748880,0.4145329,0.7284859,0.1892915,0.8236171,0.8202170,0.0691446,0.8447932,0.9241753,0.2193476,0.7911457,0.8886506,0.3503050,0.6653000,0.8493000,0.4665000,0.6357000,0.6978000,0.3460000,0.6756000,0.6349000,0.2690000,0.6815000,0.5751000,0.3739000,0.7583000,0.4812000,0.5097000,0.3182823,-0.1651069,0.0000000},
{0.4583614,0.7502237,0.1730540,0.4065361,0.7255298,0.1894256,0.8226088,0.8167119,0.0685155,0.8439314,0.9207568,0.2201592,0.7906855,0.8865412,0.3508332,0.6640000,0.8482000,0.4663000,0.6351000,0.6969000,0.3459000,0.6753000,0.6343000,0.2690000,0.6814000,0.5745000,0.3739000,0.7584000,0.4810000,0.5098000,0.3182823,-0.1651069,0.0000000},
{0.4524624,0.7467001,0.1710845,0.3986644,0.7225665,0.1893623,0.8215347,0.8129545,0.0678385,0.8430592,0.9172544,0.2209907,0.7901764,0.8841799,0.3514248,0.6626000,0.8470000,0.4663000,0.6345000,0.6958000,0.3457000,0.6751000,0.6337000,0.2690000,0.6812000,0.5740000,0.3739000,0.7581000,0.4808000,0.5102000,0.3182823,-0.1651069,0.0000000},
{0.4467266,0.7432321,0.1690749,0.3908381,0.7195680,0.1891084,0.8205554,0.8095068,0.0672150,0.8421693,0.9136354,0.2218497,0.7896788,0.8818426,0.3520108,0.6612000,0.8457000,0.4662000,0.6339000,0.6949000,0.3456000,0.6750000,0.6330000,0.2690000,0.6810000,0.5733000,0.3739000,0.7585000,0.4807000,0.5100000,0.3182823,-0.1651069,0.0000000},
{0.4410758,0.7397746,0.1670029,0.3832558,0.7166134,0.1886816,0.8195195,0.8058369,0.0665488,0.8412229,0.9097345,0.2227755,0.7891582,0.8793647,0.3526325,0.6598000,0.8445000,0.4661000,0.6333000,0.6937000,0.3455000,0.6749000,0.6323000,0.2690000,0.6810000,0.5727000,0.3740000,0.7586000,0.4805000,0.5101000,0.3182823,-0.1651069,0.0000000},
{0.4354417,0.7362864,0.1648445,0.3756866,0.7136154,0.1880783,0.8184939,0.8021801,0.0658825,0.8403644,0.9061481,0.2236266,0.7886207,0.8767702,0.3532838,0.6584000,0.8431000,0.4661000,0.6328000,0.6926000,0.3454000,0.6748000,0.6316000,0.2691000,0.6809000,0.5721000,0.3741000,0.7587000,0.4804000,0.5103000,0.3182823,-0.1651069,0.0000000},
{0.4298487,0.7327827,0.1626095,0.3683324,0.7106558,0.1873219,0.8174238,0.7983392,0.0651800,0.8394709,0.9023650,0.2245243,0.7881144,0.8742921,0.3539064,0.6570000,0.8418000,0.4661000,0.6320000,0.6915000,0.3453000,0.6748000,0.6308000,0.2691000,0.6808000,0.5715000,0.3742000,0.7586000,0.4802000,0.5107000,0.3182823,-0.1651069,0.0000000},
{0.4243166,0.7292763,0.1603065,0.3609698,0.7076467,0.1863958,0.8163898,0.7946026,0.0644939,0.8385448,0.8983884,0.2254678,0.7875857,0.8716664,0.3545665,0.6556000,0.8404000,0.4661000,0.6311000,0.6902000,0.3454000,0.6747000,0.6300000,0.2692000,0.6807000,0.5709000,0.3743000,0.7590000,0.4801000,0.5107000,0.3182823,-0.1651069,0.0000000},
{0.4189948,0.7258642,0.1580031,0.3537428,0.7046475,0.1853211,0.8153251,0.7907289,0.0637799,0.8376983,0.8947019,0.2263423,0.7870547,0.8689895,0.3552399,0.6541000,0.8391000,0.4662000,0.6301000,0.6890000,0.3455000,0.6746000,0.6292000,0.2692000,0.6807000,0.5705000,0.3744000,0.7591000,0.4800000,0.5109000,0.3182823,-0.1651069,0.0000000},
{0.4136870,0.7224223,0.1556181,0.3465676,0.7016250,0.1840900,0.8142013,0.7866106,0.0630178,0.8367949,0.8907113,0.2272889,0.7865649,0.8664834,0.3558708,0.6528000,0.8378000,0.4663000,0.6290000,0.6877000,0.3455000,0.6746000,0.6285000,0.2691000,0.6806000,0.5699000,0.3745000,0.7593000,0.4799000,0.5111000,0.3182823,-0.1651069,0.0000000},
{0.4085177,0.7190322,0.1532095,0.3396813,0.6986814,0.1827526,0.8131706,0.7828066,0.0623111,0.8359306,0.8868368,0.2282078,0.7861087,0.8641157,0.3564673,0.6514000,0.8366000,0.4664000,0.6271000,0.6860000,0.3455000,0.6746000,0.6278000,0.2691000,0.6805000,0.5694000,0.3747000,0.7594000,0.4798000,0.5112000,0.3182823,-0.1651069,0.0000000},
{0.4035000,0.7157048,0.1507887,0.3327005,0.6956540,0.1812386,0.8122055,0.7792207,0.0616424,0.8350889,0.8830091,0.2291155,0.7856263,0.8615756,0.3571075,0.6500000,0.8354000,0.4665000,0.6256000,0.6847000,0.3456000,0.6745000,0.6272000,0.2690000,0.6805000,0.5690000,0.3747000,0.7593000,0.4797000,0.5117000,0.3182823,-0.1651069,0.0000000},
{0.3986033,0.7124220,0.1483459,0.3259469,0.6926828,0.1796193,0.8111764,0.7753706,0.0609218,0.8343032,0.8793852,0.2299748,0.7852096,0.8593508,0.3576687,0.6486000,0.8343000,0.4667000,0.6256000,0.6847000,0.3456000,0.6745000,0.6266000,0.2690000,0.6804000,0.5686000,0.3748000,0.7597000,0.4797000,0.5114000,0.3182823,-0.1651069,0.0000000},
{0.3938292,0.7091867,0.1458859,0.3193407,0.6897353,0.1778851,0.8101962,0.7716785,0.0602282,0.8334533,0.8754079,0.2309177,0.7847768,0.8570074,0.3582601,0.6473000,0.8332000,0.4668000,0.6277000,0.6842000,0.3459000,0.6744000,0.6261000,0.2689000,0.6803000,0.5683000,0.3748000,0.7598000,0.4797000,0.5115000,0.3182823,-0.1651069,0.0000000},
{0.3892774,0.7060694,0.1434667,0.3129273,0.6868341,0.1760561,0.8092266,0.7680010,0.0595349,0.8326604,0.8716413,0.2318107,0.7843405,0.8546108,0.3588654,0.6461000,0.8321000,0.4670000,0.6271000,0.6835000,0.3460000,0.6743000,0.6256000,0.2688000,0.6802000,0.5679000,0.3748000,0.7600000,0.4797000,0.5116000,0.3182823,-0.1651069,0.0000000},
{0.3847492,0.7029358,0.1409867,0.3066680,0.6839636,0.1741293,0.8082498,0.7642709,0.0588291,0.8319025,0.8679896,0.2326762,0.7839724,0.8525614,0.3593832,0.6448000,0.8311000,0.4671000,0.6265000,0.6828000,0.3461000,0.6741000,0.6252000,0.2687000,0.6802000,0.5676000,0.3748000,0.7601000,0.4796000,0.5117000,0.3182823,-0.1651069,0.0000000},
{0.3803788,0.6998799,0.1385220,0.3005433,0.6811168,0.1721046,0.8073733,0.7609018,0.0581895,0.8311815,0.8644662,0.2335113,0.7835609,0.8502389,0.3599704,0.6436000,0.8301000,0.4673000,0.6258000,0.6821000,0.3462000,0.6738000,0.6249000,0.2686000,0.6801000,0.5673000,0.3748000,0.7602000,0.4796000,0.5117000,0.3182823,-0.1651069,0.0000000},
{0.3761291,0.6968778,0.1360565,0.2947400,0.6783834,0.1700552,0.8064529,0.7573407,0.0575111,0.8303971,0.8605766,0.2344331,0.7831676,0.8479865,0.3605402,0.6425000,0.8291000,0.4674000,0.6252000,0.6815000,0.3463000,0.6735000,0.6246000,0.2686000,0.6799000,0.5671000,0.3748000,0.7602000,0.4796000,0.5117000,0.3182823,-0.1651069,0.0000000},
{0.3720621,0.6939758,0.1336314,0.2892387,0.6757591,0.1679912,0.8055424,0.7537943,0.0568333,0.8296264,0.8566951,0.2353528,0.7827898,0.8457925,0.3610955,0.6414000,0.8281000,0.4676000,0.6245000,0.6809000,0.3465000,0.6733000,0.6244000,0.2686000,0.6799000,0.5669000,0.3748000,0.7602000,0.4796000,0.5117000,0.3182823,-0.1651069,0.0000000},
{0.3681446,0.6911529,0.1312333,0.2839747,0.6732166,0.1659020,0.8045733,0.7499936,0.0561043,0.8288366,0.8526536,0.2363104,0.7823900,0.8434366,0.3616922,0.6403000,0.8271000,0.4678000,0.6239000,0.6803000,0.3467000,0.6731000,0.6243000,0.2686000,0.6796000,0.5668000,0.3748000,0.7603000,0.4796000,0.5118000,0.3182823,-0.1651069,0.0000000},
{0.3643297,0.6883773,0.1288377,0.2790157,0.6707926,0.1638284,0.8037026,0.7465551,0.0554425,0.8281298,0.8489801,0.2371806,0.7819909,0.8410479,0.3622976,0.6393000,0.8261000,0.4680000,0.6234000,0.6797000,0.3469000,0.6728000,0.6241000,0.2686000,0.6795000,0.5666000,0.3748000,0.7602000,0.4796000,0.5118000,0.3182823,-0.1651069,0.0000000},
{0.3607865,0.6857749,0.1265576,0.2743057,0.6684635,0.1617610,0.8027992,0.7429633,0.0547489,0.8274204,0.8452363,0.2380675,0.7816594,0.8390345,0.3628081,0.6383000,0.8251000,0.4682000,0.6228000,0.6792000,0.3470000,0.6725000,0.6240000,0.2686000,0.6792000,0.5665000,0.3748000,0.7602000,0.4796000,0.5118000,0.3182823,-0.1651069,0.0000000},
{0.3572724,0.6831701,0.1242424,0.2696811,0.6661503,0.1596349,0.8019352,0.7395047,0.0540788,0.8267930,0.8418765,0.2388633,0.7812895,0.8367555,0.3633863,0.6373000,0.8242000,0.4684000,0.6223000,0.6786000,0.3471000,0.6722000,0.6239000,0.2686000,0.6790000,0.5664000,0.3748000,0.7600000,0.4796000,0.5118000,0.3182823,-0.1651069,0.0000000},
{0.3540144,0.6807332,0.1220466,0.2652436,0.6639052,0.1575020,0.8010797,0.7360575,0.0534087,0.8260573,0.8378756,0.2398108,0.7809912,0.8348919,0.3638593,0.6363000,0.8232000,0.4685000,0.6219000,0.6780000,0.3471000,0.6720000,0.6239000,0.2687000,0.6788000,0.5662000,0.3748000,0.7599000,0.4796000,0.5119000,0.3182823,-0.1651069,0.0000000},
{0.3508943,0.6783792,0.1198979,0.2613008,0.6618888,0.1555280,0.8003911,0.7332657,0.0528645,0.8254559,0.8345538,0.2405974,0.7806710,0.8328649,0.3643741,0.6353000,0.8223000,0.4686000,0.6215000,0.6776000,0.3471000,0.6718000,0.6238000,0.2687000,0.6785000,0.5661000,0.3748000,0.7595000,0.4796000,0.5121000,0.3182823,-0.1651069,0.0000000},
{0.3478921,0.6760948,0.1177869,0.2572730,0.6598071,0.1534320,0.7996161,0.7301059,0.0522468,0.8248810,0.8313340,0.2413598,0.7803832,0.8310177,0.3648435,0.6344000,0.8214000,0.4687000,0.6213000,0.6772000,0.3471000,0.6716000,0.6238000,0.2687000,0.6783000,0.5660000,0.3748000,0.7594000,0.4797000,0.5120000,0.3182823,-0.1651069,0.0000000},
{0.3450555,0.6739186,0.1157519,0.2535049,0.6578390,0.1513957,0.7988923,0.7271365,0.0516648,0.8242955,0.8280082,0.2421472,0.7800919,0.8291236,0.3653250,0.6334000,0.8206000,0.4688000,0.6211000,0.6769000,0.3471000,0.6713000,0.6237000,0.2687000,0.6781000,0.5658000,0.3748000,0.7591000,0.4797000,0.5121000,0.3182823,-0.1651069,0.0000000},
{0.3423619,0.6718355,0.1137822,0.2499672,0.6559724,0.1494152,0.7982067,0.7243076,0.0511087,0.8237685,0.8249733,0.2428657,0.7798089,0.8272588,0.3657992,0.6325000,0.8198000,0.4688000,0.6209000,0.6765000,0.3470000,0.6712000,0.6236000,0.2687000,0.6778000,0.5657000,0.3747000,0.7589000,0.4797000,0.5121000,0.3182823,-0.1651069,0.0000000},
{0.3398273,0.6698602,0.1118944,0.2466449,0.6542022,0.1474923,0.7975803,0.7217092,0.0505967,0.8232248,0.8217985,0.2436172,0.7795626,0.8256154,0.3662174,0.6316000,0.8190000,0.4689000,0.6207000,0.6762000,0.3470000,0.6710000,0.6235000,0.2686000,0.6776000,0.5656000,0.3746000,0.7587000,0.4798000,0.5122000,0.3182823,-0.1651069,0.0000000},
{0.3374232,0.6679727,0.1100723,0.2435561,0.6525410,0.1456479,0.7968404,0.7186226,0.0499869,0.8226675,0.8184982,0.2443984,0.7792995,0.8238376,0.3666699,0.6308000,0.8183000,0.4689000,0.6205000,0.6759000,0.3469000,0.6708000,0.6234000,0.2685000,0.6773000,0.5655000,0.3746000,0.7583000,0.4798000,0.5122000,0.3182823,-0.1651069,0.0000000},
{0.3351003,0.6661356,0.1082819,0.2405863,0.6509291,0.1438214,0.7962076,0.7159678,0.0494611,0.8221653,0.8154813,0.2451125,0.7790494,0.8221259,0.3671058,0.6300000,0.8177000,0.4689000,0.6202000,0.6757000,0.3469000,0.6705000,0.6233000,0.2685000,0.6770000,0.5654000,0.3745000,0.7579000,0.4799000,0.5122000,0.3182823,-0.1651069,0.0000000},
{0.3328978,0.6643814,0.1065563,0.2377585,0.6493805,0.1420319,0.7956343,0.7135502,0.0489811,0.8216957,0.8126229,0.2457889,0.7788443,0.8207058,0.3674676,0.6292000,0.8170000,0.4688000,0.6199000,0.6754000,0.3468000,0.6702000,0.6232000,0.2684000,0.6767000,0.5654000,0.3745000,0.7576000,0.4799000,0.5123000,0.3182823,-0.1651069,0.0000000},
{0.3308200,0.6627152,0.1049029,0.2351642,0.6479476,0.1403455,0.7950341,0.7110059,0.0484749,0.8212136,0.8096482,0.2464928,0.7786198,0.8191338,0.3678682,0.6284000,0.8164000,0.4688000,0.6196000,0.6751000,0.3467000,0.6699000,0.6231000,0.2684000,0.6765000,0.5653000,0.3743000,0.7573000,0.4799000,0.5123000,0.3182823,-0.1651069,0.0000000},
{0.3287717,0.6610616,0.1032479,0.2326906,0.6465700,0.1386965,0.7944465,0.7085029,0.0479757,0.8207926,0.8070175,0.2471153,0.7784254,0.8177570,0.3682193,0.6276000,0.8158000,0.4687000,0.6191000,0.6748000,0.3466000,0.6696000,0.6230000,0.2683000,0.6762000,0.5652000,0.3743000,0.7570000,0.4799000,0.5123000,0.3182823,-0.1651069,0.0000000},
{0.3268820,0.6595260,0.1016986,0.2304459,0.6453102,0.1371642,0.7938884,0.7061131,0.0474980,0.8203893,0.8044668,0.2477188,0.7782313,0.8163679,0.3685735,0.6268000,0.8152000,0.4685000,0.6188000,0.6744000,0.3465000,0.6693000,0.6228000,0.2682000,0.6760000,0.5651000,0.3742000,0.7566000,0.4799000,0.5123000,0.3182823,-0.1651069,0.0000000},
{0.3252289,0.6581747,0.1003252,0.2282712,0.6440804,0.1356462,0.7933432,0.7037677,0.0470282,0.8199832,0.8018669,0.2483340,0.7780440,0.8150134,0.3689191,0.6259000,0.8146000,0.4684000,0.6184000,0.6739000,0.3463000,0.6690000,0.6226000,0.2681000,0.6758000,0.5649000,0.3742000,0.7563000,0.4800000,0.5124000,0.3182823,-0.1651069,0.0000000},
{0.3235691,0.6568102,0.0989286,0.2263158,0.6429666,0.1342520,0.7928385,0.7015862,0.0465904,0.8196452,0.7996780,0.2488518,0.7778774,0.8137961,0.3692298,0.6251000,0.8141000,0.4682000,0.6179000,0.6736000,0.3461000,0.6688000,0.6225000,0.2680000,0.6756000,0.5649000,0.3741000,0.7561000,0.4800000,0.5125000,0.3182823,-0.1651069,0.0000000},
{0.3221075,0.6556020,0.0976840,0.2244024,0.6418692,0.1328604,0.7923790,0.6995911,0.0461892,0.8193225,0.7975671,0.2493511,0.7777114,0.8125717,0.3695423,0.6243000,0.8135000,0.4680000,0.6175000,0.6732000,0.3460000,0.6686000,0.6223000,0.2679000,0.6753000,0.5648000,0.3741000,0.7558000,0.4800000,0.5125000,0.3182823,-0.1651069,0.0000000},
{0.3205656,0.6543207,0.0963558,0.2225448,0.6407966,0.1314826,0.7919046,0.6975233,0.0457726,0.8190153,0.7955373,0.2498313,0.7775612,0.8114530,0.3698280,0.6235000,0.8129000,0.4677000,0.6171000,0.6728000,0.3458000,0.6684000,0.6222000,0.2678000,0.6751000,0.5646000,0.3740000,0.7555000,0.4800000,0.5126000,0.3182823,-0.1651069,0.0000000},
{0.3191154,0.6531090,0.0950917,0.2208988,0.6398399,0.1302390,0.7915081,0.6957875,0.0454224,0.8186508,0.7931027,0.2504071,0.7774139,0.8103459,0.3701108,0.6228000,0.8124000,0.4675000,0.6167000,0.6723000,0.3456000,0.6682000,0.6220000,0.2678000,0.6748000,0.5645000,0.3740000,0.7552000,0.4801000,0.5126000,0.3182823,-0.1651069,0.0000000},
{0.3178610,0.6520557,0.0939866,0.2192083,0.6388510,0.1289390,0.7910548,0.6937960,0.0450198,0.8184116,0.7914894,0.2507887,0.7772796,0.8093283,0.3703708,0.6220000,0.8119000,0.4672000,0.6163000,0.6719000,0.3454000,0.6680000,0.6218000,0.2678000,0.6746000,0.5644000,0.3739000,0.7550000,0.4801000,0.5127000,0.3182823,-0.1651069,0.0000000},
{0.3165521,0.6509514,0.0928216,0.2174676,0.6378261,0.1275757,0.7905833,0.6917152,0.0445985,0.8181384,0.7896302,0.2512284,0.7771798,0.8085665,0.3705655,0.6213000,0.8115000,0.4670000,0.6159000,0.6715000,0.3453000,0.6678000,0.6215000,0.2677000,0.6744000,0.5642000,0.3739000,0.7548000,0.4800000,0.5128000,0.3182823,-0.1651069,0.0000000},
{0.3152446,0.6498429,0.0916456,0.2158225,0.6368508,0.1262634,0.7902378,0.6901848,0.0442881,0.8178621,0.7877329,0.2516771,0.7770368,0.8074667,0.3708466,0.6206000,0.8110000,0.4667000,0.6155000,0.6712000,0.3450000,0.6675000,0.6212000,0.2677000,0.6741000,0.5640000,0.3739000,0.7545000,0.4800000,0.5128000,0.3182823,-0.1651069,0.0000000},
{0.3139910,0.6487748,0.0905062,0.2141649,0.6358616,0.1249169,0.7899290,0.6888127,0.0440094,0.8176546,0.7862960,0.2520169,0.7769330,0.8066619,0.3710524,0.6200000,0.8106000,0.4665000,0.6151000,0.6708000,0.3449000,0.6673000,0.6210000,0.2676000,0.6739000,0.5638000,0.3738000,0.7543000,0.4800000,0.5129000,0.3182823,-0.1651069,0.0000000},
{0.3127951,0.6477510,0.0894082,0.2127125,0.6349892,0.1237167,0.7895131,0.6869583,0.0436323,0.8174247,0.7846917,0.2523963,0.7768506,0.8060194,0.3712167,0.6193000,0.8102000,0.4663000,0.6147000,0.6703000,0.3448000,0.6671000,0.6207000,0.2676000,0.6738000,0.5636000,0.3738000,0.7541000,0.4799000,0.5130000,0.3182823,-0.1651069,0.0000000},
{0.3117160,0.6468231,0.0884082,0.2114497,0.6342263,0.1226572,0.7892148,0.6856238,0.0433605,0.8172383,0.7833812,0.2527062,0.7767367,0.8051253,0.3714453,0.6186000,0.8098000,0.4660000,0.6144000,0.6699000,0.3446000,0.6668000,0.6204000,0.2676000,0.6736000,0.5635000,0.3737000,0.7539000,0.4799000,0.5130000,0.3182823,-0.1651069,0.0000000},
{0.3106907,0.6459377,0.0874495,0.2104341,0.6336097,0.1217940,0.7888897,0.6841651,0.0430631,0.8170627,0.7821389,0.2530000,0.7766414,0.8043719,0.3716381,0.6180000,0.8094000,0.4658000,0.6140000,0.6695000,0.3444000,0.6665000,0.6201000,0.2677000,0.6734000,0.5633000,0.3737000,0.7537000,0.4799000,0.5131000,0.3182823,-0.1651069,0.0000000},
{0.3099195,0.6452692,0.0867229,0.2096648,0.6331409,0.1211335,0.7885927,0.6828285,0.0427902,0.8168854,0.7808769,0.2532984,0.7765604,0.8037276,0.3718029,0.6174000,0.8091000,0.4656000,0.6138000,0.6692000,0.3442000,0.6663000,0.6198000,0.2677000,0.6732000,0.5631000,0.3737000,0.7535000,0.4798000,0.5131000,0.3182823,-0.1651069,0.0000000},
{0.3092272,0.6446674,0.0860667,0.2090351,0.6327559,0.1205885,0.7882135,0.6811164,0.0424402,0.8167510,0.7799138,0.2535261,0.7764968,0.8032192,0.3719330,0.6168000,0.8088000,0.4653000,0.6135000,0.6689000,0.3441000,0.6661000,0.6196000,0.2676000,0.6731000,0.5630000,0.3737000,0.7533000,0.4798000,0.5132000,0.3182823,-0.1651069,0.0000000},
{0.3086601,0.6441731,0.0855262,0.2086387,0.6325130,0.1202433,0.7880476,0.6803650,0.0422864,0.8166384,0.7791038,0.2537176,0.7764495,0.8028403,0.3720300,0.6162000,0.8085000,0.4651000,0.6132000,0.6685000,0.3439000,0.6660000,0.6194000,0.2675000,0.6729000,0.5629000,0.3737000,0.7532000,0.4797000,0.5133000,0.3182823,-0.1651069,0.0000000},
{0.3082087,0.6437788,0.0850940,0.2084255,0.6323821,0.1200571,0.7878164,0.6793161,0.0420716,0.8165504,0.7784684,0.2538678,0.7763870,0.8023364,0.3721590,0.6158000,0.8084000,0.4649000,0.6130000,0.6682000,0.3438000,0.6659000,0.6193000,0.2674000,0.6728000,0.5628000,0.3738000,0.7531000,0.4797000,0.5133000,0.3182823,-0.1651069,0.0000000},
{0.3078417,0.6434577,0.0847414,0.2082621,0.6322818,0.1199140,0.7876746,0.6786719,0.0419396,0.8164502,0.7777423,0.2540395,0.7763481,0.8020225,0.3722393,0.6154000,0.8083000,0.4646000,0.6128000,0.6680000,0.3437000,0.6659000,0.6193000,0.2674000,0.6727000,0.5627000,0.3738000,0.7531000,0.4796000,0.5134000,0.3182823,-0.1651069,0.0000000},
{0.3075364,0.6431902,0.0844473,0.2081260,0.6321981,0.1197946,0.7876086,0.6783718,0.0418780,0.8163887,0.7772951,0.2541452,0.7763207,0.8018005,0.3722962,0.6151000,0.8082000,0.4645000,0.6125000,0.6678000,0.3438000,0.6658000,0.6192000,0.2676000,0.6726000,0.5626000,0.3739000,0.7530000,0.4795000,0.5134000,0.3182823,-0.1651069,0.0000000},
{0.3073268,0.6430063,0.0842449,0.2080348,0.6321421,0.1197145,0.7874260,0.6775399,0.0417074,0.8163360,0.7769116,0.2542359,0.7763031,0.8016580,0.3723327,0.6149000,0.8083000,0.4643000,0.6123000,0.6676000,0.3438000,0.6657000,0.6191000,0.2677000,0.6724000,0.5625000,0.3740000,0.7530000,0.4794000,0.5134000,0.3182823,-0.1651069,0.0000000},
{0.3071615,0.6428612,0.0840850,0.2080010,0.6321213,0.1196848,0.7873303,0.6771036,0.0416178,0.8163143,0.7767530,0.2542734,0.7763031,0.8016580,0.3723327,0.6147000,0.8084000,0.4641000,0.6122000,0.6675000,0.3438000,0.6656000,0.6189000,0.2678000,0.6724000,0.5624000,0.3741000,0.7530000,0.4793000,0.5134000,0.3182823,-0.1651069,0.0000000},
{0.3069780,0.6427000,0.0839072,0.2079651,0.6320992,0.1196532,0.7873303,0.6771036,0.0416178,0.8163113,0.7767308,0.2542787,0.7763031,0.8016580,0.3723327,0.6146000,0.8084000,0.4640000,0.6120000,0.6674000,0.3439000,0.6656000,0.6189000,0.2678000,0.6723000,0.5623000,0.3741000,0.7531000,0.4792000,0.5134000,0.3182823,-0.1651069,0.0000000},
{0.3068390,0.6425778,0.0837724,0.2079444,0.6320864,0.1196350,0.7872292,0.6766420,0.0415230,0.8162915,0.7765865,0.2543128,0.7763031,0.8016580,0.3723327,0.6145000,0.8085000,0.4640000,0.6119000,0.6673000,0.3440000,0.6655000,0.6189000,0.2678000,0.6724000,0.5622000,0.3741000,0.7532000,0.4791000,0.5133000,0.3182823,-0.1651069,0.0000000},
{0.3068390,0.6425778,0.0837724,0.2079994,0.6321203,0.1196834,0.7872292,0.6766420,0.0415230,0.8162915,0.7765865,0.2543128,0.7762814,0.8014817,0.3723778,0.6145000,0.8085000,0.4640000,0.6119000,0.6672000,0.3440000,0.6655000,0.6188000,0.2680000,0.6724000,0.5622000,0.3742000,0.7533000,0.4790000,0.5133000,0.3182823,-0.1651069,0.0000000},
{0.3068077,0.6425503,0.0837421,0.2080110,0.6321274,0.1196936,0.7872156,0.6765796,0.0415102,0.8162915,0.7765865,0.2543128,0.7762814,0.8014817,0.3723778,0.6145000,0.8084000,0.4640000,0.6119000,0.6670000,0.3441000,0.6656000,0.6188000,0.2680000,0.6725000,0.5621000,0.3742000,0.7534000,0.4789000,0.5132000,0.3182823,-0.1651069,0.0000000}
};
