fitErrPi Mean = 0.458399
fitErrTh Mean = 0.43584
fitErrWr Mean = 0.468998
fitErrLA Mean = 0.422993
fitErrEl Mean = 0.326872
fitErrUA Mean = 0.351301
efPts = {
{0.7026122,0.8304257,0.0312948,0.6233992,0.8237436,0.0026783,0.7462140,0.9179804,0.0654466,0.8083570,0.9977563,0.1076085,0.8686556,0.9804650,0.2091913,0.7120000,0.8312000,0.5329000,0.7056000,0.7244000,0.4243000,0.7229000,0.6240000,0.4365000,0.7460000,0.5633000,0.3802000,0.8468000,0.4429000,0.5183000,0.6359882,0.7859761,0.0288505},
{0.7006831,0.8298492,0.0288508,0.6215087,0.8232493,0.0003589,0.7439214,0.9169300,0.0629170,0.8051019,0.9957727,0.1045384,0.8667670,0.9795026,0.2069519,0.7096000,0.8308000,0.5324000,0.7040000,0.7240000,0.4237000,0.7214000,0.6237000,0.4360000,0.7449000,0.5630000,0.3800000,0.8454000,0.4429000,0.5183000,0.6344536,0.7856061,0.0268703},
{0.6988465,0.8292996,0.0265177,0.6196440,0.8227610,-0.0019354,0.7416472,0.9158865,0.0603992,0.8019076,0.9938215,0.1015085,0.8647643,0.9784809,0.2045688,0.7071000,0.8302000,0.5319000,0.7024000,0.7235000,0.4231000,0.7200000,0.6233000,0.4354000,0.7435000,0.5626000,0.3795000,0.8440000,0.4428000,0.5184000,0.6327955,0.7852058,0.0247253},
{0.6969536,0.8287324,0.0241066,0.6179017,0.8223040,-0.0040851,0.7393027,0.9148092,0.0577945,0.7984408,0.9916986,0.0982007,0.8628469,0.9775014,0.2022789,0.7046000,0.8297000,0.5313000,0.7007000,0.7230000,0.4224000,0.7185000,0.6230000,0.4349000,0.7421000,0.5623000,0.3792000,0.8426000,0.4429000,0.5184000,0.6312665,0.7848361,0.0227420},
{0.6953089,0.8282390,0.0220062,0.6158806,0.8217730,-0.0065859,0.7369125,0.9137092,0.0551297,0.7950486,0.9896161,0.0949444,0.8606633,0.9763844,0.1996612,0.7020000,0.8291000,0.5307000,0.6991000,0.7226000,0.4217000,0.7170000,0.6226000,0.4343000,0.7407000,0.5619000,0.3788000,0.8413000,0.4428000,0.5185000,0.6296071,0.7844343,0.0205843},
{0.6930932,0.8275734,0.0191688,0.6138543,0.8212395,-0.0091010,0.7344622,0.9125798,0.0523881,0.7915164,0.9874422,0.0915330,0.8584908,0.9752714,0.1970462,0.6993000,0.8285000,0.5300000,0.6974000,0.7221000,0.4211000,0.7155000,0.6222000,0.4338000,0.7393000,0.5615000,0.3783000,0.8400000,0.4428000,0.5185000,0.6277836,0.7839921,0.0182066},
{0.6909469,0.8269277,0.0164113,0.6117002,0.8206713,-0.0117834,0.7319152,0.9114040,0.0495276,0.7880282,0.9852896,0.0881430,0.8563532,0.9741748,0.1944630,0.6968000,0.8277000,0.5295000,0.6957000,0.7215000,0.4204000,0.7140000,0.6218000,0.4332000,0.7379000,0.5611000,0.3779000,0.8386000,0.4429000,0.5186000,0.6260097,0.7835613,0.0158870},
{0.6888595,0.8262988,0.0137213,0.6096137,0.8201199,-0.0143901,0.7292859,0.9101882,0.0465632,0.7843738,0.9830284,0.0845690,0.8541063,0.9730205,0.1917367,0.6940000,0.8270000,0.5289000,0.6939000,0.7210000,0.4198000,0.7124000,0.6215000,0.4327000,0.7376000,0.5610000,0.3771000,0.8372000,0.4429000,0.5186000,0.6241438,0.7831074,0.0134398},
{0.6866223,0.8256237,0.0108291,0.6074190,0.8195387,-0.0171409,0.7265591,0.9089252,0.0434766,0.7807937,0.9808071,0.0810451,0.8517445,0.9718052,0.1888585,0.6912000,0.8262000,0.5284000,0.6921000,0.7204000,0.4191000,0.7109000,0.6211000,0.4322000,0.7364000,0.5606000,0.3768000,0.8358000,0.4429000,0.5187000,0.6219079,0.7825626,0.0104979},
{0.6841938,0.8248897,0.0076790,0.6050579,0.8189120,-0.0201108,0.7237207,0.9076081,0.0402503,0.7771768,0.9785568,0.0774620,0.8494970,0.9706469,0.1861079,0.6884000,0.8253000,0.5279000,0.6903000,0.7198000,0.4185000,0.7093000,0.6208000,0.4316000,0.7352000,0.5603000,0.3764000,0.8344000,0.4430000,0.5188000,0.6200331,0.7821049,0.0080229},
{0.6818256,0.8241727,0.0045963,0.6027997,0.8183114,-0.0229613,0.7211048,0.9063921,0.0372646,0.7735157,0.9762727,0.0738116,0.8470290,0.9693730,0.1830741,0.6860000,0.8243000,0.5272000,0.6885000,0.7192000,0.4179000,0.7078000,0.6203000,0.4311000,0.7339000,0.5599000,0.3759000,0.8329000,0.4430000,0.5188000,0.6178937,0.7815816,0.0051896},
{0.6796362,0.8235088,0.0017367,0.6003545,0.8176596,-0.0260591,0.7183406,0.9051050,0.0340971,0.7698283,0.9739657,0.0701106,0.8445876,0.9681106,0.1800591,0.6830000,0.8233000,0.5267000,0.6866000,0.7186000,0.4172000,0.7061000,0.6199000,0.4305000,0.7327000,0.5595000,0.3756000,0.8315000,0.4431000,0.5190000,0.6157592,0.7810586,0.0023531},
{0.6771126,0.8227423,-0.0015705,0.5978852,0.8169999,-0.0291994,0.7156026,0.9038278,0.0309465,0.7663941,0.9718112,0.0666417,0.8420933,0.9668187,0.1769645,0.6799000,0.8223000,0.5261000,0.6846000,0.7179000,0.4165000,0.7045000,0.6194000,0.4299000,0.7315000,0.5591000,0.3751000,0.8302000,0.4432000,0.5191000,0.6133561,0.7804686,-0.0008519},
{0.6747762,0.8220314,-0.0046435,0.5955535,0.8163755,-0.0321755,0.7129227,0.9025755,0.0278502,0.7629299,0.9696319,0.0631206,0.8398630,0.9656617,0.1741851,0.6768000,0.8213000,0.5255000,0.6823000,0.7171000,0.4159000,0.7029000,0.6190000,0.4293000,0.7302000,0.5587000,0.3747000,0.8288000,0.4433000,0.5192000,0.6112080,0.7799402,-0.0037272},
{0.6723398,0.8212888,-0.0078593,0.5930935,0.8157152,-0.0353271,0.7099196,0.9011695,0.0243657,0.7594327,0.9674258,0.0595436,0.8375223,0.9644455,0.1712554,0.6736000,0.8202000,0.5249000,0.6798000,0.7163000,0.4153000,0.7013000,0.6186000,0.4286000,0.7291000,0.5583000,0.3743000,0.8275000,0.4434000,0.5194000,0.6086726,0.7793151,-0.0071338},
{0.6698383,0.8205250,-0.0111729,0.5908561,0.8151134,-0.0382041,0.7072008,0.8998943,0.0211974,0.7559827,0.9652435,0.0559924,0.8354332,0.9633583,0.1686298,0.6705000,0.8191000,0.5243000,0.6789000,0.7159000,0.4144000,0.6996000,0.6182000,0.4280000,0.7278000,0.5579000,0.3738000,0.8261000,0.4435000,0.5195000,0.6062765,0.7787231,-0.0103660},
{0.6673558,0.8197657,-0.0144735,0.5882819,0.8144193,-0.0415263,0.7046811,0.8987104,0.0182495,0.7526447,0.9631263,0.0525352,0.8329381,0.9620578,0.1654800,0.6673000,0.8180000,0.5237000,0.6770000,0.7152000,0.4136000,0.6977000,0.6176000,0.4275000,0.7267000,0.5574000,0.3734000,0.8248000,0.4437000,0.5196000,0.6039156,0.7781386,-0.0135628},
{0.6650523,0.8190599,-0.0175468,0.5857762,0.8137421,-0.0447730,0.7020415,0.8974681,0.0151491,0.7494239,0.9610781,0.0491793,0.8306747,0.9608760,0.1626098,0.6642000,0.8169000,0.5231000,0.6751000,0.7144000,0.4129000,0.6956000,0.6170000,0.4269000,0.7256000,0.5571000,0.3729000,0.8236000,0.4439000,0.5198000,0.6014842,0.7775352,-0.0168679},
{0.6626088,0.8183099,-0.0208185,0.5832280,0.8130518,-0.0480877,0.6994304,0.8962370,0.0120701,0.7462996,0.9590861,0.0459049,0.8285402,0.9597598,0.1598917,0.6609000,0.8158000,0.5225000,0.6731000,0.7137000,0.4122000,0.6950000,0.6166000,0.4263000,0.7245000,0.5565000,0.3725000,0.8223000,0.4441000,0.5199000,0.5990535,0.7769308,-0.0201849},
{0.6601956,0.8175680,-0.0240611,0.5809014,0.8124199,-0.0511257,0.6968193,0.8950038,0.0089788,0.7433410,0.9571950,0.0427866,0.8264739,0.9586776,0.1572497,0.6578000,0.8145000,0.5219000,0.6711000,0.7130000,0.4115000,0.6934000,0.6161000,0.4257000,0.7234000,0.5561000,0.3721000,0.8212000,0.4443000,0.5201000,0.5964871,0.7762912,-0.0237012},
{0.6578185,0.8168358,-0.0272667,0.5786044,0.8117948,-0.0541357,0.6943047,0.8938141,0.0059900,0.7402404,0.9552083,0.0395003,0.8244983,0.9576415,0.1547138,0.6545000,0.8133000,0.5214000,0.6692000,0.7123000,0.4107000,0.6919000,0.6156000,0.4251000,0.7223000,0.5556000,0.3717000,0.8200000,0.4445000,0.5203000,0.5941143,0.7756985,-0.0269653},
{0.6551844,0.8160231,-0.0308320,0.5761846,0.8111347,-0.0573185,0.6916602,0.8925608,0.0028345,0.7375123,0.9534560,0.0365929,0.8223466,0.9565113,0.1519409,0.6514000,0.8120000,0.5209000,0.6672000,0.7115000,0.4100000,0.6903000,0.6150000,0.4245000,0.7211000,0.5551000,0.3713000,0.8188000,0.4447000,0.5205000,0.5918000,0.7751191,-0.0301610},
{0.6530009,0.8153481,-0.0337981,0.5739800,0.8105319,-0.0602287,0.6892949,0.8914379,0.0000013,0.7347745,0.9516934,0.0336603,0.8204521,0.9555147,0.1494898,0.6481000,0.8106000,0.5204000,0.6653000,0.7109000,0.4092000,0.6887000,0.6144000,0.4238000,0.7200000,0.5547000,0.3709000,0.8177000,0.4449000,0.5207000,0.5893534,0.7745053,-0.0335524},
{0.6505662,0.8145943,-0.0371168,0.5716804,0.8099019,-0.0632750,0.6870065,0.8903498,-0.0027496,0.7321435,0.9499957,0.0308277,0.8184011,0.9544342,0.1468261,0.6449000,0.8092000,0.5199000,0.6633000,0.7103000,0.4084000,0.6872000,0.6139000,0.4232000,0.7189000,0.5542000,0.3705000,0.8166000,0.4451000,0.5209000,0.5871391,0.7739487,-0.0366333},
{0.6484516,0.8139385,-0.0400090,0.5695908,0.8093281,-0.0660527,0.6847183,0.8892601,-0.0055100,0.7294484,0.9482527,0.0279115,0.8165527,0.9534591,0.1444163,0.6416000,0.8079000,0.5193000,0.6614000,0.7097000,0.4077000,0.6857000,0.6134000,0.4226000,0.7179000,0.5538000,0.3700000,0.8155000,0.4454000,0.5211000,0.5848093,0.7733617,-0.0398871},
{0.6464246,0.8133088,-0.0427900,0.5675416,0.8087643,-0.0687855,0.6825929,0.8882464,-0.0080826,0.7269809,0.9466535,0.0252284,0.8147059,0.9524834,0.1419998,0.6382000,0.8066000,0.5188000,0.6595000,0.7089000,0.4070000,0.6841000,0.6129000,0.4220000,0.7168000,0.5534000,0.3697000,0.8144000,0.4456000,0.5213000,0.5827991,0.7728543,-0.0427044},
{0.6442736,0.8126396,-0.0457504,0.5653681,0.8081650,-0.0716939,0.6802122,0.8871092,-0.0109744,0.7247609,0.9452116,0.0228035,0.8127951,0.9514726,0.1394903,0.6348000,0.8052000,0.5182000,0.6576000,0.7082000,0.4063000,0.6826000,0.6123000,0.4214000,0.7158000,0.5529000,0.3692000,0.8133000,0.4459000,0.5215000,0.5802732,0.7722154,-0.0462574},
{0.6420249,0.8119389,-0.0488556,0.5635059,0.8076505,-0.0741935,0.6781122,0.8861045,-0.0135342,0.7223249,0.9436263,0.0201308,0.8110329,0.9505391,0.1371677,0.6314000,0.8040000,0.5175000,0.6557000,0.7076000,0.4055000,0.6811000,0.6117000,0.4207000,0.7149000,0.5525000,0.3688000,0.8123000,0.4462000,0.5216000,0.5786111,0.7717941,-0.0486036},
{0.6400747,0.8113302,-0.0515570,0.5613943,0.8070660,-0.0770369,0.6761159,0.8851480,-0.0159752,0.7199710,0.9420912,0.0175362,0.8093297,0.9496356,0.1349150,0.6281000,0.8027000,0.5168000,0.6538000,0.7068000,0.4048000,0.6797000,0.6112000,0.4201000,0.7139000,0.5520000,0.3684000,0.8113000,0.4465000,0.5218000,0.5764482,0.7712449,-0.0516660},
{0.6383096,0.8107786,-0.0540090,0.5595061,0.8065423,-0.0795876,0.6739837,0.8841250,-0.0185909,0.7178097,0.9406789,0.0151434,0.8076412,0.9487389,0.1326744,0.6248000,0.8014000,0.5161000,0.6518000,0.7060000,0.4040000,0.6782000,0.6106000,0.4194000,0.7129000,0.5514000,0.3679000,0.8102000,0.4467000,0.5220000,0.5744697,0.7707416,-0.0544769},
{0.6363676,0.8101708,-0.0567144,0.5576989,0.8060401,-0.0820360,0.6722840,0.8833084,-0.0206822,0.7155589,0.9392052,0.0126408,0.8059308,0.9478292,0.1303968,0.6215000,0.8001000,0.5154000,0.6499000,0.7052000,0.4030000,0.6768000,0.6099000,0.4187000,0.7120000,0.5509000,0.3675000,0.8092000,0.4470000,0.5221000,0.5724687,0.7702316,-0.0573291},
{0.6344950,0.8095838,-0.0593306,0.5560412,0.8055787,-0.0842881,0.6703452,0.8823757,-0.0230746,0.7135861,0.9379111,0.0104381,0.8043339,0.9469789,0.1282634,0.6183000,0.7988000,0.5147000,0.6480000,0.7046000,0.4022000,0.6754000,0.6093000,0.4180000,0.7110000,0.5505000,0.3670000,0.8082000,0.4472000,0.5222000,0.5706391,0.7697645,-0.0599454},
{0.6326861,0.8090161,-0.0618648,0.5539527,0.8049963,-0.0871338,0.6685093,0.8814913,-0.0253467,0.7115997,0.9366057,0.0082116,0.8028648,0.9461957,0.1262946,0.6152000,0.7976000,0.5141000,0.6462000,0.7038000,0.4013000,0.6741000,0.6088000,0.4173000,0.7100000,0.5500000,0.3665000,0.8071000,0.4475000,0.5224000,0.5688011,0.7692944,-0.0625814},
{0.6309134,0.8084589,-0.0643552,0.5522076,0.8045087,-0.0895190,0.6667768,0.8806557,-0.0274968,0.7097605,0.9353950,0.0061423,0.8012602,0.9453392,0.1241375,0.6121000,0.7963000,0.5133000,0.6444000,0.7031000,0.4005000,0.6727000,0.6083000,0.4165000,0.7092000,0.5497000,0.3660000,0.8061000,0.4477000,0.5224000,0.5669302,0.7688150,-0.0652730},
{0.6290560,0.8078743,-0.0669719,0.5506211,0.8040646,-0.0916933,0.6650363,0.8798152,-0.0296628,0.7081629,0.9343417,0.0043386,0.7998472,0.9445842,0.1222322,0.6091000,0.7951000,0.5125000,0.6427000,0.7024000,0.3995000,0.6713000,0.6078000,0.4157000,0.7082000,0.5493000,0.3654000,0.8050000,0.4480000,0.5225000,0.5653029,0.7683974,-0.0676208},
{0.6274973,0.8073831,-0.0691734,0.5489083,0.8035844,-0.0940469,0.6632136,0.8789339,-0.0319376,0.7064710,0.9332244,0.0024222,0.7984195,0.9438204,0.1203016,0.6061000,0.7939000,0.5116000,0.6410000,0.7018000,0.3984000,0.6699000,0.6073000,0.4149000,0.7073000,0.5490000,0.3648000,0.8038000,0.4482000,0.5225000,0.5636509,0.7679728,-0.0700108},
{0.6260023,0.8069113,-0.0712900,0.5471888,0.8031015,-0.0964162,0.6616130,0.8781590,-0.0339406,0.7046687,0.9320324,0.0003735,0.7969293,0.9430222,0.1182803,0.6032000,0.7928000,0.5106000,0.6392000,0.7012000,0.3974000,0.6685000,0.6069000,0.4140000,0.7065000,0.5487000,0.3641000,0.8027000,0.4485000,0.5224000,0.5619080,0.7675240,-0.0725395},
{0.6241332,0.8063208,-0.0739431,0.5455114,0.8026296,-0.0987337,0.6599278,0.8773422,-0.0360548,0.7028379,0.9308195,-0.0017151,0.7952960,0.9421464,0.1160579,0.6004000,0.7918000,0.5097000,0.6376000,0.7006000,0.3963000,0.6672000,0.6064000,0.4131000,0.7057000,0.5484000,0.3635000,0.8015000,0.4487000,0.5223000,0.5604136,0.7671387,-0.0747134},
{0.6225272,0.8058127,-0.0762289,0.5439883,0.8022004,-0.1008436,0.6583917,0.8765968,-0.0379871,0.7011086,0.9296718,-0.0036952,0.7941121,0.9415108,0.1144424,0.5976000,0.7908000,0.5087000,0.6360000,0.7000000,0.3952000,0.6659000,0.6060000,0.4122000,0.7048000,0.5480000,0.3628000,0.8003000,0.4490000,0.5223000,0.5586297,0.7666780,-0.0773157},
{0.6208620,0.8052853,-0.0786049,0.5424418,0.8017640,-0.1029912,0.6567667,0.8758073,-0.0400364,0.6993495,0.9285025,-0.0057164,0.7927070,0.9407557,0.1125199,0.5950000,0.7898000,0.5076000,0.6346000,0.6994000,0.3941000,0.6647000,0.6056000,0.4113000,0.7041000,0.5477000,0.3621000,0.7991000,0.4492000,0.5222000,0.5569400,0.7662409,-0.0797877},
{0.6192539,0.8047752,-0.0809053,0.5408753,0.8013211,-0.1051722,0.6551703,0.8750309,-0.0420548,0.6978868,0.9275287,-0.0074028,0.7914270,0.9400671,0.1107637,0.5924000,0.7889000,0.5065000,0.6332000,0.6989000,0.3930000,0.6635000,0.6052000,0.4103000,0.7033000,0.5474000,0.3614000,0.7979000,0.4494000,0.5221000,0.5554490,0.7658546,-0.0819749},
{0.6179298,0.8043548,-0.0828038,0.5394286,0.8009115,-0.1071913,0.6535943,0.8742635,-0.0440524,0.6964196,0.9265506,-0.0090993,0.7901831,0.9393972,0.1090525,0.5900000,0.7880000,0.5055000,0.6317000,0.6984000,0.3919000,0.6623000,0.6048000,0.4095000,0.7025000,0.5471000,0.3608000,0.7967000,0.4495000,0.5220000,0.5539600,0.7654682,-0.0841645},
{0.6165619,0.8039199,-0.0847692,0.5379381,0.8004889,-0.1092764,0.6523651,0.8736643,-0.0456140,0.6949852,0.9255929,-0.0107629,0.7889217,0.9387172,0.1073127,0.5876000,0.7870000,0.5044000,0.6303000,0.6978000,0.3908000,0.6611000,0.6044000,0.4086000,0.7017000,0.5468000,0.3603000,0.7955000,0.4497000,0.5219000,0.5525399,0.7650992,-0.0862580},
{0.6151388,0.8034671,-0.0868183,0.5366752,0.8001303,-0.1110472,0.6508338,0.8729171,-0.0475638,0.6937454,0.9247642,-0.0122048,0.7876722,0.9380429,0.1055848,0.5853000,0.7862000,0.5034000,0.6289000,0.6973000,0.3898000,0.6599000,0.6040000,0.4077000,0.7009000,0.5465000,0.3596000,0.7943000,0.4498000,0.5219000,0.5511070,0.7647264,-0.0883754},
{0.6137501,0.8030246,-0.0888225,0.5352676,0.7997300,-0.1130252,0.6494869,0.8722592,-0.0492828,0.6923358,0.9238206,-0.0138488,0.7864744,0.9373959,0.1039242,0.5830000,0.7855000,0.5024000,0.6274000,0.6969000,0.3889000,0.6587000,0.6036000,0.4070000,0.7001000,0.5462000,0.3592000,0.7931000,0.4499000,0.5218000,0.5495832,0.7643293,-0.0906329},
{0.6125740,0.8026496,-0.0905230,0.5339834,0.7993643,-0.1148338,0.6482033,0.8716315,-0.0509245,0.6911774,0.9230443,-0.0152034,0.7852790,0.9367495,0.1022626,0.5809000,0.7847000,0.5013000,0.6260000,0.6965000,0.3879000,0.6575000,0.6033000,0.4062000,0.6993000,0.5460000,0.3586000,0.7919000,0.4500000,0.5218000,0.5483570,0.7640094,-0.0924535},
{0.6110348,0.8021582,-0.0927535,0.5324725,0.7989335,-0.1169664,0.6469568,0.8710215,-0.0525220,0.6897437,0.9220822,-0.0168845,0.7842282,0.9361808,0.1007986,0.5788000,0.7840000,0.5003000,0.6246000,0.6960000,0.3870000,0.6564000,0.6030000,0.4054000,0.6985000,0.5457000,0.3581000,0.7907000,0.4500000,0.5218000,0.5471959,0.7637060,-0.0941812},
{0.6097838,0.8017583,-0.0945703,0.5312330,0.7985795,-0.1187201,0.6456354,0.8703741,-0.0542191,0.6885269,0.9212647,-0.0183152,0.7831462,0.9355946,0.0992877,0.5768000,0.7833000,0.4992000,0.6232000,0.6955000,0.3862000,0.6553000,0.6026000,0.4046000,0.6977000,0.5454000,0.3576000,0.7894000,0.4501000,0.5217000,0.5458325,0.7633494,-0.0962142},
{0.6083342,0.8012945,-0.0966801,0.5299359,0.7982085,-0.1205591,0.6444176,0.8697770,-0.0557864,0.6872956,0.9204363,-0.0197668,0.7822347,0.9351005,0.0980123,0.5749000,0.7827000,0.4982000,0.6219000,0.6950000,0.3852000,0.6543000,0.6023000,0.4038000,0.6969000,0.5452000,0.3570000,0.7882000,0.4502000,0.5216000,0.5446020,0.7630271,-0.0980530},
{0.6072634,0.8009515,-0.0982417,0.5286957,0.7978534,-0.1223210,0.6431445,0.8691522,-0.0574282,0.6861933,0.9196938,-0.0210696,0.7812843,0.9345848,0.0966796,0.5730000,0.7820000,0.4972000,0.6206000,0.6946000,0.3844000,0.6532000,0.6021000,0.4031000,0.6961000,0.5449000,0.3566000,0.7869000,0.4502000,0.5216000,0.5432197,0.7626647,-0.1001233},
{0.6061665,0.8005999,-0.0998441,0.5276140,0.7975433,-0.1238608,0.6420452,0.8686121,-0.0588487,0.6851249,0.9189735,-0.0223351,0.7802116,0.9340022,0.0951723,0.5712000,0.7814000,0.4963000,0.6194000,0.6942000,0.3836000,0.6521000,0.6019000,0.4024000,0.6954000,0.5447000,0.3561000,0.7857000,0.4503000,0.5216000,0.5421556,0.7623853,-0.1017204},
{0.6050878,0.8002538,-0.1014227,0.5263329,0.7971755,-0.1256881,0.6407401,0.8679704,-0.0605383,0.6840291,0.9182338,-0.0236363,0.7793627,0.9335409,0.0939771,0.5695000,0.7809000,0.4954000,0.6182000,0.6938000,0.3828000,0.6511000,0.6017000,0.4017000,0.6946000,0.5446000,0.3556000,0.7846000,0.4503000,0.5215000,0.5411693,0.7621260,-0.1032034},
{0.6038676,0.7998619,-0.1032116,0.5252125,0.7968535,-0.1272893,0.6398129,0.8675141,-0.0617411,0.6829797,0.9175246,-0.0248852,0.7783661,0.9329988,0.0925710,0.5678000,0.7804000,0.4944000,0.6170000,0.6935000,0.3820000,0.6500000,0.6015000,0.4010000,0.6939000,0.5444000,0.3552000,0.7834000,0.4504000,0.5214000,0.5399377,0.7618020,-0.1050587},
{0.6027253,0.7994947,-0.1048894,0.5242904,0.7965881,-0.1286093,0.6386303,0.8669316,-0.0632776,0.6821343,0.9169528,-0.0258933,0.7774189,0.9324832,0.0912318,0.5662000,0.7800000,0.4935000,0.6160000,0.6932000,0.3813000,0.6491000,0.6012000,0.4004000,0.6932000,0.5442000,0.3547000,0.7823000,0.4504000,0.5214000,0.5389491,0.7615416,-0.1065506},
{0.6017611,0.7991845,-0.1063080,0.5229999,0.7962164,-0.1304602,0.6376785,0.8664625,-0.0645166,0.6812693,0.9163672,-0.0269266,0.7766925,0.9320875,0.0902030,0.5647000,0.7795000,0.4927000,0.6149000,0.6929000,0.3805000,0.6481000,0.6010000,0.3998000,0.6925000,0.5441000,0.3543000,0.7812000,0.4505000,0.5213000,0.5381134,0.7613212,-0.1078139},
{0.6006680,0.7988325,-0.1079190,0.5223330,0.7960240,-0.1314182,0.6367143,0.8659868,-0.0657736,0.6804190,0.9157911,-0.0279444,0.7760066,0.9317136,0.0892300,0.5632000,0.7791000,0.4918000,0.6140000,0.6925000,0.3798000,0.6472000,0.6008000,0.3993000,0.6918000,0.5439000,0.3539000,0.7801000,0.4505000,0.5212000,0.5371313,0.7610620,-0.1093010},
{0.5999202,0.7985915,-0.1090228,0.5212859,0.7957218,-0.1329247,0.6357489,0.8655103,-0.0670342,0.6796573,0.9152745,-0.0288578,0.7750610,0.9311978,0.0878863,0.5618000,0.7787000,0.4910000,0.6131000,0.6922000,0.3791000,0.6463000,0.6005000,0.3986000,0.6912000,0.5438000,0.3536000,0.7791000,0.4505000,0.5211000,0.5360996,0.7607895,-0.1108657},
{0.5989044,0.7982639,-0.1105241,0.5206833,0.7955477,-0.1337929,0.6349917,0.8651362,-0.0680244,0.6786901,0.9146180,-0.0300197,0.7743350,0.9308015,0.0868527,0.5605000,0.7783000,0.4902000,0.6122000,0.6919000,0.3785000,0.6455000,0.6003000,0.3981000,0.6906000,0.5436000,0.3531000,0.7782000,0.4506000,0.5211000,0.5351588,0.7605407,-0.1122950},
{0.5982449,0.7980511,-0.1115002,0.5196202,0.7952402,-0.1353266,0.6340874,0.8646892,-0.0692086,0.6779210,0.9140955,-0.0309454,0.7737760,0.9304962,0.0860558,0.5592000,0.7779000,0.4895000,0.6113000,0.6915000,0.3778000,0.6447000,0.6001000,0.3975000,0.6901000,0.5434000,0.3528000,0.7772000,0.4506000,0.5210000,0.5350656,0.7605161,-0.1124366},
{0.5973649,0.7977669,-0.1128042,0.5189787,0.7950546,-0.1362534,0.6335262,0.8644116,-0.0699445,0.6771990,0.9136046,-0.0318157,0.7730580,0.9301039,0.0850308,0.5580000,0.7774000,0.4887000,0.6105000,0.6913000,0.3772000,0.6440000,0.5998000,0.3970000,0.6895000,0.5432000,0.3524000,0.7764000,0.4505000,0.5209000,0.5341819,0.7602821,-0.1137816},
{0.5969428,0.7976305,-0.1134303,0.5183702,0.7948783,-0.1371335,0.6330186,0.8641605,-0.0706106,0.6768119,0.9133412,-0.0322830,0.7725744,0.9298394,0.0843394,0.5568000,0.7771000,0.4880000,0.6098000,0.6910000,0.3766000,0.6433000,0.5996000,0.3965000,0.6891000,0.5431000,0.3521000,0.7755000,0.4505000,0.5208000,0.5337859,0.7601772,-0.1143850},
{0.5963482,0.7974383,-0.1143131,0.5179326,0.7947515,-0.1377670,0.6322310,0.8637706,-0.0716453,0.6763156,0.9130034,-0.0328827,0.7721838,0.9296258,0.0837805,0.5558000,0.7769000,0.4872000,0.6091000,0.6907000,0.3760000,0.6426000,0.5994000,0.3960000,0.6886000,0.5428000,0.3517000,0.7747000,0.4505000,0.5206000,0.5332740,0.7600416,-0.1151656},
{0.5958110,0.7972646,-0.1151115,0.5174927,0.7946239,-0.1384043,0.6318830,0.8635982,-0.0721030,0.6758102,0.9126593,-0.0334939,0.7715581,0.9292834,0.0828842,0.5548000,0.7767000,0.4865000,0.6084000,0.6904000,0.3754000,0.6420000,0.5991000,0.3956000,0.6881000,0.5426000,0.3514000,0.7740000,0.4505000,0.5206000,0.5327879,0.7599127,-0.1159074},
{0.5953564,0.7971175,-0.1157875,0.5171528,0.7945254,-0.1388969,0.6311443,0.8632322,-0.0730752,0.6751521,0.9122108,-0.0342910,0.7712463,0.9291127,0.0824370,0.5539000,0.7766000,0.4858000,0.6078000,0.6902000,0.3749000,0.6414000,0.5989000,0.3952000,0.6876000,0.5425000,0.3511000,0.7733000,0.4504000,0.5205000,0.5325825,0.7598582,-0.1162210},
{0.5948918,0.7969672,-0.1164790,0.5166434,0.7943775,-0.1396359,0.6308495,0.8630861,-0.0734635,0.6749823,0.9120951,-0.0344969,0.7708052,0.9288711,0.0818041,0.5532000,0.7765000,0.4852000,0.6071000,0.6900000,0.3743000,0.6408000,0.5987000,0.3948000,0.6872000,0.5423000,0.3508000,0.7726000,0.4503000,0.5204000,0.5319386,0.7596874,-0.1172050},
{0.5946860,0.7969005,-0.1167855,0.5164558,0.7943231,-0.1399082,0.6305379,0.8629316,-0.0738742,0.6743426,0.9116588,-0.0352730,0.7704633,0.9286838,0.0813130,0.5524000,0.7764000,0.4846000,0.6065000,0.6898000,0.3737000,0.6403000,0.5985000,0.3944000,0.6867000,0.5421000,0.3505000,0.7719000,0.4502000,0.5203000,0.5317576,0.7596393,-0.1174818},
{0.5941612,0.7967306,-0.1175675,0.5160009,0.7941909,-0.1405689,0.6302339,0.8627809,-0.0742751,0.6739619,0.9113990,-0.0357354,0.7701098,0.9284901,0.0808047,0.5518000,0.7763000,0.4841000,0.6060000,0.6896000,0.3733000,0.6397000,0.5984000,0.3940000,0.6863000,0.5419000,0.3502000,0.7711000,0.4501000,0.5201000,0.5313728,0.7595371,-0.1180706},
{0.5941612,0.7967306,-0.1175675,0.5151938,0.7939564,-0.1417424,0.6300115,0.8626706,-0.0745685,0.6738981,0.9113555,-0.0358129,0.7698721,0.9283598,0.0804629,0.5511000,0.7762000,0.4837000,0.6054000,0.6895000,0.3728000,0.6391000,0.5983000,0.3935000,0.6858000,0.5419000,0.3498000,0.7704000,0.4499000,0.5199000,0.5313728,0.7595371,-0.1180706},
{0.5940158,0.7966835,-0.1177843,0.5151938,0.7939564,-0.1417424,0.6297455,0.8625386,-0.0749196,0.6737616,0.9112623,-0.0359789,0.7697426,0.9282889,0.0802765,0.5505000,0.7761000,0.4832000,0.6049000,0.6894000,0.3724000,0.6386000,0.5982000,0.3931000,0.6854000,0.5418000,0.3495000,0.7697000,0.4498000,0.5197000,0.5310555,0.7594529,-0.1185565},
{0.5937660,0.7966026,-0.1181568,0.5150798,0.7939232,-0.1419081,0.6294306,0.8623823,-0.0753354,0.6734993,0.9110832,-0.0362979,0.7693287,0.9280619,0.0796806,0.5499000,0.7760000,0.4828000,0.6045000,0.6893000,0.3721000,0.6381000,0.5981000,0.3927000,0.6850000,0.5417000,0.3492000,0.7690000,0.4497000,0.5195000,0.5306400,0.7593424,-0.1191929},
{0.5937660,0.7966026,-0.1181568,0.5150798,0.7939232,-0.1419081,0.6294379,0.8623859,-0.0753258,0.6734130,0.9110243,-0.0364029,0.7692108,0.9279972,0.0795106,0.5495000,0.7759000,0.4824000,0.6042000,0.6892000,0.3717000,0.6376000,0.5980000,0.3924000,0.6846000,0.5416000,0.3489000,0.7683000,0.4495000,0.5194000,0.5306290,0.7593395,-0.1192099},
{0.5937393,0.7965939,-0.1181966,0.5146479,0.7937976,-0.1425369,0.6294379,0.8623859,-0.0753258,0.6731312,0.9108318,-0.0367458,0.7691641,0.9279716,0.0794434,0.5491000,0.7758000,0.4820000,0.6039000,0.6892000,0.3713000,0.6372000,0.5979000,0.3920000,0.6844000,0.5415000,0.3486000,0.7677000,0.4494000,0.5192000,0.5306290,0.7593395,-0.1192099},
{0.5934021,0.7964846,-0.1186998,0.5143495,0.7937108,-0.1429716,0.6292136,0.8622746,-0.0756221,0.6730829,0.9107989,-0.0368046,0.7689446,0.9278512,0.0791269,0.5488000,0.7759000,0.4817000,0.6036000,0.6892000,0.3709000,0.6369000,0.5978000,0.3918000,0.6841000,0.5415000,0.3483000,0.7671000,0.4492000,0.5189000,0.5305150,0.7593092,-0.1193846},
{0.5933550,0.7964694,-0.1187700,0.5143495,0.7937108,-0.1429716,0.6292136,0.8622746,-0.0756221,0.6727351,0.9105612,-0.0372283,0.7688843,0.9278181,0.0790399,0.5485000,0.7759000,0.4814000,0.6034000,0.6893000,0.3706000,0.6366000,0.5978000,0.3915000,0.6838000,0.5415000,0.3481000,0.7666000,0.4490000,0.5188000,0.5304157,0.7592828,-0.1195368},
{0.5933550,0.7964694,-0.1187700,0.5142404,0.7936790,-0.1431305,0.6289745,0.8621559,-0.0759381,0.6727351,0.9105612,-0.0372283,0.7688843,0.9278181,0.0790399,0.5483000,0.7759000,0.4812000,0.6032000,0.6893000,0.3704000,0.6364000,0.5977000,0.3912000,0.6836000,0.5414000,0.3479000,0.7661000,0.4489000,0.5186000,0.5301939,0.7592239,-0.1198768},
{0.5932660,0.7964405,-0.1189030,0.5140628,0.7936273,-0.1433894,0.6289852,0.8621612,-0.0759239,0.6727351,0.9105612,-0.0372283,0.7686819,0.9277070,0.0787480,0.5481000,0.7759000,0.4810000,0.6031000,0.6893000,0.3702000,0.6361000,0.5977000,0.3909000,0.6833000,0.5414000,0.3476000,0.7657000,0.4487000,0.5184000,0.5300258,0.7591791,-0.1201348},
{0.5932660,0.7964405,-0.1189030,0.5140628,0.7936273,-0.1433894,0.6289869,0.8621621,-0.0759217,0.6728702,0.9106535,-0.0370637,0.7686819,0.9277070,0.0787480,0.5479000,0.7759000,0.4808000,0.6029000,0.6893000,0.3699000,0.6360000,0.5977000,0.3907000,0.6832000,0.5414000,0.3474000,0.7653000,0.4486000,0.5183000,0.5300258,0.7591791,-0.1201348},
{0.5932660,0.7964405,-0.1189030,0.5140628,0.7936273,-0.1433894,0.6289869,0.8621621,-0.0759217,0.6728702,0.9106535,-0.0370637,0.7686608,0.9276954,0.0787176,0.5478000,0.7759000,0.4806000,0.6028000,0.6893000,0.3697000,0.6357000,0.5977000,0.3905000,0.6830000,0.5414000,0.3472000,0.7650000,0.4485000,0.5181000,0.5300258,0.7591791,-0.1201348},
{0.5932660,0.7964405,-0.1189030,0.5140628,0.7936273,-0.1433894,0.6290189,0.8621780,-0.0758794,0.6730046,0.9107453,-0.0369000,0.7686608,0.9276954,0.0787176,0.5476000,0.7759000,0.4804000,0.6027000,0.6894000,0.3695000,0.6356000,0.5977000,0.3902000,0.6829000,0.5414000,0.3470000,0.7646000,0.4484000,0.5179000,0.5300258,0.7591791,-0.1201348},
{0.5932660,0.7964405,-0.1189030,0.5140628,0.7936273,-0.1433894,0.6290189,0.8621780,-0.0758794,0.6730988,0.9108097,-0.0367853,0.7686608,0.9276954,0.0787176,0.5475000,0.7759000,0.4803000,0.6026000,0.6894000,0.3694000,0.6354000,0.5978000,0.3900000,0.6828000,0.5414000,0.3468000,0.7644000,0.4483000,0.5177000,0.5300258,0.7591791,-0.1201348},
{0.5932660,0.7964405,-0.1189030,0.5140670,0.7936286,-0.1433833,0.6290189,0.8621780,-0.0758794,0.6731684,0.9108572,-0.0367006,0.7687619,0.9277509,0.0788634,0.5475000,0.7760000,0.4802000,0.6026000,0.6894000,0.3692000,0.6353000,0.5977000,0.3899000,0.6828000,0.5415000,0.3466000,0.7642000,0.4482000,0.5176000,0.5300258,0.7591791,-0.1201348},
{0.5933914,0.7964812,-0.1187157,0.5140670,0.7936286,-0.1433833,0.6292463,0.8622909,-0.0755789,0.6732415,0.9109072,-0.0366115,0.7688046,0.9277744,0.0789251,0.5476000,0.7760000,0.4801000,0.6026000,0.6894000,0.3692000,0.6353000,0.5977000,0.3898000,0.6828000,0.5415000,0.3465000,0.7641000,0.4481000,0.5174000,0.5300347,0.7591815,-0.1201210},
{0.5933914,0.7964812,-0.1187157,0.5140670,0.7936286,-0.1433833,0.6293362,0.8623355,-0.0754601,0.6733387,0.9109735,-0.0364933,0.7688046,0.9277744,0.0789251,0.5476000,0.7761000,0.4801000,0.6026000,0.6894000,0.3691000,0.6354000,0.5978000,0.3897000,0.6829000,0.5415000,0.3464000,0.7640000,0.4481000,0.5173000,0.5301012,0.7591992,-0.1200191},
{0.5936943,0.7965793,-0.1182638,0.5140902,0.7936353,-0.1433494,0.6297465,0.8625391,-0.0749182,0.6735393,0.9111105,-0.0362492,0.7689398,0.9278486,0.0791201,0.5477000,0.7761000,0.4801000,0.6027000,0.6894000,0.3691000,0.6355000,0.5978000,0.3897000,0.6829000,0.5416000,0.3463000,0.7640000,0.4480000,0.5172000,0.5301012,0.7591992,-0.1200191},
{0.5938019,0.7966142,-0.1181033,0.5140902,0.7936353,-0.1433494,0.6297465,0.8625391,-0.0749182,0.6737074,0.9112253,-0.0360448,0.7691399,0.9279583,0.0794085,0.5479000,0.7762000,0.4801000,0.6029000,0.6895000,0.3691000,0.6356000,0.5978000,0.3896000,0.6830000,0.5416000,0.3463000,0.7641000,0.4479000,0.5172000,0.5301012,0.7591992,-0.1200191},
{0.5938019,0.7966142,-0.1181033,0.5141143,0.7936423,-0.1433143,0.6298557,0.8625932,-0.0747742,0.6737764,0.9112724,-0.0359609,0.7691516,0.9279647,0.0794253,0.5480000,0.7762000,0.4801000,0.6030000,0.6896000,0.3691000,0.6357000,0.5978000,0.3897000,0.6831000,0.5416000,0.3463000,0.7642000,0.4479000,0.5172000,0.5303482,0.7592649,-0.1196403},
{0.5940393,0.7966911,-0.1177492,0.5141143,0.7936423,-0.1433143,0.6302534,0.8627906,-0.0742494,0.6740819,0.9114809,-0.0355896,0.7695017,0.9281567,0.0799296,0.5482000,0.7762000,0.4802000,0.6032000,0.6896000,0.3691000,0.6359000,0.5979000,0.3897000,0.6832000,0.5416000,0.3463000,0.7643000,0.4479000,0.5172000,0.5303482,0.7592649,-0.1196403},
{0.5940921,0.7967082,-0.1176705,0.5142250,0.7936746,-0.1431529,0.6302534,0.8627906,-0.0742494,0.6742688,0.9116084,-0.0353627,0.7695018,0.9281568,0.0799298,0.5485000,0.7762000,0.4802000,0.6034000,0.6896000,0.3692000,0.6361000,0.5979000,0.3897000,0.6834000,0.5417000,0.3464000,0.7645000,0.4478000,0.5171000,0.5304661,0.7592962,-0.1194594},
{0.5943157,0.7967806,-0.1173371,0.5142250,0.7936746,-0.1431529,0.6304418,0.8628840,-0.0740009,0.6744523,0.9117336,-0.0351398,0.7698362,0.9283401,0.0804111,0.5487000,0.7763000,0.4803000,0.6036000,0.6897000,0.3692000,0.6362000,0.5979000,0.3897000,0.6836000,0.5417000,0.3464000,0.7647000,0.4478000,0.5171000,0.5304661,0.7592962,-0.1194594},
{0.5943163,0.7967808,-0.1173363,0.5143652,0.7937154,-0.1429487,0.6306524,0.8629884,-0.0737233,0.6747728,0.9119523,-0.0347509,0.7698362,0.9283401,0.0804111,0.5489000,0.7763000,0.4804000,0.6039000,0.6897000,0.3693000,0.6365000,0.5980000,0.3898000,0.6838000,0.5417000,0.3465000,0.7650000,0.4478000,0.5172000,0.5305568,0.7593203,-0.1193205},
{0.5948128,0.7969416,-0.1165967,0.5143652,0.7937154,-0.1429487,0.6309611,0.8631414,-0.0733165,0.6749075,0.9120441,-0.0345875,0.7698691,0.9283582,0.0804585,0.5493000,0.7762000,0.4805000,0.6042000,0.6897000,0.3694000,0.6368000,0.5980000,0.3899000,0.6841000,0.5417000,0.3466000,0.7654000,0.4478000,0.5172000,0.5305568,0.7593203,-0.1193205},
{0.5950957,0.7970331,-0.1161756,0.5144487,0.7937397,-0.1428270,0.6315118,0.8634143,-0.0725913,0.6752573,0.9122826,-0.0341635,0.7702331,0.9285577,0.0809821,0.5496000,0.7762000,0.4806000,0.6045000,0.6897000,0.3696000,0.6371000,0.5980000,0.3900000,0.6843000,0.5417000,0.3467000,0.7658000,0.4478000,0.5173000,0.5309527,0.7594256,-0.1187138},
{0.5954518,0.7971484,-0.1156457,0.5146983,0.7938123,-0.1424636,0.6316581,0.8634868,-0.0723988,0.6755805,0.9125028,-0.0337720,0.7704810,0.9286935,0.0813384,0.5501000,0.7763000,0.4808000,0.6048000,0.6897000,0.3698000,0.6374000,0.5980000,0.3902000,0.6847000,0.5417000,0.3468000,0.7662000,0.4479000,0.5173000,0.5309527,0.7594256,-0.1187138}
};
