fitErrPi Mean = 0.318282
fitErrTh Mean = 0.11816
fitErrWr Mean = 0.0325803
fitErrLA Mean = 0.0340013
fitErrEl Mean = 0.0435152
fitErrUA Mean = 0.0422527
efPts = {
{0.0733393,0.7384940,0.0863199,0.2588614,0.8342129,0.2069898,0.2100239,0.7720517,0.2317227,0.4335382,0.9065677,0.2721515,0.5527073,0.9119228,0.3492664,0.5737000,0.8459000,0.4485000,0.5736000,0.6789000,0.3383000,0.6387000,0.6091000,0.2602000,0.6315000,0.5679000,0.3757000,0.7039000,0.5044000,0.5298000,0.3182823,0.0000000,0.0000000},
{0.2451111,0.7794391,0.1421335,0.2573870,0.8325811,0.2048772,0.3500441,0.8468440,0.2319547,0.5237308,1.0168146,0.2295754,0.5484543,0.9113486,0.3476082,0.5723000,0.8447000,0.4488000,0.5725000,0.6781000,0.3382000,0.6380000,0.6089000,0.2600000,0.6308000,0.5676000,0.3758000,0.7032000,0.5045000,0.5297000,0.3182823,0.0000000,0.0000000},
{0.2403958,0.7819500,0.1438996,0.2558679,0.8308750,0.2026743,0.3459568,0.8487874,0.2317018,0.5237410,1.0154526,0.2304235,0.5445272,0.9109126,0.3460002,0.5709000,0.8435000,0.4492000,0.5713000,0.6773000,0.3381000,0.6373000,0.6086000,0.2597000,0.6299000,0.5673000,0.3757000,0.7026000,0.5045000,0.5296000,0.3182823,0.0000000,0.0000000},
{0.2357921,0.7843253,0.1455549,0.2543566,0.8291524,0.2004558,0.3420084,0.8506018,0.2314613,0.5237255,1.0131657,0.2318381,0.5407411,0.9105716,0.3443854,0.5694000,0.8423000,0.4495000,0.5702000,0.6765000,0.3380000,0.6367000,0.6084000,0.2596000,0.6294000,0.5672000,0.3751000,0.7020000,0.5045000,0.5296000,0.3182823,0.0000000,0.0000000},
{0.2312016,0.7866230,0.1471412,0.2528576,0.8274181,0.1982281,0.3380762,0.8523497,0.2312252,0.5236645,1.0106771,0.2333649,0.5371614,0.9103164,0.3428036,0.5681000,0.8411000,0.4498000,0.5691000,0.6756000,0.3379000,0.6360000,0.6082000,0.2595000,0.6289000,0.5670000,0.3749000,0.7013000,0.5046000,0.5296000,0.3182823,0.0000000,0.0000000},
{0.2265673,0.7888744,0.1486807,0.2512979,0.8255861,0.1958811,0.3340526,0.8540794,0.2309872,0.4614793,1.0129498,0.2141413,0.5337780,0.9101325,0.3412619,0.5667000,0.8399000,0.4501000,0.5680000,0.6748000,0.3378000,0.6352000,0.6079000,0.2593000,0.6284000,0.5669000,0.3748000,0.7008000,0.5045000,0.5295000,0.3182823,0.0000000,0.0000000},
{0.2219917,0.7910332,0.1501426,0.2497927,0.8237909,0.1935871,0.3300924,0.8557257,0.2307563,0.4587848,1.0077798,0.2165776,0.5305215,0.9100060,0.3397368,0.5654000,0.8387000,0.4503000,0.5668000,0.6740000,0.3377000,0.6345000,0.6076000,0.2591000,0.6279000,0.5667000,0.3746000,0.7003000,0.5046000,0.5293000,0.3182823,0.0000000,0.0000000},
{0.2174406,0.7931198,0.1515416,0.2482605,0.8219351,0.1912220,0.3262624,0.8572666,0.2305360,0.4568780,1.0038974,0.2184406,0.5274963,0.9099315,0.3382851,0.5641000,0.8375000,0.4505000,0.5657000,0.6732000,0.3377000,0.6337000,0.6074000,0.2589000,0.6274000,0.5666000,0.3743000,0.6998000,0.5047000,0.5292000,0.3182823,0.0000000,0.0000000},
{0.2129076,0.7951402,0.1528825,0.2466905,0.8200034,0.1887666,0.3224519,0.8587510,0.2303198,0.4549733,0.9998180,0.2204264,0.5246345,0.9098981,0.3368814,0.5628000,0.8365000,0.4507000,0.5646000,0.6724000,0.3376000,0.6329000,0.6070000,0.2587000,0.6269000,0.5664000,0.3742000,0.6992000,0.5047000,0.5293000,0.3182823,0.0000000,0.0000000},
{0.2084791,0.7970601,0.1541435,0.2451356,0.8180594,0.1863019,0.3186012,0.8602028,0.2301041,0.4532265,0.9958847,0.2223668,0.5218888,0.9098994,0.3355075,0.5616000,0.8354000,0.4508000,0.5634000,0.6716000,0.3376000,0.6319000,0.6068000,0.2586000,0.6264000,0.5662000,0.3740000,0.6987000,0.5048000,0.5292000,0.3182823,0.0000000,0.0000000},
{0.2042449,0.7988472,0.1553052,0.2436736,0.8162026,0.1839539,0.3148774,0.8615617,0.2298983,0.4516079,0.9920607,0.2242761,0.5192948,0.9099302,0.3341854,0.5604000,0.8344000,0.4509000,0.5622000,0.6708000,0.3376000,0.6310000,0.6065000,0.2583000,0.6259000,0.5661000,0.3738000,0.6982000,0.5048000,0.5292000,0.3182823,0.0000000,0.0000000},
{0.2000195,0.8005846,0.1564228,0.2422964,0.8144274,0.1817143,0.3111991,0.8628613,0.2296975,0.4501383,0.9884242,0.2261117,0.5168446,0.9099853,0.3329153,0.5591000,0.8333000,0.4510000,0.5609000,0.6699000,0.3376000,0.6299000,0.6061000,0.2581000,0.6254000,0.5659000,0.3736000,0.6976000,0.5050000,0.5291000,0.3182823,0.0000000,0.0000000},
{0.1959745,0.8022057,0.1574543,0.2409267,0.8126357,0.1794592,0.3076331,0.8640813,0.2295052,0.4488059,0.9849788,0.2278680,0.5145674,0.9100591,0.3317165,0.5579000,0.8323000,0.4511000,0.5596000,0.6691000,0.3376000,0.6290000,0.6057000,0.2580000,0.6249000,0.5657000,0.3734000,0.6972000,0.5050000,0.5290000,0.3182823,0.0000000,0.0000000},
{0.1921079,0.8037175,0.1584061,0.2396596,0.8109546,0.1773479,0.3042109,0.8652157,0.2293229,0.4475871,0.9816905,0.2295594,0.5123042,0.9101539,0.3305077,0.5566000,0.8312000,0.4511000,0.5584000,0.6683000,0.3376000,0.6280000,0.6053000,0.2577000,0.6244000,0.5654000,0.3733000,0.6967000,0.5051000,0.5291000,0.3182823,0.0000000,0.0000000},
{0.1884156,0.8051271,0.1592841,0.2384247,0.8092938,0.1752666,0.3009934,0.8662502,0.2291533,0.4464495,0.9784906,0.2312192,0.5101652,0.9102631,0.3293491,0.5553000,0.8302000,0.4511000,0.5573000,0.6675000,0.3375000,0.6272000,0.6048000,0.2575000,0.6240000,0.5652000,0.3731000,0.6963000,0.5052000,0.5290000,0.3182823,0.0000000,0.0000000},
{0.1849178,0.8064323,0.1600885,0.2372804,0.8077345,0.1733163,0.2979278,0.8672071,0.2289935,0.4454196,0.9754736,0.2327963,0.5081664,0.9103824,0.3282524,0.5540000,0.8293000,0.4510000,0.5561000,0.6667000,0.3375000,0.6263000,0.6042000,0.2573000,0.6236000,0.5650000,0.3729000,0.6958000,0.5053000,0.5291000,0.3182823,0.0000000,0.0000000},
{0.1815108,0.8076758,0.1608467,0.2361435,0.8061653,0.1713575,0.2950202,0.8680891,0.2288435,0.4444880,0.9726351,0.2342908,0.5062887,0.9105097,0.3272098,0.5527000,0.8284000,0.4508000,0.5552000,0.6659000,0.3375000,0.6256000,0.6038000,0.2571000,0.6231000,0.5647000,0.3728000,0.6953000,0.5053000,0.5291000,0.3182823,0.0000000,0.0000000},
{0.1782412,0.8088434,0.1615510,0.2351347,0.8047561,0.1696015,0.2923675,0.8688720,0.2287079,0.4436424,0.9699592,0.2357091,0.5044635,0.9106475,0.3261848,0.5514000,0.8275000,0.4506000,0.5543000,0.6651000,0.3373000,0.6250000,0.6033000,0.2569000,0.6227000,0.5644000,0.3725000,0.6949000,0.5054000,0.5290000,0.3182823,0.0000000,0.0000000},
{0.1751985,0.8099075,0.1621861,0.2341587,0.8033769,0.1678859,0.2897264,0.8696310,0.2285741,0.4428772,0.9674468,0.2370490,0.5027549,0.9107893,0.3252149,0.5501000,0.8265000,0.4504000,0.5534000,0.6644000,0.3370000,0.6245000,0.6029000,0.2566000,0.6223000,0.5641000,0.3723000,0.6946000,0.5054000,0.5285000,0.3182823,0.0000000,0.0000000},
{0.1721772,0.8109429,0.1627974,0.2332787,0.8021199,0.1663247,0.2872591,0.8703217,0.2284502,0.4421923,0.9651169,0.2382986,0.5011973,0.9109293,0.3243219,0.5488000,0.8256000,0.4501000,0.5526000,0.6636000,0.3368000,0.6240000,0.6024000,0.2564000,0.6219000,0.5637000,0.3721000,0.6941000,0.5055000,0.5284000,0.3182823,0.0000000,0.0000000},
{0.1694855,0.8118475,0.1633259,0.2324958,0.8009906,0.1649241,0.2849321,0.8709569,0.2283343,0.4416091,0.9630660,0.2394041,0.4996463,0.9110790,0.3234243,0.5476000,0.8248000,0.4497000,0.5517000,0.6629000,0.3365000,0.6235000,0.6020000,0.2561000,0.6214000,0.5635000,0.3719000,0.6935000,0.5056000,0.5287000,0.3182823,0.0000000,0.0000000},
{0.1668623,0.8127131,0.1638263,0.2317590,0.7999183,0.1635960,0.2827318,0.8715430,0.2282256,0.4410833,0.9611596,0.2404366,0.4982351,0.9112243,0.3226003,0.5463000,0.8240000,0.4493000,0.5510000,0.6623000,0.3361000,0.6231000,0.6017000,0.2559000,0.6210000,0.5632000,0.3717000,0.6930000,0.5057000,0.5285000,0.3182823,0.0000000,0.0000000},
{0.1644269,0.8135025,0.1642781,0.2310637,0.7988975,0.1623331,0.2806472,0.8720853,0.2281234,0.4406421,0.9595137,0.2413315,0.4969188,0.9113675,0.3218253,0.5451000,0.8233000,0.4489000,0.5502000,0.6617000,0.3358000,0.6227000,0.6014000,0.2556000,0.6205000,0.5630000,0.3714000,0.6925000,0.5058000,0.5285000,0.3182823,0.0000000,0.0000000},
{0.1621321,0.8142339,0.1646925,0.2304230,0.7979493,0.1611615,0.2788525,0.8725421,0.2280360,0.4402243,0.9579123,0.2422056,0.4956505,0.9115127,0.3210727,0.5439000,0.8227000,0.4485000,0.5495000,0.6610000,0.3354000,0.6223000,0.6011000,0.2553000,0.6200000,0.5627000,0.3711000,0.6919000,0.5059000,0.5284000,0.3182823,0.0000000,0.0000000},
{0.1600154,0.8148978,0.1650650,0.2297850,0.7969976,0.1599868,0.2769506,0.8730160,0.2279440,0.4398456,0.9564227,0.2430214,0.4944821,0.9116527,0.3203743,0.5428000,0.8221000,0.4481000,0.5488000,0.6605000,0.3350000,0.6219000,0.6009000,0.2550000,0.6196000,0.5625000,0.3708000,0.6914000,0.5060000,0.5283000,0.3182823,0.0000000,0.0000000},
{0.1580994,0.8154899,0.1653942,0.2291968,0.7961135,0.1588967,0.2751895,0.8734453,0.2278594,0.4394833,0.9549601,0.2438253,0.4933064,0.9117998,0.3196666,0.5417000,0.8216000,0.4477000,0.5479000,0.6601000,0.3347000,0.6215000,0.6006000,0.2547000,0.6190000,0.5623000,0.3705000,0.6910000,0.5060000,0.5278000,0.3182823,0.0000000,0.0000000},
{0.1562082,0.8160661,0.1657115,0.2285509,0.7951352,0.1576918,0.2735207,0.8738439,0.2277797,0.4391198,0.9534527,0.2446565,0.4922100,0.9119425,0.3190019,0.5406000,0.8210000,0.4472000,0.5472000,0.6596000,0.3343000,0.6211000,0.6003000,0.2545000,0.6186000,0.5622000,0.3703000,0.6905000,0.5061000,0.5277000,0.3182823,0.0000000,0.0000000},
{0.1544738,0.8165873,0.1659960,0.2279854,0.7942720,0.1566298,0.2718231,0.8742410,0.2276991,0.4387958,0.9520727,0.2454200,0.4910969,0.9120931,0.3183227,0.5396000,0.8206000,0.4468000,0.5465000,0.6591000,0.3339000,0.6207000,0.6001000,0.2542000,0.6180000,0.5620000,0.3700000,0.6899000,0.5062000,0.5276000,0.3182823,0.0000000,0.0000000},
{0.1528242,0.8170765,0.1662608,0.2274000,0.7933718,0.1555233,0.2702057,0.8746114,0.2276228,0.4384783,0.9506838,0.2461910,0.4900565,0.9122389,0.3176836,0.5387000,0.8200000,0.4464000,0.5459000,0.6587000,0.3335000,0.6203000,0.5999000,0.2538000,0.6176000,0.5618000,0.3697000,0.6894000,0.5063000,0.5275000,0.3182823,0.0000000,0.0000000},
{0.1511543,0.8175654,0.1665230,0.2267991,0.7924408,0.1543802,0.2685499,0.8749827,0.2275452,0.4381834,0.9493589,0.2469287,0.4891067,0.9123764,0.3170965,0.5378000,0.8195000,0.4460000,0.5452000,0.6583000,0.3332000,0.6199000,0.5997000,0.2537000,0.6171000,0.5617000,0.3695000,0.6888000,0.5064000,0.5274000,0.3182823,0.0000000,0.0000000},
{0.1496054,0.8180131,0.1667610,0.2262449,0.7915755,0.1533189,0.2670602,0.8753099,0.2274757,0.4379171,0.9481305,0.2476146,0.4882147,0.9125094,0.3165421,0.5369000,0.8190000,0.4457000,0.5446000,0.6579000,0.3328000,0.6195000,0.5995000,0.2534000,0.6167000,0.5616000,0.3692000,0.6882000,0.5065000,0.5273000,0.3182823,0.0000000,0.0000000},
{0.1481506,0.8184286,0.1669799,0.2256793,0.7906859,0.1522288,0.2656364,0.8756165,0.2274097,0.4376526,0.9468779,0.2483161,0.4873784,0.9126375,0.3160194,0.5361000,0.8185000,0.4454000,0.5441000,0.6576000,0.3325000,0.6191000,0.5993000,0.2531000,0.6163000,0.5614000,0.3690000,0.6876000,0.5067000,0.5272000,0.3182823,0.0000000,0.0000000},
{0.1467086,0.8188355,0.1671926,0.2251416,0.7898339,0.1511858,0.2642135,0.8759169,0.2273441,0.4374093,0.9456949,0.2489806,0.4866112,0.9127580,0.3155376,0.5353000,0.8180000,0.4451000,0.5435000,0.6572000,0.3322000,0.6187000,0.5991000,0.2529000,0.6158000,0.5614000,0.3688000,0.6871000,0.5069000,0.5272000,0.3182823,0.0000000,0.0000000},
{0.1453081,0.8192261,0.1673949,0.2245696,0.7889208,0.1500692,0.2628512,0.8761988,0.2272816,0.4371511,0.9444038,0.2497077,0.4858934,0.9128733,0.3150847,0.5345000,0.8175000,0.4449000,0.5431000,0.6569000,0.3320000,0.6183000,0.5988000,0.2527000,0.6154000,0.5613000,0.3686000,0.6866000,0.5070000,0.5272000,0.3182823,0.0000000,0.0000000},
{0.1440076,0.8195847,0.1675790,0.2239595,0.7879390,0.1488698,0.2615020,0.8764726,0.2272201,0.4369264,0.9432476,0.2503609,0.4852999,0.9129705,0.3147086,0.5338000,0.8171000,0.4447000,0.5426000,0.6567000,0.3318000,0.6180000,0.5985000,0.2525000,0.6150000,0.5612000,0.3684000,0.6861000,0.5072000,0.5272000,0.3182823,0.0000000,0.0000000},
{0.1428062,0.8199125,0.1677459,0.2233843,0.7870056,0.1477308,0.2603034,0.8767113,0.2271657,0.4366906,0.9419976,0.2510690,0.4846527,0.9130785,0.3142970,0.5331000,0.8167000,0.4445000,0.5421000,0.6564000,0.3316000,0.6176000,0.5982000,0.2524000,0.6147000,0.5611000,0.3682000,0.6857000,0.5073000,0.5272000,0.3182823,0.0000000,0.0000000},
{0.1415606,0.8202488,0.1679157,0.2226932,0.7858743,0.1463519,0.2590186,0.8769624,0.2271076,0.4364595,0.9407331,0.2517874,0.4840537,0.9131803,0.3139144,0.5325000,0.8162000,0.4444000,0.5417000,0.6562000,0.3315000,0.6173000,0.5979000,0.2524000,0.6144000,0.5610000,0.3681000,0.6853000,0.5074000,0.5273000,0.3182823,0.0000000,0.0000000},
{0.1403644,0.8205683,0.1680757,0.2219979,0.7847248,0.1449525,0.2578977,0.8771773,0.2270573,0.4362434,0.9395112,0.2524838,0.4836059,0.9132575,0.3136275,0.5320000,0.8159000,0.4444000,0.5413000,0.6560000,0.3315000,0.6170000,0.5977000,0.2522000,0.6141000,0.5609000,0.3680000,0.6847000,0.5076000,0.5276000,0.3182823,0.0000000,0.0000000},
{0.1392100,0.8208734,0.1682272,0.2211800,0.7833577,0.1432907,0.2567803,0.8773878,0.2270073,0.4360297,0.9382607,0.2531985,0.4831863,0.9133309,0.3133579,0.5315000,0.8154000,0.4444000,0.5410000,0.6558000,0.3314000,0.6167000,0.5975000,0.2521000,0.6138000,0.5608000,0.3679000,0.6846000,0.5075000,0.5273000,0.3182823,0.0000000,0.0000000},
{0.1382202,0.8211325,0.1683548,0.2204361,0.7821000,0.1417639,0.2557497,0.8775786,0.2269613,0.4358257,0.9370238,0.2539077,0.4828233,0.9133950,0.3131241,0.5311000,0.8150000,0.4444000,0.5407000,0.6556000,0.3314000,0.6163000,0.5972000,0.2520000,0.6135000,0.5607000,0.3678000,0.6843000,0.5076000,0.5273000,0.3182823,0.0000000,0.0000000},
{0.1372834,0.8213756,0.1684736,0.2195551,0.7805921,0.1399364,0.2546817,0.8777729,0.2269139,0.4356231,0.9357467,0.2546421,0.4824093,0.9134690,0.3128568,0.5307000,0.8146000,0.4445000,0.5404000,0.6555000,0.3315000,0.6161000,0.5970000,0.2519000,0.6133000,0.5606000,0.3677000,0.6840000,0.5076000,0.5273000,0.3182823,0.0000000,0.0000000},
{0.1365196,0.8215722,0.1685691,0.2187186,0.7791414,0.1381810,0.2537032,0.8779478,0.2268707,0.4354459,0.9345856,0.2553118,0.4820705,0.9135302,0.3126375,0.5303000,0.8141000,0.4446000,0.5401000,0.6554000,0.3315000,0.6158000,0.5968000,0.2519000,0.6133000,0.5605000,0.3676000,0.6838000,0.5076000,0.5273000,0.3182823,0.0000000,0.0000000},
{0.1360256,0.8216987,0.1686301,0.2179533,0.7777973,0.1365572,0.2529075,0.8780879,0.2268357,0.4352713,0.9333952,0.2560005,0.4817739,0.9135842,0.3124451,0.5299000,0.8137000,0.4447000,0.5399000,0.6554000,0.3315000,0.6155000,0.5966000,0.2518000,0.6131000,0.5604000,0.3675000,0.6837000,0.5076000,0.5272000,0.3182823,0.0000000,0.0000000},
{0.1356186,0.8218024,0.1686801,0.2173668,0.7767560,0.1353007,0.2522637,0.8781999,0.2268074,0.4351244,0.9323532,0.2566050,0.4815573,0.9136240,0.3123044,0.5296000,0.8132000,0.4449000,0.5398000,0.6553000,0.3315000,0.6152000,0.5964000,0.2517000,0.6129000,0.5603000,0.3674000,0.6835000,0.5076000,0.5272000,0.3182823,0.0000000,0.0000000},
{0.1355482,0.8218203,0.1686887,0.2167388,0.7756300,0.1339438,0.2517420,0.8782896,0.2267846,0.4350027,0.9314588,0.2571252,0.4812804,0.9136752,0.3121242,0.5292000,0.8127000,0.4450000,0.5398000,0.6553000,0.3315000,0.6150000,0.5961000,0.2516000,0.6127000,0.5601000,0.3675000,0.6834000,0.5076000,0.5272000,0.3182823,0.0000000,0.0000000},
{0.1358499,0.8217435,0.1686517,0.2162272,0.7747040,0.1328291,0.2513998,0.8783480,0.2267697,0.4349249,0.9308693,0.2574687,0.4811415,0.9137010,0.3120337,0.5289000,0.8123000,0.4451000,0.5397000,0.6552000,0.3315000,0.6148000,0.5958000,0.2516000,0.6129000,0.5602000,0.3674000,0.6832000,0.5077000,0.5275000,0.3182823,0.0000000,0.0000000},
{0.1364534,0.8215892,0.1685773,0.2158856,0.7740812,0.1320800,0.2513540,0.8783558,0.2267677,0.4348876,0.9305822,0.2576362,0.4810269,0.9137224,0.3119590,0.5286000,0.8120000,0.4452000,0.5397000,0.6551000,0.3315000,0.6147000,0.5957000,0.2516000,0.6125000,0.5600000,0.3674000,0.6832000,0.5077000,0.5275000,0.3182823,0.0000000,0.0000000},
{0.1372608,0.8213814,0.1684764,0.2156217,0.7735975,0.1314985,0.2514062,0.8783469,0.2267699,0.4348509,0.9302964,0.2578030,0.4809606,0.9137348,0.3119157,0.5285000,0.8118000,0.4453000,0.5396000,0.6550000,0.3315000,0.6146000,0.5955000,0.2518000,0.6126000,0.5598000,0.3678000,0.6832000,0.5077000,0.5276000,0.3182823,0.0000000,0.0000000},
{0.1380962,0.8211648,0.1683706,0.2154412,0.7732655,0.1310997,0.2515629,0.8783202,0.2267768,0.4348251,0.9300926,0.2579221,0.4809606,0.9137348,0.3119157,0.5284000,0.8118000,0.4454000,0.5395000,0.6549000,0.3316000,0.6145000,0.5955000,0.2517000,0.6124000,0.5597000,0.3677000,0.6832000,0.5076000,0.5277000,0.3182823,0.0000000,0.0000000},
{0.1386666,0.8210159,0.1682975,0.2153215,0.7730448,0.1308345,0.2518027,0.8782792,0.2267873,0.4348141,0.9300055,0.2579730,0.4809968,0.9137280,0.3119393,0.5283000,0.8118000,0.4454000,0.5394000,0.6548000,0.3317000,0.6146000,0.5954000,0.2517000,0.6124000,0.5595000,0.3678000,0.6834000,0.5074000,0.5276000,0.3182823,0.0000000,0.0000000},
{0.1391641,0.8208854,0.1682331,0.2152351,0.7728850,0.1306427,0.2520021,0.8782450,0.2267960,0.4348006,0.9298979,0.2580359,0.4810169,0.9137242,0.3119524,0.5283000,0.8119000,0.4454000,0.5393000,0.6548000,0.3318000,0.6146000,0.5954000,0.2519000,0.6123000,0.5594000,0.3679000,0.6835000,0.5073000,0.5276000,0.3182823,0.0000000,0.0000000},
{0.1394537,0.8208092,0.1681954,0.2151604,0.7727469,0.1304768,0.2522469,0.8782028,0.2268067,0.4347964,0.9298647,0.2580553,0.4811600,0.9136976,0.3120457,0.5284000,0.8119000,0.4455000,0.5393000,0.6547000,0.3319000,0.6147000,0.5954000,0.2520000,0.6124000,0.5594000,0.3681000,0.6836000,0.5072000,0.5276000,0.3182823,0.0000000,0.0000000},
{0.1395926,0.8207726,0.1681773,0.2150506,0.7725434,0.1302326,0.2524451,0.8781685,0.2268154,0.4347956,0.9298588,0.2580588,0.4812528,0.9136803,0.3121062,0.5286000,0.8119000,0.4456000,0.5393000,0.6547000,0.3320000,0.6148000,0.5955000,0.2521000,0.6124000,0.5593000,0.3682000,0.6838000,0.5072000,0.5277000,0.3182823,0.0000000,0.0000000},
{0.1397524,0.8207304,0.1681564,0.2150261,0.7724979,0.1301779,0.2526420,0.8781342,0.2268240,0.4347995,0.9298895,0.2580408,0.4814048,0.9136521,0.3122052,0.5289000,0.8120000,0.4457000,0.5395000,0.6548000,0.3321000,0.6149000,0.5955000,0.2522000,0.6125000,0.5593000,0.3683000,0.6840000,0.5071000,0.5277000,0.3182823,0.0000000,0.0000000},
{0.1398591,0.8207022,0.1681424,0.2150261,0.7724979,0.1301779,0.2528274,0.8781019,0.2268322,0.4348027,0.9299154,0.2580257,0.4816810,0.9136012,0.3123848,0.5292000,0.8120000,0.4458000,0.5397000,0.6548000,0.3322000,0.6150000,0.5955000,0.2523000,0.6128000,0.5593000,0.3684000,0.6841000,0.5072000,0.5281000,0.3182823,0.0000000,0.0000000},
{0.1398992,0.8206916,0.1681371,0.2150050,0.7724588,0.1301311,0.2530127,0.8780695,0.2268403,0.4348040,0.9299252,0.2580199,0.4819083,0.9135597,0.3125323,0.5295000,0.8121000,0.4460000,0.5400000,0.6548000,0.3325000,0.6151000,0.5955000,0.2524000,0.6130000,0.5593000,0.3685000,0.6843000,0.5072000,0.5281000,0.3182823,0.0000000,0.0000000},
{0.1400403,0.8206542,0.1681185,0.2150510,0.7725442,0.1302335,0.2532963,0.8780197,0.2268528,0.4347938,0.9298437,0.2580676,0.4821483,0.9135161,0.3126879,0.5300000,0.8121000,0.4463000,0.5402000,0.6549000,0.3327000,0.6152000,0.5955000,0.2526000,0.6132000,0.5593000,0.3687000,0.6847000,0.5071000,0.5281000,0.3182823,0.0000000,0.0000000},
{0.1401433,0.8206270,0.1681049,0.2151226,0.7726769,0.1303928,0.2535870,0.8779684,0.2268656,0.4347888,0.9298043,0.2580906,0.4824539,0.9134610,0.3128856,0.5304000,0.8122000,0.4465000,0.5405000,0.6549000,0.3329000,0.6154000,0.5955000,0.2527000,0.6134000,0.5593000,0.3689000,0.6850000,0.5070000,0.5282000,0.3182823,0.0000000,0.0000000},
{0.1401233,0.8206322,0.1681076,0.2152253,0.7728670,0.1306210,0.2538779,0.8779168,0.2268784,0.4347812,0.9297430,0.2581264,0.4827399,0.9134098,0.3130703,0.5309000,0.8122000,0.4467000,0.5407000,0.6550000,0.3330000,0.6156000,0.5955000,0.2528000,0.6137000,0.5593000,0.3690000,0.6855000,0.5070000,0.5282000,0.3182823,0.0000000,0.0000000},
{0.1400802,0.8206437,0.1681133,0.2153709,0.7731359,0.1309440,0.2541350,0.8778710,0.2268898,0.4347813,0.9297441,0.2581258,0.4831056,0.9133451,0.3133060,0.5314000,0.8122000,0.4468000,0.5411000,0.6550000,0.3332000,0.6158000,0.5955000,0.2529000,0.6141000,0.5594000,0.3692000,0.6860000,0.5069000,0.5280000,0.3182823,0.0000000,0.0000000},
{0.1401184,0.8206335,0.1681082,0.2154869,0.7733497,0.1312008,0.2545019,0.8778053,0.2269060,0.4347855,0.9297776,0.2581062,0.4834672,0.9132817,0.3135385,0.5319000,0.8123000,0.4470000,0.5415000,0.6550000,0.3334000,0.6161000,0.5955000,0.2529000,0.6145000,0.5594000,0.3693000,0.6864000,0.5069000,0.5280000,0.3182823,0.0000000,0.0000000},
{0.1402256,0.8206051,0.1680941,0.2156686,0.7736836,0.1316021,0.2548375,0.8777448,0.2269208,0.4347855,0.9297776,0.2581062,0.4838514,0.9132151,0.3137849,0.5325000,0.8124000,0.4472000,0.5419000,0.6551000,0.3336000,0.6163000,0.5955000,0.2530000,0.6148000,0.5594000,0.3695000,0.6868000,0.5069000,0.5284000,0.3182823,0.0000000,0.0000000},
{0.1403056,0.8205839,0.1680835,0.2158964,0.7741008,0.1321036,0.2552857,0.8776634,0.2269407,0.4347983,0.9298799,0.2580464,0.4842367,0.9131490,0.3140315,0.5331000,0.8125000,0.4474000,0.5423000,0.6552000,0.3338000,0.6166000,0.5955000,0.2531000,0.6153000,0.5595000,0.3696000,0.6873000,0.5070000,0.5284000,0.3182823,0.0000000,0.0000000},
{0.1404926,0.8205342,0.1680587,0.2161403,0.7745458,0.1326388,0.2558271,0.8775644,0.2269648,0.4348049,0.9299322,0.2580158,0.4846266,0.9130829,0.3142803,0.5337000,0.8126000,0.4477000,0.5428000,0.6552000,0.3340000,0.6169000,0.5954000,0.2533000,0.6158000,0.5594000,0.3697000,0.6880000,0.5069000,0.5285000,0.3182823,0.0000000,0.0000000},
{0.1408656,0.8204348,0.1680091,0.2163977,0.7750135,0.1332015,0.2563535,0.8774672,0.2269882,0.4348143,0.9300073,0.2579719,0.4850904,0.9130052,0.3145755,0.5344000,0.8127000,0.4479000,0.5432000,0.6553000,0.3343000,0.6173000,0.5954000,0.2534000,0.6163000,0.5595000,0.3700000,0.6887000,0.5069000,0.5283000,0.3182823,0.0000000,0.0000000},
{0.1412171,0.8203409,0.1679620,0.2166475,0.7754653,0.1337454,0.2570827,0.8773312,0.2270208,0.4348374,0.9301896,0.2578654,0.4856017,0.9129208,0.3149000,0.5351000,0.8127000,0.4482000,0.5437000,0.6554000,0.3345000,0.6177000,0.5955000,0.2535000,0.6169000,0.5596000,0.3701000,0.6893000,0.5069000,0.5286000,0.3182823,0.0000000,0.0000000},
{0.1416710,0.8202191,0.1679008,0.2169303,0.7759747,0.1343589,0.2577973,0.8771964,0.2270528,0.4348556,0.9303330,0.2577817,0.4861051,0.9128390,0.3152185,0.5358000,0.8129000,0.4485000,0.5443000,0.6555000,0.3348000,0.6181000,0.5955000,0.2537000,0.6174000,0.5595000,0.3703000,0.6901000,0.5068000,0.5287000,0.3182823,0.0000000,0.0000000},
{0.1423005,0.8200495,0.1678153,0.2172930,0.7766243,0.1351420,0.2586725,0.8770291,0.2270921,0.4348744,0.9304794,0.2576962,0.4866731,0.9127481,0.3155766,0.5365000,0.8130000,0.4489000,0.5448000,0.6556000,0.3352000,0.6185000,0.5955000,0.2539000,0.6180000,0.5596000,0.3706000,0.6909000,0.5068000,0.5285000,0.3182823,0.0000000,0.0000000},
{0.1429149,0.8198830,0.1677310,0.2176024,0.7771756,0.1358068,0.2595768,0.8768539,0.2271328,0.4349109,0.9307624,0.2575310,0.4872891,0.9126514,0.3159635,0.5373000,0.8131000,0.4493000,0.5454000,0.6557000,0.3355000,0.6189000,0.5955000,0.2541000,0.6186000,0.5595000,0.3709000,0.6917000,0.5068000,0.5287000,0.3182823,0.0000000,0.0000000},
{0.1437009,0.8196687,0.1676219,0.2179731,0.7778323,0.1365993,0.2606317,0.8766464,0.2271805,0.4349481,0.9310464,0.2573654,0.4879603,0.9125480,0.3163833,0.5382000,0.8132000,0.4498000,0.5461000,0.6558000,0.3360000,0.6194000,0.5956000,0.2542000,0.6193000,0.5596000,0.3711000,0.6926000,0.5067000,0.5287000,0.3182823,0.0000000,0.0000000},
{0.1446606,0.8194052,0.1674870,0.2183836,0.7785550,0.1374723,0.2616520,0.8764425,0.2272269,0.4349965,0.9314118,0.2571526,0.4886948,0.9124373,0.3168408,0.5390000,0.8134000,0.4503000,0.5468000,0.6560000,0.3364000,0.6198000,0.5956000,0.2545000,0.6200000,0.5596000,0.3715000,0.6935000,0.5066000,0.5287000,0.3182823,0.0000000,0.0000000},
{0.1456412,0.8191336,0.1673471,0.2188707,0.7794065,0.1385016,0.2629470,0.8761792,0.2272860,0.4350564,0.9318571,0.2568934,0.4894644,0.9123241,0.3173180,0.5398000,0.8135000,0.4508000,0.5475000,0.6561000,0.3369000,0.6203000,0.5957000,0.2548000,0.6207000,0.5596000,0.3718000,0.6946000,0.5063000,0.5289000,0.3182823,0.0000000,0.0000000},
{0.1467288,0.8188298,0.1671896,0.2193289,0.7802016,0.1394636,0.2643125,0.8758962,0.2273487,0.4351246,0.9323549,0.2566041,0.4903297,0.9122001,0.3178518,0.5407000,0.8135000,0.4513000,0.5483000,0.6563000,0.3374000,0.6209000,0.5957000,0.2550000,0.6214000,0.5595000,0.3721000,0.6956000,0.5061000,0.5290000,0.3182823,0.0000000,0.0000000},
{0.1480324,0.8184621,0.1669975,0.2197873,0.7809915,0.1404202,0.2657319,0.8755961,0.2274141,0.4352146,0.9329980,0.2562308,0.4911673,0.9120834,0.3183658,0.5417000,0.8136000,0.4519000,0.5491000,0.6564000,0.3379000,0.6214000,0.5958000,0.2553000,0.6223000,0.5596000,0.3724000,0.6967000,0.5060000,0.5289000,0.3182823,0.0000000,0.0000000},
{0.1494003,0.8180720,0.1667921,0.2202977,0.7818644,0.1414782,0.2673696,0.8752425,0.2274901,0.4353229,0.9337525,0.2557936,0.4922009,0.9119437,0.3189965,0.5426000,0.8137000,0.4524000,0.5499000,0.6565000,0.3383000,0.6219000,0.5958000,0.2556000,0.6231000,0.5595000,0.3728000,0.6978000,0.5058000,0.5288000,0.3182823,0.0000000,0.0000000},
{0.1509993,0.8176105,0.1665471,0.2208897,0.7828686,0.1426967,0.2690730,0.8748663,0.2275696,0.4354558,0.9346518,0.2552736,0.4932623,0.9118054,0.3196399,0.5436000,0.8137000,0.4530000,0.5509000,0.6566000,0.3388000,0.6226000,0.5959000,0.2558000,0.6239000,0.5595000,0.3731000,0.6990000,0.5054000,0.5289000,0.3182823,0.0000000,0.0000000},
{0.1527849,0.8170881,0.1662670,0.2214696,0.7838436,0.1438811,0.2709182,0.8744492,0.2276563,0.4356310,0.9357978,0.2546127,0.4942889,0.9116765,0.3202584,0.5447000,0.8138000,0.4536000,0.5516000,0.6566000,0.3392000,0.6232000,0.5959000,0.2561000,0.6249000,0.5595000,0.3733000,0.7002000,0.5053000,0.5288000,0.3182823,0.0000000,0.0000000},
{0.1547954,0.8164911,0.1659437,0.2219989,0.7847265,0.1449545,0.2729046,0.8739890,0.2277504,0.4358247,0.9370177,0.2539112,0.4954957,0.9115309,0.3209805,0.5457000,0.8139000,0.4541000,0.5526000,0.6566000,0.3396000,0.6239000,0.5960000,0.2564000,0.6258000,0.5595000,0.3737000,0.7015000,0.5048000,0.5289000,0.3182823,0.0000000,0.0000000},
{0.1569438,0.8158430,0.1655890,0.2225784,0.7856854,0.1461218,0.2749912,0.8734931,0.2278499,0.4360637,0.9384632,0.2530827,0.4967188,0.9113899,0.3217070,0.5468000,0.8140000,0.4547000,0.5535000,0.6566000,0.3402000,0.6245000,0.5960000,0.2566000,0.6269000,0.5595000,0.3739000,0.7028000,0.5043000,0.5288000,0.3182823,0.0000000,0.0000000},
{0.1593180,0.8151143,0.1651857,0.2232563,0.7867970,0.1474764,0.2772430,0.8729438,0.2279581,0.4363374,0.9400478,0.2521777,0.4980421,0.9112448,0.3224870,0.5480000,0.8142000,0.4552000,0.5543000,0.6567000,0.3405000,0.6253000,0.5960000,0.2569000,0.6279000,0.5595000,0.3742000,0.7040000,0.5041000,0.5287000,0.3182823,0.0000000,0.0000000},
{0.1618621,0.8143192,0.1647405,0.2238624,0.7877820,0.1486781,0.2796013,0.8723527,0.2280724,0.4366480,0.9417674,0.2511996,0.4994389,0.9110998,0.3233036,0.5491000,0.8145000,0.4556000,0.5552000,0.6566000,0.3411000,0.6260000,0.5961000,0.2573000,0.6290000,0.5594000,0.3745000,0.7054000,0.5036000,0.5287000,0.3182823,0.0000000,0.0000000},
{0.1644930,0.8134813,0.1642660,0.2245660,0.7889150,0.1500621,0.2820962,0.8717097,0.2281944,0.4370010,0.9436348,0.2501420,0.5009049,0.9109567,0.3241533,0.5503000,0.8148000,0.4561000,0.5562000,0.6566000,0.3415000,0.6268000,0.5961000,0.2576000,0.6302000,0.5595000,0.3748000,0.7069000,0.5032000,0.5287000,0.3182823,0.0000000,0.0000000},
{0.1673635,0.8125489,0.1637318,0.2253207,0.7901184,0.1515340,0.2846329,0.8710374,0.2283195,0.4374073,0.9456853,0.2489860,0.5024672,0.9108144,0.3250506,0.5516000,0.8151000,0.4565000,0.5571000,0.6567000,0.3420000,0.6276000,0.5962000,0.2580000,0.6314000,0.5595000,0.3751000,0.7084000,0.5028000,0.5287000,0.3182823,0.0000000,0.0000000},
{0.1702961,0.8115769,0.1631683,0.2261203,0.7913800,0.1530793,0.2873811,0.8702880,0.2284563,0.4378348,0.9477443,0.2478307,0.5040689,0.9106792,0.3259617,0.5530000,0.8155000,0.4570000,0.5581000,0.6567000,0.3424000,0.6284000,0.5962000,0.2583000,0.6325000,0.5595000,0.3754000,0.7099000,0.5023000,0.5288000,0.3182823,0.0000000,0.0000000},
{0.1733202,0.8105537,0.1625684,0.2270600,0.7928459,0.1548774,0.2902784,0.8694741,0.2286019,0.4383198,0.9499760,0.2465848,0.5058355,0.9105426,0.3269564,0.5544000,0.8159000,0.4574000,0.5592000,0.6568000,0.3429000,0.6293000,0.5963000,0.2587000,0.6337000,0.5595000,0.3758000,0.7114000,0.5019000,0.5288000,0.3182823,0.0000000,0.0000000},
{0.1765054,0.8094531,0.1619157,0.2279711,0.7942501,0.1566028,0.2932612,0.8686105,0.2287534,0.4388317,0.9522274,0.2453344,0.5076798,0.9104140,0.3279834,0.5560000,0.8164000,0.4578000,0.5603000,0.6570000,0.3434000,0.6301000,0.5963000,0.2590000,0.6349000,0.5596000,0.3761000,0.7129000,0.5015000,0.5288000,0.3182823,0.0000000,0.0000000},
{0.1797135,0.8083207,0.1612367,0.2289233,0.7957002,0.1583875,0.2963195,0.8676980,0.2289103,0.4394086,0.9546535,0.2439941,0.5096630,0.9102915,0.3290748,0.5576000,0.8168000,0.4582000,0.5615000,0.6572000,0.3438000,0.6310000,0.5964000,0.2595000,0.6361000,0.5596000,0.3765000,0.7145000,0.5010000,0.5289000,0.3182823,0.0000000,0.0000000},
{0.1829337,0.8071598,0.1605331,0.2299225,0.7972034,0.1602407,0.2994323,0.8667410,0.2290717,0.4400146,0.9570921,0.2426545,0.5117235,0.9101817,0.3301946,0.5593000,0.8174000,0.4586000,0.5628000,0.6574000,0.3443000,0.6319000,0.5965000,0.2598000,0.6375000,0.5597000,0.3768000,0.7161000,0.5005000,0.5289000,0.3182823,0.0000000,0.0000000},
{0.1862601,0.8059349,0.1597829,0.2309328,0.7987044,0.1620944,0.3026231,0.8657301,0.2292390,0.4406805,0.9596585,0.2412526,0.5139832,0.9100816,0.3314061,0.5612000,0.8179000,0.4590000,0.5641000,0.6576000,0.3447000,0.6329000,0.5966000,0.2602000,0.6388000,0.5598000,0.3771000,0.7176000,0.5000000,0.5290000,0.3182823,0.0000000,0.0000000},
{0.1896208,0.8046706,0.1590008,0.2319292,0.8001669,0.1639037,0.3057036,0.8647253,0.2294021,0.4413686,0.9622014,0.2398718,0.5162763,0.9100017,0.3326178,0.5631000,0.8185000,0.4595000,0.5654000,0.6578000,0.3451000,0.6339000,0.5967000,0.2606000,0.6401000,0.5598000,0.3774000,0.7193000,0.4995000,0.5290000,0.3182823,0.0000000,0.0000000},
{0.1930289,0.8033607,0.1581824,0.2329305,0.8016190,0.1657032,0.3089168,0.8636466,0.2295742,0.4421200,0.9648661,0.2384335,0.5187198,0.9099409,0.3338892,0.5650000,0.8191000,0.4599000,0.5668000,0.6581000,0.3457000,0.6350000,0.5968000,0.2610000,0.6413000,0.5598000,0.3778000,0.7209000,0.4990000,0.5290000,0.3182823,0.0000000,0.0000000}
};
