fitErrPi Mean = 0.358558
fitErrTh Mean = 0.0611353
fitErrWr Mean = 0.0786073
fitErrLA Mean = 0.00329761
fitErrEl Mean = 0.0150962
fitErrUA Mean = 0.0495858
efPts = {
{0.7337952,0.9534282,0.0490589,0.7900950,0.3647777,0.2378327,0.6186416,0.4461929,0.2647086,1.0316625,0.9029400,0.6057430,0.8615687,0.6830231,0.5987376,0.6532000,0.7126000,0.4997000,0.6991000,0.5787000,0.3913000,0.7375000,0.5685000,0.2803000,0.7728000,0.5064000,0.3889000,0.8935000,0.4374000,0.4937000,0.3182822,-0.1651071,0.0000000},
{0.7869414,0.4414347,0.2232239,0.7895011,0.3650155,0.2378889,0.6183787,0.4467000,0.2644895,0.5605777,0.5707208,0.2431054,0.5834691,0.6702553,0.3349122,0.6529000,0.7125000,0.4990000,0.6987000,0.5782000,0.3909000,0.7372000,0.5682000,0.2802000,0.7724000,0.5061000,0.3887000,0.8929000,0.4371000,0.4940000,0.3182822,-0.1651071,0.0000000},
{0.7863554,0.4417648,0.2232659,0.7888487,0.3652782,0.2379499,0.6180772,0.4472841,0.2642379,0.5605345,0.5715551,0.2426533,0.5833719,0.6700734,0.3349020,0.6524000,0.7122000,0.4984000,0.6983000,0.5777000,0.3905000,0.7369000,0.5678000,0.2801000,0.7720000,0.5058000,0.3885000,0.8923000,0.4367000,0.4943000,0.3182822,-0.1651071,0.0000000},
{0.7854014,0.4423044,0.2233333,0.7876350,0.3657710,0.2380617,0.6177024,0.4480142,0.2639244,0.5604799,0.5726588,0.2420582,0.5833793,0.6700872,0.3349028,0.6520000,0.7119000,0.4978000,0.6979000,0.5771000,0.3901000,0.7366000,0.5674000,0.2800000,0.7716000,0.5055000,0.3883000,0.8919000,0.4364000,0.4946000,0.3182822,-0.1651071,0.0000000},
{0.7841861,0.4429960,0.2234177,0.7862298,0.3663481,0.2381882,0.6171870,0.4490252,0.2634921,0.5604266,0.5738053,0.2414437,0.5834288,0.6701800,0.3349080,0.6516000,0.7117000,0.4972000,0.6975000,0.5766000,0.3897000,0.7363000,0.5671000,0.2799000,0.7711000,0.5052000,0.3880000,0.8914000,0.4362000,0.4948000,0.3182822,-0.1651071,0.0000000},
{0.7829908,0.4436808,0.2234990,0.7848178,0.3669353,0.2383122,0.6166388,0.4501101,0.2630307,0.5603703,0.5751009,0.2407537,0.5835361,0.6703806,0.3349194,0.6512000,0.7116000,0.4966000,0.6971000,0.5761000,0.3894000,0.7359000,0.5667000,0.2798000,0.7707000,0.5050000,0.3878000,0.8910000,0.4359000,0.4950000,0.3182822,-0.1651071,0.0000000},
{0.7817622,0.4443893,0.2235808,0.7833704,0.3675445,0.2384361,0.6160753,0.4512350,0.2625549,0.5603151,0.5764763,0.2400264,0.5837228,0.6707295,0.3349394,0.6508000,0.7116000,0.4961000,0.6968000,0.5756000,0.3890000,0.7356000,0.5663000,0.2797000,0.7703000,0.5047000,0.3876000,0.8905000,0.4357000,0.4951000,0.3182822,-0.1651071,0.0000000},
{0.7805303,0.4451045,0.2236611,0.7816262,0.3682886,0.2385811,0.6154846,0.4524257,0.2620541,0.5602649,0.5778431,0.2393087,0.5839535,0.6711598,0.3349646,0.6506000,0.7117000,0.4957000,0.6964000,0.5750000,0.3886000,0.7353000,0.5660000,0.2796000,0.7699000,0.5044000,0.3874000,0.8900000,0.4355000,0.4952000,0.3182822,-0.1651071,0.0000000},
{0.7790391,0.4459766,0.2237560,0.7795389,0.3691931,0.2387484,0.6147839,0.4538530,0.2614576,0.5602172,0.5792804,0.2385596,0.5841412,0.6715093,0.3349854,0.6503000,0.7119000,0.4953000,0.6960000,0.5745000,0.3882000,0.7350000,0.5656000,0.2795000,0.7695000,0.5041000,0.3872000,0.8893000,0.4354000,0.4953000,0.3182822,-0.1651071,0.0000000},
{0.7773351,0.4469816,0.2238612,0.7774221,0.3701261,0.2389112,0.6141079,0.4552458,0.2608795,0.5601734,0.5807555,0.2377966,0.5844198,0.6720266,0.3350168,0.6502000,0.7120000,0.4949000,0.6956000,0.5740000,0.3878000,0.7347000,0.5652000,0.2794000,0.7690000,0.5038000,0.3870000,0.8888000,0.4353000,0.4954000,0.3182822,-0.1651071,0.0000000},
{0.7755758,0.4480289,0.2239663,0.7753183,0.3710688,0.2390663,0.6133560,0.4568138,0.2602334,0.5601339,0.5822750,0.2370168,0.5846346,0.6724245,0.3350415,0.6501000,0.7122000,0.4947000,0.6952000,0.5735000,0.3874000,0.7344000,0.5649000,0.2793000,0.7686000,0.5035000,0.3867000,0.8882000,0.4351000,0.4956000,0.3182822,-0.1651071,0.0000000},
{0.7736648,0.4491774,0.2240765,0.7730750,0.3720909,0.2392243,0.6126142,0.4583803,0.2595927,0.5600946,0.5840593,0.2361091,0.5849700,0.6730443,0.3350807,0.6500000,0.7125000,0.4944000,0.6948000,0.5729000,0.3870000,0.7341000,0.5645000,0.2792000,0.7682000,0.5032000,0.3865000,0.8876000,0.4350000,0.4958000,0.3182822,-0.1651071,0.0000000},
{0.7718778,0.4502617,0.2241757,0.7708840,0.3731060,0.2393713,0.6118266,0.4600655,0.2589087,0.5600636,0.5858058,0.2352289,0.5853433,0.6737319,0.3351254,0.6499000,0.7129000,0.4941000,0.6944000,0.5724000,0.3866000,0.7338000,0.5641000,0.2791000,0.7678000,0.5029000,0.3863000,0.8869000,0.4349000,0.4959000,0.3182822,-0.1651071,0.0000000},
{0.7700891,0.4513570,0.2242713,0.7686525,0.3741566,0.2395137,0.6110047,0.4618490,0.2581909,0.5600380,0.5877093,0.2342786,0.5858036,0.6745764,0.3351821,0.6498000,0.7134000,0.4937000,0.6940000,0.5719000,0.3862000,0.7335000,0.5638000,0.2790000,0.7674000,0.5027000,0.3861000,0.8863000,0.4349000,0.4961000,0.3182822,-0.1651071,0.0000000},
{0.7683300,0.4524439,0.2243617,0.7664002,0.3752342,0.2396499,0.6101632,0.4637019,0.2574514,0.5600206,0.5896599,0.2333148,0.5863095,0.6755004,0.3352463,0.6498000,0.7140000,0.4935000,0.6936000,0.5714000,0.3858000,0.7332000,0.5634000,0.2789000,0.7674000,0.5027000,0.3861000,0.8857000,0.4349000,0.4963000,0.3182822,-0.1651071,0.0000000},
{0.7666062,0.4535184,0.2244468,0.7640547,0.3763746,0.2397838,0.6093987,0.4654095,0.2567755,0.5600125,0.5914869,0.2324210,0.5868461,0.6764760,0.3353165,0.6497000,0.7147000,0.4932000,0.6932000,0.5708000,0.3854000,0.7328000,0.5630000,0.2788000,0.7668000,0.5027000,0.3859000,0.8849000,0.4349000,0.4965000,0.3182822,-0.1651071,0.0000000},
{0.7649567,0.4545552,0.2245251,0.7618417,0.3774675,0.2399027,0.6086260,0.4671595,0.2560884,0.5600121,0.5933302,0.2315279,0.5874421,0.6775537,0.3353971,0.6498000,0.7155000,0.4930000,0.6932000,0.5708000,0.3854000,0.7325000,0.5627000,0.2787000,0.7659000,0.5023000,0.3862000,0.8841000,0.4349000,0.4967000,0.3182822,-0.1651071,0.0000000},
{0.7632966,0.4556073,0.2246007,0.7595679,0.3786075,0.2400175,0.6078313,0.4689855,0.2553774,0.5600198,0.5952060,0.2306280,0.5880866,0.6787129,0.3354872,0.6499000,0.7163000,0.4927000,0.6929000,0.5717000,0.3851000,0.7322000,0.5623000,0.2786000,0.7656000,0.5030000,0.3859000,0.8833000,0.4350000,0.4970000,0.3182822,-0.1651071,0.0000000},
{0.7614463,0.4567900,0.2246813,0.7573844,0.3797183,0.2401206,0.6070108,0.4708993,0.2546384,0.5600377,0.5972869,0.2296402,0.5886695,0.6797556,0.3355713,0.6500000,0.7171000,0.4925000,0.6922000,0.5723000,0.3849000,0.7319000,0.5619000,0.2785000,0.7651000,0.5034000,0.3859000,0.8825000,0.4351000,0.4973000,0.3182822,-0.1651071,0.0000000},
{0.7595439,0.4580171,0.2247600,0.7549659,0.3809672,0.2402268,0.6061386,0.4729663,0.2538476,0.5600673,0.5994861,0.2286081,0.5893276,0.6809263,0.3356692,0.6501000,0.7179000,0.4922000,0.6922000,0.5735000,0.3845000,0.7316000,0.5616000,0.2784000,0.7647000,0.5036000,0.3857000,0.8816000,0.4352000,0.4976000,0.3182822,-0.1651071,0.0000000},
{0.7574559,0.4593769,0.2248416,0.7524747,0.3822736,0.2403274,0.6051881,0.4752587,0.2529790,0.5601113,0.6018535,0.2275106,0.5899949,0.6821067,0.3357716,0.6503000,0.7187000,0.4919000,0.6916000,0.5742000,0.3842000,0.7313000,0.5612000,0.2783000,0.7642000,0.5040000,0.3857000,0.8807000,0.4353000,0.4980000,0.3182822,-0.1651071,0.0000000},
{0.7552664,0.4608174,0.2249218,0.7499318,0.3836282,0.2404210,0.6041778,0.4777426,0.2520479,0.5601721,0.6043826,0.2263534,0.5907918,0.6835074,0.3358980,0.6505000,0.7196000,0.4916000,0.6915000,0.5753000,0.3838000,0.7310000,0.5608000,0.2782000,0.7637000,0.5042000,0.3857000,0.8798000,0.4354000,0.4984000,0.3182822,-0.1651071,0.0000000},
{0.7530043,0.4623213,0.2249989,0.7472872,0.3850592,0.2405085,0.6031069,0.4804306,0.2510519,0.5602549,0.6071557,0.2251026,0.5915982,0.6849153,0.3360303,0.6506000,0.7206000,0.4912000,0.6911000,0.5762000,0.3835000,0.7307000,0.5605000,0.2781000,0.7626000,0.5038000,0.3861000,0.8788000,0.4354000,0.4987000,0.3182822,-0.1651071,0.0000000},
{0.7506671,0.4638920,0.2250723,0.7445351,0.3865725,0.2405891,0.6019619,0.4833706,0.2499759,0.5603693,0.6103022,0.2237059,0.5924886,0.6864590,0.3361815,0.6509000,0.7217000,0.4909000,0.6907000,0.5771000,0.3832000,0.7304000,0.5601000,0.2780000,0.7623000,0.5045000,0.3858000,0.8778000,0.4355000,0.4991000,0.3182822,-0.1651071,0.0000000},
{0.7481629,0.4655937,0.2251440,0.7415701,0.3882302,0.2406640,0.6007620,0.4865286,0.2488354,0.5605168,0.6137003,0.2222242,0.5935308,0.6882513,0.3363650,0.6512000,0.7229000,0.4906000,0.6904000,0.5783000,0.3829000,0.7301000,0.5598000,0.2779000,0.7616000,0.5049000,0.3857000,0.8768000,0.4356000,0.4995000,0.3182822,-0.1651071,0.0000000},
{0.7455500,0.4673903,0.2252111,0.7384686,0.3899944,0.2407291,0.5995103,0.4899115,0.2476309,0.5607075,0.6174388,0.2206257,0.5946730,0.6901984,0.3365742,0.6515000,0.7242000,0.4902000,0.6900000,0.5794000,0.3826000,0.7298000,0.5594000,0.2778000,0.7611000,0.5053000,0.3857000,0.8757000,0.4356000,0.4999000,0.3182822,-0.1651071,0.0000000},
{0.7427584,0.4693332,0.2252741,0.7352407,0.3918632,0.2407826,0.5981904,0.4935828,0.2463435,0.5609448,0.6214509,0.2189466,0.5958384,0.6921668,0.3367960,0.6519000,0.7255000,0.4898000,0.6894000,0.5804000,0.3822000,0.7294000,0.5590000,0.2777000,0.7605000,0.5055000,0.3857000,0.8746000,0.4356000,0.5004000,0.3182822,-0.1651071,0.0000000},
{0.7399395,0.4713200,0.2253286,0.7317764,0.3939059,0.2408239,0.5969312,0.4971912,0.2450976,0.5612438,0.6258530,0.2171471,0.5970527,0.6941988,0.3370359,0.6523000,0.7270000,0.4894000,0.6889000,0.5817000,0.3819000,0.7291000,0.5587000,0.2776000,0.7594000,0.5053000,0.3860000,0.8735000,0.4356000,0.5008000,0.3182822,-0.1651071,0.0000000},
{0.7369761,0.4734355,0.2253759,0.7278577,0.3962624,0.2408506,0.5953610,0.5018473,0.2435179,0.5616021,0.6304951,0.2152973,0.5988745,0.6972119,0.3374121,0.6528000,0.7285000,0.4890000,0.6883000,0.5828000,0.3816000,0.7288000,0.5583000,0.2775000,0.7588000,0.5059000,0.3856000,0.8723000,0.4356000,0.5013000,0.3182822,-0.1651071,0.0000000},
{0.7338439,0.4757016,0.2254148,0.7243724,0.3983991,0.2408565,0.5938733,0.5064322,0.2419923,0.5620447,0.6355805,0.2133264,0.6004246,0.6997433,0.3377472,0.6533000,0.7301000,0.4886000,0.6876000,0.5841000,0.3812000,0.7285000,0.5579000,0.2774000,0.7583000,0.5063000,0.3855000,0.8709000,0.4355000,0.5017000,0.3182822,-0.1651071,0.0000000},
{0.7305608,0.4781101,0.2254433,0.7204815,0.4008297,0.2408433,0.5923568,0.5112960,0.2404055,0.5625562,0.6408352,0.2113502,0.6020386,0.7023485,0.3381102,0.6539000,0.7318000,0.4882000,0.6870000,0.5855000,0.3808000,0.7282000,0.5576000,0.2773000,0.7578000,0.5067000,0.3855000,0.8695000,0.4355000,0.5021000,0.3182822,-0.1651071,0.0000000},
{0.7271160,0.4806739,0.2254596,0.7162436,0.4035313,0.2408053,0.5908093,0.5164779,0.2387497,0.5631651,0.6464705,0.2092979,0.6038005,0.7051579,0.3385224,0.6544000,0.7335000,0.4878000,0.6861000,0.5868000,0.3805000,0.7279000,0.5572000,0.2772000,0.7566000,0.5068000,0.3855000,0.8681000,0.4354000,0.5025000,0.3182822,-0.1651071,0.0000000},
{0.7234847,0.4834175,0.2254617,0.7118853,0.4063685,0.2407404,0.5892412,0.5219788,0.2370303,0.5638774,0.6524406,0.2071984,0.6058760,0.7084225,0.3390286,0.6550000,0.7354000,0.4873000,0.6855000,0.5883000,0.3800000,0.7276000,0.5568000,0.2771000,0.7557000,0.5072000,0.3852000,0.8666000,0.4354000,0.5029000,0.3182822,-0.1651071,0.0000000},
{0.7196696,0.4863454,0.2254472,0.7070701,0.4095725,0.2406385,0.5877147,0.5276061,0.2353110,0.5646772,0.6585512,0.2051281,0.6079039,0.7115673,0.3395439,0.6557000,0.7373000,0.4869000,0.6846000,0.5898000,0.3794000,0.7273000,0.5565000,0.2770000,0.7550000,0.5077000,0.3851000,0.8651000,0.4354000,0.5033000,0.3182822,-0.1651071,0.0000000},
{0.7155861,0.4895311,0.2254125,0.7020980,0.4129574,0.2404999,0.5861266,0.5337840,0.2334685,0.5656101,0.6650823,0.2030020,0.6100726,0.7148829,0.3401170,0.6563000,0.7393000,0.4864000,0.6838000,0.5914000,0.3789000,0.7270000,0.5561000,0.2769000,0.7542000,0.5082000,0.3851000,0.8636000,0.4355000,0.5038000,0.3182822,-0.1651071,0.0000000},
{0.7114362,0.4928240,0.2253567,0.6968870,0.4165882,0.2403182,0.5845972,0.5400927,0.2316342,0.5666560,0.6718201,0.2009015,0.6121867,0.7180696,0.3406967,0.6570000,0.7413000,0.4859000,0.6832000,0.5932000,0.3784000,0.7267000,0.5557000,0.2768000,0.7533000,0.5086000,0.3851000,0.8621000,0.4355000,0.5042000,0.3182822,-0.1651071,0.0000000},
{0.7069770,0.4964251,0.2252737,0.6913483,0.4205411,0.2400842,0.5830605,0.5468471,0.2297217,0.5678507,0.6789313,0.1987855,0.6143727,0.7213186,0.3413172,0.6578000,0.7432000,0.4854000,0.6824000,0.5949000,0.3777000,0.7264000,0.5554000,0.2767000,0.7521000,0.5087000,0.3851000,0.8606000,0.4355000,0.5047000,0.3182822,-0.1651071,0.0000000},
{0.7023952,0.5001935,0.2251632,0.6857174,0.4246592,0.2398029,0.5815759,0.5538411,0.2277961,0.5691737,0.6862339,0.1967193,0.6166030,0.7245873,0.3419718,0.6585000,0.7452000,0.4849000,0.6818000,0.5966000,0.3771000,0.7260000,0.5550000,0.2766000,0.7516000,0.5094000,0.3851000,0.8592000,0.4355000,0.5052000,0.3182822,-0.1651071,0.0000000},
{0.6975234,0.5042771,0.2250173,0.6797960,0.4290985,0.2394596,0.5801215,0.5612350,0.2258192,0.5706514,0.6938264,0.1946847,0.6188828,0.7278814,0.3426625,0.6591000,0.7472000,0.4844000,0.6812000,0.5983000,0.3763000,0.7257000,0.5546000,0.2765000,0.7508000,0.5098000,0.3852000,0.8578000,0.4354000,0.5057000,0.3182822,-0.1651071,0.0000000},
{0.6925996,0.5084856,0.2248399,0.6737988,0.4337088,0.2390620,0.5787124,0.5690329,0.2237981,0.5722876,0.7016755,0.1927021,0.6211921,0.7311715,0.3433837,0.6598000,0.7492000,0.4839000,0.6807000,0.6001000,0.3756000,0.7254000,0.5543000,0.2764000,0.7500000,0.5103000,0.3852000,0.8565000,0.4354000,0.5061000,0.3182822,-0.1651071,0.0000000},
{0.6875493,0.5128884,0.2246261,0.6676604,0.4385478,0.2386026,0.5774221,0.5768704,0.2218312,0.5740481,0.7095885,0.1908266,0.6236318,0.7345978,0.3441686,0.6605000,0.7513000,0.4834000,0.6801000,0.6018000,0.3748000,0.7254000,0.5543000,0.2764000,0.7492000,0.5106000,0.3852000,0.8551000,0.4354000,0.5066000,0.3182822,-0.1651071,0.0000000},
{0.6824509,0.5174227,0.2243771,0.6613779,0.4436276,0.2380769,0.5762146,0.5849957,0.2198587,0.5759562,0.7176526,0.1890418,0.6260851,0.7379934,0.3449808,0.6613000,0.7534000,0.4830000,0.6796000,0.6036000,0.3741000,0.7254000,0.5552000,0.2762000,0.7483000,0.5110000,0.3851000,0.8538000,0.4354000,0.5070000,0.3182822,-0.1651071,0.0000000},
{0.6773927,0.5220120,0.2240967,0.6550884,0.4488435,0.2374936,0.5751267,0.5932011,0.2179340,0.5779890,0.7257568,0.1873764,0.6286592,0.7415040,0.3458570,0.6621000,0.7555000,0.4826000,0.6793000,0.6056000,0.3734000,0.7253000,0.5561000,0.2760000,0.7475000,0.5116000,0.3851000,0.8524000,0.4356000,0.5074000,0.3182822,-0.1651071,0.0000000},
{0.6722527,0.5267693,0.2237771,0.6487759,0.4542117,0.2368501,0.5741548,0.6015314,0.2160479,0.5801583,0.7339387,0.1858249,0.6312900,0.7450386,0.3467772,0.6630000,0.7577000,0.4822000,0.6789000,0.6076000,0.3727000,0.7256000,0.5575000,0.2754000,0.7467000,0.5123000,0.3849000,0.8509000,0.4358000,0.5078000,0.3182822,-0.1651071,0.0000000},
{0.6670961,0.5316391,0.2234206,0.6423162,0.4598454,0.2361302,0.5733044,0.6099629,0.2142071,0.5824541,0.7421528,0.1843985,0.6338829,0.7484709,0.3477079,0.6639000,0.7599000,0.4819000,0.6787000,0.6097000,0.3721000,0.7255000,0.5587000,0.2751000,0.7458000,0.5128000,0.3848000,0.8494000,0.4360000,0.5081000,0.3182822,-0.1651071,0.0000000},
{0.6618401,0.5367049,0.2230195,0.6359653,0.4655251,0.2353609,0.5725718,0.6185777,0.2123959,0.5848750,0.7503893,0.1831002,0.6365944,0.7520070,0.3487056,0.6648000,0.7621000,0.4816000,0.6783000,0.6118000,0.3715000,0.7252000,0.5598000,0.2749000,0.7450000,0.5135000,0.3848000,0.8480000,0.4362000,0.5085000,0.3182822,-0.1651071,0.0000000},
{0.6566070,0.5418533,0.2225816,0.6296024,0.4713588,0.2345277,0.5719728,0.6272251,0.2106477,0.5874564,0.7587569,0.1819168,0.6392529,0.7554229,0.3497075,0.6657000,0.7643000,0.4813000,0.6780000,0.6139000,0.3709000,0.7244000,0.5607000,0.2751000,0.7441000,0.5142000,0.3848000,0.8466000,0.4365000,0.5089000,0.3182822,-0.1651071,0.0000000},
{0.6512705,0.5472137,0.2220942,0.6231814,0.4773944,0.2336219,0.5714956,0.6361566,0.2089144,0.5901870,0.7672021,0.1808616,0.6419673,0.7588596,0.3507539,0.6667000,0.7664000,0.4810000,0.6778000,0.6159000,0.3704000,0.7235000,0.5615000,0.2752000,0.7433000,0.5148000,0.3849000,0.8452000,0.4367000,0.5094000,0.3182822,-0.1651071,0.0000000},
{0.6460048,0.5526148,0.2215721,0.6169225,0.4834251,0.2326746,0.5711613,0.6450558,0.2072597,0.5930971,0.7758009,0.1799316,0.6446768,0.7622400,0.3518217,0.6677000,0.7686000,0.4807000,0.6775000,0.6177000,0.3698000,0.7225000,0.5623000,0.2754000,0.7425000,0.5155000,0.3850000,0.8439000,0.4370000,0.5098000,0.3182822,-0.1651071,0.0000000},
{0.6407897,0.5580767,0.2210133,0.6105257,0.4897431,0.2316390,0.5709639,0.6541577,0.2056411,0.5961049,0.7843043,0.1791562,0.6474928,0.7657014,0.3529552,0.6686000,0.7707000,0.4805000,0.6773000,0.6194000,0.3693000,0.7215000,0.5632000,0.2756000,0.7416000,0.5161000,0.3851000,0.8425000,0.4373000,0.5102000,0.3182822,-0.1651071,0.0000000},
{0.6355806,0.5636475,0.2204127,0.6043089,0.4960374,0.2305652,0.5709110,0.6631521,0.2041145,0.5992370,0.7927918,0.1785267,0.6503373,0.7691455,0.3541244,0.6696000,0.7729000,0.4803000,0.6771000,0.6211000,0.3688000,0.7207000,0.5642000,0.2757000,0.7407000,0.5166000,0.3850000,0.8412000,0.4376000,0.5106000,0.3182822,-0.1651071,0.0000000},
{0.6305145,0.5691792,0.2197865,0.5981413,0.5024373,0.2294322,0.5709982,0.6721189,0.2026641,0.6026564,0.8016768,0.1780241,0.6531777,0.7725332,0.3553157,0.6706000,0.7750000,0.4801000,0.6769000,0.6227000,0.3684000,0.7199000,0.5651000,0.2757000,0.7398000,0.5174000,0.3850000,0.8397000,0.4380000,0.5110000,0.3182822,-0.1651071,0.0000000},
{0.6254011,0.5748802,0.2191111,0.5921248,0.5088344,0.2282596,0.5712214,0.6809970,0.2012982,0.6060080,0.8100393,0.1776991,0.6561181,0.7759873,0.3565733,0.6717000,0.7772000,0.4800000,0.6767000,0.6243000,0.3681000,0.7192000,0.5660000,0.2757000,0.7389000,0.5181000,0.3849000,0.8382000,0.4384000,0.5113000,0.3182822,-0.1651071,0.0000000},
{0.6204558,0.5805100,0.2184150,0.5861515,0.5153417,0.2270272,0.5715850,0.6899649,0.1999890,0.6094541,0.8183155,0.1775209,0.6591267,0.7794670,0.3578853,0.6727000,0.7793000,0.4800000,0.6764000,0.6259000,0.3679000,0.7186000,0.5670000,0.2756000,0.7380000,0.5190000,0.3848000,0.8369000,0.4388000,0.5117000,0.3182822,-0.1651071,0.0000000},
{0.6155575,0.5862029,0.2176824,0.5802888,0.5218858,0.2257490,0.5720811,0.6988381,0.1987635,0.6130093,0.8265429,0.1774876,0.6620835,0.7828339,0.3591990,0.6737000,0.7815000,0.4799000,0.6761000,0.6276000,0.3677000,0.7180000,0.5681000,0.2755000,0.7371000,0.5199000,0.3847000,0.8355000,0.4393000,0.5120000,0.3182822,-0.1651071,0.0000000},
{0.6106948,0.5919738,0.2169111,0.5744739,0.5285370,0.2244111,0.5727118,0.7076947,0.1976096,0.6166368,0.8346407,0.1775975,0.6651900,0.7863161,0.3606047,0.6747000,0.7836000,0.4798000,0.6757000,0.6291000,0.3675000,0.7173000,0.5692000,0.2755000,0.7363000,0.5208000,0.3847000,0.8341000,0.4398000,0.5123000,0.3182822,-0.1651071,0.0000000},
{0.6059351,0.5977419,0.2161120,0.5688420,0.5351381,0.2230458,0.5734795,0.7165642,0.1965236,0.6203545,0.8426543,0.1778482,0.6681767,0.7896116,0.3619805,0.6757000,0.7858000,0.4798000,0.6753000,0.6306000,0.3674000,0.7168000,0.5704000,0.2755000,0.7356000,0.5217000,0.3847000,0.8327000,0.4404000,0.5127000,0.3182822,-0.1651071,0.0000000},
{0.6011808,0.6036267,0.2152683,0.5632578,0.5418453,0.2216213,0.5743950,0.7255345,0.1954964,0.6241831,0.8506288,0.1782412,0.6712177,0.7929151,0.3634051,0.6767000,0.7879000,0.4797000,0.6747000,0.6321000,0.3674000,0.7162000,0.5715000,0.2756000,0.7349000,0.5227000,0.3847000,0.8314000,0.4410000,0.5131000,0.3182822,-0.1651071,0.0000000},
{0.5965671,0.6094599,0.2144044,0.5576920,0.5486989,0.2201280,0.5754026,0.7341159,0.1945813,0.6280834,0.8584840,0.1787716,0.6742904,0.7962007,0.3648689,0.6777000,0.7901000,0.4797000,0.6742000,0.6337000,0.3674000,0.7158000,0.5728000,0.2757000,0.7342000,0.5235000,0.3847000,0.8300000,0.4417000,0.5136000,0.3182822,-0.1651071,0.0000000},
{0.5919743,0.6153922,0.2134981,0.5522459,0.5555767,0.2185918,0.5765418,0.7427086,0.1937315,0.6319967,0.8661126,0.1794263,0.6773863,0.7994585,0.3663679,0.6788000,0.7923000,0.4797000,0.6736000,0.6351000,0.3675000,0.7153000,0.5739000,0.2758000,0.7335000,0.5246000,0.3848000,0.8285000,0.4425000,0.5140000,0.3182822,-0.1651071,0.0000000},
{0.5874781,0.6213266,0.2125639,0.5467937,0.5626419,0.2169755,0.5777858,0.7511285,0.1929642,0.6359994,0.8736710,0.1802143,0.6805086,0.8026915,0.3679039,0.6799000,0.7945000,0.4797000,0.6729000,0.6365000,0.3675000,0.7149000,0.5752000,0.2759000,0.7327000,0.5256000,0.3848000,0.8271000,0.4433000,0.5145000,0.3182822,-0.1651071,0.0000000},
{0.5830786,0.6272609,0.2116028,0.5412406,0.5700341,0.2152435,0.5791408,0.7594501,0.1922701,0.6400724,0.8811245,0.1811312,0.6835278,0.8057681,0.3694122,0.6810000,0.7967000,0.4798000,0.6723000,0.6380000,0.3676000,0.7143000,0.5765000,0.2760000,0.7319000,0.5268000,0.3849000,0.8256000,0.4441000,0.5149000,0.3182822,-0.1651071,0.0000000},
{0.5786443,0.6333764,0.2105845,0.5360470,0.5771388,0.2135403,0.5806230,0.7677744,0.1916406,0.6441885,0.8884282,0.1821685,0.6865540,0.8088036,0.3709462,0.6821000,0.7989000,0.4798000,0.6716000,0.6396000,0.3677000,0.7137000,0.5779000,0.2760000,0.7310000,0.5279000,0.3848000,0.8241000,0.4449000,0.5152000,0.3182822,-0.1651071,0.0000000},
{0.5743207,0.6394761,0.2095411,0.5308731,0.5844127,0.2117578,0.5821944,0.7759037,0.1910893,0.6483399,0.8955752,0.1833209,0.6895426,0.8117543,0.3724829,0.6832000,0.8012000,0.4798000,0.6699000,0.6411000,0.3674000,0.7131000,0.5793000,0.2759000,0.7299000,0.5290000,0.3848000,0.8226000,0.4458000,0.5155000,0.3182822,-0.1651071,0.0000000},
{0.5701296,0.6455252,0.2084794,0.5257643,0.5918015,0.2099077,0.5838983,0.7840686,0.1905998,0.6525243,0.9025681,0.1845846,0.6925288,0.8146564,0.3740397,0.6843000,0.8034000,0.4796000,0.6694000,0.6429000,0.3673000,0.7123000,0.5809000,0.2758000,0.7290000,0.5303000,0.3846000,0.8212000,0.4469000,0.5158000,0.3182822,-0.1651071,0.0000000},
{0.5659106,0.6517580,0.2073576,0.5207790,0.5992245,0.2080093,0.5856800,0.7920174,0.1901862,0.6568103,0.9095229,0.1859798,0.6954021,0.8174055,0.3755576,0.6853000,0.8057000,0.4794000,0.6691000,0.6447000,0.3671000,0.7116000,0.5823000,0.2755000,0.7279000,0.5317000,0.3844000,0.8198000,0.4479000,0.5159000,0.3182822,-0.1651071,0.0000000},
{0.5618984,0.6578273,0.2062383,0.5158455,0.6067948,0.2060326,0.5876112,0.8000699,0.1898317,0.6610721,0.9162399,0.1874631,0.6981496,0.8199949,0.3770272,0.6862000,0.8079000,0.4791000,0.6688000,0.6464000,0.3667000,0.7107000,0.5838000,0.2753000,0.7269000,0.5330000,0.3841000,0.8186000,0.4488000,0.5161000,0.3182822,-0.1651071,0.0000000},
{0.5577580,0.6642451,0.2050263,0.5110976,0.6143099,0.2040301,0.5895918,0.8078179,0.1895534,0.6654030,0.9228725,0.1890641,0.7008929,0.8225422,0.3785122,0.6869000,0.8100000,0.4789000,0.6684000,0.6481000,0.3662000,0.7101000,0.5853000,0.2750000,0.7260000,0.5343000,0.3838000,0.8172000,0.4497000,0.5162000,0.3182822,-0.1651071,0.0000000},
{0.5539741,0.6702566,0.2038646,0.5064704,0.6218709,0.2019750,0.5916493,0.8154004,0.1893419,0.6696543,0.9292021,0.1907234,0.7035786,0.8249993,0.3799830,0.6875000,0.8120000,0.4785000,0.6681000,0.6496000,0.3657000,0.7094000,0.5867000,0.2747000,0.7252000,0.5356000,0.3835000,0.8159000,0.4506000,0.5163000,0.3182822,-0.1651071,0.0000000},
{0.5501947,0.6764107,0.2026490,0.5019462,0.6295123,0.1998571,0.5938263,0.8229789,0.1891923,0.6738446,0.9352725,0.1924405,0.7062124,0.8273738,0.3814414,0.6879000,0.8138000,0.4782000,0.6677000,0.6511000,0.3651000,0.7089000,0.5881000,0.2744000,0.7244000,0.5368000,0.3831000,0.8146000,0.4514000,0.5164000,0.3182822,-0.1651071,0.0000000},
{0.5465289,0.6825327,0.2014135,0.4975923,0.6371228,0.1977067,0.5959932,0.8301276,0.1891091,0.6780419,0.9411917,0.1942385,0.7086420,0.8295335,0.3828011,0.6882000,0.8156000,0.4778000,0.6673000,0.6525000,0.3645000,0.7081000,0.5896000,0.2738000,0.7236000,0.5378000,0.3826000,0.8134000,0.4522000,0.5164000,0.3182822,-0.1651071,0.0000000},
{0.5430153,0.6885529,0.2001731,0.4934066,0.6447037,0.1955241,0.5982395,0.8371730,0.1890838,0.6821214,0.9467957,0.1960583,0.7110174,0.8316167,0.3841434,0.6884000,0.8174000,0.4774000,0.6670000,0.6538000,0.3639000,0.7078000,0.5910000,0.2735000,0.7228000,0.5389000,0.3823000,0.8122000,0.4531000,0.5165000,0.3182822,-0.1651071,0.0000000},
{0.5396005,0.6945573,0.1989108,0.4893415,0.6523437,0.1932830,0.6005292,0.8440156,0.1891145,0.6861099,0.9521373,0.1979039,0.7133742,0.8336559,0.3854881,0.6885000,0.8190000,0.4770000,0.6667000,0.6552000,0.3633000,0.7077000,0.5922000,0.2734000,0.7220000,0.5400000,0.3819000,0.8110000,0.4540000,0.5166000,0.3182822,-0.1651071,0.0000000},
{0.5363145,0.7004901,0.1976390,0.4854960,0.6598550,0.1910391,0.6027789,0.8504400,0.1891945,0.6900152,0.9572400,0.1997729,0.7155407,0.8355062,0.3867353,0.6886000,0.8205000,0.4767000,0.6665000,0.6566000,0.3628000,0.7075000,0.5935000,0.2732000,0.7213000,0.5409000,0.3816000,0.8099000,0.4549000,0.5166000,0.3182822,-0.1651071,0.0000000},
{0.5332043,0.7062565,0.1963795,0.4818763,0.6672111,0.1888020,0.6050207,0.8565768,0.1893184,0.6937632,0.9620216,0.2016225,0.7175629,0.8372123,0.3879091,0.6886000,0.8220000,0.4765000,0.6663000,0.6578000,0.3624000,0.7072000,0.5946000,0.2731000,0.7206000,0.5418000,0.3813000,0.8088000,0.4558000,0.5167000,0.3182822,-0.1651071,0.0000000},
{0.5302223,0.7119352,0.1951165,0.4784020,0.6745698,0.1865247,0.6072458,0.8624290,0.1894812,0.6973551,0.9665010,0.2034450,0.7194723,0.8388047,0.3890260,0.6886000,0.8234000,0.4763000,0.6660000,0.6591000,0.3622000,0.7069000,0.5957000,0.2729000,0.7200000,0.5427000,0.3810000,0.8078000,0.4567000,0.5169000,0.3182822,-0.1651071,0.0000000},
{0.5274195,0.7174178,0.1938759,0.4751531,0.6817545,0.1842626,0.6094273,0.8679551,0.1896760,0.7007754,0.9706745,0.2052250,0.7213904,0.8403863,0.3901563,0.6886000,0.8248000,0.4762000,0.6657000,0.6604000,0.3620000,0.7065000,0.5967000,0.2727000,0.7194000,0.5436000,0.3808000,0.8068000,0.4576000,0.5170000,0.3182822,-0.1651071,0.0000000},
{0.5248415,0.7225957,0.1926848,0.4721718,0.6886458,0.1820566,0.6115222,0.8730797,0.1898935,0.7039564,0.9744773,0.2069184,0.7231111,0.8417897,0.3911775,0.6886000,0.8262000,0.4761000,0.6653000,0.6616000,0.3619000,0.7061000,0.5976000,0.2726000,0.7188000,0.5445000,0.3806000,0.8057000,0.4584000,0.5171000,0.3182822,-0.1651071,0.0000000},
{0.5224150,0.7275978,0.1915164,0.4693891,0.6953780,0.1798665,0.6135344,0.8778455,0.1901285,0.7069435,0.9779807,0.2085415,0.7247428,0.8431070,0.3921520,0.6886000,0.8275000,0.4761000,0.6648000,0.6627000,0.3619000,0.7056000,0.5986000,0.2725000,0.7182000,0.5454000,0.3804000,0.8048000,0.4593000,0.5172000,0.3182822,-0.1651071,0.0000000},
{0.5201999,0.7322818,0.1904063,0.4669187,0.7016381,0.1777984,0.6154363,0.8822181,0.1903726,0.7097085,0.9811662,0.2100716,0.7261798,0.8442563,0.3930153,0.6885000,0.8288000,0.4762000,0.6644000,0.6639000,0.3618000,0.7052000,0.5995000,0.2724000,0.7175000,0.5462000,0.3803000,0.8039000,0.4601000,0.5173000,0.3182822,-0.1651071,0.0000000},
{0.5182153,0.7365820,0.1893735,0.4646347,0.7077039,0.1757650,0.6172098,0.8861866,0.1906184,0.7122239,0.9840168,0.2114865,0.7275019,0.8453047,0.3938137,0.6885000,0.8300000,0.4763000,0.6640000,0.6650000,0.3619000,0.7048000,0.6004000,0.2724000,0.7169000,0.5471000,0.3802000,0.8030000,0.4610000,0.5175000,0.3182822,-0.1651071,0.0000000},
{0.5163402,0.7407419,0.1883618,0.4626537,0.7132188,0.1738905,0.6188319,0.8897286,0.1908577,0.7145210,0.9865812,0.2127974,0.7287500,0.8462864,0.3945711,0.6885000,0.8312000,0.4764000,0.6635000,0.6660000,0.3620000,0.7043000,0.6013000,0.2725000,0.7163000,0.5480000,0.3801000,0.8020000,0.4619000,0.5177000,0.3182822,-0.1651071,0.0000000},
{0.5147138,0.7444327,0.1874538,0.4609299,0.7182424,0.1721613,0.6203090,0.8928847,0.1910873,0.7165720,0.9888400,0.2139829,0.7297691,0.8470823,0.3951921,0.6885000,0.8323000,0.4766000,0.6630000,0.6672000,0.3621000,0.7039000,0.6023000,0.2726000,0.7157000,0.5489000,0.3801000,0.8010000,0.4626000,0.5180000,0.3182822,-0.1651071,0.0000000},
{0.5133486,0.7475941,0.1866683,0.4593985,0.7229106,0.1705354,0.6216694,0.8957354,0.1913081,0.7184308,0.9908621,0.2150694,0.7307016,0.8478061,0.3957624,0.6885000,0.8334000,0.4767000,0.6625000,0.6683000,0.3622000,0.7034000,0.6032000,0.2726000,0.7151000,0.5498000,0.3801000,0.8001000,0.4634000,0.5182000,0.3182822,-0.1651071,0.0000000},
{0.5121805,0.7503478,0.1859782,0.4582063,0.7266995,0.1692021,0.6228724,0.8982126,0.1915106,0.7199761,0.9925252,0.2159812,0.7315367,0.8484507,0.3962749,0.6885000,0.8345000,0.4768000,0.6620000,0.6693000,0.3623000,0.7029000,0.6040000,0.2727000,0.7145000,0.5507000,0.3801000,0.7992000,0.4642000,0.5185000,0.3182822,-0.1651071,0.0000000},
{0.5111439,0.7528315,0.1853510,0.4572390,0.7298876,0.1680705,0.6239233,0.9003446,0.1916929,0.7213717,0.9940135,0.2168116,0.7321863,0.8489497,0.3966747,0.6884000,0.8355000,0.4769000,0.6615000,0.6704000,0.3624000,0.7025000,0.6049000,0.2729000,0.7139000,0.5516000,0.3801000,0.7983000,0.4651000,0.5188000,0.3182822,-0.1651071,0.0000000},
{0.5103385,0.7547885,0.1848536,0.4564817,0.7324633,0.1671498,0.6247829,0.9020665,0.1918456,0.7225061,0.9952135,0.2174911,0.7327788,0.8494030,0.3970401,0.6882000,0.8365000,0.4769000,0.6610000,0.6714000,0.3624000,0.7020000,0.6058000,0.2730000,0.7132000,0.5525000,0.3802000,0.7974000,0.4659000,0.5190000,0.3182822,-0.1651071,0.0000000},
{0.5096579,0.7564616,0.1844262,0.4558465,0.7346841,0.1663512,0.6255432,0.9035734,0.1919834,0.7234093,0.9961627,0.2180351,0.7332248,0.8497431,0.3973157,0.6881000,0.8374000,0.4768000,0.6605000,0.6725000,0.3623000,0.7015000,0.6066000,0.2730000,0.7125000,0.5535000,0.3803000,0.7965000,0.4667000,0.5192000,0.3182822,-0.1651071,0.0000000},
{0.5090989,0.7578495,0.1840700,0.4553451,0.7364789,0.1657025,0.6261594,0.9047840,0.1920968,0.7241400,0.9969267,0.2184771,0.7335969,0.8500261,0.3975459,0.6878000,0.8384000,0.4767000,0.6600000,0.6734000,0.3623000,0.7011000,0.6074000,0.2730000,0.7119000,0.5543000,0.3804000,0.7956000,0.4676000,0.5194000,0.3182822,-0.1651071,0.0000000},
{0.5086865,0.7588818,0.1838042,0.4549453,0.7379391,0.1651726,0.6266315,0.9057050,0.1921848,0.7246775,0.9974864,0.2188034,0.7339089,0.8502628,0.3977392,0.6876000,0.8393000,0.4766000,0.6595000,0.6744000,0.3622000,0.7007000,0.6081000,0.2730000,0.7112000,0.5551000,0.3804000,0.7947000,0.4683000,0.5196000,0.3182822,-0.1651071,0.0000000},
{0.5083072,0.7598375,0.1835574,0.4545835,0.7392839,0.1646829,0.6269721,0.9063661,0.1922489,0.7249840,0.9978048,0.2189899,0.7341438,0.8504407,0.3978850,0.6874000,0.8402000,0.4764000,0.6591000,0.6753000,0.3620000,0.7003000,0.6088000,0.2730000,0.7106000,0.5558000,0.3805000,0.7939000,0.4692000,0.5198000,0.3182822,-0.1651071,0.0000000},
{0.5079609,0.7607153,0.1833301,0.4544059,0.7399524,0.1644388,0.6271848,0.9067773,0.1922891,0.7250718,0.9978959,0.2190434,0.7342654,0.8505327,0.3979604,0.6871000,0.8411000,0.4762000,0.6586000,0.6762000,0.3620000,0.6998000,0.6094000,0.2730000,0.7099000,0.5566000,0.3806000,0.7930000,0.4700000,0.5200000,0.3182822,-0.1651071,0.0000000},
{0.5077424,0.7612719,0.1831857,0.4541771,0.7408225,0.1641205,0.6272899,0.9069802,0.1923091,0.7250412,0.9978642,0.2190247,0.7343280,0.8505801,0.3979993,0.6869000,0.8419000,0.4759000,0.6582000,0.6770000,0.3618000,0.6994000,0.6101000,0.2729000,0.7092000,0.5571000,0.3808000,0.7922000,0.4708000,0.5203000,0.3182822,-0.1651071,0.0000000},
{0.5075341,0.7618044,0.1830473,0.4539287,0.7417784,0.1637700,0.6272851,0.9069710,0.1923082,0.7248397,0.9976550,0.2189021,0.7342343,0.8505092,0.3979411,0.6866000,0.8427000,0.4756000,0.6578000,0.6778000,0.3617000,0.6990000,0.6106000,0.2730000,0.7086000,0.5579000,0.3810000,0.7914000,0.4716000,0.5205000,0.3182822,-0.1651071,0.0000000},
{0.5073663,0.7622349,0.1829353,0.4536566,0.7428399,0.1633798,0.6271993,0.9068054,0.1922919,0.7245239,0.9973268,0.2187101,0.7340849,0.8503962,0.3978485,0.6862000,0.8434000,0.4752000,0.6573000,0.6785000,0.3616000,0.6985000,0.6112000,0.2729000,0.7079000,0.5584000,0.3811000,0.7906000,0.4723000,0.5207000,0.3182822,-0.1651071,0.0000000},
{0.5072939,0.7624208,0.1828869,0.4534695,0.7435788,0.1631075,0.6270892,0.9065925,0.1922710,0.7241416,0.9969284,0.2184781,0.7338284,0.8502018,0.3976894,0.6858000,0.8442000,0.4748000,0.6567000,0.6792000,0.3614000,0.6981000,0.6116000,0.2729000,0.7072000,0.5589000,0.3813000,0.7898000,0.4731000,0.5210000,0.3182822,-0.1651071,0.0000000},
{0.5072194,0.7626127,0.1828369,0.4533737,0.7439605,0.1629667,0.6269599,0.9063423,0.1922466,0.7236947,0.9964615,0.2182075,0.7335596,0.8499977,0.3975228,0.6853000,0.8449000,0.4743000,0.6562000,0.6798000,0.3612000,0.6977000,0.6119000,0.2728000,0.7066000,0.5595000,0.3813000,0.7889000,0.4739000,0.5212000,0.3182822,-0.1651071,0.0000000},
{0.5071452,0.7628038,0.1827871,0.4533204,0.7441734,0.1628881,0.6267667,0.9059676,0.1922102,0.7232658,0.9960122,0.2179485,0.7333144,0.8498113,0.3973711,0.6848000,0.8455000,0.4738000,0.6556000,0.6803000,0.3610000,0.6973000,0.6123000,0.2727000,0.7059000,0.5599000,0.3814000,0.7881000,0.4746000,0.5214000,0.3182822,-0.1651071,0.0000000},
{0.5070910,0.7629438,0.1827505,0.4532501,0.7444552,0.1627839,0.6265947,0.9056335,0.1921779,0.7227720,0.9954935,0.2176510,0.7329157,0.8495075,0.3971246,0.6842000,0.8462000,0.4732000,0.6551000,0.6807000,0.3607000,0.6968000,0.6125000,0.2726000,0.7053000,0.5603000,0.3814000,0.7873000,0.4752000,0.5217000,0.3182822,-0.1651071,0.0000000},
{0.5071442,0.7628064,0.1827864,0.4531821,0.7447292,0.1626826,0.6263632,0.9051824,0.1921347,0.7221955,0.9948857,0.2173046,0.7325827,0.8492532,0.3969190,0.6835000,0.8467000,0.4725000,0.6544000,0.6812000,0.3603000,0.6964000,0.6128000,0.2725000,0.7046000,0.5607000,0.3813000,0.7865000,0.4759000,0.5219000,0.3182822,-0.1651071,0.0000000}
};
