fitErrPi Mean = 0.375718
fitErrTh Mean = 0.0173835
fitErrWr Mean = 0.00755681
fitErrLA Mean = 0.237255
fitErrEl Mean = 0.157605
fitErrUA Mean = 0.217103
efPts = {
{0.5700893,0.8023144,0.1180354,0.0242812,0.7054045,-0.0380664,0.6943439,0.8675810,0.1422651,0.7416430,0.9726942,0.1873960,0.2905580,0.1927434,0.4588549,0.6699000,0.8384000,0.4406000,0.6749000,0.7461000,0.3359000,0.7089000,0.6689000,0.3456000,0.7180000,0.6005000,0.3752000,0.7767000,0.5401000,0.4685000,0.5919937,0.7206447,-0.0653852},
{0.5658826,0.8040703,0.1203609,0.5138344,0.7658496,0.1001360,0.6934758,0.8666686,0.1423417,0.7406143,0.9717528,0.1877039,0.5269002,0.7007565,0.3698124,0.6667000,0.8389000,0.4395000,0.6728000,0.7465000,0.3347000,0.7065000,0.6692000,0.3451000,0.7154000,0.6009000,0.3750000,0.7737000,0.5407000,0.4688000,0.5894058,0.7201206,-0.0665426},
{0.5608250,0.8060939,0.1230530,0.5097533,0.7681841,0.1037045,0.6924083,0.8655439,0.1424355,0.7394024,0.9706393,0.1880678,0.5248772,0.7021861,0.3696024,0.6637000,0.8395000,0.4383000,0.6703000,0.7467000,0.3337000,0.7041000,0.6694000,0.3446000,0.7128000,0.6014000,0.3747000,0.7707000,0.5414000,0.4690000,0.5861626,0.7194613,-0.0679974},
{0.5551141,0.8082719,0.1259661,0.5048441,0.7708485,0.1077580,0.6910628,0.8641223,0.1425534,0.7379124,0.9692638,0.1885167,0.5230733,0.7034554,0.3694161,0.6607000,0.8400000,0.4373000,0.6682000,0.7470000,0.3329000,0.7015000,0.6697000,0.3440000,0.7103000,0.6019000,0.3744000,0.7676000,0.5420000,0.4692000,0.5825710,0.7187278,-0.0696142},
{0.5486711,0.8106028,0.1291026,0.4990175,0.7738321,0.1122716,0.6894464,0.8624084,0.1426943,0.7362308,0.9677028,0.1890257,0.5211560,0.7047987,0.3692191,0.6578000,0.8406000,0.4362000,0.6658000,0.7473000,0.3321000,0.6989000,0.6699000,0.3436000,0.7077000,0.6023000,0.3741000,0.7644000,0.5427000,0.4694000,0.5786642,0.7179259,-0.0713797},
{0.5414837,0.8130566,0.1324279,0.4923161,0.7770544,0.1171150,0.6876392,0.8604843,0.1428510,0.7341675,0.9657750,0.1896534,0.5192675,0.7061159,0.3690260,0.6549000,0.8411000,0.4353000,0.6635000,0.7475000,0.3313000,0.6963000,0.6701000,0.3431000,0.7051000,0.6028000,0.3738000,0.7613000,0.5433000,0.4696000,0.5739183,0.7169463,-0.0735340},
{0.5334762,0.8156225,0.1359337,0.4847868,0.7804427,0.1221706,0.6854667,0.8581602,0.1430382,0.7319296,0.9636682,0.1903382,0.5173262,0.7074641,0.3688285,0.6521000,0.8417000,0.4344000,0.6611000,0.7477000,0.3306000,0.6936000,0.6703000,0.3426000,0.7025000,0.6033000,0.3735000,0.7581000,0.5440000,0.4698000,0.5690913,0.7159435,-0.0757359},
{0.5249518,0.8181746,0.1394529,0.4763230,0.7839967,0.1274299,0.6831767,0.8556973,0.1432342,0.7295405,0.9614010,0.1910739,0.5152282,0.7089142,0.3686162,0.6494000,0.8422000,0.4337000,0.6585000,0.7478000,0.3300000,0.6909000,0.6703000,0.3421000,0.6999000,0.6037000,0.3732000,0.7549000,0.5446000,0.4700000,0.5635540,0.7147854,-0.0782753},
{0.5157217,0.8207453,0.1430348,0.4671137,0.7875963,0.1327077,0.6805866,0.8528954,0.1434541,0.7269098,0.9588826,0.1918896,0.5131997,0.7103097,0.3684121,0.6467000,0.8428000,0.4329000,0.6561000,0.7480000,0.3293000,0.6882000,0.6703000,0.3417000,0.6974000,0.6042000,0.3730000,0.7517000,0.5452000,0.4701000,0.5579150,0.7135972,-0.0808762},
{0.5059042,0.8232758,0.1466031,0.4571088,0.7912301,0.1379812,0.6778399,0.8499051,0.1436852,0.7239955,0.9560657,0.1928002,0.5110207,0.7118013,0.3681941,0.6440000,0.8430000,0.4323000,0.6537000,0.7480000,0.3287000,0.6854000,0.6703000,0.3412000,0.6948000,0.6046000,0.3727000,0.7486000,0.5457000,0.4703000,0.5518813,0.7123162,-0.0836759},
{0.4955231,0.8257395,0.1501246,0.4465725,0.7947816,0.1430768,0.6748863,0.8466675,0.1439315,0.7209320,0.9530739,0.1937652,0.5089018,0.7132445,0.3679833,0.6414000,0.8434000,0.4317000,0.6511000,0.7479000,0.3282000,0.6829000,0.6703000,0.3407000,0.6922000,0.6051000,0.3724000,0.7455000,0.5463000,0.4705000,0.5455478,0.7109606,-0.0866332},
{0.4846506,0.8281018,0.1535543,0.4352199,0.7983266,0.1480989,0.6716775,0.8431242,0.1441963,0.7177421,0.9499247,0.1947787,0.5064303,0.7149190,0.3677389,0.6387000,0.8436000,0.4311000,0.6485000,0.7478000,0.3277000,0.6798000,0.6701000,0.3403000,0.6896000,0.6056000,0.3721000,0.7424000,0.5468000,0.4706000,0.5390426,0.7095566,-0.0896908},
{0.4733006,0.8303452,0.1568706,0.4234994,0.8017111,0.1528257,0.6683024,0.8393680,0.1444716,0.7143666,0.9465543,0.1958610,0.5040119,0.7165481,0.3675013,0.6361000,0.8437000,0.4306000,0.6460000,0.7477000,0.3272000,0.6798000,0.6701000,0.3403000,0.6871000,0.6060000,0.3718000,0.7393000,0.5473000,0.4707000,0.5322594,0.7080799,-0.0929006},
{0.4615739,0.8324383,0.1600303,0.4113462,0.8049525,0.1572813,0.6648498,0.8354941,0.1447500,0.7109251,0.9430774,0.1969747,0.5014081,0.7182919,0.3672473,0.6334000,0.8438000,0.4300000,0.6435000,0.7476000,0.3267000,0.6778000,0.6703000,0.3396000,0.6845000,0.6065000,0.3715000,0.7363000,0.5478000,0.4707000,0.5254234,0.7065785,-0.0961581},
{0.4496359,0.8343473,0.1629839,0.3987912,0.8080386,0.1614475,0.6612074,0.8313724,0.1450399,0.7070625,0.9391254,0.1982374,0.4987435,0.7200653,0.3669892,0.6306000,0.8439000,0.4296000,0.6408000,0.7474000,0.3261000,0.6757000,0.6705000,0.3388000,0.6819000,0.6069000,0.3713000,0.7332000,0.5484000,0.4707000,0.5186305,0.7050734,-0.0994175},
{0.4372608,0.8361015,0.1657792,0.3860607,0.8109158,0.1652529,0.6574147,0.8270424,0.1453378,0.7031975,0.9351179,0.1995145,0.4959736,0.7218971,0.3667229,0.6278000,0.8439000,0.4292000,0.6382000,0.7472000,0.3256000,0.6736000,0.6707000,0.3381000,0.6793000,0.6074000,0.3710000,0.7301000,0.5489000,0.4707000,0.5117276,0.7035304,-0.1027530},
{0.4247788,0.8376494,0.1683360,0.3730306,0.8136155,0.1687401,0.6535714,0.8226143,0.1456353,0.6992752,0.9309960,0.2008245,0.4932381,0.7236944,0.3664618,0.6250000,0.8440000,0.4290000,0.6357000,0.7469000,0.3251000,0.6716000,0.6709000,0.3373000,0.6767000,0.6079000,0.3707000,0.7270000,0.5494000,0.4706000,0.5044496,0.7018885,-0.1062953},
{0.4119738,0.8390153,0.1706956,0.3598067,0.8161165,0.1718818,0.6494987,0.8178772,0.1459458,0.6951365,0.9265855,0.2022225,0.4903686,0.7255672,0.3661901,0.6221000,0.8440000,0.4287000,0.6331000,0.7467000,0.3246000,0.6695000,0.6712000,0.3366000,0.6742000,0.6083000,0.3704000,0.7239000,0.5500000,0.4704000,0.4974155,0.7002870,-0.1097440},
{0.3990477,0.8401737,0.1728161,0.3464770,0.8184063,0.1746641,0.6453187,0.8129669,0.1462594,0.6909359,0.9220439,0.2036580,0.4874546,0.7274561,0.3659163,0.6192000,0.8441000,0.4285000,0.6303000,0.7462000,0.3241000,0.6674000,0.6714000,0.3358000,0.6716000,0.6088000,0.3701000,0.7207000,0.5505000,0.4703000,0.4903672,0.6986676,-0.1132246},
{0.3857658,0.8411400,0.1747292,0.3330237,0.8204919,0.1770973,0.6411524,0.8080234,0.1465667,0.6867338,0.9174339,0.2051111,0.4844864,0.7293666,0.3656397,0.6162000,0.8442000,0.4282000,0.6276000,0.7457000,0.3235000,0.6653000,0.6716000,0.3351000,0.6716000,0.6088000,0.3701000,0.7175000,0.5511000,0.4700000,0.4830533,0.6969716,-0.1168632},
{0.3727599,0.8418711,0.1763476,0.3194650,0.8223728,0.1791820,0.6367552,0.8027516,0.1468852,0.6824187,0.9126291,0.2066214,0.4812677,0.7314230,0.3653424,0.6132000,0.8441000,0.4278000,0.6248000,0.7453000,0.3229000,0.6633000,0.6718000,0.3343000,0.6693000,0.6093000,0.3694000,0.7144000,0.5516000,0.4697000,0.4762048,0.6953689,-0.1202951},
{0.3595228,0.8424009,0.1777404,0.3060017,0.8240271,0.1808972,0.6324591,0.7975465,0.1471906,0.6781113,0.9077599,0.2081477,0.4783023,0.7333036,0.3650708,0.6101000,0.8439000,0.4274000,0.6221000,0.7449000,0.3223000,0.6612000,0.6720000,0.3336000,0.6669000,0.6096000,0.3685000,0.7111000,0.5522000,0.4693000,0.4692469,0.6937261,-0.1238067},
{0.3465051,0.8427135,0.1788631,0.2925988,0.8254671,0.1822607,0.6281585,0.7922812,0.1474906,0.6738644,0.9028863,0.2096711,0.4752174,0.7352456,0.3647907,0.6070000,0.8436000,0.4269000,0.6193000,0.7445000,0.3216000,0.6591000,0.6722000,0.3328000,0.6644000,0.6100000,0.3678000,0.7080000,0.5527000,0.4689000,0.4623477,0.6920825,-0.1273137},
{0.3336282,0.8428210,0.1797343,0.2793424,0.8266913,0.1832764,0.6240603,0.7872120,0.1477709,0.6697409,0.8980837,0.2111683,0.4721578,0.7371574,0.3645153,0.6040000,0.8433000,0.4264000,0.6166000,0.7441000,0.3209000,0.6570000,0.6725000,0.3321000,0.6621000,0.6105000,0.3670000,0.7048000,0.5533000,0.4684000,0.4554223,0.6904179,-0.1308595},
{0.3209966,0.8427320,0.1803584,0.2663480,0.8276995,0.1839531,0.6199202,0.7820390,0.1480485,0.6656059,0.8931964,0.2126879,0.4692168,0.7389818,0.3642528,0.6009000,0.8430000,0.4259000,0.6139000,0.7437000,0.3203000,0.6550000,0.6727000,0.3313000,0.6599000,0.6108000,0.3662000,0.7018000,0.5538000,0.4679000,0.4487560,0.6888013,-0.1342968},
{0.3087233,0.8424607,0.1807456,0.2537223,0.8284975,0.1843086,0.6159397,0.7770154,0.1483101,0.6616576,0.8884617,0.2141563,0.4662145,0.7408305,0.3639871,0.5979000,0.8427000,0.4254000,0.6112000,0.7433000,0.3196000,0.6529000,0.6729000,0.3305000,0.6575000,0.6113000,0.3653000,0.6988000,0.5544000,0.4674000,0.4422115,0.6872006,-0.1376947},
{0.2969265,0.8420271,0.1809127,0.2415609,0.8290960,0.1843681,0.6118598,0.7718146,0.1485728,0.6576399,0.8835739,0.2156684,0.4633015,0.7426113,0.3637315,0.5950000,0.8424000,0.4246000,0.6085000,0.7429000,0.3189000,0.6508000,0.6731000,0.3298000,0.6554000,0.6118000,0.3646000,0.6960000,0.5549000,0.4669000,0.4356296,0.6855769,-0.1411357},
{0.2855992,0.8414496,0.1808820,0.2299802,0.8295093,0.1841642,0.6080447,0.7669032,0.1488133,0.6538126,0.8788509,0.2171259,0.4605446,0.7442849,0.3634916,0.5928000,0.8416000,0.4231000,0.6058000,0.7424000,0.3184000,0.6487000,0.6733000,0.3290000,0.6531000,0.6121000,0.3638000,0.6932000,0.5555000,0.4664000,0.4295067,0.6840538,-0.1443584},
{0.2748503,0.8407534,0.1806773,0.2189853,0.8297581,0.1837318,0.6041327,0.7618182,0.1490547,0.6500463,0.8741379,0.2185768,0.4580179,0.7458086,0.3632734,0.5897000,0.8413000,0.4224000,0.6034000,0.7419000,0.3177000,0.6467000,0.6735000,0.3283000,0.6512000,0.6127000,0.3630000,0.6906000,0.5561000,0.4659000,0.4237005,0.6825982,-0.1474337},
{0.2647420,0.8399650,0.1803260,0.2086724,0.8298619,0.1831108,0.6005928,0.7571733,0.1492685,0.6464222,0.8695404,0.2199890,0.4554535,0.7473453,0.3630536,0.5865000,0.8410000,0.4217000,0.6009000,0.7413000,0.3172000,0.6446000,0.6738000,0.3275000,0.6490000,0.6128000,0.3623000,0.6880000,0.5566000,0.4654000,0.4180241,0.6811643,-0.1504588},
{0.2551901,0.8390983,0.1798498,0.1990436,0.8298431,0.1823386,0.5970618,0.7524982,0.1494773,0.6430373,0.8651896,0.2213224,0.4532228,0.7486740,0.3628638,0.5833000,0.8406000,0.4211000,0.5984000,0.7407000,0.3166000,0.6425000,0.6740000,0.3268000,0.6472000,0.6133000,0.3615000,0.6855000,0.5573000,0.4650000,0.4126570,0.6797986,-0.1533360},
{0.2462488,0.8381776,0.1792743,0.1900609,0.8297224,0.1814465,0.5937904,0.7481291,0.1496667,0.6397966,0.8609719,0.2226124,0.4507814,0.7501197,0.3626574,0.5802000,0.8402000,0.4206000,0.5961000,0.7400000,0.3163000,0.6405000,0.6742000,0.3260000,0.6454000,0.6138000,0.3608000,0.6832000,0.5578000,0.4646000,0.4078011,0.6785546,-0.1559535},
{0.2379223,0.8372229,0.1786230,0.1817192,0.8295186,0.1804656,0.5903912,0.7435502,0.1498594,0.6367122,0.8569090,0.2238527,0.4484614,0.7514851,0.3624628,0.5771000,0.8396000,0.4200000,0.5938000,0.7396000,0.3159000,0.6384000,0.6744000,0.3253000,0.6436000,0.6139000,0.3602000,0.6809000,0.5585000,0.4642000,0.4029718,0.6773093,-0.1585705},
{0.2300834,0.8362361,0.1779054,0.1738788,0.8292443,0.1794060,0.5873683,0.7394441,0.1500272,0.6337156,0.8529152,0.2250695,0.4462958,0.7527525,0.3622823,0.5742000,0.8391000,0.4195000,0.5916000,0.7390000,0.3157000,0.6363000,0.6746000,0.3245000,0.6417000,0.6143000,0.3598000,0.6788000,0.5590000,0.4639000,0.3987427,0.6762122,-0.1608735},
{0.2226212,0.8352155,0.1771260,0.1665383,0.8289126,0.1782894,0.5843051,0.7352501,0.1501936,0.6307926,0.8489745,0.2262679,0.4442633,0.7539355,0.3621139,0.5715000,0.8386000,0.4189000,0.5894000,0.7384000,0.3153000,0.6342000,0.6748000,0.3238000,0.6402000,0.6147000,0.3593000,0.6768000,0.5596000,0.4638000,0.3946615,0.6751476,-0.1631061},
{0.2157711,0.8342069,0.1763255,0.1595938,0.8285301,0.1771188,0.5813562,0.7311805,0.1503504,0.6280757,0.8452709,0.2273922,0.4425184,0.7549464,0.3619702,0.5689000,0.8382000,0.4184000,0.5872000,0.7379000,0.3149000,0.6322000,0.6750000,0.3230000,0.6386000,0.6149000,0.3590000,0.6749000,0.5602000,0.4636000,0.3904602,0.6740455,-0.1654149},
{0.2091038,0.8331577,0.1754662,0.1530138,0.8281040,0.1759038,0.5784468,0.7271344,0.1505018,0.6253941,0.8415762,0.2285120,0.4409542,0.7558485,0.3618421,0.5665000,0.8380000,0.4178000,0.5852000,0.7372000,0.3147000,0.6301000,0.6753000,0.3222000,0.6371000,0.6150000,0.3585000,0.6732000,0.5607000,0.4635000,0.3865503,0.6730141,-0.1675733},
{0.2030006,0.8321370,0.1746082,0.1467751,0.8276410,0.1746536,0.5758643,0.7235163,0.1506334,0.6227809,0.8379373,0.2296130,0.4394041,0.7567391,0.3617157,0.5643000,0.8377000,0.4173000,0.5833000,0.7369000,0.3142000,0.6280000,0.6755000,0.3215000,0.6356000,0.6151000,0.3583000,0.6716000,0.5613000,0.4635000,0.3826310,0.6719748,-0.1697462},
{0.1971544,0.8311040,0.1737207,0.1408715,0.8271481,0.1733796,0.5733773,0.7200084,0.1507576,0.6204297,0.8346304,0.2306120,0.4381247,0.7574713,0.3616118,0.5623000,0.8376000,0.4167000,0.5816000,0.7364000,0.3140000,0.6280000,0.6755000,0.3215000,0.6342000,0.6152000,0.3581000,0.6701000,0.5618000,0.4634000,0.3788475,0.6709662,-0.1718529},
{0.1915472,0.8300609,0.1728074,0.1351895,0.8266217,0.1720669,0.5707557,0.7162850,0.1508858,0.6183336,0.8316552,0.2315096,0.4366511,0.7583118,0.3614927,0.5604000,0.8374000,0.4162000,0.5800000,0.7362000,0.3135000,0.6268000,0.6756000,0.3211000,0.6328000,0.6154000,0.3579000,0.6689000,0.5620000,0.4635000,0.3751499,0.6699755,-0.1739205},
{0.1862640,0.8290298,0.1718897,0.1297686,0.8260703,0.1707327,0.5685593,0.7131449,0.1509910,0.6163310,0.8287888,0.2323732,0.4357215,0.7588403,0.3614178,0.5586000,0.8373000,0.4157000,0.5786000,0.7360000,0.3133000,0.6255000,0.6758000,0.3208000,0.6315000,0.6154000,0.3579000,0.6677000,0.5624000,0.4635000,0.3716698,0.6690384,-0.1758743},
{0.1813427,0.8280260,0.1709835,0.1245683,0.8254946,0.1693749,0.5663242,0.7099301,0.1510960,0.6143606,0.8259450,0.2332290,0.4344311,0.7595718,0.3613142,0.5569000,0.8373000,0.4153000,0.5774000,0.7358000,0.3130000,0.6241000,0.6757000,0.3206000,0.6302000,0.6154000,0.3578000,0.6664000,0.5628000,0.4635000,0.3685108,0.6681838,-0.1776545},
{0.1766276,0.8270240,0.1700674,0.1196314,0.8249041,0.1680129,0.5642659,0.7069520,0.1511908,0.6125448,0.8233035,0.2340229,0.4334463,0.7601284,0.3612355,0.5552000,0.8372000,0.4149000,0.5763000,0.7357000,0.3127000,0.6227000,0.6755000,0.3204000,0.6290000,0.6154000,0.3576000,0.6653000,0.5634000,0.4635000,0.3653142,0.6673153,-0.1794625},
{0.1721676,0.8260389,0.1691567,0.1147880,0.8242815,0.1666048,0.5622036,0.7039510,0.1512840,0.6106986,0.8205969,0.2348355,0.4323613,0.7607400,0.3611490,0.5537000,0.8372000,0.4145000,0.5752000,0.7354000,0.3125000,0.6227000,0.6755000,0.3204000,0.6281000,0.6155000,0.3573000,0.6642000,0.5639000,0.4635000,0.3617693,0.6663476,-0.1814751},
{0.1680899,0.8251056,0.1682853,0.1101183,0.8236393,0.1651774,0.5602972,0.7011614,0.1513685,0.6090505,0.8181627,0.2355655,0.4315379,0.7612029,0.3610835,0.5522000,0.8371000,0.4140000,0.5742000,0.7353000,0.3122000,0.6204000,0.6755000,0.3199000,0.6270000,0.6155000,0.3573000,0.6632000,0.5643000,0.4634000,0.3586208,0.6654841,-0.1832697},
{0.1642165,0.8241894,0.1674225,0.1056824,0.8229896,0.1637554,0.5585968,0.6986608,0.1514426,0.6075183,0.8158841,0.2362481,0.4305669,0.7617476,0.3610065,0.5506000,0.8370000,0.4135000,0.5733000,0.7350000,0.3119000,0.6195000,0.6755000,0.3197000,0.6259000,0.6154000,0.3572000,0.6621000,0.5648000,0.4634000,0.3554561,0.6646123,-0.1850800},
{0.1605164,0.8232865,0.1665654,0.1013265,0.8223124,0.1622940,0.5570175,0.6963273,0.1515102,0.6061014,0.8137635,0.2368828,0.4296882,0.7622392,0.3609371,0.5492000,0.8368000,0.4130000,0.5723000,0.7346000,0.3117000,0.6184000,0.6754000,0.3194000,0.6253000,0.6156000,0.3569000,0.6612000,0.5653000,0.4632000,0.3522729,0.6637314,-0.1869077},
{0.1569884,0.8223997,0.1657174,0.0972760,0.8216466,0.1608748,0.5555149,0.6940976,0.1515735,0.6048157,0.8118279,0.2374617,0.4289125,0.7626723,0.3608760,0.5478000,0.8366000,0.4125000,0.5715000,0.7343000,0.3114000,0.6180000,0.6755000,0.3190000,0.6244000,0.6156000,0.3568000,0.6604000,0.5657000,0.4631000,0.3498140,0.6630483,-0.1883241},
{0.1536139,0.8215273,0.1648776,0.0933570,0.8209678,0.1594443,0.5539474,0.6917612,0.1516384,0.6034933,0.8098255,0.2380600,0.4281311,0.7631077,0.3608145,0.5478000,0.8366000,0.4125000,0.5706000,0.7339000,0.3110000,0.6174000,0.6755000,0.3186000,0.6239000,0.6158000,0.3565000,0.6597000,0.5660000,0.4630000,0.3469590,0.6622520,-0.1899739},
{0.1504337,0.8206829,0.1640598,0.0895447,0.8202735,0.1579964,0.5524919,0.6895825,0.1516977,0.6021334,0.8077540,0.2386784,0.4273586,0.7635372,0.3607539,0.5486000,0.8361000,0.4131000,0.5699000,0.7337000,0.3106000,0.6168000,0.6755000,0.3183000,0.6235000,0.6159000,0.3562000,0.6591000,0.5664000,0.4629000,0.3445665,0.6615823,-0.1913607},
{0.1474719,0.8198765,0.1632745,0.0871717,0.8198239,0.1570660,0.5510592,0.6874289,0.1517551,0.6008402,0.8057727,0.2392694,0.4267056,0.7638996,0.3607028,0.5494000,0.8357000,0.4138000,0.5693000,0.7335000,0.3102000,0.6165000,0.6756000,0.3180000,0.6230000,0.6159000,0.3560000,0.6586000,0.5667000,0.4627000,0.3426705,0.6610500,-0.1924625},
{0.1452959,0.8192715,0.1626827,0.0857304,0.8195441,0.1564896,0.5497059,0.6853863,0.1518085,0.5996459,0.8039324,0.2398179,0.4262721,0.7641398,0.3606690,0.5502000,0.8352000,0.4145000,0.5688000,0.7333000,0.3099000,0.6162000,0.6756000,0.3176000,0.6227000,0.6160000,0.3555000,0.6581000,0.5669000,0.4625000,0.3410017,0.6605802,-0.1934344},
{0.1437886,0.8188461,0.1622652,0.0844232,0.8192858,0.1559595,0.5486627,0.6838064,0.1518491,0.5985878,0.8022938,0.2403060,0.4256647,0.7644760,0.3606216,0.5510000,0.8347000,0.4152000,0.5683000,0.7329000,0.3096000,0.6158000,0.6755000,0.3174000,0.6226000,0.6161000,0.3553000,0.6579000,0.5670000,0.4623000,0.3404302,0.6604190,-0.1937676},
{0.1423703,0.8184410,0.1618667,0.0830417,0.8190081,0.1553913,0.5477471,0.6824156,0.1518842,0.5976753,0.8008743,0.2407285,0.4251490,0.7647609,0.3605814,0.5518000,0.8342000,0.4159000,0.5680000,0.7327000,0.3093000,0.6154000,0.6753000,0.3173000,0.6224000,0.6160000,0.3550000,0.6576000,0.5672000,0.4621000,0.3397481,0.6602265,-0.1941657},
{0.1411521,0.8180894,0.1615200,0.0817292,0.8187397,0.1548440,0.5473008,0.6817364,0.1519012,0.5970775,0.7999412,0.2410061,0.4248278,0.7649382,0.3605565,0.5526000,0.8338000,0.4166000,0.5677000,0.7324000,0.3091000,0.6154000,0.6752000,0.3169000,0.6223000,0.6158000,0.3549000,0.6575000,0.5672000,0.4619000,0.3390316,0.6600241,-0.1945842},
{0.1401615,0.8178008,0.1612350,0.0806663,0.8185191,0.1543952,0.5468940,0.6811166,0.1519166,0.5965675,0.7991429,0.2412435,0.4245609,0.7650854,0.3605357,0.5534000,0.8333000,0.4173000,0.5674000,0.7321000,0.3089000,0.6153000,0.6751000,0.3167000,0.6222000,0.6156000,0.3547000,0.6575000,0.5672000,0.4617000,0.3390316,0.6600241,-0.1945842},
{0.1392874,0.8175442,0.1609812,0.0799212,0.8183626,0.1540777,0.5464453,0.6804319,0.1519335,0.5963948,0.7988722,0.2413240,0.4242828,0.7652387,0.3605142,0.5542000,0.8328000,0.4179000,0.5673000,0.7319000,0.3088000,0.6153000,0.6750000,0.3165000,0.6220000,0.6153000,0.3547000,0.6576000,0.5672000,0.4615000,0.3382018,0.6597894,-0.1950692},
{0.1386625,0.8173597,0.1607984,0.0792143,0.8182128,0.1537741,0.5460639,0.6798492,0.1519478,0.5960573,0.7983426,0.2414814,0.4242737,0.7652436,0.3605135,0.5550000,0.8323000,0.4186000,0.5672000,0.7316000,0.3088000,0.6152000,0.6748000,0.3164000,0.6220000,0.6151000,0.3544000,0.6577000,0.5671000,0.4614000,0.3379841,0.6597278,-0.1951966},
{0.1381763,0.8172154,0.1606554,0.0786447,0.8180911,0.1535279,0.5458695,0.6795521,0.1519551,0.5956746,0.7977411,0.2416602,0.4242148,0.7652761,0.3605089,0.5558000,0.8319000,0.4193000,0.5672000,0.7314000,0.3088000,0.6152000,0.6747000,0.3164000,0.6221000,0.6149000,0.3543000,0.6579000,0.5670000,0.4611000,0.3375018,0.6595912,-0.1954789},
{0.1377761,0.8170963,0.1605372,0.0782021,0.8179959,0.1533355,0.5457640,0.6793907,0.1519590,0.5952123,0.7970129,0.2418766,0.4242371,0.7652638,0.3605106,0.5566000,0.8314000,0.4200000,0.5673000,0.7313000,0.3088000,0.6152000,0.6745000,0.3164000,0.6224000,0.6148000,0.3542000,0.6584000,0.5667000,0.4610000,0.3373135,0.6595379,-0.1955891}
};
