fitErrPi Mean = 0.473805
fitErrTh Mean = 0.00732992
fitErrWr Mean = 0.00418905
fitErrLA Mean = 0.141701
fitErrEl Mean = 0.0489237
fitErrUA Mean = 0.0654737
efPts = {
{0.7671139,0.3631100,0.2733662,0.7821786,0.3072277,0.2657800,1.0485823,1.2259462,0.1455980,1.0547251,1.0193558,0.4325097,0.8791707,1.0278510,0.3803885,0.7295000,0.7150000,0.5321000,0.7455000,0.5959000,0.3986000,0.7486000,0.5817000,0.2741000,0.8173000,0.5178000,0.3717000,0.9397000,0.4270000,0.4593000,0.4523462,0.1126329,0.0847813},
{0.7666763,0.3635699,0.2735383,0.7814515,0.3078200,0.2661487,0.8376441,0.6324585,0.2688801,0.6502540,0.6271250,0.2994215,0.7480931,0.7367370,0.4277471,0.7290000,0.7150000,0.5315000,0.7455000,0.5957000,0.3984000,0.7490000,0.5813000,0.2740000,0.8173000,0.5178000,0.3717000,0.9393000,0.4270000,0.4596000,0.4523462,0.1126329,0.0847813},
{0.7661105,0.3641662,0.2737594,0.7807063,0.3084295,0.2665239,0.8372829,0.6328448,0.2687263,0.6500815,0.6279488,0.2988059,0.7478826,0.7371641,0.4273832,0.7284000,0.7151000,0.5309000,0.7456000,0.5955000,0.3983000,0.7494000,0.5810000,0.2739000,0.8168000,0.5176000,0.3722000,0.9389000,0.4271000,0.4599000,0.4523462,0.1126329,0.0847813},
{0.7655007,0.3648110,0.2739960,0.7797706,0.3091985,0.2669917,0.8367584,0.6334066,0.2685029,0.6498859,0.6288980,0.2980992,0.7476069,0.7377261,0.4269054,0.7278000,0.7153000,0.5304000,0.7456000,0.5953000,0.3981000,0.7498000,0.5807000,0.2737000,0.8169000,0.5180000,0.3717000,0.9384000,0.4272000,0.4602000,0.4523462,0.1126329,0.0847813},
{0.7647523,0.3656055,0.2742838,0.7787883,0.3100099,0.2674785,0.8361497,0.6340596,0.2682433,0.6496920,0.6298536,0.2973904,0.7473245,0.7383055,0.4264141,0.7271000,0.7156000,0.5298000,0.7457000,0.5951000,0.3980000,0.7502000,0.5804000,0.2736000,0.8165000,0.5181000,0.3719000,0.9379000,0.4273000,0.4606000,0.4523462,0.1126329,0.0847813},
{0.7638970,0.3665177,0.2746095,0.7776485,0.3109571,0.2680379,0.8354696,0.6347908,0.2679528,0.6494807,0.6309140,0.2966073,0.7470240,0.7389260,0.4258894,0.7265000,0.7159000,0.5294000,0.7457000,0.5949000,0.3978000,0.7506000,0.5800000,0.2735000,0.8161000,0.5182000,0.3719000,0.9373000,0.4274000,0.4609000,0.4523462,0.1126329,0.0847813},
{0.7628740,0.3676144,0.2749943,0.7763495,0.3120437,0.2686684,0.8347321,0.6355856,0.2676373,0.6492544,0.6320724,0.2957558,0.7467498,0.7394958,0.4254088,0.7259000,0.7164000,0.5289000,0.7458000,0.5947000,0.3977000,0.7510000,0.5797000,0.2733000,0.8157000,0.5184000,0.3719000,0.9366000,0.4275000,0.4612000,0.4523462,0.1126329,0.0847813},
{0.7618939,0.3686712,0.2753581,0.7749822,0.3131957,0.2693238,0.8339558,0.6364242,0.2673047,0.6490218,0.6332879,0.2948665,0.7464335,0.7401576,0.4248522,0.7254000,0.7169000,0.5285000,0.7459000,0.5945000,0.3975000,0.7513000,0.5794000,0.2732000,0.8153000,0.5187000,0.3718000,0.9359000,0.4277000,0.4615000,0.4523462,0.1126329,0.0847813},
{0.7607947,0.3698634,0.2757606,0.7734596,0.3144886,0.2700439,0.8330553,0.6373995,0.2669182,0.6488049,0.6344458,0.2940235,0.7461065,0.7408465,0.4242745,0.7248000,0.7174000,0.5280000,0.7459000,0.5943000,0.3974000,0.7517000,0.5791000,0.2731000,0.8147000,0.5189000,0.3717000,0.9351000,0.4279000,0.4619000,0.4523462,0.1126329,0.0847813},
{0.7595745,0.3711955,0.2762004,0.7717871,0.3159208,0.2708230,0.8323546,0.6381603,0.2666170,0.6485857,0.6356414,0.2931572,0.7457753,0.7415497,0.4236867,0.7242000,0.7181000,0.5277000,0.7460000,0.5941000,0.3972000,0.7521000,0.5787000,0.2729000,0.8142000,0.5192000,0.3717000,0.9343000,0.4282000,0.4622000,0.4523462,0.1126329,0.0847813},
{0.7583725,0.3725167,0.2766264,0.7701126,0.3173673,0.2715905,0.8314841,0.6391081,0.2662421,0.6483711,0.6368379,0.2922945,0.7454729,0.7421961,0.4231478,0.7237000,0.7188000,0.5272000,0.7460000,0.5939000,0.3971000,0.7525000,0.5784000,0.2728000,0.8137000,0.5196000,0.3716000,0.9334000,0.4284000,0.4626000,0.4523462,0.1126329,0.0847813},
{0.7571674,0.3738503,0.2770464,0.7685343,0.3187424,0.2723026,0.8306124,0.6400596,0.2658660,0.6481678,0.6379966,0.2914629,0.7451528,0.7428854,0.4225749,0.7231000,0.7196000,0.5268000,0.7461000,0.5937000,0.3969000,0.7529000,0.5781000,0.2727000,0.8132000,0.5200000,0.3716000,0.9324000,0.4287000,0.4631000,0.4523462,0.1126329,0.0847813},
{0.7560419,0.3751039,0.2774320,0.7669385,0.3201440,0.2730112,0.8299016,0.6408375,0.2655588,0.6479569,0.6392266,0.2905844,0.7447838,0.7436861,0.4219115,0.7226000,0.7204000,0.5264000,0.7461000,0.5935000,0.3968000,0.7533000,0.5778000,0.2726000,0.8126000,0.5205000,0.3716000,0.9314000,0.4290000,0.4635000,0.4523462,0.1126329,0.0847813},
{0.7548655,0.3764226,0.2778284,0.7654138,0.3214939,0.2736777,0.8289487,0.6418831,0.2651464,0.6477383,0.6405320,0.2896567,0.7444422,0.7444333,0.4212945,0.7220000,0.7213000,0.5259000,0.7462000,0.5933000,0.3966000,0.7537000,0.5774000,0.2724000,0.8121000,0.5210000,0.3716000,0.9304000,0.4294000,0.4641000,0.4523462,0.1126329,0.0847813},
{0.7536053,0.3778448,0.2782452,0.7637682,0.3229627,0.2743855,0.8281856,0.6427228,0.2648154,0.6475289,0.6418151,0.2887497,0.7440736,0.7452463,0.4206253,0.7215000,0.7222000,0.5254000,0.7463000,0.5931000,0.3965000,0.7541000,0.5771000,0.2723000,0.8115000,0.5215000,0.3717000,0.9293000,0.4297000,0.4647000,0.4523462,0.1126329,0.0847813},
{0.7522934,0.3793359,0.2786707,0.7620415,0.3245168,0.2751152,0.8271888,0.6438227,0.2643823,0.6473088,0.6431990,0.2877765,0.7437133,0.7460478,0.4199678,0.7210000,0.7231000,0.5249000,0.7463000,0.5929000,0.3963000,0.7545000,0.5768000,0.2722000,0.8109000,0.5221000,0.3718000,0.9282000,0.4302000,0.4654000,0.4523462,0.1126329,0.0847813},
{0.7508232,0.3810199,0.2791372,0.7601006,0.3262799,0.2759197,0.8263005,0.6448058,0.2639956,0.6470955,0.6445786,0.2868115,0.7433271,0.7469142,0.4192595,0.7204000,0.7241000,0.5243000,0.7464000,0.5927000,0.3962000,0.7549000,0.5765000,0.2720000,0.8085000,0.5215000,0.3725000,0.9271000,0.4306000,0.4661000,0.4523462,0.1126329,0.0847813},
{0.7492393,0.3828493,0.2796274,0.7580554,0.3281558,0.2767493,0.8251447,0.6460891,0.2634914,0.6468522,0.6462013,0.2856832,0.7429401,0.7477901,0.4185460,0.7198000,0.7251000,0.5236000,0.7464000,0.5925000,0.3960000,0.7553000,0.5761000,0.2719000,0.8078000,0.5220000,0.3727000,0.9259000,0.4311000,0.4668000,0.4523462,0.1126329,0.0847813},
{0.7474832,0.3848964,0.2801559,0.7558601,0.3301906,0.2776193,0.8238390,0.6475447,0.2629202,0.6466010,0.6479364,0.2844847,0.7424858,0.7488289,0.4177032,0.7193000,0.7262000,0.5229000,0.7465000,0.5923000,0.3959000,0.7557000,0.5758000,0.2718000,0.8070000,0.5224000,0.3729000,0.9248000,0.4315000,0.4676000,0.4523462,0.1126329,0.0847813},
{0.7456129,0.3870984,0.2807013,0.7535548,0.3323505,0.2785097,0.8224909,0.6490538,0.2623289,0.6463438,0.6497829,0.2832179,0.7420039,0.7499427,0.4168034,0.7187000,0.7274000,0.5222000,0.7465000,0.5921000,0.3957000,0.7561000,0.5755000,0.2716000,0.8062000,0.5228000,0.3730000,0.9236000,0.4320000,0.4684000,0.4523462,0.1126329,0.0847813},
{0.7436155,0.3894749,0.2812636,0.7512025,0.3345791,0.2793940,0.8210219,0.6507056,0.2616826,0.6460579,0.6519277,0.2817579,0.7414942,0.7511351,0.4158445,0.7181000,0.7286000,0.5214000,0.7466000,0.5920000,0.3956000,0.7565000,0.5752000,0.2715000,0.8053000,0.5233000,0.3731000,0.9224000,0.4326000,0.4691000,0.4523462,0.1126329,0.0847813},
{0.7415873,0.3919147,0.2818133,0.7486480,0.3370276,0.2803265,0.8194155,0.6525209,0.2609735,0.6457601,0.6542792,0.2801709,0.7409459,0.7524338,0.4148052,0.7175000,0.7299000,0.5205000,0.7467000,0.5918000,0.3954000,0.7569000,0.5748000,0.2714000,0.8044000,0.5238000,0.3733000,0.9211000,0.4331000,0.4699000,0.4523462,0.1126329,0.0847813},
{0.7394429,0.3945237,0.2823708,0.7460013,0.3395954,0.2812619,0.8180017,0.6541261,0.2603475,0.6454641,0.6567547,0.2785155,0.7403629,0.7538339,0.4136906,0.7169000,0.7313000,0.5197000,0.7467000,0.5916000,0.3953000,0.7573000,0.5745000,0.2712000,0.8036000,0.5243000,0.3734000,0.9197000,0.4336000,0.4706000,0.4523462,0.1126329,0.0847813},
{0.7371244,0.3973788,0.2829460,0.7432465,0.3423019,0.2822024,0.8161016,0.6562951,0.2595031,0.6451633,0.6594366,0.2767395,0.7397609,0.7553007,0.4125294,0.7163000,0.7326000,0.5187000,0.7468000,0.5914000,0.3951000,0.7577000,0.5742000,0.2711000,0.8027000,0.5249000,0.3734000,0.9183000,0.4342000,0.4714000,0.4523462,0.1126329,0.0847813},
{0.7346624,0.4004501,0.2835250,0.7403167,0.3452180,0.2831654,0.8141890,0.6584915,0.2586498,0.6448618,0.6623281,0.2748447,0.7391074,0.7569178,0.4112567,0.7157000,0.7341000,0.5178000,0.7468000,0.5914000,0.3951000,0.7581000,0.5739000,0.2710000,0.8021000,0.5256000,0.3734000,0.9168000,0.4348000,0.4722000,0.4523462,0.1126329,0.0847813},
{0.7320416,0.4037648,0.2841049,0.7371758,0.3483875,0.2841550,0.8122705,0.6607083,0.2577903,0.6445636,0.6654361,0.2728306,0.7384899,0.7584703,0.4100420,0.7151000,0.7357000,0.5167000,0.7458000,0.5928000,0.3944000,0.7585000,0.5735000,0.2709000,0.8011000,0.5262000,0.3734000,0.9153000,0.4353000,0.4729000,0.4523462,0.1126329,0.0847813},
{0.7292797,0.4073092,0.2846749,0.7338662,0.3517760,0.2851497,0.8102582,0.6630481,0.2568849,0.6442758,0.6687373,0.2707167,0.7378695,0.7600550,0.4088093,0.7144000,0.7373000,0.5157000,0.7449000,0.5943000,0.3936000,0.7589000,0.5732000,0.2707000,0.8002000,0.5268000,0.3734000,0.9138000,0.4359000,0.4737000,0.4523462,0.1126329,0.0847813},
{0.7264158,0.4110409,0.2852206,0.7304147,0.3553634,0.2861341,0.8078739,0.6658400,0.2558071,0.6439890,0.6724211,0.2683880,0.7370201,0.7622656,0.4071015,0.7139000,0.7390000,0.5146000,0.7439000,0.5959000,0.3929000,0.7593000,0.5729000,0.2706000,0.7993000,0.5273000,0.3734000,0.9122000,0.4365000,0.4745000,0.4523462,0.1126329,0.0847813},
{0.7233729,0.4150698,0.2857491,0.7268031,0.3591761,0.2871062,0.8054883,0.6686548,0.2547232,0.6437290,0.6762453,0.2660034,0.7362102,0.7644202,0.4054501,0.7133000,0.7409000,0.5135000,0.7428000,0.5976000,0.3921000,0.7597000,0.5726000,0.2705000,0.7982000,0.5279000,0.3733000,0.9105000,0.4370000,0.4752000,0.4523462,0.1126329,0.0847813},
{0.7202033,0.4193377,0.2862421,0.7230941,0.3631548,0.2880421,0.8029086,0.6717228,0.2535447,0.6434882,0.6804177,0.2634394,0.7354036,0.7666124,0.4037827,0.7128000,0.7428000,0.5124000,0.7418000,0.5994000,0.3913000,0.7600000,0.5722000,0.2703000,0.7972000,0.5286000,0.3732000,0.9089000,0.4376000,0.4760000,0.4523462,0.1126329,0.0847813},
{0.7169412,0.4238079,0.2866871,0.7191679,0.3674367,0.2889636,0.8003570,0.6747823,0.2523726,0.6432829,0.6847896,0.2607939,0.7345957,0.7688569,0.4020886,0.7122000,0.7448000,0.5112000,0.7407000,0.6012000,0.3904000,0.7604000,0.5719000,0.2702000,0.7961000,0.5292000,0.3732000,0.9070000,0.4382000,0.4767000,0.4523462,0.1126329,0.0847813},
{0.7135187,0.4285843,0.2870845,0.7150901,0.3719612,0.2898444,0.7976321,0.6780776,0.2511136,0.6431154,0.6894668,0.2580094,0.7337554,0.7712459,0.4002997,0.7118000,0.7469000,0.5100000,0.7396000,0.6032000,0.3895000,0.7608000,0.5716000,0.2701000,0.7950000,0.5299000,0.3731000,0.9052000,0.4388000,0.4774000,0.4523462,0.1126329,0.0847813},
{0.7100022,0.4335865,0.2874167,0.7108408,0.3767608,0.2906787,0.7945273,0.6818676,0.2496700,0.6429960,0.6943964,0.2551247,0.7329089,0.7737106,0.3984691,0.7114000,0.7489000,0.5087000,0.7385000,0.6052000,0.3885000,0.7612000,0.5713000,0.2699000,0.7939000,0.5306000,0.3730000,0.9033000,0.4394000,0.4781000,0.4523462,0.1126329,0.0847813},
{0.7063983,0.4388153,0.2876750,0.7064029,0.3818667,0.2914578,0.7915761,0.6855055,0.2482885,0.6429325,0.6995486,0.2521633,0.7319532,0.7765680,0.3963656,0.7110000,0.7511000,0.5074000,0.7373000,0.6073000,0.3875000,0.7616000,0.5709000,0.2698000,0.7928000,0.5312000,0.3729000,0.9014000,0.4399000,0.4789000,0.4523462,0.1126329,0.0847813},
{0.7026077,0.4444300,0.2878542,0.7018104,0.3872526,0.2921635,0.7883952,0.6894655,0.2467894,0.6429320,0.7049854,0.2490967,0.7310381,0.7793822,0.3943130,0.7107000,0.7533000,0.5061000,0.7361000,0.6094000,0.3865000,0.7620000,0.5706000,0.2697000,0.7917000,0.5319000,0.3727000,0.8995000,0.4405000,0.4796000,0.4523462,0.1126329,0.0847813},
{0.6987912,0.4502060,0.2879358,0.6970944,0.3928931,0.2927798,0.7851513,0.6935463,0.2452495,0.6430023,0.7106326,0.2459734,0.7300998,0.7823525,0.3921667,0.7104000,0.7556000,0.5047000,0.7350000,0.6115000,0.3853000,0.7624000,0.5703000,0.2695000,0.7906000,0.5326000,0.3726000,0.8975000,0.4412000,0.4803000,0.4523462,0.1126329,0.0847813},
{0.6949221,0.4561921,0.2879136,0.6921658,0.3989091,0.2933043,0.7817822,0.6978304,0.2436384,0.6431508,0.7165248,0.2427805,0.7291775,0.7853605,0.3900136,0.7101000,0.7580000,0.5034000,0.7337000,0.6136000,0.3842000,0.7624000,0.5703000,0.2695000,0.7894000,0.5334000,0.3724000,0.8955000,0.4418000,0.4811000,0.4523462,0.1126329,0.0847813},
{0.6909884,0.4624180,0.2877786,0.6871904,0.4051106,0.2937071,0.7782648,0.7023538,0.2419431,0.6433897,0.7227516,0.2394779,0.7282221,0.7885760,0.3877342,0.7099000,0.7605000,0.5020000,0.7326000,0.6157000,0.3831000,0.7619000,0.5714000,0.2690000,0.7882000,0.5341000,0.3722000,0.8934000,0.4424000,0.4818000,0.4523462,0.1126329,0.0847813},
{0.6869985,0.4688828,0.2875210,0.6820112,0.4117064,0.2939881,0.7748924,0.7067400,0.2403049,0.6437237,0.7291972,0.2361353,0.7272884,0.7918235,0.3854549,0.7097000,0.7631000,0.5006000,0.7315000,0.6179000,0.3821000,0.7611000,0.5725000,0.2679000,0.7870000,0.5349000,0.3720000,0.8911000,0.4431000,0.4825000,0.4523462,0.1126329,0.0847813},
{0.6829793,0.4755549,0.2871332,0.6768014,0.4184895,0.2941244,0.7713670,0.7113778,0.2385786,0.6441488,0.7357029,0.2328386,0.7263303,0.7952725,0.3830587,0.7096000,0.7656000,0.4993000,0.7304000,0.6201000,0.3812000,0.7607000,0.5737000,0.2677000,0.7856000,0.5358000,0.3718000,0.8888000,0.4438000,0.4831000,0.4523462,0.1126329,0.0847813},
{0.6789357,0.4824371,0.2866066,0.6714924,0.4255594,0.2941078,0.7677293,0.7162206,0.2367825,0.6446812,0.7424506,0.2294995,0.7254026,0.7987339,0.3806786,0.7095000,0.7683000,0.4980000,0.7293000,0.6222000,0.3802000,0.7599000,0.5747000,0.2674000,0.7842000,0.5368000,0.3717000,0.8864000,0.4446000,0.4837000,0.4523462,0.1126329,0.0847813},
{0.6749660,0.4893675,0.2859497,0.6661161,0.4328865,0.2939257,0.7641507,0.7210426,0.2350005,0.6453231,0.7493771,0.2261554,0.7244966,0.8022410,0.3782919,0.7096000,0.7709000,0.4968000,0.7281000,0.6244000,0.3793000,0.7596000,0.5761000,0.2666000,0.7828000,0.5376000,0.3715000,0.8840000,0.4452000,0.4842000,0.4523462,0.1126329,0.0847813},
{0.6708829,0.4966862,0.2851211,0.6606758,0.4404787,0.2935659,0.7605428,0.7259634,0.2331885,0.6460865,0.7565369,0.2227862,0.7235978,0.8058556,0.3758577,0.7096000,0.7735000,0.4955000,0.7270000,0.6267000,0.3783000,0.7589000,0.5773000,0.2661000,0.7812000,0.5387000,0.3713000,0.8815000,0.4459000,0.4848000,0.4523462,0.1126329,0.0847813},
{0.6669818,0.5038693,0.2841761,0.6552135,0.4482889,0.2930199,0.7567772,0.7311639,0.2312805,0.6469645,0.7638100,0.2194535,0.7227328,0.8094737,0.3734464,0.7097000,0.7762000,0.4943000,0.7260000,0.6290000,0.3773000,0.7581000,0.5786000,0.2655000,0.7798000,0.5396000,0.3710000,0.8790000,0.4465000,0.4853000,0.4523462,0.1126329,0.0847813},
{0.6629612,0.5114803,0.2830351,0.6497934,0.4562326,0.2922869,0.7531733,0.7362043,0.2294380,0.6479582,0.7711801,0.2161673,0.7218750,0.8132120,0.3709812,0.7099000,0.7789000,0.4931000,0.7249000,0.6314000,0.3763000,0.7573000,0.5797000,0.2650000,0.7783000,0.5406000,0.3708000,0.8764000,0.4471000,0.4858000,0.4523462,0.1126329,0.0847813},
{0.6590452,0.5191099,0.2817497,0.6443439,0.4644233,0.2913489,0.7495277,0.7413674,0.2275573,0.6490666,0.7786224,0.2129409,0.7210751,0.8168475,0.3686089,0.7102000,0.7816000,0.4920000,0.7237000,0.6339000,0.3751000,0.7562000,0.5808000,0.2645000,0.7767000,0.5415000,0.3705000,0.8737000,0.4478000,0.4863000,0.4523462,0.1126329,0.0847813},
{0.6551789,0.5268677,0.2802996,0.6390041,0.4726575,0.2902240,0.7459359,0.7465188,0.2256877,0.6502843,0.7860938,0.2097939,0.7202912,0.8205660,0.3662076,0.7104000,0.7844000,0.4909000,0.7227000,0.6365000,0.3740000,0.7552000,0.5819000,0.2640000,0.7750000,0.5425000,0.3703000,0.8710000,0.4485000,0.4868000,0.4523462,0.1126329,0.0847813},
{0.6513660,0.5347549,0.2786794,0.6336854,0.4810760,0.2888898,0.7423218,0.7517686,0.2237892,0.6516281,0.7936836,0.2066906,0.7195454,0.8242651,0.3638435,0.7108000,0.7872000,0.4899000,0.7216000,0.6392000,0.3728000,0.7542000,0.5829000,0.2637000,0.7734000,0.5436000,0.3700000,0.8682000,0.4492000,0.4873000,0.4523462,0.1126329,0.0847813},
{0.6476950,0.5425885,0.2769264,0.6283998,0.4896689,0.2873400,0.7388519,0.7568730,0.2219498,0.6530778,0.8012688,0.2036826,0.7188154,0.8280570,0.3614454,0.7112000,0.7901000,0.4889000,0.7208000,0.6420000,0.3717000,0.7531000,0.5842000,0.2633000,0.7717000,0.5446000,0.3698000,0.8653000,0.4499000,0.4878000,0.4523462,0.1126329,0.0847813},
{0.6441317,0.5504378,0.2750277,0.6231885,0.4983773,0.2855791,0.7353561,0.7620802,0.2200798,0.6546723,0.8090358,0.2006989,0.7181415,0.8317284,0.3591476,0.7117000,0.7929000,0.4879000,0.7198000,0.6447000,0.3707000,0.7518000,0.5857000,0.2629000,0.7700000,0.5458000,0.3696000,0.8624000,0.4506000,0.4883000,0.4523462,0.1126329,0.0847813},
{0.6405773,0.5585304,0.2729222,0.6181770,0.5069880,0.2836527,0.7319121,0.7672758,0.2182205,0.6564081,0.8169374,0.1977631,0.7175182,0.8352905,0.3569405,0.7122000,0.7957000,0.4870000,0.7189000,0.6474000,0.3697000,0.7504000,0.5873000,0.2626000,0.7683000,0.5469000,0.3694000,0.8596000,0.4513000,0.4888000,0.4523462,0.1126329,0.0847813},
{0.6371668,0.5665672,0.2706835,0.6132076,0.5157721,0.2815000,0.7284093,0.7726283,0.2163117,0.6582631,0.8248583,0.1949208,0.7169167,0.8389016,0.3547252,0.7127000,0.7984000,0.4862000,0.7179000,0.6501000,0.3688000,0.7490000,0.5889000,0.2622000,0.7666000,0.5479000,0.3692000,0.8567000,0.4520000,0.4894000,0.4523462,0.1126329,0.0847813},
{0.6338871,0.5745734,0.2683074,0.6085096,0.5243188,0.2792257,0.7250064,0.7778957,0.2144397,0.6601007,0.8322611,0.1923555,0.7163223,0.8426622,0.3524416,0.7132000,0.8011000,0.4853000,0.7169000,0.6527000,0.3679000,0.7474000,0.5905000,0.2620000,0.7648000,0.5490000,0.3691000,0.8538000,0.4527000,0.4901000,0.4523462,0.1126329,0.0847813},
{0.6306219,0.5828450,0.2657000,0.6036582,0.5334127,0.2766127,0.7215508,0.7833148,0.2125205,0.6621358,0.8400244,0.1897598,0.7157668,0.8463779,0.3502085,0.7137000,0.8037000,0.4844000,0.7159000,0.6554000,0.3669000,0.7456000,0.5921000,0.2617000,0.7630000,0.5499000,0.3690000,0.8510000,0.4535000,0.4907000,0.4523462,0.1126329,0.0847813},
{0.6275638,0.5908971,0.2630126,0.5991186,0.5421910,0.2739025,0.7182131,0.7886177,0.2106490,0.6642614,0.8477155,0.1872841,0.7152475,0.8500585,0.3480191,0.7142000,0.8063000,0.4835000,0.7150000,0.6581000,0.3659000,0.7444000,0.5941000,0.2609000,0.7613000,0.5509000,0.3689000,0.8482000,0.4543000,0.4914000,0.4523462,0.1126329,0.0847813},
{0.6245683,0.5991074,0.2601207,0.5946241,0.5511627,0.2709424,0.7150574,0.7936956,0.2088628,0.6664886,0.8553811,0.1849119,0.7147666,0.8536782,0.3458876,0.7146000,0.8088000,0.4826000,0.7141000,0.6605000,0.3650000,0.7418000,0.5950000,0.2614000,0.7596000,0.5517000,0.3688000,0.8452000,0.4551000,0.4921000,0.4523462,0.1126329,0.0847813},
{0.6216948,0.6073245,0.2570720,0.5902462,0.5601975,0.2677672,0.7118018,0.7990011,0.2070026,0.6688256,0.8630476,0.1826352,0.7143286,0.8571845,0.3438434,0.7151000,0.8114000,0.4818000,0.7131000,0.6630000,0.3642000,0.7398000,0.5964000,0.2612000,0.7579000,0.5526000,0.3688000,0.8424000,0.4560000,0.4928000,0.4523462,0.1126329,0.0847813},
{0.6190280,0.6152935,0.2539670,0.5861885,0.5688607,0.2645390,0.7086164,0.8042599,0.2051650,0.6712205,0.8705543,0.1804995,0.7139188,0.8606832,0.3418235,0.7155000,0.8139000,0.4810000,0.7122000,0.6654000,0.3634000,0.7377000,0.5979000,0.2610000,0.7560000,0.5537000,0.3687000,0.8395000,0.4569000,0.4934000,0.4523462,0.1126329,0.0847813},
{0.6164672,0.6233046,0.2506968,0.5820959,0.5779126,0.2609731,0.7055408,0.8094030,0.2033736,0.6737093,0.8780233,0.1784673,0.7135417,0.8641287,0.3398537,0.7159000,0.8163000,0.4803000,0.7112000,0.6677000,0.3626000,0.7358000,0.5994000,0.2609000,0.7541000,0.5547000,0.3687000,0.8366000,0.4579000,0.4941000,0.4523462,0.1126329,0.0847813},
{0.6140765,0.6311534,0.2473467,0.5782520,0.5867373,0.2573052,0.7025176,0.8145229,0.2015960,0.6763351,0.8855772,0.1765071,0.7132128,0.8673501,0.3380291,0.7163000,0.8187000,0.4797000,0.7101000,0.6700000,0.3618000,0.7340000,0.6007000,0.2607000,0.7522000,0.5558000,0.3687000,0.8337000,0.4588000,0.4948000,0.4523462,0.1126329,0.0847813},
{0.6117877,0.6390610,0.2438230,0.5745203,0.5956438,0.2534098,0.6995973,0.8195310,0.1998627,0.6790291,0.8930166,0.1746713,0.7128986,0.8706586,0.3361726,0.7167000,0.8211000,0.4790000,0.7089000,0.6722000,0.3611000,0.7323000,0.6021000,0.2605000,0.7502000,0.5569000,0.3688000,0.8310000,0.4599000,0.4955000,0.4523462,0.1126329,0.0847813},
{0.6096216,0.6469666,0.2401490,0.5710432,0.6042858,0.2494416,0.6967034,0.8245563,0.1981288,0.6817446,0.9002282,0.1729828,0.7126285,0.8737286,0.3344656,0.7171000,0.8233000,0.4783000,0.7077000,0.6742000,0.3605000,0.7307000,0.6035000,0.2604000,0.7483000,0.5579000,0.3688000,0.8282000,0.4609000,0.4961000,0.4523462,0.1126329,0.0847813},
{0.6076666,0.6545263,0.2364918,0.5676597,0.6130609,0.2452193,0.6938840,0.8295140,0.1964234,0.6845431,0.9073870,0.1713967,0.7123790,0.8767979,0.3327740,0.7174000,0.8256000,0.4777000,0.7064000,0.6762000,0.3599000,0.7290000,0.6049000,0.2602000,0.7465000,0.5591000,0.3689000,0.8256000,0.4619000,0.4969000,0.4523462,0.1126329,0.0847813},
{0.6058373,0.6620447,0.2327120,0.5645486,0.6214995,0.2409721,0.6911471,0.8343865,0.1947524,0.6873958,0.9144247,0.1699264,0.7121506,0.8798610,0.3311009,0.7178000,0.8278000,0.4771000,0.7051000,0.6781000,0.3593000,0.7268000,0.6062000,0.2599000,0.7447000,0.5602000,0.3690000,0.8230000,0.4630000,0.4976000,0.4523462,0.1126329,0.0847813},
{0.6041859,0.6692875,0.2289337,0.5616113,0.6298477,0.2365863,0.6885258,0.8391102,0.1931371,0.6903006,0.9213441,0.1685686,0.7119541,0.8827452,0.3295390,0.7180000,0.8300000,0.4764000,0.7037000,0.6798000,0.3587000,0.7255000,0.6076000,0.2599000,0.7429000,0.5612000,0.3692000,0.8204000,0.4639000,0.4984000,0.4523462,0.1126329,0.0847813},
{0.6026449,0.6765350,0.2250148,0.5588825,0.6379952,0.2321251,0.6859878,0.8437386,0.1915589,0.6932311,0.9280924,0.1673297,0.7117776,0.8855973,0.3280076,0.7183000,0.8322000,0.4758000,0.7024000,0.6816000,0.3582000,0.7244000,0.6090000,0.2599000,0.7412000,0.5623000,0.3693000,0.8180000,0.4650000,0.4992000,0.4523462,0.1126329,0.0847813},
{0.6012475,0.6836278,0.2210425,0.5563624,0.6459203,0.2276099,0.6835653,0.8482083,0.1900391,0.6961289,0.9345530,0.1662244,0.7116268,0.8882986,0.3265690,0.7186000,0.8344000,0.4753000,0.7008000,0.6833000,0.3577000,0.7233000,0.6103000,0.2599000,0.7394000,0.5633000,0.3696000,0.8155000,0.4661000,0.4999000,0.4523462,0.1126329,0.0847813},
{0.6000234,0.6903707,0.2171369,0.5539889,0.6538094,0.2229381,0.6812303,0.8525659,0.1885612,0.6990026,0.9407660,0.1652376,0.7114953,0.8909292,0.3251793,0.7188000,0.8366000,0.4747000,0.6983000,0.6847000,0.3570000,0.7222000,0.6117000,0.2600000,0.7375000,0.5644000,0.3698000,0.8130000,0.4672000,0.5007000,0.4523462,0.1126329,0.0847813},
{0.5989200,0.6970129,0.2131630,0.5518267,0.6614353,0.2182490,0.6790699,0.8566421,0.1871824,0.7018061,0.9466532,0.1643731,0.7113859,0.8933899,0.3238894,0.7190000,0.8387000,0.4743000,0.6970000,0.6864000,0.3567000,0.7209000,0.6131000,0.2601000,0.7358000,0.5656000,0.3700000,0.8106000,0.4684000,0.5016000,0.4523462,0.1126329,0.0847813},
{0.5979782,0.7032561,0.2093097,0.5498354,0.6689189,0.2134762,0.6769577,0.8606697,0.1858232,0.7045623,0.9522835,0.1636120,0.7112972,0.8956465,0.3227149,0.7193000,0.8409000,0.4739000,0.6956000,0.6881000,0.3565000,0.7198000,0.6144000,0.2602000,0.7339000,0.5669000,0.3703000,0.8083000,0.4697000,0.5024000,0.4523462,0.1126329,0.0847813},
{0.5971426,0.7094143,0.2053932,0.5480760,0.6759933,0.2088032,0.6750105,0.8644208,0.1845603,0.7072596,0.9576509,0.1629477,0.7112246,0.8977499,0.3216276,0.7195000,0.8431000,0.4737000,0.6940000,0.6897000,0.3565000,0.7187000,0.6157000,0.2605000,0.7319000,0.5680000,0.3707000,0.8059000,0.4710000,0.5033000,0.4523462,0.1126329,0.0847813},
{0.5964410,0.7152336,0.2015833,0.5465013,0.6827956,0.2041567,0.6731848,0.8679723,0.1833673,0.7098395,0.9626589,0.1623831,0.7111614,0.8998647,0.3205414,0.7197000,0.8451000,0.4734000,0.6924000,0.6913000,0.3565000,0.7175000,0.6170000,0.2609000,0.7301000,0.5692000,0.3713000,0.8038000,0.4724000,0.5042000,0.4523462,0.1126329,0.0847813},
{0.5958669,0.7206550,0.1979355,0.5451281,0.6891968,0.1996417,0.6714524,0.8713735,0.1822271,0.7123961,0.9675067,0.1618886,0.7111130,0.9017650,0.3195716,0.7197000,0.8471000,0.4731000,0.6906000,0.6929000,0.3565000,0.7164000,0.6184000,0.2613000,0.7284000,0.5706000,0.3718000,0.8017000,0.4739000,0.5051000,0.4523462,0.1126329,0.0847813},
{0.5953894,0.7258690,0.1943347,0.5439432,0.6951816,0.1952907,0.6698403,0.8745666,0.1811588,0.7148340,0.9720272,0.1614746,0.7110728,0.9036522,0.3186142,0.7197000,0.8491000,0.4727000,0.6888000,0.6943000,0.3565000,0.7153000,0.6198000,0.2617000,0.7266000,0.5719000,0.3724000,0.7996000,0.4754000,0.5060000,0.4523462,0.1126329,0.0847813},
{0.5950132,0.7307183,0.1909018,0.5429007,0.7009183,0.1909978,0.6683144,0.8776145,0.1801410,0.7171759,0.9762798,0.1611277,0.7110413,0.9054852,0.3176899,0.7196000,0.8509000,0.4723000,0.6869000,0.6958000,0.3565000,0.7142000,0.6209000,0.2621000,0.7251000,0.5732000,0.3729000,0.7976000,0.4767000,0.5069000,0.4523462,0.1126329,0.0847813},
{0.5947215,0.7352726,0.1876014,0.5420243,0.7062041,0.1869321,0.6669009,0.8804607,0.1791922,0.7194391,0.9803084,0.1608381,0.7110186,0.9071958,0.3168321,0.7194000,0.8527000,0.4718000,0.6851000,0.6971000,0.3564000,0.7131000,0.6222000,0.2624000,0.7235000,0.5744000,0.3732000,0.7955000,0.4780000,0.5078000,0.4523462,0.1126329,0.0847813},
{0.5944990,0.7396539,0.1843544,0.5412704,0.7112167,0.1829752,0.6655611,0.8831792,0.1782875,0.7215568,0.9840087,0.1606062,0.7110012,0.9090654,0.3159001,0.7191000,0.8544000,0.4713000,0.6834000,0.6982000,0.3563000,0.7120000,0.6232000,0.2625000,0.7221000,0.5756000,0.3735000,0.7935000,0.4793000,0.5085000,0.4523462,0.1126329,0.0847813},
{0.5943479,0.7436331,0.1813424,0.5406339,0.7159229,0.1791669,0.6643041,0.8857480,0.1774339,0.7235623,0.9874531,0.1604204,0.7109927,0.9106175,0.3151306,0.7187000,0.8561000,0.4708000,0.6817000,0.6993000,0.3560000,0.7109000,0.6242000,0.2626000,0.7208000,0.5766000,0.3737000,0.7915000,0.4806000,0.5092000,0.4523462,0.1126329,0.0847813},
{0.5942491,0.7474997,0.1783560,0.5400945,0.7204032,0.1754541,0.6631309,0.8881623,0.1766329,0.7254178,0.9905895,0.1602769,0.7109896,0.9122379,0.3143316,0.7182000,0.8577000,0.4702000,0.6801000,0.7004000,0.3558000,0.7099000,0.6253000,0.2627000,0.7193000,0.5776000,0.3738000,0.7896000,0.4819000,0.5099000,0.4523462,0.1126329,0.0847813},
{0.5941998,0.7512580,0.1753954,0.5396504,0.7245996,0.1718964,0.6620180,0.8904675,0.1758692,0.7271142,0.9934155,0.1601691,0.7109927,0.9139346,0.3134995,0.7178000,0.8593000,0.4696000,0.6788000,0.7014000,0.3555000,0.7089000,0.6262000,0.2627000,0.7180000,0.5787000,0.3739000,0.7878000,0.4832000,0.5105000,0.4523462,0.1126329,0.0847813},
{0.5941967,0.7547474,0.1725939,0.5392852,0.7285900,0.1684386,0.6609651,0.8926621,0.1751430,0.7286920,0.9960093,0.1600883,0.7109991,0.9151882,0.3128877,0.7173000,0.8608000,0.4690000,0.6777000,0.7026000,0.3551000,0.7078000,0.6271000,0.2628000,0.7166000,0.5796000,0.3740000,0.7860000,0.4844000,0.5111000,0.4523462,0.1126329,0.0847813},
{0.5942314,0.7579748,0.1699562,0.5389887,0.7324226,0.1650464,0.6599837,0.8947201,0.1744630,0.7301352,0.9983531,0.1600306,0.7110110,0.9166484,0.3121784,0.7167000,0.8623000,0.4684000,0.6767000,0.7038000,0.3548000,0.7068000,0.6281000,0.2628000,0.7153000,0.5806000,0.3742000,0.7844000,0.4857000,0.5117000,0.4523462,0.1126329,0.0847813},
{0.5943042,0.7612290,0.1672498,0.5387616,0.7360041,0.1618110,0.6590471,0.8966952,0.1738111,0.7314184,1.0004147,0.1599919,0.7110284,0.9181503,0.3114525,0.7162000,0.8637000,0.4677000,0.6757000,0.7050000,0.3544000,0.7059000,0.6289000,0.2628000,0.7139000,0.5816000,0.3743000,0.7828000,0.4869000,0.5122000,0.4523462,0.1126329,0.0847813},
{0.5944058,0.7642279,0.1647129,0.5385860,0.7395512,0.1585420,0.6581518,0.8985937,0.1731852,0.7325554,1.0022239,0.1599676,0.7110433,0.9191869,0.3109537,0.7156000,0.8651000,0.4670000,0.6747000,0.7060000,0.3540000,0.7050000,0.6297000,0.2629000,0.7126000,0.5825000,0.3745000,0.7812000,0.4881000,0.5128000,0.4523462,0.1126329,0.0847813},
{0.5945404,0.7672010,0.1621560,0.5384667,0.7429129,0.1553821,0.6573201,0.9003664,0.1726015,0.7335953,1.0038643,0.1599533,0.7110637,0.9203876,0.3103781,0.7149000,0.8665000,0.4663000,0.6737000,0.7071000,0.3537000,0.7042000,0.6304000,0.2629000,0.7114000,0.5833000,0.3747000,0.7798000,0.4893000,0.5134000,0.4523462,0.1126329,0.0847813},
{0.5947040,0.7700849,0.1596347,0.5383968,0.7461447,0.1522855,0.6565436,0.9020298,0.1720543,0.7344096,1.0051396,0.1599473,0.7110856,0.9215046,0.3098449,0.7141000,0.8677000,0.4655000,0.6728000,0.7079000,0.3533000,0.7035000,0.6311000,0.2629000,0.7102000,0.5842000,0.3748000,0.7784000,0.4905000,0.5139000,0.4523462,0.1126329,0.0847813},
{0.5948882,0.7727919,0.1572304,0.5383728,0.7492552,0.1492486,0.6557830,0.9036668,0.1715163,0.7350740,1.0061742,0.1599459,0.7111108,0.9226403,0.3093048,0.7133000,0.8688000,0.4648000,0.6719000,0.7088000,0.3528000,0.7027000,0.6318000,0.2629000,0.7090000,0.5850000,0.3749000,0.7770000,0.4915000,0.5144000,0.4523462,0.1126329,0.0847813},
{0.5950968,0.7754262,0.1548543,0.5383924,0.7523469,0.1461730,0.6550855,0.9051749,0.1710212,0.7356268,1.0070307,0.1599470,0.7111348,0.9236156,0.3088428,0.7123000,0.8698000,0.4640000,0.6711000,0.7094000,0.3523000,0.7020000,0.6324000,0.2629000,0.7080000,0.5858000,0.3750000,0.7757000,0.4926000,0.5148000,0.4523462,0.1126329,0.0847813},
{0.5953242,0.7779474,0.1525456,0.5384513,0.7552245,0.1432571,0.6544360,0.9065850,0.1705586,0.7361335,1.0078127,0.1599498,0.7111604,0.9245706,0.3083919,0.7113000,0.8708000,0.4632000,0.6703000,0.7102000,0.3518000,0.7013000,0.6329000,0.2629000,0.7070000,0.5865000,0.3750000,0.7744000,0.4936000,0.5153000,0.4523462,0.1126329,0.0847813},
{0.5955615,0.7802970,0.1503629,0.5385444,0.7579476,0.1404488,0.6537959,0.9079804,0.1701012,0.7364488,1.0082979,0.1599524,0.7111833,0.9253652,0.3080179,0.7102000,0.8717000,0.4624000,0.6696000,0.7107000,0.3512000,0.7006000,0.6334000,0.2628000,0.7059000,0.5871000,0.3750000,0.7731000,0.4946000,0.5157000,0.4523462,0.1126329,0.0847813},
{0.5958116,0.7825420,0.1482482,0.5386746,0.7606574,0.1376051,0.6532118,0.9092586,0.1696826,0.7366620,1.0086251,0.1599546,0.7112105,0.9262463,0.3076045,0.7090000,0.8724000,0.4615000,0.6689000,0.7112000,0.3507000,0.6999000,0.6338000,0.2628000,0.7049000,0.5876000,0.3750000,0.7720000,0.4956000,0.5161000,0.4523462,0.1126329,0.0847813},
{0.5960782,0.7847307,0.1461585,0.5388303,0.7631740,0.1349184,0.6526852,0.9104152,0.1693041,0.7368160,1.0088612,0.1599563,0.7112373,0.9270646,0.3072217,0.7079000,0.8732000,0.4607000,0.6681000,0.7117000,0.3501000,0.6991000,0.6342000,0.2627000,0.7039000,0.5881000,0.3750000,0.7708000,0.4965000,0.5165000,0.4523462,0.1126329,0.0847813},
{0.5963533,0.7868134,0.1441435,0.5390132,0.7655967,0.1322889,0.6521922,0.9115015,0.1689488,0.7368482,1.0089105,0.1599567,0.7112606,0.9277418,0.3069058,0.7066000,0.8739000,0.4598000,0.6674000,0.7121000,0.3495000,0.6984000,0.6346000,0.2627000,0.7030000,0.5887000,0.3750000,0.7698000,0.4975000,0.5169000,0.4523462,0.1126329,0.0847813},
{0.5966433,0.7888524,0.1421451,0.5392254,0.7679771,0.1296625,0.6517063,0.9125756,0.1685978,0.7367831,1.0088108,0.1599560,0.7112875,0.9284837,0.3065606,0.7054000,0.8746000,0.4590000,0.6666000,0.7124000,0.3490000,0.6977000,0.6349000,0.2625000,0.7020000,0.5892000,0.3750000,0.7686000,0.4983000,0.5173000,0.4523462,0.1126329,0.0847813},
{0.5969466,0.7908407,0.1401710,0.5394619,0.7702720,0.1270887,0.6512652,0.9135538,0.1682783,0.7367102,1.0086991,0.1599551,0.7113112,0.9291130,0.3062685,0.7041000,0.8753000,0.4581000,0.6658000,0.7128000,0.3484000,0.6970000,0.6352000,0.2625000,0.7010000,0.5896000,0.3750000,0.7674000,0.4993000,0.5176000,0.4523462,0.1126329,0.0847813},
{0.5972629,0.7927844,0.1382167,0.5397340,0.7725926,0.1244429,0.6508706,0.9144312,0.1679918,0.7365412,1.0084398,0.1599533,0.7113346,0.9297094,0.3059923,0.7029000,0.8759000,0.4573000,0.6650000,0.7132000,0.3479000,0.6964000,0.6353000,0.2623000,0.7000000,0.5901000,0.3750000,0.7663000,0.5001000,0.5180000,0.4523462,0.1126329,0.0847813},
{0.5976023,0.7947432,0.1362216,0.5400496,0.7749775,0.1216765,0.6505200,0.9152126,0.1677369,0.7362856,1.0080469,0.1599510,0.7113569,0.9302585,0.3057386,0.7017000,0.8765000,0.4565000,0.6641000,0.7135000,0.3474000,0.6957000,0.6355000,0.2622000,0.6991000,0.5905000,0.3749000,0.7652000,0.5010000,0.5184000,0.4523462,0.1126329,0.0847813},
{0.5979911,0.7968499,0.1340466,0.5404014,0.7773499,0.1188752,0.6501545,0.9160292,0.1674706,0.7359262,1.0074933,0.1599484,0.7113821,0.9308600,0.3054612,0.7004000,0.8772000,0.4557000,0.6632000,0.7138000,0.3470000,0.6951000,0.6358000,0.2620000,0.6981000,0.5908000,0.3749000,0.7640000,0.5018000,0.5186000,0.4523462,0.1126329,0.0847813}
};
