fitErrPi Mean = 0.318282
fitErrTh Mean = 0.182206
fitErrWr Mean = 0.354309
fitErrLA Mean = 0.348638
fitErrEl Mean = 0.211461
fitErrUA Mean = 0.389176
efPts = {
{0.5763616,0.8074860,0.0957842,0.4299227,0.7904664,0.2033733,0.6555756,0.9163087,0.1089180,0.6744335,1.0251706,0.1947893,0.8496762,0.9304082,0.1903729,0.6610000,0.8765000,0.4535000,0.6225000,0.7054000,0.3551000,0.6645000,0.6293000,0.2792000,0.6616000,0.5861000,0.3945000,0.7333000,0.5052000,0.5436000,0.3182824,-0.0000000,-0.0000000},
{0.5743060,0.8065281,0.0939352,0.4261728,0.7895220,0.2011178,0.6541775,0.9146696,0.1079076,0.6724377,1.0225064,0.1940463,0.8488521,0.9291731,0.1894335,0.6588000,0.8756000,0.4537000,0.6214000,0.7046000,0.3549000,0.6638000,0.6287000,0.2789000,0.6609000,0.5856000,0.3942000,0.7326000,0.5050000,0.5435000,0.3182824,-0.0000000,-0.0000000},
{0.5723829,0.8056306,0.0922008,0.4222896,0.7885404,0.1987623,0.6526173,0.9128370,0.1067762,0.6703659,1.0197262,0.1932665,0.8480949,0.9280366,0.1885685,0.6564000,0.8745000,0.4540000,0.6202000,0.7037000,0.3546000,0.6630000,0.6281000,0.2787000,0.6602000,0.5850000,0.3940000,0.7319000,0.5048000,0.5435000,0.3182824,-0.0000000,-0.0000000},
{0.5702143,0.8046170,0.0902395,0.4183608,0.7875435,0.1963584,0.6510012,0.9109346,0.1055999,0.6686848,1.0174595,0.1926275,0.8472219,0.9267243,0.1875687,0.6540000,0.8735000,0.4544000,0.6189000,0.7028000,0.3543000,0.6622000,0.6275000,0.2785000,0.6594000,0.5844000,0.3937000,0.7304000,0.5041000,0.5436000,0.3182824,-0.0000000,-0.0000000},
{0.5678434,0.8035070,0.0880886,0.4142507,0.7864963,0.1938214,0.6492927,0.9089192,0.1043515,0.6664553,1.0144382,0.1917712,0.8464048,0.9254940,0.1866305,0.6515000,0.8724000,0.4547000,0.6176000,0.7018000,0.3540000,0.6616000,0.6268000,0.2784000,0.6587000,0.5837000,0.3934000,0.7297000,0.5038000,0.5435000,0.3182824,-0.0000000,-0.0000000},
{0.5654643,0.8023911,0.0859232,0.4100089,0.7854112,0.1911792,0.6474751,0.9067701,0.1030179,0.6641563,1.0113046,0.1908777,0.8454949,0.9241216,0.1855832,0.6490000,0.8713000,0.4551000,0.6162000,0.7008000,0.3536000,0.6611000,0.6261000,0.2785000,0.6579000,0.5832000,0.3931000,0.7291000,0.5036000,0.5434000,0.3182824,-0.0000000,-0.0000000},
{0.5630425,0.8012532,0.0837119,0.4057519,0.7843177,0.1885033,0.6456460,0.9046021,0.1016700,0.6618329,1.0081188,0.1899637,0.8445346,0.9226707,0.1844747,0.6464000,0.8702000,0.4554000,0.6149000,0.6999000,0.3533000,0.6604000,0.6254000,0.2782000,0.6571000,0.5825000,0.3928000,0.7285000,0.5035000,0.5433000,0.3182824,-0.0000000,-0.0000000},
{0.5603896,0.8000043,0.0812811,0.4014408,0.7832056,0.1857685,0.6435943,0.9021641,0.1001513,0.6594707,1.0048602,0.1890229,0.8434811,0.9210758,0.1832551,0.6438000,0.8690000,0.4558000,0.6135000,0.6989000,0.3530000,0.6597000,0.6248000,0.2778000,0.6563000,0.5818000,0.3925000,0.7278000,0.5034000,0.5432000,0.3182824,-0.0000000,-0.0000000},
{0.5577632,0.7987655,0.0788661,0.3969925,0.7820533,0.1829204,0.6415820,0.8997664,0.0986546,0.6571137,1.0015888,0.1880727,0.8425074,0.9195988,0.1821244,0.6412000,0.8678000,0.4561000,0.6122000,0.6980000,0.3525000,0.6590000,0.6240000,0.2775000,0.6555000,0.5812000,0.3921000,0.7271000,0.5032000,0.5430000,0.3182824,-0.0000000,-0.0000000},
{0.5548862,0.7974057,0.0762106,0.3925362,0.7808939,0.1800404,0.6393510,0.8971006,0.0969869,0.6542567,0.9975966,0.1869052,0.8414511,0.9179934,0.1808941,0.6385000,0.8666000,0.4564000,0.6108000,0.6970000,0.3522000,0.6582000,0.6233000,0.2771000,0.6546000,0.5805000,0.3918000,0.7264000,0.5031000,0.5428000,0.3182824,-0.0000000,-0.0000000},
{0.5519419,0.7960109,0.0734822,0.3880515,0.7797221,0.1771149,0.6371263,0.8944344,0.0953152,0.6518555,0.9942183,0.1859105,0.8402786,0.9162075,0.1795239,0.6357000,0.8653000,0.4567000,0.6095000,0.6962000,0.3517000,0.6575000,0.6226000,0.2767000,0.6539000,0.5798000,0.3914000,0.7257000,0.5030000,0.5427000,0.3182824,-0.0000000,-0.0000000},
{0.5489456,0.7945884,0.0706945,0.3833152,0.7784790,0.1739956,0.6348168,0.8916583,0.0935706,0.6490043,0.9901792,0.1847133,0.8391917,0.9145483,0.1782494,0.6330000,0.8639000,0.4570000,0.6080000,0.6952000,0.3513000,0.6567000,0.6219000,0.2764000,0.6529000,0.5793000,0.3910000,0.7249000,0.5029000,0.5425000,0.3182824,-0.0000000,-0.0000000},
{0.5458546,0.7931175,0.0678066,0.3785968,0.7772349,0.1708577,0.6323707,0.8887085,0.0917124,0.6461926,0.9861665,0.1835155,0.8379796,0.9126938,0.1768232,0.6302000,0.8625000,0.4573000,0.6064000,0.6942000,0.3510000,0.6558000,0.6213000,0.2759000,0.6519000,0.5787000,0.3906000,0.7246000,0.5030000,0.5424000,0.3182824,-0.0000000,-0.0000000},
{0.5425154,0.7915247,0.0646732,0.3737064,0.7759395,0.1675733,0.6298330,0.8856380,0.0897733,0.6433730,0.9821122,0.1822967,0.8367081,0.9107437,0.1753216,0.6274000,0.8610000,0.4576000,0.6048000,0.6932000,0.3506000,0.6548000,0.6207000,0.2757000,0.6510000,0.5780000,0.3902000,0.7237000,0.5030000,0.5422000,0.3182824,-0.0000000,-0.0000000},
{0.5391956,0.7899371,0.0615439,0.3687709,0.7746260,0.1642253,0.6272277,0.8824748,0.0877705,0.6401302,0.9774121,0.1808732,0.8355498,0.9089629,0.1739486,0.6247000,0.8595000,0.4580000,0.6031000,0.6921000,0.3503000,0.6538000,0.6201000,0.2753000,0.6500000,0.5775000,0.3899000,0.7226000,0.5029000,0.5420000,0.3182824,-0.0000000,-0.0000000},
{0.5355826,0.7882047,0.0581220,0.3636515,0.7732569,0.1607170,0.6245504,0.8792125,0.0856995,0.6373748,0.9733862,0.1796449,0.8342585,0.9069728,0.1724123,0.6219000,0.8580000,0.4583000,0.6012000,0.6910000,0.3501000,0.6528000,0.6195000,0.2750000,0.6489000,0.5770000,0.3895000,0.7215000,0.5028000,0.5418000,0.3182824,-0.0000000,-0.0000000},
{0.5321320,0.7865457,0.0548382,0.3584308,0.7718538,0.1571019,0.6217656,0.8758066,0.0835314,0.6342733,0.9688190,0.1782416,0.8328428,0.9047851,0.1707211,0.6192000,0.8564000,0.4586000,0.5991000,0.6898000,0.3500000,0.6517000,0.6190000,0.2747000,0.6478000,0.5765000,0.3892000,0.7202000,0.5026000,0.5417000,0.3182824,-0.0000000,-0.0000000},
{0.5283985,0.7847457,0.0512676,0.3531179,0.7704186,0.1533838,0.6190821,0.8725123,0.0814287,0.6312023,0.9642588,0.1768300,0.8316181,0.9028877,0.1692523,0.6164000,0.8548000,0.4589000,0.5968000,0.6887000,0.3499000,0.6506000,0.6185000,0.2744000,0.6466000,0.5760000,0.3888000,0.7189000,0.5026000,0.5415000,0.3182824,-0.0000000,-0.0000000},
{0.5247169,0.7829656,0.0477287,0.3477233,0.7689537,0.1495679,0.6162912,0.8690733,0.0792276,0.6281890,0.9597472,0.1754233,0.8301500,0.9006068,0.1674842,0.6136000,0.8532000,0.4593000,0.5944000,0.6874000,0.3498000,0.6493000,0.6181000,0.2742000,0.6455000,0.5756000,0.3885000,0.7176000,0.5025000,0.5413000,0.3182824,-0.0000000,-0.0000000},
{0.5209839,0.7811555,0.0441220,0.3422808,0.7674681,0.1456763,0.6135981,0.8657422,0.0770898,0.6251861,0.9552140,0.1739998,0.8287771,0.8984679,0.1658237,0.6108000,0.8516000,0.4596000,0.5918000,0.6862000,0.3498000,0.6481000,0.6176000,0.2739000,0.6443000,0.5752000,0.3881000,0.7163000,0.5024000,0.5412000,0.3182824,-0.0000000,-0.0000000},
{0.5171146,0.7792739,0.0403642,0.3368274,0.7659715,0.1417343,0.6107633,0.8622225,0.0748247,0.6220673,0.9504659,0.1724981,0.8273419,0.8962254,0.1640803,0.6079000,0.8499000,0.4598000,0.5891000,0.6847000,0.3497000,0.6468000,0.6172000,0.2736000,0.6431000,0.5748000,0.3877000,0.7150000,0.5023000,0.5410000,0.3182824,-0.0000000,-0.0000000},
{0.5133831,0.7774538,0.0367210,0.3313804,0.7644688,0.1377542,0.6078976,0.8586503,0.0725193,0.6190653,0.9458564,0.1710299,0.8259227,0.8940016,0.1623488,0.6051000,0.8482000,0.4600000,0.5857000,0.6827000,0.3495000,0.6454000,0.6168000,0.2732000,0.6418000,0.5744000,0.3873000,0.7136000,0.5023000,0.5409000,0.3182824,-0.0000000,-0.0000000},
{0.5093817,0.7754961,0.0327934,0.3258596,0.7629374,0.1336759,0.6049663,0.8549814,0.0701448,0.6160362,0.9411659,0.1695254,0.8245094,0.8917806,0.1606170,0.6022000,0.8466000,0.4602000,0.5857000,0.6827000,0.3495000,0.6441000,0.6163000,0.2729000,0.6404000,0.5739000,0.3869000,0.7122000,0.5023000,0.5407000,0.3182824,-0.0000000,-0.0000000},
{0.5055092,0.7735955,0.0289714,0.3203041,0.7613880,0.1295265,0.6021905,0.8514932,0.0678808,0.6130637,0.9365237,0.1680261,0.8230936,0.8895491,0.1588745,0.5993000,0.8449000,0.4602000,0.5838000,0.6814000,0.3490000,0.6427000,0.6159000,0.2726000,0.6390000,0.5735000,0.3864000,0.7106000,0.5022000,0.5406000,0.3182824,-0.0000000,-0.0000000},
{0.5017135,0.7717270,0.0252053,0.3147805,0.7598390,0.1253554,0.5993184,0.8478696,0.0655224,0.6100640,0.9317988,0.1664897,0.8215838,0.8871624,0.1570080,0.5963000,0.8433000,0.4603000,0.5817000,0.6802000,0.3487000,0.6412000,0.6154000,0.2723000,0.6378000,0.5732000,0.3860000,0.7091000,0.5022000,0.5404000,0.3182824,-0.0000000,-0.0000000},
{0.4979043,0.7698462,0.0214057,0.3094167,0.7583266,0.1212608,0.5964992,0.8442982,0.0631915,0.6070541,0.9270167,0.1649241,0.8198512,0.8844142,0.1548551,0.5933000,0.8417000,0.4603000,0.5795000,0.6790000,0.3484000,0.6398000,0.6150000,0.2719000,0.6364000,0.5728000,0.3856000,0.7075000,0.5022000,0.5402000,0.3182824,-0.0000000,-0.0000000},
{0.4940472,0.7679358,0.0175375,0.3040856,0.7568153,0.1171475,0.5935993,0.8406096,0.0607773,0.6041022,0.9222857,0.1633647,0.8183375,0.8820052,0.1529648,0.5903000,0.8400000,0.4602000,0.5774000,0.6778000,0.3481000,0.6384000,0.6145000,0.2714000,0.6349000,0.5724000,0.3851000,0.7059000,0.5022000,0.5400000,0.3182824,-0.0000000,-0.0000000},
{0.4900563,0.7659529,0.0135129,0.2988928,0.7553353,0.1130985,0.5907621,0.8369857,0.0583988,0.6010836,0.9174050,0.1617452,0.8168117,0.8795691,0.1510502,0.5873000,0.8383000,0.4602000,0.5752000,0.6766000,0.3478000,0.6369000,0.6141000,0.2710000,0.6337000,0.5721000,0.3846000,0.7043000,0.5022000,0.5398000,0.3182824,-0.0000000,-0.0000000},
{0.4862338,0.7640476,0.0096368,0.2937776,0.7538696,0.1090685,0.5879350,0.8333600,0.0560124,0.5981968,0.9126961,0.1601724,0.8152661,0.8770935,0.1491014,0.5842000,0.8366000,0.4601000,0.5730000,0.6754000,0.3474000,0.6353000,0.6136000,0.2706000,0.6323000,0.5717000,0.3843000,0.7026000,0.5022000,0.5397000,0.3182824,-0.0000000,-0.0000000},
{0.4823149,0.7620880,0.0056411,0.2888346,0.7524460,0.1051344,0.5851579,0.8297838,0.0536521,0.5954039,0.9081012,0.1586279,0.8138185,0.8747674,0.1472675,0.5812000,0.8348000,0.4599000,0.5708000,0.6741000,0.3472000,0.6338000,0.6131000,0.2701000,0.6310000,0.5714000,0.3837000,0.7010000,0.5021000,0.5394000,0.3182824,-0.0000000,-0.0000000},
{0.4787367,0.7602933,0.0019731,0.2839857,0.7510423,0.1012369,0.5823720,0.8261816,0.0512682,0.5925986,0.9034463,0.1570535,0.8122705,0.8722721,0.1452972,0.5781000,0.8331000,0.4598000,0.5686000,0.6728000,0.3468000,0.6323000,0.6125000,0.2696000,0.6289000,0.5706000,0.3832000,0.6993000,0.5020000,0.5391000,0.3182824,-0.0000000,-0.0000000},
{0.4749144,0.7583702,-0.0019658,0.2792197,0.7496555,0.0973682,0.5796280,0.8226189,0.0489040,0.5898128,0.8987837,0.1554667,0.8107462,0.8698068,0.1433475,0.5751000,0.8313000,0.4596000,0.5663000,0.6715000,0.3465000,0.6307000,0.6118000,0.2690000,0.6286000,0.5709000,0.3823000,0.6975000,0.5017000,0.5389000,0.3182824,-0.0000000,-0.0000000},
{0.4713112,0.7565517,-0.0056989,0.2744126,0.7482496,0.0934277,0.5769322,0.8191048,0.0465657,0.5870941,0.8941940,0.1538952,0.8093139,0.8674830,0.1415068,0.5720000,0.8295000,0.4595000,0.5640000,0.6701000,0.3461000,0.6290000,0.6111000,0.2684000,0.6270000,0.5702000,0.3817000,0.6957000,0.5017000,0.5386000,0.3182824,-0.0000000,-0.0000000},
{0.4676011,0.7546735,-0.0095631,0.2700135,0.7469567,0.0897873,0.5740717,0.8153602,0.0440674,0.5846056,0.8899583,0.1524365,0.8078560,0.8651103,0.1396245,0.5689000,0.8277000,0.4592000,0.5617000,0.6689000,0.3457000,0.6272000,0.6101000,0.2678000,0.6254000,0.5696000,0.3811000,0.6940000,0.5016000,0.5383000,0.3182824,-0.0000000,-0.0000000},
{0.4641570,0.7529247,-0.0131690,0.2655002,0.7456237,0.0860176,0.5716890,0.8122287,0.0419727,0.5820409,0.8855572,0.1509125,0.8065692,0.8630098,0.1379558,0.5658000,0.8260000,0.4589000,0.5594000,0.6677000,0.3453000,0.6253000,0.6092000,0.2671000,0.6237000,0.5688000,0.3805000,0.6921000,0.5016000,0.5382000,0.3182824,-0.0000000,-0.0000000},
{0.4608677,0.7512496,-0.0166299,0.2610926,0.7443155,0.0823016,0.5692208,0.8089730,0.0397896,0.5795658,0.8812752,0.1494214,0.8050269,0.8604844,0.1359466,0.5626000,0.8242000,0.4586000,0.5570000,0.6665000,0.3448000,0.6235000,0.6082000,0.2664000,0.6223000,0.5682000,0.3799000,0.6905000,0.5014000,0.5379000,0.3182824,-0.0000000,-0.0000000},
{0.4574668,0.7495127,-0.0202258,0.2569158,0.7430699,0.0787483,0.5667274,0.8056714,0.0375704,0.5771188,0.8770073,0.1479272,0.8036397,0.8582055,0.1341308,0.5593000,0.8223000,0.4584000,0.5546000,0.6652000,0.3442000,0.6215000,0.6071000,0.2657000,0.6206000,0.5674000,0.3793000,0.6887000,0.5016000,0.5378000,0.3182824,-0.0000000,-0.0000000},
{0.4541632,0.7478206,-0.0237362,0.2527464,0.7418206,0.0751697,0.5642549,0.8023848,0.0353559,0.5748020,0.8729343,0.1464938,0.8022268,0.8558773,0.1322729,0.5560000,0.8204000,0.4581000,0.5521000,0.6640000,0.3436000,0.6196000,0.6060000,0.2650000,0.6189000,0.5666000,0.3787000,0.6870000,0.5016000,0.5376000,0.3182824,-0.0000000,-0.0000000},
{0.4511752,0.7462859,-0.0269262,0.2486321,0.7405819,0.0716068,0.5620138,0.7993949,0.0333366,0.5725324,0.8689132,0.1450714,0.8008672,0.8536300,0.1304770,0.5528000,0.8186000,0.4579000,0.5496000,0.6626000,0.3430000,0.6178000,0.6048000,0.2643000,0.6174000,0.5658000,0.3780000,0.6852000,0.5016000,0.5374000,0.3182824,-0.0000000,-0.0000000},
{0.4476597,0.7444751,-0.0306975,0.2446425,0.7393751,0.0681214,0.5596756,0.7962643,0.0312174,0.5702875,0.8649053,0.1436467,0.7996282,0.8515760,0.1288333,0.5494000,0.8167000,0.4576000,0.5472000,0.6613000,0.3423000,0.6160000,0.6036000,0.2635000,0.6162000,0.5653000,0.3776000,0.6835000,0.5015000,0.5371000,0.3182824,-0.0000000,-0.0000000},
{0.4449417,0.7430712,-0.0336271,0.2407417,0.7381897,0.0646843,0.5574047,0.7932126,0.0291469,0.5681053,0.8609792,0.1422443,0.7982811,0.8493364,0.1270387,0.5460000,0.8149000,0.4572000,0.5448000,0.6600000,0.3416000,0.6141000,0.6024000,0.2628000,0.6141000,0.5643000,0.3766000,0.6817000,0.5014000,0.5369000,0.3182824,-0.0000000,-0.0000000},
{0.4419886,0.7415420,-0.0368238,0.2369847,0.7370427,0.0613457,0.5553690,0.7904677,0.0272806,0.5660863,0.8573197,0.1409311,0.7969098,0.8470495,0.1252035,0.5426000,0.8132000,0.4569000,0.5426000,0.6587000,0.3409000,0.6125000,0.6011000,0.2621000,0.6124000,0.5634000,0.3760000,0.6799000,0.5014000,0.5366000,0.3182824,-0.0000000,-0.0000000},
{0.4390856,0.7400347,-0.0399803,0.2334758,0.7359668,0.0582024,0.5532490,0.7875995,0.0253265,0.5639851,0.8534834,0.1395481,0.7957183,0.8450566,0.1236021,0.5393000,0.8114000,0.4565000,0.5404000,0.6574000,0.3402000,0.6108000,0.6000000,0.2613000,0.6106000,0.5625000,0.3754000,0.6781000,0.5014000,0.5364000,0.3182824,-0.0000000,-0.0000000},
{0.4364791,0.7386781,-0.0428262,0.2298496,0.7348501,0.0549277,0.5512672,0.7849094,0.0234899,0.5620016,0.8498353,0.1382271,0.7944030,0.8428504,0.1218270,0.5359000,0.8096000,0.4560000,0.5384000,0.6562000,0.3393000,0.6093000,0.5988000,0.2604000,0.6088000,0.5615000,0.3747000,0.6764000,0.5013000,0.5358000,0.3182824,-0.0000000,-0.0000000},
{0.4337040,0.7372300,-0.0458690,0.2264664,0.7338036,0.0518481,0.5491850,0.7820737,0.0215500,0.5600245,0.8461724,0.1368949,0.7930787,0.8406222,0.1200316,0.5326000,0.8078000,0.4556000,0.5363000,0.6551000,0.3385000,0.6077000,0.5977000,0.2596000,0.6070000,0.5605000,0.3741000,0.6747000,0.5013000,0.5355000,0.3182824,-0.0000000,-0.0000000},
{0.4311510,0.7358946,-0.0486798,0.2233069,0.7328223,0.0489504,0.5472455,0.7794235,0.0197334,0.5581318,0.8426408,0.1356049,0.7919862,0.8387789,0.1185446,0.5293000,0.8060000,0.4551000,0.5342000,0.6539000,0.3377000,0.6061000,0.5966000,0.2588000,0.6070000,0.5605000,0.3741000,0.6729000,0.5013000,0.5352000,0.3182824,-0.0000000,-0.0000000},
{0.4285760,0.7345445,-0.0515261,0.2202416,0.7318665,0.0461188,0.5451855,0.7765995,0.0177938,0.5561545,0.8389244,0.1342416,0.7906471,0.8365132,0.1167143,0.5262000,0.8043000,0.4547000,0.5320000,0.6527000,0.3369000,0.6047000,0.5957000,0.2580000,0.6064000,0.5603000,0.3739000,0.6711000,0.5014000,0.5349000,0.3182824,-0.0000000,-0.0000000},
{0.4260096,0.7331957,-0.0543744,0.2172438,0.7309280,0.0433299,0.5432271,0.7739058,0.0159398,0.5543655,0.8355379,0.1329941,0.7893587,0.8343263,0.1149453,0.5230000,0.8025000,0.4543000,0.5299000,0.6515000,0.3361000,0.6032000,0.5947000,0.2572000,0.6058000,0.5600000,0.3736000,0.6693000,0.5014000,0.5346000,0.3182824,-0.0000000,-0.0000000},
{0.4236650,0.7319605,-0.0569866,0.2143511,0.7300190,0.0406198,0.5413818,0.7713595,0.0141840,0.5526141,0.8321996,0.1317595,0.7880901,0.8321667,0.1131960,0.5198000,0.8008000,0.4538000,0.5278000,0.6502000,0.3353000,0.6017000,0.5938000,0.2565000,0.6053000,0.5597000,0.3733000,0.6675000,0.5015000,0.5343000,0.3182824,-0.0000000,-0.0000000},
{0.4214421,0.7307869,-0.0594722,0.2117198,0.7291890,0.0381384,0.5395419,0.7688126,0.0124245,0.5507250,0.8285733,0.1304129,0.7870314,0.8303596,0.1117303,0.5168000,0.7992000,0.4532000,0.5258000,0.6490000,0.3345000,0.6003000,0.5928000,0.2558000,0.6047000,0.5595000,0.3730000,0.6657000,0.5016000,0.5340000,0.3182824,-0.0000000,-0.0000000},
{0.4191697,0.7295846,-0.0620223,0.2090801,0.7283535,0.0356332,0.5378464,0.7664587,0.0107954,0.5491328,0.8254957,0.1292656,0.7858192,0.8282846,0.1100454,0.5137000,0.7975000,0.4527000,0.5237000,0.6477000,0.3339000,0.5987000,0.5918000,0.2550000,0.6042000,0.5592000,0.3727000,0.6639000,0.5017000,0.5337000,0.3182824,-0.0000000,-0.0000000},
{0.4169685,0.7284175,-0.0645013,0.2066542,0.7275829,0.0333166,0.5360256,0.7639233,0.0090376,0.5474459,0.8222136,0.1280375,0.7846848,0.8263374,0.1084623,0.5108000,0.7959000,0.4520000,0.5217000,0.6464000,0.3331000,0.5970000,0.5907000,0.2543000,0.6036000,0.5589000,0.3725000,0.6622000,0.5018000,0.5334000,0.3182824,-0.0000000,-0.0000000},
{0.4148342,0.7272835,-0.0669134,0.2040862,0.7267645,0.0308493,0.5343147,0.7615336,0.0073778,0.5459229,0.8192310,0.1269175,0.7837232,0.8246825,0.1071153,0.5078000,0.7943000,0.4513000,0.5197000,0.6451000,0.3321000,0.5955000,0.5899000,0.2533000,0.6031000,0.5587000,0.3722000,0.6604000,0.5019000,0.5330000,0.3182824,-0.0000000,-0.0000000},
{0.4128803,0.7262432,-0.0691290,0.2016905,0.7259983,0.0285332,0.5326105,0.7591461,0.0057168,0.5443891,0.8162083,0.1257785,0.7825461,0.8226515,0.1054603,0.5050000,0.7928000,0.4505000,0.5177000,0.6439000,0.3312000,0.5936000,0.5885000,0.2526000,0.6025000,0.5584000,0.3719000,0.6587000,0.5019000,0.5326000,0.3182824,-0.0000000,-0.0000000},
{0.4109162,0.7251955,-0.0713632,0.1994516,0.7252798,0.0263560,0.5310763,0.7569907,0.0042146,0.5428486,0.8131526,0.1246230,0.7813855,0.8206434,0.1038219,0.5021000,0.7912000,0.4497000,0.5158000,0.6426000,0.3302000,0.5919000,0.5872000,0.2519000,0.6019000,0.5581000,0.3716000,0.6569000,0.5019000,0.5321000,0.3182824,-0.0000000,-0.0000000},
{0.4089177,0.7241274,-0.0736439,0.1970077,0.7244930,0.0239654,0.5294017,0.7546315,0.0025677,0.5413725,0.8102060,0.1235050,0.7804565,0.8190317,0.1025054,0.4994000,0.7898000,0.4488000,0.5139000,0.6415000,0.3292000,0.5904000,0.5859000,0.2514000,0.6014000,0.5579000,0.3714000,0.6552000,0.5020000,0.5317000,0.3182824,-0.0000000,-0.0000000},
{0.4068563,0.7230234,-0.0760043,0.1948973,0.7238113,0.0218890,0.5280052,0.7526586,0.0011884,0.5400124,0.8074745,0.1224652,0.7793800,0.8171595,0.1009745,0.4967000,0.7883000,0.4479000,0.5120000,0.6404000,0.3282000,0.5888000,0.5846000,0.2506000,0.6008000,0.5576000,0.3711000,0.6535000,0.5019000,0.5311000,0.3182824,-0.0000000,-0.0000000},
{0.4050516,0.7220550,-0.0780774,0.1928032,0.7231328,0.0198174,0.5264260,0.7504218,-0.0003779,0.5385521,0.8045236,0.1213382,0.7783809,0.8154176,0.0995486,0.4941000,0.7869000,0.4470000,0.5103000,0.6393000,0.3272000,0.5888000,0.5846000,0.2506000,0.6003000,0.5573000,0.3708000,0.6518000,0.5018000,0.5305000,0.3182824,-0.0000000,-0.0000000},
{0.4030751,0.7209924,-0.0803550,0.1908901,0.7225111,0.0179150,0.5248476,0.7481796,-0.0019505,0.5372223,0.8018199,0.1203024,0.7773666,0.8136447,0.0980956,0.4916000,0.7855000,0.4460000,0.5086000,0.6382000,0.3262000,0.5890000,0.5845000,0.2507000,0.5997000,0.5571000,0.3705000,0.6501000,0.5017000,0.5300000,0.3182824,-0.0000000,-0.0000000},
{0.4012017,0.7199832,-0.0825207,0.1888475,0.7218453,0.0158731,0.5235718,0.7463627,-0.0032267,0.5359558,0.7992299,0.1193071,0.7764543,0.8120461,0.0967842,0.4891000,0.7841000,0.4451000,0.5070000,0.6372000,0.3250000,0.5892000,0.5845000,0.2508000,0.5992000,0.5568000,0.3702000,0.6485000,0.5017000,0.5294000,0.3182824,-0.0000000,-0.0000000},
{0.3993521,0.7189850,-0.0846657,0.1866667,0.7211322,0.0136808,0.5219522,0.7440500,-0.0048535,0.5345800,0.7963997,0.1182162,0.7754375,0.8102601,0.0953175,0.4867000,0.7827000,0.4441000,0.5054000,0.6361000,0.3240000,0.5894000,0.5844000,0.2509000,0.5986000,0.5565000,0.3700000,0.6468000,0.5015000,0.5289000,0.3182824,-0.0000000,-0.0000000},
{0.3972933,0.7178716,-0.0870611,0.1845624,0.7204418,0.0115531,0.5205510,0.7420437,-0.0062671,0.5332945,0.7937390,0.1171874,0.7745716,0.8087356,0.0940642,0.4844000,0.7813000,0.4432000,0.5038000,0.6351000,0.3229000,0.5896000,0.5844000,0.2510000,0.5980000,0.5563000,0.3697000,0.6452000,0.5014000,0.5283000,0.3182824,-0.0000000,-0.0000000},
{0.3955212,0.7169114,-0.0891297,0.1822777,0.7196897,0.0092293,0.5189467,0.7397402,-0.0078927,0.5320236,0.7910928,0.1161612,0.7737471,0.8072808,0.0928672,0.4822000,0.7800000,0.4423000,0.5023000,0.6342000,0.3219000,0.5898000,0.5843000,0.2511000,0.5975000,0.5560000,0.3694000,0.6435000,0.5014000,0.5278000,0.3182824,-0.0000000,-0.0000000},
{0.3933926,0.7157556,-0.0916227,0.1798730,0.7188951,0.0067675,0.5177398,0.7380027,-0.0091205,0.5306589,0.7882337,0.1150490,0.7730112,0.8059797,0.0917957,0.4800000,0.7787000,0.4414000,0.5009000,0.6333000,0.3208000,0.5900000,0.5842000,0.2513000,0.5969000,0.5557000,0.3691000,0.6419000,0.5013000,0.5273000,0.3182824,-0.0000000,-0.0000000},
{0.3911052,0.7145107,-0.0943120,0.1774283,0.7180841,0.0042479,0.5160453,0.7355566,-0.0108518,0.5294567,0.7856996,0.1140602,0.7720037,0.8041944,0.0903241,0.4780000,0.7775000,0.4405000,0.4997000,0.6326000,0.3198000,0.5902000,0.5842000,0.2514000,0.5964000,0.5555000,0.3688000,0.6403000,0.5012000,0.5267000,0.3182824,-0.0000000,-0.0000000},
{0.3890845,0.7134085,-0.0966966,0.1748836,0.7172366,0.0016067,0.5148923,0.7338878,-0.0120347,0.5283135,0.7832762,0.1131120,0.7712001,0.8027670,0.0891463,0.4761000,0.7763000,0.4396000,0.4985000,0.6320000,0.3188000,0.5904000,0.5841000,0.2515000,0.5958000,0.5552000,0.3686000,0.6388000,0.5012000,0.5262000,0.3182824,-0.0000000,-0.0000000},
{0.3871985,0.7123775,-0.0989299,0.1724019,0.7164065,-0.0009878,0.5134297,0.7317655,-0.0135412,0.5271618,0.7808210,0.1121487,0.7703723,0.8012936,0.0879294,0.4741000,0.7752000,0.4387000,0.4974000,0.6314000,0.3178000,0.5906000,0.5841000,0.2516000,0.5953000,0.5549000,0.3683000,0.6373000,0.5012000,0.5258000,0.3182824,-0.0000000,-0.0000000},
{0.3851732,0.7112681,-0.1013363,0.1699145,0.7155710,-0.0036070,0.5122040,0.7299823,-0.0148087,0.5261848,0.7787273,0.1113251,0.7695077,0.7997513,0.0866545,0.4722000,0.7742000,0.4377000,0.4964000,0.6308000,0.3168000,0.5908000,0.5840000,0.2517000,0.5947000,0.5547000,0.3680000,0.6359000,0.5011000,0.5253000,0.3182824,-0.0000000,-0.0000000},
{0.3830911,0.7101250,-0.1038194,0.1674364,0.7147351,-0.0062357,0.5110183,0.7282535,-0.0160392,0.5253123,0.7768489,0.1105846,0.7687786,0.7984480,0.0855762,0.4704000,0.7733000,0.4367000,0.4954000,0.6302000,0.3158000,0.5910000,0.5840000,0.2518000,0.5942000,0.5544000,0.3677000,0.6346000,0.5010000,0.5248000,0.3182824,-0.0000000,-0.0000000},
{0.3813691,0.7091777,-0.1058799,0.1648519,0.7138594,-0.0089981,0.5096709,0.7262840,-0.0174428,0.5243567,0.7747819,0.1097680,0.7680686,0.7971764,0.0845232,0.4688000,0.7725000,0.4356000,0.4944000,0.6296000,0.3148000,0.5912000,0.5839000,0.2519000,0.5936000,0.5541000,0.3675000,0.6333000,0.5010000,0.5244000,0.3182824,-0.0000000,-0.0000000},
{0.3795275,0.7081625,-0.1080905,0.1623835,0.7130192,-0.0116568,0.5086733,0.7248225,-0.0184857,0.5236578,0.7732636,0.1091669,0.7675332,0.7962159,0.0837274,0.4672000,0.7718000,0.4345000,0.4935000,0.6289000,0.3139000,0.5914000,0.5839000,0.2520000,0.5930000,0.5539000,0.3672000,0.6321000,0.5009000,0.5240000,0.3182824,-0.0000000,-0.0000000},
{0.3778468,0.7072343,-0.1101144,0.1607386,0.7124573,-0.0134398,0.5077305,0.7234385,-0.0194744,0.5229456,0.7717110,0.1085512,0.7668127,0.7949212,0.0826538,0.4657000,0.7712000,0.4334000,0.4926000,0.6284000,0.3130000,0.5916000,0.5838000,0.2521000,0.5925000,0.5536000,0.3669000,0.6309000,0.5008000,0.5236000,0.3182824,-0.0000000,-0.0000000},
{0.3767854,0.7066471,-0.1113959,0.1598665,0.7121587,-0.0143888,0.5068102,0.7220852,-0.0204420,0.5224321,0.7705880,0.1081052,0.7662453,0.7938997,0.0818062,0.4643000,0.7707000,0.4323000,0.4917000,0.6279000,0.3120000,0.5918000,0.5838000,0.2522000,0.5919000,0.5533000,0.3666000,0.6297000,0.5007000,0.5233000,0.3182824,-0.0000000,-0.0000000},
{0.3756127,0.7059976,-0.1128144,0.1592104,0.7119337,-0.0151045,0.5059129,0.7207632,-0.0213882,0.5219591,0.7695509,0.1076929,0.7658990,0.7932757,0.0812882,0.4630000,0.7704000,0.4312000,0.4910000,0.6274000,0.3111000,0.5920000,0.5837000,0.2523000,0.5914000,0.5531000,0.3663000,0.6287000,0.5006000,0.5229000,0.3182824,-0.0000000,-0.0000000},
{0.3748596,0.7055800,-0.1137271,0.1590111,0.7118653,-0.0153221,0.5053865,0.7199866,-0.0219445,0.5215785,0.7687144,0.1073599,0.7654660,0.7924944,0.0806392,0.4618000,0.7702000,0.4301000,0.4903000,0.6271000,0.3102000,0.5922000,0.5837000,0.2524000,0.5908000,0.5528000,0.3661000,0.6276000,0.5005000,0.5226000,0.3182824,-0.0000000,-0.0000000},
{0.3744387,0.7053465,-0.1142377,0.1588635,0.7118146,-0.0154835,0.5045285,0.7187191,-0.0228530,0.5211940,0.7678678,0.1070226,0.7649998,0.7916523,0.0799395,0.4607000,0.7701000,0.4289000,0.4895000,0.6267000,0.3094000,0.5924000,0.5836000,0.2525000,0.5903000,0.5525000,0.3658000,0.6265000,0.5004000,0.5222000,0.3182824,-0.0000000,-0.0000000},
{0.3736043,0.7048832,-0.1152510,0.1585760,0.7117158,-0.0157979,0.5043422,0.7184435,-0.0230507,0.5209805,0.7673969,0.1068348,0.7647135,0.7911346,0.0795091,0.4598000,0.7701000,0.4279000,0.4888000,0.6265000,0.3087000,0.5926000,0.5836000,0.2526000,0.5897000,0.5523000,0.3655000,0.6255000,0.5005000,0.5220000,0.3182824,-0.0000000,-0.0000000},
{0.3733611,0.7047481,-0.1155467,0.1582749,0.7116124,-0.0161276,0.5038380,0.7176975,-0.0235860,0.5206373,0.7666387,0.1065323,0.7643436,0.7904651,0.0789523,0.4591000,0.7701000,0.4270000,0.4881000,0.6263000,0.3080000,0.5928000,0.5835000,0.2527000,0.5891000,0.5520000,0.3652000,0.6246000,0.5005000,0.5217000,0.3182824,-0.0000000,-0.0000000},
{0.3728720,0.7044762,-0.1161418,0.1580190,0.7115244,-0.0164079,0.5034175,0.7170745,-0.0240332,0.5204478,0.7662195,0.1063650,0.7643059,0.7903969,0.0788956,0.4584000,0.7701000,0.4263000,0.4876000,0.6263000,0.3074000,0.5930000,0.5835000,0.2528000,0.5886000,0.5517000,0.3649000,0.6237000,0.5005000,0.5214000,0.3182824,-0.0000000,-0.0000000},
{0.3723377,0.7041791,-0.1167924,0.1577352,0.7114267,-0.0167192,0.5032763,0.7168653,-0.0241834,0.5203531,0.7660100,0.1062813,0.7639797,0.7898059,0.0784039,0.4579000,0.7701000,0.4257000,0.4871000,0.6263000,0.3069000,0.5932000,0.5834000,0.2529000,0.5880000,0.5515000,0.3647000,0.6230000,0.5005000,0.5212000,0.3182824,-0.0000000,-0.0000000},
{0.3721811,0.7040919,-0.1169832,0.1576750,0.7114060,-0.0167852,0.5031873,0.7167333,-0.0242781,0.5203531,0.7660100,0.1062813,0.7639797,0.7898059,0.0784039,0.4575000,0.7702000,0.4253000,0.4867000,0.6262000,0.3065000,0.5934000,0.5834000,0.2530000,0.5875000,0.5512000,0.3644000,0.6223000,0.5005000,0.5209000,0.3182824,-0.0000000,-0.0000000},
{0.3721811,0.7040919,-0.1169832,0.1575527,0.7113639,-0.0169195,0.5029865,0.7164355,-0.0244921,0.5201888,0.7656460,0.1061359,0.7637569,0.7894019,0.0780677,0.4572000,0.7703000,0.4250000,0.4864000,0.6263000,0.3062000,0.5936000,0.5833000,0.2531000,0.5869000,0.5509000,0.3641000,0.6217000,0.5005000,0.5207000,0.3182824,-0.0000000,-0.0000000},
{0.3720209,0.7040028,-0.1171784,0.1575527,0.7113639,-0.0169195,0.5029865,0.7164355,-0.0244921,0.5201888,0.7656460,0.1061359,0.7637135,0.7893233,0.0780023,0.4569000,0.7704000,0.4248000,0.4862000,0.6263000,0.3060000,0.5938000,0.5833000,0.2532000,0.5864000,0.5507000,0.3638000,0.6212000,0.5005000,0.5206000,0.3182824,-0.0000000,-0.0000000},
{0.3720209,0.7040028,-0.1171784,0.1575527,0.7113639,-0.0169195,0.5029477,0.7163779,-0.0245334,0.5202949,0.7658810,0.1062298,0.7637135,0.7893233,0.0780023,0.4567000,0.7705000,0.4246000,0.4859000,0.6264000,0.3058000,0.5940000,0.5832000,0.2533000,0.5858000,0.5504000,0.3636000,0.6208000,0.5005000,0.5205000,0.3182824,-0.0000000,-0.0000000},
{0.3721259,0.7040612,-0.1170505,0.1575995,0.7113801,-0.0168681,0.5029477,0.7163779,-0.0245334,0.5203563,0.7660171,0.1062841,0.7637135,0.7893233,0.0780023,0.4566000,0.7706000,0.4245000,0.4856000,0.6265000,0.3057000,0.5942000,0.5832000,0.2534000,0.5852000,0.5501000,0.3633000,0.6205000,0.5004000,0.5204000,0.3182824,-0.0000000,-0.0000000},
{0.3721353,0.7040665,-0.1170390,0.1577857,0.7114441,-0.0166637,0.5032001,0.7167522,-0.0242646,0.5204903,0.7663137,0.1064026,0.7638101,0.7894984,0.0781480,0.4566000,0.7707000,0.4245000,0.4854000,0.6265000,0.3056000,0.5944000,0.5831000,0.2535000,0.5847000,0.5499000,0.3630000,0.6202000,0.5003000,0.5203000,0.3182824,-0.0000000,-0.0000000},
{0.3723919,0.7042092,-0.1167264,0.1577857,0.7114441,-0.0166637,0.5032036,0.7167575,-0.0242608,0.5206257,0.7666131,0.1065221,0.7638101,0.7894984,0.0781480,0.4566000,0.7708000,0.4246000,0.4854000,0.6265000,0.3056000,0.5946000,0.5830000,0.2536000,0.5841000,0.5496000,0.3627000,0.6201000,0.5003000,0.5202000,0.3182824,-0.0000000,-0.0000000},
{0.3725979,0.7043238,-0.1164755,0.1579498,0.7115006,-0.0164838,0.5033923,0.7170372,-0.0240600,0.5208535,0.7671165,0.1067230,0.7638763,0.7896185,0.0782480,0.4567000,0.7709000,0.4247000,0.4853000,0.6266000,0.3057000,0.5948000,0.5830000,0.2537000,0.5836000,0.5493000,0.3624000,0.6200000,0.5002000,0.5202000,0.3182824,-0.0000000,-0.0000000},
{0.3727800,0.7044250,-0.1162538,0.1579498,0.7115006,-0.0164838,0.5036294,0.7173885,-0.0238078,0.5209272,0.7672791,0.1067879,0.7640502,0.7899337,0.0785103,0.4568000,0.7710000,0.4248000,0.4853000,0.6267000,0.3058000,0.5950000,0.5829000,0.2538000,0.5830000,0.5491000,0.3622000,0.6200000,0.5002000,0.5201000,0.3182824,-0.0000000,-0.0000000},
{0.3729230,0.7045046,-0.1160797,0.1581345,0.7115641,-0.0162814,0.5038658,0.7177386,-0.0235565,0.5210342,0.7675154,0.1068821,0.7642504,0.7902964,0.0788121,0.4570000,0.7711000,0.4250000,0.4853000,0.6267000,0.3059000,0.5952000,0.5829000,0.2539000,0.5825000,0.5488000,0.3619000,0.6200000,0.5002000,0.5202000,0.3182824,-0.0000000,-0.0000000},
{0.3733736,0.7047550,-0.1155315,0.1581345,0.7115641,-0.0162814,0.5042510,0.7183086,-0.0231474,0.5212214,0.7679282,0.1070466,0.7642504,0.7902964,0.0788121,0.4572000,0.7713000,0.4252000,0.4854000,0.6268000,0.3061000,0.5955000,0.5828000,0.2540000,0.5819000,0.5485000,0.3616000,0.6202000,0.5002000,0.5202000,0.3182824,-0.0000000,-0.0000000},
{0.3734819,0.7048152,-0.1153998,0.1582862,0.7116162,-0.0161152,0.5043762,0.7184938,-0.0230146,0.5214126,0.7683494,0.1072145,0.7643507,0.7904780,0.0789631,0.4575000,0.7713000,0.4254000,0.4855000,0.6269000,0.3063000,0.5957000,0.5828000,0.2541000,0.5813000,0.5483000,0.3613000,0.6204000,0.5002000,0.5203000,0.3182824,-0.0000000,-0.0000000},
{0.3738372,0.7050125,-0.1149680,0.1584955,0.7116882,-0.0158861,0.5046766,0.7189380,-0.0226960,0.5215585,0.7686705,0.1073424,0.7644998,0.7907479,0.0791876,0.4578000,0.7715000,0.4257000,0.4856000,0.6270000,0.3065000,0.5959000,0.5827000,0.2542000,0.5808000,0.5480000,0.3610000,0.6207000,0.5003000,0.5203000,0.3182824,-0.0000000,-0.0000000},
{0.3741977,0.7052127,-0.1145302,0.1587059,0.7117604,-0.0156559,0.5049562,0.7193512,-0.0223998,0.5217186,0.7690225,0.1074825,0.7648140,0.7913164,0.0796603,0.4582000,0.7716000,0.4260000,0.4857000,0.6270000,0.3068000,0.5961000,0.5827000,0.2543000,0.5802000,0.5477000,0.3608000,0.6211000,0.5004000,0.5203000,0.3182824,-0.0000000,-0.0000000},
{0.3744571,0.7053567,-0.1142154,0.1587059,0.7117604,-0.0156559,0.5052500,0.7197852,-0.0220888,0.5218288,0.7692646,0.1075789,0.7648140,0.7913164,0.0796603,0.4585000,0.7717000,0.4262000,0.4859000,0.6271000,0.3070000,0.5963000,0.5826000,0.2544000,0.5797000,0.5475000,0.3605000,0.6216000,0.5004000,0.5204000,0.3182824,-0.0000000,-0.0000000},
{0.3749651,0.7056385,-0.1135992,0.1590160,0.7118669,-0.0153168,0.5054198,0.7200358,-0.0219092,0.5219596,0.7695519,0.1076932,0.7649672,0.7915933,0.0798904,0.4589000,0.7718000,0.4265000,0.4862000,0.6271000,0.3073000,0.5965000,0.5826000,0.2545000,0.5791000,0.5472000,0.3602000,0.6221000,0.5005000,0.5204000,0.3182824,-0.0000000,-0.0000000},
{0.3752252,0.7057828,-0.1132838,0.1590936,0.7118936,-0.0152321,0.5057119,0.7204667,-0.0216005,0.5221886,0.7700544,0.1078931,0.7651442,0.7919132,0.0801564,0.4593000,0.7720000,0.4268000,0.4865000,0.6271000,0.3076000,0.5967000,0.5825000,0.2546000,0.5786000,0.5469000,0.3599000,0.6226000,0.5006000,0.5205000,0.3182824,-0.0000000,-0.0000000}
};
