fitErrPi Mean = 0.154826
fitErrTh Mean = 0.0220991
fitErrWr Mean = 0.0368482
fitErrLA Mean = 0.0511632
fitErrEl Mean = 0.0139846
fitErrUA Mean = 0.0708799
efPts = {
{1.0190902,0.2407519,0.3353302,1.0557763,0.2020994,0.3049261,1.3221198,1.0151485,0.1131175,0.7969863,0.4757682,0.3374256,0.8556183,0.6810100,0.4829438,0.8322000,0.6321000,0.5328000,0.8260000,0.5977000,0.4000000,0.9078000,0.5715000,0.3694000,0.9715000,0.5263000,0.3886000,1.0860000,0.5331000,0.4380000,0.8927442,0.1533629,0.3849765},
{1.0202727,0.2404254,0.3348270,1.0558241,0.2020926,0.3048926,0.8688425,0.3481791,0.3549799,0.7971798,0.4756480,0.3375163,0.8557149,0.6808974,0.4830294,0.8326000,0.6318000,0.5327000,0.8257000,0.5983000,0.3998000,0.9083000,0.5712000,0.3693000,0.9716000,0.5259000,0.3884000,1.0860000,0.5324000,0.4377000,0.8920419,0.1543130,0.3846363},
{1.0206645,0.2403183,0.3346591,1.0559586,0.2020736,0.3047986,0.8690328,0.3480109,0.3550244,0.7974144,0.4755027,0.3376261,0.8557935,0.6808058,0.4830991,0.8331000,0.6316000,0.5326000,0.8255000,0.5989000,0.3996000,0.9087000,0.5710000,0.3692000,0.9717000,0.5255000,0.3883000,1.0860000,0.5317000,0.4375000,0.8911675,0.1555006,0.3842094},
{1.0209608,0.2402377,0.3345319,1.0560672,0.2020582,0.3047225,0.8691799,0.3478811,0.3550586,0.7974144,0.4755027,0.3376261,0.8558012,0.6807969,0.4831058,0.8334000,0.6313000,0.5324000,0.8253000,0.5994000,0.3994000,0.9091000,0.5708000,0.3691000,0.9716000,0.5252000,0.3881000,1.0860000,0.5310000,0.4373000,0.8903734,0.1565835,0.3838183},
{1.0211523,0.2401858,0.3344495,1.0552871,0.2021695,0.3052675,0.8689889,0.3480497,0.3550141,0.7971012,0.4756968,0.3374795,0.8556803,0.6809377,0.4829988,0.8335000,0.6311000,0.5322000,0.8250000,0.6000000,0.3992000,0.9095000,0.5706000,0.3691000,0.9716000,0.5249000,0.3880000,1.0860000,0.5303000,0.4371000,0.8894626,0.1578309,0.3833657},
{1.0212049,0.2401716,0.3344269,1.0549786,0.2022141,0.3054822,0.8685006,0.3484818,0.3549000,0.7964405,0.4761090,0.3371696,0.8554753,0.6811768,0.4828170,0.8335000,0.6309000,0.5318000,0.8248000,0.6005000,0.3990000,0.9100000,0.5703000,0.3690000,0.9715000,0.5247000,0.3880000,1.0860000,0.5297000,0.4370000,0.8887377,0.1588275,0.3830026},
{1.0201612,0.2404560,0.3348746,1.0544074,0.2022979,0.3058785,0.8679483,0.3489721,0.3547703,0.7955555,0.4766669,0.3367532,0.8551435,0.6815646,0.4825227,0.8335000,0.6308000,0.5315000,0.8246000,0.6011000,0.3988000,0.9104000,0.5701000,0.3689000,0.9715000,0.5245000,0.3879000,1.0860000,0.5291000,0.4369000,0.8878365,0.1600715,0.3825473},
{1.0188947,0.2408064,0.3354130,1.0536825,0.2024062,0.3063792,0.8671388,0.3496937,0.3545793,0.7946171,0.4772656,0.3363101,0.8548882,0.6818637,0.4822960,0.8335000,0.6308000,0.5312000,0.8244000,0.6017000,0.3986000,0.9108000,0.5699000,0.3689000,0.9714000,0.5243000,0.3878000,1.0860000,0.5286000,0.4369000,0.8869419,0.1613118,0.3820913},
{1.0184555,0.2409293,0.3355984,1.0522667,0.2026239,0.3073501,0.8663228,0.3504250,0.3543856,0.7936900,0.4778644,0.3358707,0.8546353,0.6821606,0.4820713,0.8335000,0.6309000,0.5310000,0.8241000,0.6022000,0.3984000,0.9113000,0.5696000,0.3688000,0.9712000,0.5241000,0.3877000,1.0860000,0.5280000,0.4369000,0.8861770,0.1623766,0.3816981},
{1.0170990,0.2413132,0.3361671,1.0513300,0.2027724,0.3079871,0.8653786,0.3512760,0.3541598,0.7927197,0.4784990,0.3354089,0.8543939,0.6824446,0.4818566,0.8335000,0.6311000,0.5308000,0.8239000,0.6028000,0.3982000,0.9117000,0.5694000,0.3687000,0.9711000,0.5241000,0.3876000,1.0860000,0.5275000,0.4368000,0.8855244,0.1632884,0.3813602},
{1.0155188,0.2417687,0.3368219,1.0504506,0.2029150,0.3085815,0.8644534,0.3521147,0.3539370,0.7917908,0.4791141,0.3349653,0.8541949,0.6826791,0.4816795,0.8335000,0.6313000,0.5306000,0.8237000,0.6034000,0.3980000,0.9121000,0.5692000,0.3687000,0.9709000,0.5240000,0.3875000,1.0860000,0.5271000,0.4368000,0.8846757,0.1644785,0.3809174},
{1.0139271,0.2422365,0.3374731,1.0485597,0.2032322,0.3098474,0.8627918,0.3536336,0.3535327,0.7907482,0.4798134,0.3344653,0.8539163,0.6830081,0.4814314,0.8336000,0.6315000,0.5305000,0.8234000,0.6039000,0.3978000,0.9125000,0.5690000,0.3686000,0.9708000,0.5240000,0.3874000,1.0850000,0.5266000,0.4368000,0.8835508,0.1660636,0.3803247},
{1.0120762,0.2427918,0.3382199,1.0462939,0.2036309,0.3113429,0.8614845,0.3548400,0.3532109,0.7895670,0.4806173,0.3338962,0.8535809,0.6834052,0.4811324,0.8335000,0.6317000,0.5302000,0.8232000,0.6045000,0.3976000,0.9130000,0.5687000,0.3685000,0.9706000,0.5241000,0.3874000,1.0850000,0.5261000,0.4369000,0.8823880,0.1677114,0.3797050},
{1.0099854,0.2434336,0.3390500,1.0437876,0.2040952,0.3129701,0.8599380,0.3562801,0.3528260,0.7881047,0.4816295,0.3331878,0.8531922,0.6838666,0.4807856,0.8334000,0.6319000,0.5299000,0.8230000,0.6051000,0.3974000,0.9134000,0.5685000,0.3685000,0.9704000,0.5241000,0.3875000,1.0850000,0.5258000,0.4369000,0.8809182,0.1698081,0.3789112},
{1.0066273,0.2444964,0.3403536,1.0403389,0.2047733,0.3151640,0.8580524,0.3580555,0.3523504,0.7864537,0.4827954,0.3323829,0.8526945,0.6844596,0.4803409,0.8333000,0.6323000,0.5296000,0.8227000,0.6056000,0.3972000,0.9138000,0.5683000,0.3684000,0.9703000,0.5241000,0.3875000,1.0850000,0.5254000,0.4370000,0.8791585,0.1723385,0.3779455},
{1.0037261,0.2454460,0.3414506,1.0366285,0.2055524,0.3174671,0.8560387,0.3599753,0.3518347,0.7845232,0.4841902,0.3314346,0.8521014,0.6851694,0.4798100,0.8330000,0.6327000,0.5293000,0.8225000,0.6062000,0.3970000,0.9143000,0.5681000,0.3683000,0.9700000,0.5241000,0.3876000,1.0850000,0.5249000,0.4371000,0.8772796,0.1750653,0.3768955},
{1.0001049,0.2466717,0.3427824,1.0319232,0.2066123,0.3203045,0.8535797,0.3623538,0.3511938,0.7822969,0.4858418,0.3303313,0.8514509,0.6859518,0.4792266,0.8328000,0.6332000,0.5290000,0.8223000,0.6067000,0.3968000,0.9147000,0.5678000,0.3683000,0.9697000,0.5242000,0.3876000,1.0850000,0.5245000,0.4372000,0.8752150,0.1780918,0.3757189},
{0.9959657,0.2481272,0.3442541,1.0268768,0.2078361,0.3232471,0.8510798,0.3648108,0.3505297,0.7799304,0.4876489,0.3291469,0.8506526,0.6869175,0.4785092,0.8324000,0.6337000,0.5287000,0.8221000,0.6073000,0.3966000,0.9151000,0.5676000,0.3682000,0.9693000,0.5243000,0.3876000,1.0840000,0.5240000,0.4374000,0.8730768,0.1812598,0.3744749},
{0.9913141,0.2498315,0.3458444,1.0209886,0.2093744,0.3265531,0.8482011,0.3676901,0.3497485,0.7773971,0.4896437,0.3278654,0.8497373,0.6880323,0.4776845,0.8319000,0.6344000,0.5282000,0.8218000,0.6079000,0.3964000,0.9155000,0.5674000,0.3681000,0.9689000,0.5244000,0.3877000,1.0840000,0.5235000,0.4376000,0.8708320,0.1846232,0.3731404},
{0.9861195,0.2518194,0.3475417,1.0156753,0.2108613,0.3294219,0.8454189,0.3705248,0.3489767,0.7746966,0.4918409,0.3264835,0.8488798,0.6890843,0.4769098,0.8313000,0.6350000,0.5277000,0.8216000,0.6084000,0.3963000,0.9160000,0.5671000,0.3680000,0.9683000,0.5246000,0.3878000,1.0830000,0.5229000,0.4379000,0.8685105,0.1881430,0.3717290},
{0.9803673,0.2541238,0.3493257,1.0085186,0.2130076,0.3331203,0.8422250,0.3738436,0.3480696,0.7717663,0.4943098,0.3249648,0.8479045,0.6902894,0.4760262,0.8308000,0.6356000,0.5272000,0.8214000,0.6090000,0.3961000,0.9164000,0.5669000,0.3680000,0.9677000,0.5249000,0.3879000,1.0830000,0.5223000,0.4382000,0.8661801,0.1917194,0.3702796},
{0.9738482,0.2568645,0.3512276,1.0013837,0.2153063,0.3366239,0.8387434,0.3775423,0.3470544,0.7686829,0.4970064,0.3233446,0.8468635,0.6915861,0.4750801,0.8301000,0.6363000,0.5264000,0.8211000,0.6096000,0.3959000,0.9164000,0.5669000,0.3680000,0.9671000,0.5253000,0.3880000,1.0820000,0.5218000,0.4384000,0.8635468,0.1958137,0.3686015},
{0.9668847,0.2599419,0.3531202,0.9938080,0.2179147,0.3401500,0.8349133,0.3817122,0.3459047,0.7652576,0.5001251,0.3215171,0.8456333,0.6931322,0.4739582,0.8292000,0.6370000,0.5255000,0.8209000,0.6101000,0.3957000,0.9162000,0.5671000,0.3678000,0.9665000,0.5257000,0.3880000,1.0810000,0.5213000,0.4386000,0.8611602,0.1995742,0.3670429},
{0.9594203,0.2634105,0.3549913,0.9858953,0.2208180,0.3436264,0.8307685,0.3863481,0.3446204,0.7616839,0.5035231,0.3195779,0.8443157,0.6948048,0.4727519,0.8282000,0.6377000,0.5244000,0.8207000,0.6107000,0.3955000,0.9155000,0.5677000,0.3674000,0.9661000,0.5260000,0.3880000,1.0810000,0.5209000,0.4388000,0.8586322,0.2036106,0.3653519},
{0.9517276,0.2671673,0.3567507,0.9778579,0.2239485,0.3469479,0.8263401,0.3914491,0.3432000,0.7578427,0.5073478,0.3174548,0.8426343,0.6969647,0.4712053,0.8271000,0.6386000,0.5231000,0.8205000,0.6112000,0.3953000,0.9149000,0.5683000,0.3670000,0.9654000,0.5264000,0.3880000,1.0800000,0.5204000,0.4389000,0.8560180,0.2078430,0.3635589},
{0.9438293,0.2712151,0.3583802,0.9696054,0.2273477,0.3501446,0.8218934,0.3967326,0.3417212,0.7539324,0.5114349,0.3152499,0.8409633,0.6991394,0.4696604,0.8258000,0.6399000,0.5219000,0.8202000,0.6118000,0.3951000,0.9144000,0.5686000,0.3666000,0.9649000,0.5265000,0.3878000,1.0790000,0.5199000,0.4390000,0.8532628,0.2123700,0.3616191},
{0.9355001,0.2756916,0.3599057,0.9609205,0.2311220,0.3532810,0.8172619,0.4024160,0.3401222,0.7498544,0.5159182,0.3129007,0.8392094,0.7014527,0.4680302,0.8246000,0.6414000,0.5206000,0.8200000,0.6124000,0.3949000,0.9138000,0.5688000,0.3663000,0.9644000,0.5265000,0.3877000,1.0790000,0.5193000,0.4389000,0.8504094,0.2171320,0.3595543},
{0.9268468,0.2805674,0.3612818,0.9517548,0.2353193,0.3563438,0.8124828,0.4084844,0.3384059,0.7457773,0.5206412,0.3104978,0.8372454,0.7040808,0.4661940,0.8233000,0.6432000,0.5193000,0.8198000,0.6129000,0.3947000,0.9133000,0.5691000,0.3660000,0.9638000,0.5265000,0.3875000,1.0780000,0.5187000,0.4389000,0.8474487,0.2221547,0.3573500},
{0.9177316,0.2859509,0.3625018,0.9419218,0.2400608,0.3593538,0.8076330,0.4148672,0.3365910,0.7416342,0.5257056,0.3079964,0.8352943,0.7067316,0.4643587,0.8220000,0.6452000,0.5180000,0.8195000,0.6135000,0.3945000,0.9126000,0.5695000,0.3656000,0.9630000,0.5265000,0.3872000,1.0770000,0.5180000,0.4388000,0.8443316,0.2275357,0.3549590},
{0.9082325,0.2918315,0.3635221,0.9316333,0.2452811,0.3622038,0.8027167,0.4215836,0.3346711,0.7375862,0.5309323,0.3054898,0.8332547,0.7095456,0.4624280,0.8207000,0.6474000,0.5166000,0.8193000,0.6141000,0.3943000,0.9121000,0.5698000,0.3656000,0.9623000,0.5267000,0.3871000,1.0760000,0.5173000,0.4388000,0.8410488,0.2333092,0.3523601},
{0.8984615,0.2981697,0.3643034,0.9211009,0.2508946,0.3648099,0.7976053,0.4288482,0.3325832,0.7333830,0.5366768,0.3028155,0.8311653,0.7124746,0.4604370,0.8193000,0.6497000,0.5153000,0.8191000,0.6146000,0.3941000,0.9112000,0.5703000,0.3654000,0.9614000,0.5268000,0.3869000,1.0750000,0.5166000,0.4387000,0.8375669,0.2395570,0.3495097},
{0.8884343,0.3049811,0.3648202,0.9103326,0.2569114,0.3671536,0.7924999,0.4364133,0.3303972,0.7291487,0.5428224,0.3000408,0.8290708,0.7154584,0.4584279,0.8180000,0.6521000,0.5138000,0.8189000,0.6152000,0.3939000,0.9104000,0.5708000,0.3652000,0.9605000,0.5269000,0.3869000,1.0740000,0.5159000,0.4386000,0.8340466,0.2460092,0.3465252},
{0.8782880,0.3121937,0.3650460,0.8994079,0.2632992,0.3692037,0.7872442,0.4445518,0.3280326,0.7245669,0.5499232,0.2969368,0.8268528,0.7186712,0.4562853,0.8165000,0.6545000,0.5123000,0.8186000,0.6157000,0.3937000,0.9095000,0.5713000,0.3649000,0.9594000,0.5271000,0.3867000,1.0730000,0.5152000,0.4385000,0.8305466,0.2525652,0.3434511},
{0.8683028,0.3196109,0.3649720,0.8883830,0.2700327,0.3709407,0.7820382,0.4529967,0.3255655,0.7202092,0.5571666,0.2938744,0.8245351,0.7220876,0.4540296,0.8150000,0.6571000,0.5109000,0.8184000,0.6163000,0.3935000,0.9084000,0.5714000,0.3647000,0.9584000,0.5274000,0.3864000,1.0720000,0.5144000,0.4384000,0.8270214,0.2593172,0.3402421},
{0.8576036,0.3279170,0.3645602,0.8769803,0.2772992,0.3723881,0.7769279,0.4616955,0.3230106,0.7160494,0.5645889,0.2908367,0.8222363,0.7255370,0.4517752,0.8138000,0.6598000,0.5097000,0.8182000,0.6169000,0.3933000,0.9072000,0.5728000,0.3652000,0.9572000,0.5275000,0.3862000,1.0700000,0.5135000,0.4383000,0.8234608,0.2662965,0.3368803},
{0.8472179,0.3363428,0.3638236,0.8655022,0.2849239,0.3734865,0.7719258,0.4706455,0.3203679,0.7119455,0.5724721,0.2877137,0.8199325,0.7290561,0.4494984,0.8128000,0.6627000,0.5086000,0.8179000,0.6174000,0.3931000,0.9061000,0.5735000,0.3651000,0.9559000,0.5277000,0.3860000,1.0690000,0.5125000,0.4382000,0.8198923,0.2734599,0.3333832},
{0.8371153,0.3448920,0.3627794,0.8540788,0.2928224,0.3742213,0.7670488,0.4798349,0.3176405,0.7079658,0.5807384,0.2845452,0.8176575,0.7325935,0.4472325,0.8117000,0.6655000,0.5081000,0.8177000,0.6180000,0.3929000,0.9055000,0.5754000,0.3647000,0.9546000,0.5279000,0.3858000,1.0670000,0.5116000,0.4381000,0.8162162,0.2810260,0.3296394},
{0.8269834,0.3538273,0.3613969,0.8422757,0.3013110,0.3746020,0.7623293,0.4892178,0.3148415,0.7042369,0.5891428,0.2814281,0.8154347,0.7361110,0.4450013,0.8113000,0.6686000,0.5073000,0.8175000,0.6186000,0.3927000,0.9042000,0.5751000,0.3645000,0.9533000,0.5281000,0.3857000,1.0660000,0.5107000,0.4381000,0.8124695,0.2889438,0.3256673},
{0.8171678,0.3628416,0.3597255,0.8308913,0.3098177,0.3746003,0.7577101,0.4989314,0.3119294,0.7006769,0.5978845,0.2782905,0.8132111,0.7396916,0.4427518,0.8109000,0.6718000,0.5063000,0.8172000,0.6191000,0.3925000,0.9025000,0.5752000,0.3647000,0.9518000,0.5284000,0.3856000,1.0640000,0.5098000,0.4382000,0.8086385,0.2972689,0.3214323},
{0.8072285,0.3723437,0.3576858,0.8194427,0.3186939,0.3742272,0.7533368,0.5086809,0.3089921,0.6973568,0.6068130,0.2751897,0.8111342,0.7430930,0.4406348,0.8107000,0.6750000,0.5053000,0.8170000,0.6197000,0.3923000,0.9012000,0.5765000,0.3653000,0.9503000,0.5287000,0.3856000,1.0620000,0.5090000,0.4382000,0.8048398,0.3057687,0.3170476},
{0.7975267,0.3819987,0.3553422,0.8083880,0.3275768,0.3735061,0.7491543,0.5185870,0.3059935,0.6942482,0.6160252,0.2720945,0.8090693,0.7465310,0.4385140,0.8106000,0.6780000,0.5044000,0.8168000,0.6202000,0.3921000,0.9002000,0.5778000,0.3654000,0.9487000,0.5289000,0.3856000,1.0600000,0.5082000,0.4384000,0.8009994,0.3146274,0.3124136},
{0.7879130,0.3919563,0.3526579,0.7967509,0.3372675,0.3723543,0.7451812,0.5286113,0.3029450,0.6913567,0.6255467,0.2690010,0.8068764,0.7502450,0.4362440,0.8109000,0.6808000,0.5036000,0.8166000,0.6208000,0.3919000,0.8981000,0.5769000,0.3658000,0.9470000,0.5292000,0.3855000,1.0580000,0.5073000,0.4384000,0.7972172,0.3236334,0.3076366},
{0.7790276,0.4015244,0.3498383,0.7854612,0.3470124,0.3708401,0.7414095,0.5387808,0.2998383,0.6887348,0.6352347,0.2659587,0.8047501,0.7539094,0.4340253,0.8106000,0.6840000,0.5030000,0.8163000,0.6214000,0.3917000,0.8968000,0.5779000,0.3658000,0.9451000,0.5294000,0.3854000,1.0560000,0.5064000,0.4384000,0.7935067,0.3327625,0.3027276},
{0.7700022,0.4116244,0.3466207,0.7742063,0.3570755,0.3689278,0.7378644,0.5490311,0.2966930,0.6864005,0.6450217,0.2629885,0.8026146,0.7576544,0.4317786,0.8105000,0.6873000,0.5025000,0.8161000,0.6219000,0.3915000,0.8954000,0.5791000,0.3661000,0.9432000,0.5298000,0.3853000,1.0540000,0.5054000,0.4385000,0.7898314,0.3421169,0.2976291},
{0.7611575,0.4219198,0.3430986,0.7631170,0.3673450,0.3666343,0.7345089,0.5594807,0.2934724,0.6843320,0.6550093,0.2600606,0.8005384,0.7613589,0.4295764,0.8108000,0.6904000,0.5021000,0.8159000,0.6225000,0.3913000,0.8936000,0.5801000,0.3664000,0.9412000,0.5301000,0.3852000,1.0520000,0.5044000,0.4386000,0.7861840,0.3517354,0.2923154},
{0.7524779,0.4324338,0.3392611,0.7521596,0.3778537,0.3639506,0.7313815,0.5700250,0.2902086,0.6825338,0.6652211,0.2571710,0.7985794,0.7649138,0.4274817,0.8111000,0.6935000,0.5019000,0.8156000,0.6231000,0.3911000,0.8921000,0.5814000,0.3667000,0.9391000,0.5305000,0.3852000,1.0490000,0.5033000,0.4386000,0.7826470,0.3614127,0.2868976},
{0.7441102,0.4429863,0.3351751,0.7414875,0.3884517,0.3609172,0.7283787,0.5810672,0.2867758,0.6809945,0.6758339,0.2542762,0.7966400,0.7684915,0.4253916,0.8116000,0.6970000,0.5010000,0.8154000,0.6236000,0.3910000,0.8904000,0.5825000,0.3669000,0.9370000,0.5310000,0.3852000,1.0460000,0.5023000,0.4388000,0.7791588,0.3713288,0.2812726},
{0.7360579,0.4535602,0.3308543,0.7309993,0.3992360,0.3575097,0.7256563,0.5920784,0.2833379,0.6797458,0.6868208,0.2513926,0.7946925,0.7721443,0.4232758,0.8124000,0.6995000,0.5006000,0.8152000,0.6242000,0.3908000,0.8888000,0.5837000,0.3671000,0.9347000,0.5316000,0.3852000,1.0440000,0.5013000,0.4389000,0.7757428,0.3814372,0.2754629},
{0.7282964,0.4641771,0.3262952,0.7208031,0.4100928,0.3537665,0.7231853,0.6031624,0.2798626,0.6788047,0.6983446,0.2484893,0.7926865,0.7759720,0.4210780,0.8116000,0.7032000,0.5007000,0.8150000,0.6247000,0.3906000,0.8872000,0.5850000,0.3674000,0.9325000,0.5322000,0.3852000,1.0410000,0.5005000,0.4391000,0.7723717,0.3918444,0.2694028},
{0.7208801,0.4747503,0.3215415,0.7109053,0.4210073,0.3496989,0.7209959,0.6141634,0.2763990,0.6782133,0.7105277,0.2455525,0.7906897,0.7798497,0.4188713,0.8115000,0.7064000,0.5004000,0.8150000,0.6247000,0.3906000,0.8853000,0.5861000,0.3677000,0.9300000,0.5327000,0.3854000,1.0380000,0.4997000,0.4394000,0.7691221,0.4023328,0.2632155},
{0.7138055,0.4852672,0.3166068,0.7012827,0.4319994,0.3453041,0.7191148,0.6248621,0.2730171,0.6780307,0.7220604,0.2428964,0.7886883,0.7838068,0.4166396,0.8113000,0.7095000,0.5001000,0.8140000,0.6283000,0.3903000,0.8833000,0.5871000,0.3679000,0.9275000,0.5333000,0.3855000,1.0350000,0.4989000,0.4396000,0.7659872,0.4129327,0.2568818},
{0.7070979,0.4956705,0.3115274,0.6919756,0.4430171,0.3406071,0.7174915,0.6354495,0.2696575,0.6782156,0.7336981,0.2403374,0.7866132,0.7879865,0.4143041,0.8110000,0.7126000,0.4999000,0.8116000,0.6314000,0.3907000,0.8813000,0.5882000,0.3682000,0.9250000,0.5337000,0.3855000,1.0320000,0.4981000,0.4401000,0.7629314,0.4237861,0.2503134},
{0.7007990,0.5058676,0.3063606,0.6830081,0.4540235,0.3356303,0.7161224,0.6458752,0.2663366,0.6787506,0.7450219,0.2379642,0.7845702,0.7921811,0.4119822,0.8107000,0.7159000,0.4996000,0.8107000,0.6349000,0.3898000,0.8794000,0.5896000,0.3683000,0.9224000,0.5342000,0.3857000,1.0280000,0.4973000,0.4405000,0.7600500,0.4345627,0.2437089},
{0.6947695,0.5160651,0.3010099,0.6744185,0.4649588,0.3304092,0.7150105,0.6559882,0.2631036,0.6796079,0.7560349,0.2357667,0.7827232,0.7960440,0.4098632,0.8105000,0.7192000,0.4994000,0.8095000,0.6380000,0.3899000,0.8769000,0.5901000,0.3690000,0.9198000,0.5348000,0.3857000,1.0250000,0.4966000,0.4410000,0.7572705,0.4455401,0.2368973},
{0.6890745,0.5261404,0.2955445,0.6661548,0.4758784,0.3249249,0.7141164,0.6660241,0.2598839,0.6807645,0.7667619,0.2337321,0.7809737,0.7997672,0.4078380,0.8103000,0.7225000,0.4993000,0.8095000,0.6380000,0.3899000,0.8750000,0.5921000,0.3689000,0.9169000,0.5355000,0.3860000,1.0220000,0.4960000,0.4415000,0.7546346,0.4565713,0.2299675},
{0.6836702,0.5361555,0.2899366,0.6582723,0.4866979,0.3192271,0.7134403,0.6758825,0.2567102,0.6822198,0.7773432,0.2318283,0.7793617,0.8032554,0.4059556,0.8102000,0.7258000,0.4990000,0.8081000,0.6413000,0.3895000,0.8731000,0.5935000,0.3692000,0.9142000,0.5364000,0.3864000,1.0180000,0.4954000,0.4422000,0.7521776,0.4675005,0.2230182},
{0.6785121,0.5461885,0.2841442,0.6506917,0.4975178,0.3132683,0.7129694,0.6856104,0.2535677,0.6840427,0.7881991,0.2299836,0.7778268,0.8066298,0.4041483,0.8101000,0.7289000,0.4988000,0.8067000,0.6446000,0.3891000,0.8709000,0.5949000,0.3697000,0.9110000,0.5371000,0.3869000,1.0150000,0.4950000,0.4428000,0.7498757,0.4784215,0.2159914},
{0.6738157,0.5557902,0.2784372,0.6434477,0.5082836,0.3070814,0.7126981,0.6950817,0.2504980,0.6861323,0.7987097,0.2283042,0.7763138,0.8100089,0.4023519,0.8096000,0.7319000,0.4988000,0.8054000,0.6479000,0.3887000,0.8686000,0.5958000,0.3705000,0.9076000,0.5376000,0.3872000,1.0110000,0.4947000,0.4435000,0.7477212,0.4893703,0.2088637},
{0.6693743,0.5653488,0.2725965,0.6365581,0.5189606,0.3006912,0.7126117,0.7040852,0.2475705,0.6884676,0.8088870,0.2267805,0.7748303,0.8133745,0.4005758,0.8090000,0.7350000,0.4988000,0.8040000,0.6512000,0.3883000,0.8669000,0.5978000,0.3707000,0.9045000,0.5382000,0.3877000,1.0080000,0.4945000,0.4441000,0.7456955,0.5004596,0.2015603},
{0.6652459,0.5747244,0.2667120,0.6299984,0.5295791,0.2940836,0.7126856,0.7126841,0.2447662,0.6909708,0.8185276,0.2254329,0.7734261,0.8166101,0.3988806,0.8086000,0.7382000,0.4987000,0.8026000,0.6545000,0.3879000,0.8645000,0.5992000,0.3708000,0.9014000,0.5391000,0.3883000,1.0040000,0.4944000,0.4448000,0.7438689,0.5112895,0.1943456},
{0.6614816,0.5837629,0.2608921,0.6237452,0.5401758,0.2872368,0.7128963,0.7208095,0.2421085,0.6935821,0.8275631,0.2242570,0.7721208,0.8196629,0.3972920,0.8082000,0.7413000,0.4985000,0.8012000,0.6578000,0.3875000,0.8621000,0.6007000,0.3712000,0.8984000,0.5396000,0.3887000,1.0010000,0.4943000,0.4455000,0.7422068,0.5220241,0.1871143},
{0.6578802,0.5929361,0.2548362,0.6178357,0.5506858,0.2801933,0.7132252,0.7285524,0.2395690,0.6962674,0.8360224,0.2232351,0.7707773,0.8228518,0.3956438,0.8077000,0.7443000,0.4985000,0.7999000,0.6611000,0.3871000,0.8597000,0.6023000,0.3717000,0.8987000,0.5434000,0.3880000,0.9970000,0.4941000,0.4462000,0.7407051,0.5326654,0.1798670},
{0.6545403,0.6020029,0.2487006,0.6123034,0.5610398,0.2730045,0.7136624,0.7360346,0.2371085,0.6989880,0.8439095,0.2223536,0.7697499,0.8253240,0.3943739,0.8073000,0.7472000,0.4985000,0.7985000,0.6644000,0.3867000,0.8575000,0.6041000,0.3720000,0.8959000,0.5445000,0.3885000,0.9933000,0.4941000,0.4469000,0.7393755,0.5430894,0.1726913},
{0.6516220,0.6104702,0.2428339,0.6071790,0.5711600,0.2657337,0.7141948,0.7432379,0.2347337,0.7017850,0.8514317,0.2215794,0.7685328,0.8282909,0.3928587,0.8069000,0.7498000,0.4985000,0.7971000,0.6677000,0.3864000,0.8554000,0.6059000,0.3724000,0.8929000,0.5455000,0.3889000,0.9896000,0.4941000,0.4475000,0.7382201,0.5532016,0.1656576},
{0.6488365,0.6191464,0.2366828,0.6024578,0.5810284,0.2584058,0.7148195,0.7502566,0.2324140,0.7046520,0.8586258,0.2209019,0.7675133,0.8308098,0.3915800,0.8063000,0.7523000,0.4984000,0.7957000,0.6710000,0.3860000,0.8534000,0.6076000,0.3727000,0.8899000,0.5469000,0.3894000,0.9860000,0.4941000,0.4481000,0.7372197,0.5630814,0.1587161},
{0.6463565,0.6274935,0.2306287,0.5981477,0.5905950,0.2510718,0.7155082,0.7569033,0.2302119,0.7075080,0.8653499,0.2203268,0.7664828,0.8333877,0.3902786,0.8056000,0.7549000,0.4982000,0.7944000,0.6742000,0.3856000,0.8512000,0.6093000,0.3730000,0.8869000,0.5483000,0.3898000,0.9824000,0.4943000,0.4487000,0.7363710,0.5726707,0.1519127},
{0.6441105,0.6357131,0.2245333,0.5941607,0.6000323,0.2436081,0.7162690,0.7633646,0.2280663,0.7103553,0.8716722,0.2198391,0.7654736,0.8359444,0.3889950,0.8049000,0.7573000,0.4979000,0.7930000,0.6775000,0.3852000,0.8486000,0.6106000,0.3734000,0.8840000,0.5495000,0.3901000,0.9789000,0.4944000,0.4492000,0.7356625,0.5819894,0.1452385},
{0.6421365,0.6436282,0.2185351,0.5905523,0.6091884,0.2361425,0.7170899,0.7696040,0.2259897,0.7132567,0.8777706,0.2194197,0.7645070,0.8384240,0.3877570,0.8041000,0.7599000,0.4975000,0.7916000,0.6808000,0.3848000,0.8460000,0.6120000,0.3737000,0.8812000,0.5508000,0.3905000,0.9755000,0.4947000,0.4497000,0.7350718,0.5912661,0.1385325},
{0.6404000,0.6513220,0.2125803,0.5872840,0.6181310,0.2286301,0.7179844,0.7757660,0.2239343,0.7162689,0.8837757,0.2190577,0.7634635,0.8411360,0.3864104,0.8033000,0.7625000,0.4969000,0.7902000,0.6841000,0.3844000,0.8433000,0.6134000,0.3739000,0.8783000,0.5521000,0.3908000,0.9720000,0.4951000,0.4501000,0.7346122,0.6001955,0.1320186},
{0.6388958,0.6587683,0.2066968,0.5843893,0.6267297,0.2211926,0.7189229,0.7816855,0.2219555,0.7193111,0.8895390,0.2187599,0.7624174,0.8438925,0.3850500,0.8023000,0.7651000,0.4963000,0.7902000,0.6841000,0.3844000,0.8428000,0.6161000,0.3739000,0.8754000,0.5534000,0.3912000,0.9687000,0.4954000,0.4506000,0.7342682,0.6088949,0.1256165},
{0.6376059,0.6660013,0.2008649,0.5818560,0.6349593,0.2138696,0.7199281,0.7875401,0.2199942,0.7223897,0.8950931,0.2185213,0.7613801,0.8466646,0.3836900,0.8014000,0.7681000,0.4951000,0.7894000,0.6812000,0.3846000,0.8407000,0.6178000,0.3741000,0.8726000,0.5547000,0.3914000,0.9652000,0.4958000,0.4511000,0.7340341,0.6173006,0.1193773},
{0.6365400,0.6728881,0.1952016,0.5796090,0.6430225,0.2064916,0.7209558,0.7931069,0.2181254,0.7255281,0.9004934,0.2183369,0.7604646,0.8491448,0.3824802,0.8005000,0.7706000,0.4944000,0.7877000,0.6841000,0.3845000,0.8383000,0.6194000,0.3743000,0.8697000,0.5559000,0.3916000,0.9618000,0.4962000,0.4515000,0.7339033,0.6251860,0.1134766},
{0.6356620,0.6795712,0.1895993,0.5777402,0.6505115,0.1994508,0.7220228,0.7985192,0.2163047,0.7286048,0.9055533,0.2182088,0.7595797,0.8515725,0.3813023,0.7996000,0.7730000,0.4936000,0.7860000,0.6868000,0.3841000,0.8358000,0.6208000,0.3744000,0.8668000,0.5570000,0.3918000,0.9583000,0.4967000,0.4520000,0.7338592,0.6330028,0.1075808},
{0.6349688,0.6859916,0.1841146,0.5761905,0.6575214,0.1926881,0.7231536,0.8039138,0.2144864,0.7317321,0.9104778,0.2181279,0.7587507,0.8538755,0.3801908,0.7984000,0.7753000,0.4933000,0.7844000,0.6892000,0.3838000,0.8327000,0.6214000,0.3748000,0.8639000,0.5582000,0.3920000,0.9548000,0.4972000,0.4524000,0.7338952,0.6402371,0.1020828},
{0.6344684,0.6918647,0.1790063,0.5749139,0.6641354,0.1861470,0.7242601,0.8089038,0.2128011,0.7347908,0.9150967,0.2180932,0.7578944,0.8562844,0.3790341,0.7974000,0.7777000,0.4926000,0.7830000,0.6918000,0.3834000,0.8305000,0.6231000,0.3749000,0.8611000,0.5594000,0.3922000,0.9513000,0.4977000,0.4529000,0.7339954,0.6469445,0.0969493},
{0.6341123,0.6975112,0.1740099,0.5738911,0.6703220,0.1798807,0.7253864,0.8137314,0.2111677,0.7378489,0.9195331,0.2180993,0.7571178,0.8584962,0.3779774,0.7964000,0.7800000,0.4919000,0.7818000,0.6947000,0.3826000,0.8283000,0.6247000,0.3748000,0.8581000,0.5604000,0.3923000,0.9477000,0.4983000,0.4534000,0.7341529,0.6533959,0.0919787},
{0.6338955,0.7027446,0.1693018,0.5730956,0.6760782,0.1739157,0.7264917,0.8182525,0.2096352,0.7408207,0.9236815,0.2181420,0.7563263,0.8607780,0.3768928,0.7954000,0.7824000,0.4914000,0.7805000,0.6972000,0.3821000,0.8261000,0.6264000,0.3748000,0.8551000,0.5616000,0.3925000,0.9440000,0.4989000,0.4540000,0.7343470,0.6592149,0.0874671},
{0.6337953,0.7076171,0.1648490,0.5724959,0.6814476,0.1682285,0.7275661,0.8224660,0.2082046,0.7437670,0.9276455,0.2182178,0.7556342,0.8627967,0.3759377,0.7945000,0.7848000,0.4909000,0.7792000,0.6995000,0.3817000,0.8240000,0.6280000,0.3748000,0.8522000,0.5628000,0.3925000,0.9403000,0.4995000,0.4545000,0.7345871,0.6649482,0.0829957},
{0.6337936,0.7121865,0.1606104,0.5720682,0.6864353,0.1628340,0.7286653,0.8266109,0.2067949,0.7466496,0.9313880,0.2183225,0.7548646,0.8650684,0.3748681,0.7935000,0.7871000,0.4904000,0.7778000,0.7019000,0.3815000,0.8217000,0.6296000,0.3748000,0.8493000,0.5640000,0.3926000,0.9365000,0.5001000,0.4550000,0.7348489,0.6701814,0.0788912},
{0.6338756,0.7164587,0.1565905,0.5717860,0.6911071,0.1576789,0.7297675,0.8306155,0.2054308,0.7493402,0.9347665,0.2184461,0.7541657,0.8671569,0.3738895,0.7926000,0.7893000,0.4899000,0.7763000,0.7038000,0.3812000,0.8195000,0.6312000,0.3747000,0.8464000,0.5653000,0.3927000,0.9327000,0.5007000,0.4556000,0.7351345,0.6751323,0.0749876},
{0.6340276,0.7204469,0.1527863,0.5716299,0.6955200,0.1527141,0.7308639,0.8344624,0.2041184,0.7519867,0.9379863,0.2185909,0.7535070,0.8691477,0.3729609,0.7915000,0.7916000,0.4894000,0.7748000,0.7061000,0.3809000,0.8173000,0.6328000,0.3747000,0.8435000,0.5666000,0.3928000,0.9289000,0.5014000,0.4561000,0.7354545,0.6800416,0.0710970},
{0.6342333,0.7241066,0.1492503,0.5715855,0.6995723,0.1480696,0.7318606,0.8378515,0.2029605,0.7545295,0.9409879,0.2187507,0.7528855,0.8710472,0.3720789,0.7905000,0.7938000,0.4890000,0.7726000,0.7067000,0.3812000,0.8150000,0.6343000,0.3747000,0.8405000,0.5679000,0.3930000,0.9251000,0.5021000,0.4567000,0.7357720,0.6844326,0.0676002},
{0.6344940,0.7276388,0.1457952,0.5716330,0.7033308,0.1436852,0.7328369,0.8410786,0.2018564,0.7569044,0.9437128,0.2189177,0.7522825,0.8729102,0.3712174,0.7892000,0.7959000,0.4888000,0.7713000,0.7091000,0.3807000,0.8126000,0.6359000,0.3747000,0.8375000,0.5692000,0.3931000,0.9213000,0.5029000,0.4573000,0.7360996,0.6885838,0.0642796},
{0.6347974,0.7309682,0.1424990,0.5717586,0.7068512,0.1395086,0.7339034,0.8445071,0.2006819,0.7591051,0.9461726,0.2190871,0.7517388,0.8746076,0.3704356,0.7884000,0.7980000,0.4881000,0.7698000,0.7114000,0.3803000,0.8103000,0.6376000,0.3747000,0.8346000,0.5706000,0.3933000,0.9175000,0.5037000,0.4579000,0.7364508,0.6926963,0.0609756},
{0.6351242,0.7340023,0.1394609,0.5719382,0.7099708,0.1357485,0.7348290,0.8474063,0.1996874,0.7612383,0.9484990,0.2192643,0.7511827,0.8763614,0.3696311,0.7874000,0.8001000,0.4877000,0.7685000,0.7136000,0.3798000,0.8081000,0.6392000,0.3747000,0.8317000,0.5721000,0.3934000,0.9138000,0.5045000,0.4585000,0.7367453,0.6959271,0.0583698},
{0.6354677,0.7367877,0.1366422,0.5721643,0.7128611,0.1322132,0.7357012,0.8500772,0.1987701,0.7634349,0.9508368,0.2194599,0.7506753,0.8779775,0.3688925,0.7863000,0.8022000,0.4871000,0.7665000,0.7149000,0.3797000,0.8060000,0.6408000,0.3746000,0.8289000,0.5735000,0.3936000,0.9101000,0.5053000,0.4591000,0.7370585,0.6991787,0.0557382},
{0.6358361,0.7394498,0.1339210,0.5724281,0.7155469,0.1288818,0.7365381,0.8525877,0.1979070,0.7652259,0.9527007,0.2196288,0.7501358,0.8797134,0.3681022,0.7852000,0.8043000,0.4866000,0.7645000,0.7165000,0.3791000,0.8038000,0.6425000,0.3745000,0.8261000,0.5749000,0.3938000,0.9065000,0.5062000,0.4598000,0.7373320,0.7018846,0.0535413},
{0.6362030,0.7418518,0.1314421,0.5727231,0.7180572,0.1257262,0.7372954,0.8548170,0.1971398,0.7668641,0.9543732,0.2197906,0.7496385,0.8813299,0.3673692,0.7842000,0.8060000,0.4858000,0.7626000,0.7183000,0.3786000,0.8017000,0.6440000,0.3744000,0.8234000,0.5763000,0.3939000,0.9029000,0.5070000,0.4604000,0.7376117,0.7045384,0.0513805},
{0.6365824,0.7441314,0.1290682,0.5730334,0.7203397,0.1228206,0.7380495,0.8569989,0.1963882,0.7683913,0.9559050,0.2199476,0.7490863,0.8831436,0.3665499,0.7833000,0.8075000,0.4848000,0.7610000,0.7201000,0.3781000,0.7997000,0.6455000,0.3742000,0.8207000,0.5777000,0.3940000,0.8994000,0.5079000,0.4611000,0.7378873,0.7070535,0.0493269},
{0.6369576,0.7462220,0.1268726,0.5733728,0.7225445,0.1199798,0.7387792,0.8590759,0.1956721,0.7698071,0.9573021,0.2200983,0.7485613,0.8848873,0.3657655,0.7819000,0.8104000,0.4839000,0.7593000,0.7219000,0.3773000,0.7978000,0.6471000,0.3739000,0.8181000,0.5792000,0.3940000,0.8960000,0.5088000,0.4617000,0.7381471,0.7093421,0.0474535},
{0.6373345,0.7481859,0.1247933,0.5737101,0.7245152,0.1174112,0.7394514,0.8609602,0.1950219,0.7710720,0.9585319,0.2202371,0.7480411,0.8866335,0.3649832,0.7809000,0.8115000,0.4832000,0.7572000,0.7235000,0.3767000,0.7957000,0.6486000,0.3737000,0.8157000,0.5806000,0.3941000,0.8926000,0.5098000,0.4623000,0.7384243,0.7117047,0.0455146},
{0.6377116,0.7500357,0.1228199,0.5740621,0.7263921,0.1149384,0.7401409,0.8628653,0.1943640,0.7722710,0.9596816,0.2203723,0.7475370,0.8883449,0.3642195,0.7797000,0.8135000,0.4824000,0.7550000,0.7254000,0.3751000,0.7938000,0.6500000,0.3734000,0.8133000,0.5821000,0.3939000,0.8892000,0.5107000,0.4629000,0.7386814,0.7138295,0.0437666},
{0.6380707,0.7517052,0.1210259,0.5744050,0.7280789,0.1126931,0.7407424,0.8645052,0.1937972,0.7733121,0.9606677,0.2204924,0.7470315,0.8900796,0.3634486,0.7784000,0.8153000,0.4814000,0.7548000,0.7272000,0.3738000,0.7917000,0.6515000,0.3732000,0.8107000,0.5833000,0.3940000,0.8859000,0.5116000,0.4635000,0.7389250,0.7157872,0.0421524},
{0.6384362,0.7533230,0.1192756,0.5747541,0.7296791,0.1105424,0.7413245,0.8660734,0.1932548,0.7742981,0.9615911,0.2206085,0.7465801,0.8916454,0.3627555,0.7770000,0.8177000,0.4805000,0.7525000,0.7289000,0.3732000,0.7898000,0.6528000,0.3728000,0.8081000,0.5845000,0.3940000,0.8827000,0.5126000,0.4641000,0.7391277,0.7173783,0.0408380},
{0.6387766,0.7547647,0.1177058,0.5750803,0.7310837,0.1086377,0.7418260,0.8674097,0.1927924,0.7750635,0.9623010,0.2207002,0.7461406,0.8931858,0.3620761,0.7759000,0.8190000,0.4796000,0.7502000,0.7309000,0.3726000,0.7879000,0.6541000,0.3725000,0.8057000,0.5858000,0.3939000,0.8794000,0.5136000,0.4646000,0.7393041,0.7187372,0.0397137},
{0.6391202,0.7561630,0.1161741,0.5753344,0.7321261,0.1072137,0.7423022,0.8686663,0.1923572,0.7758237,0.9630001,0.2207926,0.7456935,0.8947689,0.3613804,0.7745000,0.8210000,0.4786000,0.7502000,0.7309000,0.3726000,0.7859000,0.6553000,0.3721000,0.8034000,0.5871000,0.3938000,0.8762000,0.5147000,0.4651000,0.7394822,0.7200854,0.0385965},
{0.6393546,0.7570864,0.1151574,0.5754911,0.7327479,0.1063598,0.7427239,0.8697696,0.1919750,0.7764251,0.9635491,0.2208667,0.7452605,0.8963181,0.3607022,0.7732000,0.8227000,0.4776000,0.7494000,0.7331000,0.3720000,0.7841000,0.6565000,0.3718000,0.8010000,0.5883000,0.3938000,0.8729000,0.5160000,0.4654000,0.7395812,0.7208243,0.0379835},
{0.6395026,0.7576580,0.1145262,0.5756138,0.7332244,0.1057032,0.7431323,0.8708295,0.1916076,0.7769703,0.9640436,0.2209345,0.7448405,0.8978366,0.3600399,0.7719000,0.8244000,0.4767000,0.7485000,0.7354000,0.3713000,0.7822000,0.6578000,0.3716000,0.7986000,0.5894000,0.3938000,0.8699000,0.5169000,0.4659000,0.7396494,0.7213302,0.0375635},
{0.6396137,0.7580808,0.1140581,0.5756920,0.7335238,0.1052898,0.7434065,0.8715366,0.1913624,0.7774892,0.9645115,0.2209997,0.7444237,0.8993593,0.3593782,0.7707000,0.8258000,0.4758000,0.7477000,0.7376000,0.3706000,0.7803000,0.6589000,0.3713000,0.7965000,0.5906000,0.3937000,0.8670000,0.5179000,0.4663000,0.7397259,0.7218932,0.0370958},
{0.6396988,0.7584017,0.1137023,0.5757682,0.7338122,0.1048907,0.7436732,0.8722208,0.1911251,0.7778661,0.9648496,0.2210474,0.7440134,0.9008740,0.3587224,0.7694000,0.8274000,0.4749000,0.7469000,0.7398000,0.3700000,0.7784000,0.6600000,0.3711000,0.7941000,0.5915000,0.3937000,0.8642000,0.5189000,0.4668000,0.7397578,0.7221268,0.0369017},
{0.6397414,0.7585615,0.1135250,0.5758052,0.7339513,0.1046979,0.7438626,0.8727046,0.1909572,0.7780770,0.9650382,0.2210742,0.7436487,0.9022344,0.3581354,0.7681000,0.8293000,0.4742000,0.7460000,0.7420000,0.3693000,0.7768000,0.6611000,0.3708000,0.7914000,0.5922000,0.3940000,0.8615000,0.5198000,0.4672000,0.7397735,0.7222416,0.0368062},
{0.6397317,0.7585250,0.1135655,0.5757974,0.7339219,0.1047387,0.7440685,0.8732288,0.1907753,0.7781844,0.9651340,0.2210879,0.7433335,0.9034205,0.3576252,0.7670000,0.8309000,0.4735000,0.7460000,0.7420000,0.3693000,0.7750000,0.6622000,0.3706000,0.7914000,0.5922000,0.3940000,0.8587000,0.5207000,0.4676000,0.7397735,0.7222416,0.0368062},
{0.6396709,0.7582969,0.1138186,0.5757757,0.7338404,0.1048517,0.7441386,0.8734067,0.1907135,0.7781443,0.9650983,0.2210828,0.7430242,0.9045944,0.3571218,0.7662000,0.8318000,0.4729000,0.7448000,0.7434000,0.3687000,0.7730000,0.6631000,0.3706000,0.7877000,0.5937000,0.3939000,0.8561000,0.5215000,0.4680000,0.7397735,0.7222416,0.0368062},
{0.6395835,0.7579663,0.1141850,0.5757263,0.7336543,0.1051093,0.7441320,0.8733899,0.1907194,0.7779972,0.9649669,0.2210641,0.7427049,0.9058166,0.3565992,0.7649000,0.8338000,0.4724000,0.7436000,0.7447000,0.3681000,0.7713000,0.6642000,0.3705000,0.7840000,0.5952000,0.3937000,0.8535000,0.5223000,0.4684000,0.7397668,0.7221924,0.0368472},
{0.6394741,0.7575486,0.1146470,0.5756528,0.7333744,0.1054963,0.7440816,0.8732619,0.1907638,0.7776483,0.9646543,0.2210198,0.7424442,0.9068229,0.3561701,0.7641000,0.8348000,0.4719000,0.7423000,0.7457000,0.3677000,0.7697000,0.6651000,0.3702000,0.7803000,0.5967000,0.3936000,0.8509000,0.5231000,0.4687000,0.7397303,0.7219258,0.0370687},
{0.6393113,0.7569177,0.1153434,0.5755490,0.7329737,0.1060490,0.7439994,0.8730529,0.1908363,0.7773504,0.9643865,0.2209822,0.7421681,0.9078966,0.3557135,0.7630000,0.8362000,0.4714000,0.7411000,0.7467000,0.3674000,0.7679000,0.6660000,0.3702000,0.7766000,0.5982000,0.3935000,0.8483000,0.5239000,0.4690000,0.7396932,0.7216529,0.0372954},
{0.6391108,0.7561256,0.1162152,0.5754023,0.7323971,0.1068419,0.7439040,0.8728101,0.1909206,0.7769088,0.9639880,0.2209268,0.7419014,0.9089421,0.3552700,0.7619000,0.8375000,0.4710000,0.7398000,0.7477000,0.3671000,0.7662000,0.6670000,0.3700000,0.7729000,0.5997000,0.3934000,0.8457000,0.5245000,0.4692000,0.7396162,0.7210845,0.0377675},
{0.6389010,0.7552774,0.1171453,0.5752554,0.7318067,0.1076509,0.7437799,0.8724937,0.1910304,0.7764071,0.9635327,0.2208644,0.7416671,0.9098674,0.3548784,0.7608000,0.8388000,0.4705000,0.7384000,0.7486000,0.3667000,0.7645000,0.6678000,0.3698000,0.7729000,0.5997000,0.3934000,0.8431000,0.5252000,0.4694000,0.7394950,0.7201813,0.0385169},
{0.6386808,0.7543652,0.1181418,0.5750795,0.7310805,0.1086420,0.7436439,0.8721457,0.1911511,0.7758617,0.9630349,0.2207973,0.7414413,0.9107652,0.3544994,0.7596000,0.8399000,0.4701000,0.7371000,0.7496000,0.3663000,0.7628000,0.6687000,0.3697000,0.7725000,0.5982000,0.3945000,0.8406000,0.5259000,0.4697000,0.7394096,0.7195382,0.0390501},
{0.6384640,0.7534433,0.1191450,0.5749244,0.7304225,0.1095363,0.7434726,0.8717065,0.1913035,0.7752667,0.9624884,0.2207248,0.7412312,0.9116062,0.3541451,0.7583000,0.8409000,0.4697000,0.7356000,0.7504000,0.3659000,0.7611000,0.6695000,0.3694000,0.7708000,0.5991000,0.3943000,0.8380000,0.5266000,0.4698000,0.7393177,0.7188409,0.0396278}
};
