fitErrPi Mean = 0.346608
fitErrTh Mean = 0.0522661
fitErrWr Mean = 0.0611164
fitErrLA Mean = 0.0122891
fitErrEl Mean = 0.0419651
fitErrUA Mean = 0.0479672
efPts = {
{0.7344168,0.2653697,0.3153010,0.6929177,0.1885626,0.3121889,0.6399973,0.3322990,0.4018241,1.5192695,0.7025950,0.4194159,1.4482526,0.7274328,0.4897745,0.7220000,0.6038000,0.5864000,0.7207000,0.6146000,0.4248000,0.8064000,0.5047000,0.4207000,0.8173000,0.4908000,0.3559000,0.9950000,0.3815000,0.4559000,0.8422678,0.4187971,-0.0543310},
{0.7340723,0.2657861,0.3153689,0.6925852,0.1888950,0.3122576,0.6398016,0.3326083,0.4017659,0.5808402,0.4611754,0.3763345,0.6627712,0.5472259,0.4614511,0.7223000,0.6038000,0.5866000,0.7215000,0.6141000,0.4252000,0.8064000,0.5047000,0.4207000,0.8180000,0.4904000,0.3558000,0.9949000,0.3812000,0.4559000,0.8417425,0.4193986,-0.0540849},
{0.7335874,0.2663736,0.3154638,0.6919730,0.1895105,0.3123822,0.6394154,0.3332204,0.4016505,0.5807800,0.4615852,0.3761946,0.6627423,0.5475002,0.4613686,0.7226000,0.6040000,0.5868000,0.7223000,0.6135000,0.4256000,0.8063000,0.5048000,0.4207000,0.8188000,0.4900000,0.3557000,0.9947000,0.3809000,0.4559000,0.8410730,0.4201656,-0.0537716},
{0.7329269,0.2671765,0.3155915,0.6912765,0.1902163,0.3125209,0.6388668,0.3340935,0.4014853,0.5806846,0.4622398,0.3759712,0.6626850,0.5480491,0.4612037,0.7230000,0.6042000,0.5869000,0.7231000,0.6129000,0.4259000,0.8063000,0.5049000,0.4208000,0.8196000,0.4896000,0.3557000,0.9945000,0.3807000,0.4559000,0.8404092,0.4209265,-0.0534613},
{0.7319695,0.2683461,0.3157735,0.6903470,0.1911676,0.3127011,0.6381560,0.3352319,0.4012689,0.5805319,0.4633008,0.3756095,0.6626038,0.5488378,0.4609668,0.7233000,0.6046000,0.5871000,0.7239000,0.6123000,0.4263000,0.8063000,0.5051000,0.4209000,0.8203000,0.4892000,0.3556000,0.9943000,0.3805000,0.4559000,0.8393489,0.4221427,-0.0529664},
{0.7308849,0.2696791,0.3159752,0.6892095,0.1923460,0.3129139,0.6372671,0.3366666,0.4009946,0.5803270,0.4647515,0.3751154,0.6625006,0.5498605,0.4606597,0.7237000,0.6051000,0.5872000,0.7247000,0.6117000,0.4267000,0.8063000,0.5054000,0.4210000,0.8211000,0.4888000,0.3555000,0.9941000,0.3803000,0.4559000,0.8380978,0.4235794,-0.0523837},
{0.7296100,0.2712572,0.3162064,0.6879256,0.1936950,0.3131440,0.6361602,0.3384706,0.4006472,0.5800631,0.4666695,0.3744630,0.6623754,0.5511326,0.4602782,0.7240000,0.6057000,0.5872000,0.7255000,0.6112000,0.4270000,0.8063000,0.5057000,0.4211000,0.8219000,0.4884000,0.3555000,0.9939000,0.3801000,0.4559000,0.8366783,0.4252112,-0.0517242},
{0.7281805,0.2730410,0.3164579,0.6863863,0.1953386,0.3134059,0.6348658,0.3406052,0.4002326,0.5797601,0.4689465,0.3736898,0.6622306,0.5526502,0.4598235,0.7243000,0.6064000,0.5872000,0.7263000,0.6106000,0.4274000,0.8062000,0.5060000,0.4212000,0.8226000,0.4881000,0.3554000,0.9936000,0.3799000,0.4559000,0.8349889,0.4271560,-0.0509415},
{0.7265547,0.2750880,0.3167339,0.6846294,0.1972492,0.3136863,0.6334188,0.3430242,0.3997582,0.5794111,0.4716785,0.3727640,0.6620481,0.5546429,0.4592272,0.7245000,0.6073000,0.5871000,0.7271000,0.6100000,0.4278000,0.8062000,0.5064000,0.4212000,0.8234000,0.4877000,0.3553000,0.9934000,0.3797000,0.4559000,0.8331981,0.4292205,-0.0501145},
{0.7246784,0.2774749,0.3170393,0.6827244,0.1993621,0.3139683,0.6317336,0.3458861,0.3991909,0.5790381,0.4747479,0.3717263,0.6618507,0.5569140,0.4585487,0.7247000,0.6082000,0.5870000,0.7279000,0.6094000,0.4281000,0.8061000,0.5068000,0.4212000,0.8242000,0.4873000,0.3553000,0.9931000,0.3795000,0.4559000,0.8309113,0.4318615,-0.0490623},
{0.7226497,0.2800850,0.3173536,0.6805523,0.2018232,0.3142620,0.6298980,0.3490599,0.3985541,0.5786446,0.4781790,0.3705694,0.6616401,0.5594912,0.4577801,0.7249000,0.6094000,0.5867000,0.7287000,0.6088000,0.4285000,0.8061000,0.5073000,0.4213000,0.8249000,0.4869000,0.3552000,0.9928000,0.3793000,0.4558000,0.8287071,0.4344119,-0.0480522},
{0.7202928,0.2831559,0.3176978,0.6781740,0.2045808,0.3145500,0.6278243,0.3527189,0.3978101,0.5782255,0.4821004,0.3692511,0.6614142,0.5624761,0.4568918,0.7251000,0.6106000,0.5864000,0.7295000,0.6083000,0.4289000,0.8060000,0.5078000,0.4213000,0.8257000,0.4865000,0.3551000,0.9925000,0.3791000,0.4558000,0.8258379,0.4377389,-0.0467434},
{0.7176491,0.2866499,0.3180571,0.6756094,0.2076271,0.3148216,0.6255154,0.3568889,0.3969499,0.5777913,0.4865251,0.3677685,0.6611909,0.5657123,0.4559309,0.7253000,0.6120000,0.5860000,0.7303000,0.6077000,0.4293000,0.8060000,0.5084000,0.4213000,0.8265000,0.4861000,0.3551000,0.9922000,0.3790000,0.4558000,0.8229500,0.4410956,-0.0454329},
{0.7148428,0.2904163,0.3184074,0.6728155,0.2110310,0.3150720,0.6229758,0.3615977,0.3959629,0.5773597,0.4914060,0.3661393,0.6609727,0.5692469,0.4548841,0.7255000,0.6136000,0.5856000,0.7311000,0.6071000,0.4296000,0.8059000,0.5089000,0.4213000,0.8273000,0.4857000,0.3550000,0.9919000,0.3788000,0.4557000,0.8197524,0.4448217,-0.0439897},
{0.7117830,0.2945910,0.3187526,0.6697865,0.2148204,0.3152904,0.6202591,0.3667851,0.3948571,0.5769366,0.4968524,0.3643288,0.6607532,0.5733425,0.4536745,0.7258000,0.6153000,0.5852000,0.7319000,0.6065000,0.4300000,0.8058000,0.5094000,0.4213000,0.8280000,0.4853000,0.3549000,0.9915000,0.3786000,0.4557000,0.8160401,0.4491597,-0.0423247},
{0.7085209,0.2991200,0.3190781,0.6664798,0.2190737,0.3154666,0.6175108,0.3722007,0.3936825,0.5765444,0.5027997,0.3623607,0.6605562,0.5777643,0.4523727,0.7260000,0.6172000,0.5847000,0.7327000,0.6059000,0.4304000,0.8057000,0.5101000,0.4214000,0.8288000,0.4849000,0.3549000,0.9910000,0.3785000,0.4557000,0.8121061,0.4537712,-0.0405723},
{0.7051357,0.3039064,0.3193691,0.6630314,0.2236377,0.3155817,0.6146223,0.3780873,0.3923831,0.5762105,0.5090474,0.3603033,0.6603865,0.5826565,0.4509373,0.7263000,0.6192000,0.5843000,0.7335000,0.6054000,0.4307000,0.8056000,0.5108000,0.4215000,0.8296000,0.4845000,0.3548000,0.9904000,0.3783000,0.4557000,0.8082033,0.4583604,-0.0388461},
{0.7015494,0.3090739,0.3196249,0.6593925,0.2285943,0.3156279,0.6116594,0.3843490,0.3909757,0.5759402,0.5157684,0.3581016,0.6602634,0.5877491,0.4494486,0.7265000,0.6213000,0.5839000,0.7343000,0.6048000,0.4311000,0.8055000,0.5117000,0.4217000,0.8303000,0.4841000,0.3547000,0.9897000,0.3782000,0.4557000,0.8039224,0.4634106,-0.0369664},
{0.6977890,0.3146005,0.3198346,0.6554205,0.2341685,0.3155908,0.6085753,0.3911281,0.3894238,0.5757541,0.5228688,0.3557883,0.6601936,0.5929814,0.4479250,0.7268000,0.6235000,0.5835000,0.7351000,0.6042000,0.4315000,0.8052000,0.5123000,0.4218000,0.8311000,0.4837000,0.3547000,0.9890000,0.3780000,0.4558000,0.7993899,0.4687761,-0.0349919},
{0.6938509,0.3205083,0.3199891,0.6513807,0.2400117,0.3154601,0.6054299,0.3983422,0.3877409,0.5756676,0.5304113,0.3533454,0.6601823,0.5985960,0.4462964,0.7271000,0.6257000,0.5831000,0.7359000,0.6036000,0.4318000,0.8049000,0.5132000,0.4220000,0.8319000,0.4833000,0.3546000,0.9882000,0.3779000,0.4559000,0.7948285,0.4741948,-0.0330210},
{0.6898409,0.3266520,0.3200771,0.6471379,0.2463361,0.3152224,0.6022892,0.4058801,0.3859490,0.5756992,0.5383086,0.3508033,0.6602389,0.6043517,0.4446340,0.7274000,0.6282000,0.5826000,0.7367000,0.6030000,0.4322000,0.8045000,0.5140000,0.4223000,0.8326000,0.4830000,0.3545000,0.9874000,0.3778000,0.4561000,0.7903156,0.4795745,-0.0310867},
{0.6856502,0.3332127,0.3200933,0.6427170,0.2531300,0.3148657,0.5990408,0.4140691,0.3839649,0.5758659,0.5465868,0.3481557,0.6603767,0.6105525,0.4428509,0.7277000,0.6307000,0.5821000,0.7375000,0.6024000,0.4326000,0.8041000,0.5150000,0.4225000,0.8334000,0.4826000,0.3544000,0.9865000,0.3777000,0.4563000,0.7856217,0.4851895,-0.0290915},
{0.6813733,0.3400585,0.3200283,0.6382271,0.2602425,0.3143898,0.5958658,0.4225086,0.3818805,0.5761890,0.5553123,0.3453841,0.6605992,0.6168753,0.4410411,0.7281000,0.6332000,0.5815000,0.7383000,0.6019000,0.4329000,0.8037000,0.5161000,0.4227000,0.8342000,0.4822000,0.3544000,0.9856000,0.3776000,0.4566000,0.7805659,0.4912594,-0.0269611},
{0.6769541,0.3472946,0.3198733,0.6335235,0.2679232,0.3137683,0.5926702,0.4314996,0.3796170,0.5766922,0.5645017,0.3424862,0.6609204,0.6234906,0.4391567,0.7283000,0.6359000,0.5810000,0.7391000,0.6013000,0.4333000,0.8032000,0.5171000,0.4229000,0.8342000,0.4822000,0.3544000,0.9846000,0.3775000,0.4568000,0.7755972,0.4972469,-0.0248862},
{0.6724392,0.3548616,0.3196205,0.6287229,0.2760055,0.3130041,0.5895244,0.4409148,0.3772007,0.5773929,0.5740633,0.3394937,0.6613571,0.6304718,0.4371780,0.7286000,0.6387000,0.5804000,0.7399000,0.6007000,0.4337000,0.8026000,0.5181000,0.4231000,0.8336000,0.4830000,0.3546000,0.9836000,0.3773000,0.4570000,0.7705134,0.5033957,-0.0227823},
{0.6678283,0.3627755,0.3192617,0.6238179,0.2845183,0.3120869,0.5864590,0.4507237,0.3746348,0.5783231,0.5841079,0.3363750,0.6619083,0.6376208,0.4351625,0.7289000,0.6416000,0.5798000,0.7407000,0.6001000,0.4340000,0.8022000,0.5194000,0.4233000,0.8328000,0.4834000,0.3548000,0.9825000,0.3772000,0.4572000,0.7652649,0.5097672,-0.0206304},
{0.6631147,0.3710651,0.3187868,0.6187548,0.2935780,0.3109945,0.5834679,0.4610177,0.3718903,0.5794827,0.5944004,0.3332060,0.6625995,0.6451198,0.4330598,0.7292000,0.6446000,0.5791000,0.7415000,0.5995000,0.4344000,0.8017000,0.5207000,0.4236000,0.8322000,0.4846000,0.3548000,0.9814000,0.3771000,0.4574000,0.7599755,0.5162127,-0.0184821},
{0.6583350,0.3796829,0.3181905,0.6135736,0.3031389,0.3097216,0.5806382,0.4715596,0.3690261,0.5809318,0.6052532,0.3298936,0.6634495,0.6529907,0.4308657,0.7294000,0.6477000,0.5785000,0.7423000,0.5990000,0.4348000,0.8010000,0.5217000,0.4238000,0.8313000,0.4851000,0.3550000,0.9801000,0.3769000,0.4576000,0.7545976,0.5227906,-0.0163189},
{0.6534911,0.3886408,0.3174647,0.6082233,0.3133237,0.3082403,0.5779071,0.4826613,0.3659528,0.5826539,0.6163472,0.3265387,0.6644495,0.6610290,0.4286384,0.7297000,0.6508000,0.5779000,0.7431000,0.5984000,0.4351000,0.8005000,0.5231000,0.4240000,0.8306000,0.4861000,0.3552000,0.9787000,0.3768000,0.4577000,0.7488696,0.5298241,-0.0140379},
{0.6485867,0.3979489,0.3166008,0.6027393,0.3240981,0.3065428,0.5753456,0.4941399,0.3627151,0.5846703,0.6277049,0.3231366,0.6656179,0.6693003,0.4263609,0.7299000,0.6540000,0.5774000,0.7439000,0.5978000,0.4355000,0.7998000,0.5243000,0.4241000,0.8297000,0.4871000,0.3553000,0.9772000,0.3767000,0.4579000,0.7435371,0.5363970,-0.0119357},
{0.6435676,0.4077324,0.3155771,0.5971693,0.3353969,0.3046287,0.5729884,0.5059178,0.3593308,0.5870323,0.6394770,0.3196454,0.6669622,0.6777755,0.4240423,0.7300000,0.6574000,0.5768000,0.7447000,0.5972000,0.4359000,0.7992000,0.5257000,0.4244000,0.8286000,0.4879000,0.3554000,0.9754000,0.3766000,0.4580000,0.7378921,0.5433813,-0.0097325},
{0.6384742,0.4179383,0.3143878,0.5915424,0.3471842,0.3024955,0.5708360,0.5180846,0.3557699,0.5897818,0.6517075,0.3160564,0.6684945,0.6864565,0.4216833,0.7302000,0.6608000,0.5762000,0.7447000,0.5972000,0.4359000,0.7987000,0.5273000,0.4246000,0.8275000,0.4891000,0.3555000,0.9735000,0.3764000,0.4582000,0.7321761,0.5504806,-0.0075246},
{0.6333644,0.4284713,0.3130355,0.5858601,0.3594804,0.3001311,0.5689142,0.5306168,0.3520344,0.5928139,0.6638555,0.3125304,0.6702264,0.6953409,0.4192859,0.7303000,0.6644000,0.5756000,0.7457000,0.6011000,0.4354000,0.7978000,0.5287000,0.4248000,0.8263000,0.4903000,0.3557000,0.9715000,0.3762000,0.4583000,0.7262572,0.5578606,-0.0052628},
{0.6281705,0.4394944,0.3114893,0.5799066,0.3728029,0.2974189,0.5672428,0.5435289,0.3481149,0.5963061,0.6765471,0.3088885,0.6721479,0.7043272,0.4168783,0.7306000,0.6679000,0.5748000,0.7461000,0.6044000,0.4352000,0.7971000,0.5305000,0.4250000,0.8252000,0.4916000,0.3559000,0.9693000,0.3760000,0.4584000,0.7204235,0.5651630,-0.0030577},
{0.6229570,0.4508984,0.3097536,0.5739401,0.3866253,0.2944490,0.5658486,0.5567868,0.3440167,0.6002184,0.6895043,0.3052150,0.6742571,0.7133777,0.4144715,0.7310000,0.6719000,0.5739000,0.7464000,0.6077000,0.4353000,0.7962000,0.5320000,0.4253000,0.8238000,0.4930000,0.3561000,0.9669000,0.3758000,0.4587000,0.7143759,0.5727628,-0.0007968},
{0.6177020,0.4627577,0.3078067,0.5679026,0.4011166,0.2911741,0.5647660,0.5702148,0.3397903,0.6045106,0.7025291,0.3015687,0.6766145,0.7227005,0.4120111,0.7312000,0.6758000,0.5732000,0.7465000,0.6110000,0.4354000,0.7954000,0.5339000,0.4256000,0.8226000,0.4945000,0.3564000,0.9644000,0.3756000,0.4589000,0.7081361,0.5806355,0.0015091},
{0.6124121,0.4750900,0.3056333,0.5618156,0.4162702,0.2875816,0.5639970,0.5840044,0.3353716,0.6092404,0.7157420,0.2979181,0.6791766,0.7320767,0.4095562,0.7314000,0.6799000,0.5725000,0.7467000,0.6143000,0.4356000,0.7943000,0.5357000,0.4261000,0.8213000,0.4963000,0.3567000,0.9618000,0.3754000,0.4592000,0.7019238,0.5885053,0.0037781},
{0.6071437,0.4877938,0.3032403,0.5556837,0.4321242,0.2836478,0.5635755,0.5977260,0.3308959,0.6145317,0.7293886,0.2942000,0.6819977,0.7416647,0.4070666,0.7316000,0.6843000,0.5718000,0.7468000,0.6174000,0.4358000,0.7934000,0.5376000,0.4265000,0.8200000,0.4981000,0.3571000,0.9591000,0.3752000,0.4596000,0.6955025,0.5966729,0.0060953},
{0.6018478,0.5010221,0.3005868,0.5494743,0.4488272,0.2793175,0.5635025,0.6122059,0.3260876,0.6200370,0.7425519,0.2906654,0.6850133,0.7512155,0.4046076,0.7320000,0.6887000,0.5710000,0.7467000,0.6206000,0.4359000,0.7924000,0.5397000,0.4269000,0.8187000,0.5002000,0.3573000,0.9563000,0.3751000,0.4600000,0.6888385,0.6051847,0.0084701},
{0.5965978,0.5146288,0.2976893,0.5433585,0.4659724,0.2746813,0.5638080,0.6265511,0.3212374,0.6258476,0.7554992,0.2872397,0.6882792,0.7608858,0.4021397,0.7324000,0.6933000,0.5701000,0.7466000,0.6237000,0.4360000,0.7912000,0.5417000,0.4273000,0.8174000,0.5022000,0.3576000,0.9535000,0.3751000,0.4605000,0.6821266,0.6137940,0.0108311},
{0.5913971,0.5286382,0.2945317,0.5372392,0.4838855,0.2696371,0.5644931,0.6409073,0.3162965,0.6319981,0.7683161,0.2838999,0.6917464,0.7705111,0.3997055,0.7330000,0.6980000,0.5692000,0.7465000,0.6268000,0.4360000,0.7899000,0.5440000,0.4276000,0.8160000,0.5043000,0.3579000,0.9507000,0.3751000,0.4610000,0.6751389,0.6227958,0.0132563},
{0.5862759,0.5430037,0.2911136,0.5312051,0.5023764,0.2642207,0.5655664,0.6553161,0.3112491,0.6384352,0.7808991,0.2806723,0.6953579,0.7799425,0.3973422,0.7338000,0.7028000,0.5682000,0.7464000,0.6299000,0.4361000,0.7888000,0.5462000,0.4279000,0.8146000,0.5062000,0.3582000,0.9479000,0.3752000,0.4615000,0.6681354,0.6318573,0.0156535},
{0.5813170,0.5575155,0.2874779,0.5254431,0.5208980,0.2585862,0.5670521,0.6698989,0.3060492,0.6451507,0.7932480,0.2775562,0.6991271,0.7892328,0.3950361,0.7345000,0.7075000,0.5671000,0.7463000,0.6330000,0.4361000,0.7875000,0.5485000,0.4280000,0.8131000,0.5081000,0.3585000,0.9450000,0.3754000,0.4621000,0.6610774,0.6410295,0.0180356},
{0.5764125,0.5725239,0.2835271,0.5198986,0.5396329,0.2526765,0.5688750,0.6839794,0.3009394,0.6520730,0.8052543,0.2745772,0.7030072,0.7982854,0.3928102,0.7353000,0.7121000,0.5659000,0.7462000,0.6361000,0.4361000,0.7861000,0.5507000,0.4282000,0.8115000,0.5099000,0.3589000,0.9422000,0.3757000,0.4627000,0.6538983,0.6503999,0.0204236},
{0.5717037,0.5876317,0.2793557,0.5145985,0.5585118,0.2465086,0.5711047,0.6981552,0.2957046,0.6592393,0.8170059,0.2717117,0.7070077,0.8071452,0.3906526,0.7360000,0.7166000,0.5645000,0.7461000,0.6393000,0.4361000,0.7847000,0.5529000,0.4285000,0.8098000,0.5118000,0.3593000,0.9394000,0.3761000,0.4633000,0.6467110,0.6598227,0.0227793},
{0.5672228,0.6027396,0.2749901,0.5095898,0.5773802,0.2401304,0.5737227,0.7122416,0.2904105,0.6664886,0.8282718,0.2690135,0.7110827,0.8157335,0.3885812,0.7367000,0.7210000,0.5632000,0.7459000,0.6424000,0.4360000,0.7834000,0.5552000,0.4287000,0.8082000,0.5135000,0.3597000,0.9365000,0.3766000,0.4640000,0.6393817,0.6694743,0.0251452},
{0.5629130,0.6180549,0.2703665,0.5049478,0.5959348,0.2336481,0.5766918,0.7260552,0.2851269,0.6739076,0.8392233,0.2664385,0.7152564,0.8241236,0.3865774,0.7375000,0.7253000,0.5621000,0.7456000,0.6455000,0.4359000,0.7821000,0.5573000,0.4288000,0.8066000,0.5152000,0.3600000,0.9337000,0.3772000,0.4647000,0.6321619,0.6790240,0.0274400},
{0.5589583,0.6329054,0.2656923,0.5007001,0.6140102,0.2271300,0.5799242,0.7392959,0.2799739,0.6813010,0.8496125,0.2640415,0.7193655,0.8320241,0.3847090,0.7383000,0.7296000,0.5614000,0.7453000,0.6487000,0.4356000,0.7811000,0.5596000,0.4289000,0.8050000,0.5168000,0.3603000,0.9308000,0.3779000,0.4654000,0.6251978,0.6882753,0.0296197},
{0.5552968,0.6474652,0.2609257,0.4968133,0.6316890,0.2205564,0.5833981,0.7520123,0.2749401,0.6887122,0.8595496,0.2617926,0.7234847,0.8396195,0.3829299,0.7391000,0.7338000,0.5608000,0.7452000,0.6521000,0.4353000,0.7799000,0.5619000,0.4289000,0.8033000,0.5185000,0.3605000,0.9278000,0.3786000,0.4661000,0.6182979,0.6974798,0.0317467},
{0.5520189,0.6612955,0.2562275,0.4933599,0.6485508,0.2140985,0.5870275,0.7640295,0.2701038,0.6960550,0.8689636,0.2597036,0.7276107,0.8469308,0.3812340,0.7400000,0.7378000,0.5604000,0.7451000,0.6554000,0.4350000,0.7788000,0.5642000,0.4290000,0.8017000,0.5203000,0.3608000,0.9248000,0.3794000,0.4669000,0.6116218,0.7064224,0.0337736},
{0.5490615,0.6745554,0.2515653,0.4902702,0.6648221,0.2076869,0.5907623,0.7753343,0.2654806,0.7031367,0.8776676,0.2578098,0.7316226,0.8537786,0.3796607,0.7410000,0.7418000,0.5601000,0.7447000,0.6584000,0.4347000,0.7778000,0.5668000,0.4292000,0.7999000,0.5222000,0.3612000,0.9216000,0.3803000,0.4676000,0.6051963,0.7150635,0.0356955},
{0.5463681,0.6874225,0.2468909,0.4875753,0.6802161,0.2014518,0.5945910,0.7860201,0.2610422,0.7100277,0.8858086,0.2560729,0.7356562,0.8604234,0.3781484,0.7422000,0.7456000,0.5597000,0.7451000,0.6616000,0.4345000,0.7765000,0.5692000,0.4294000,0.7981000,0.5241000,0.3616000,0.9185000,0.3812000,0.4684000,0.5990594,0.7233479,0.0375045},
{0.5439877,0.6995697,0.2423398,0.4852355,0.6948029,0.1953852,0.5984957,0.7961373,0.2567759,0.7167257,0.8934308,0.2544785,0.7395393,0.8666088,0.3767538,0.7433000,0.7494000,0.5594000,0.7451000,0.6647000,0.4343000,0.7753000,0.5717000,0.4297000,0.7962000,0.5261000,0.3620000,0.9153000,0.3822000,0.4691000,0.5931466,0.7313587,0.0392227},
{0.5418874,0.7110416,0.2379158,0.4832575,0.7083518,0.1896055,0.6024800,0.8057740,0.2526514,0.7233166,0.9006680,0.2529944,0.7433769,0.8725314,0.3754308,0.7444000,0.7532000,0.5591000,0.7450000,0.6677000,0.4343000,0.7743000,0.5743000,0.4300000,0.7945000,0.5282000,0.3625000,0.9120000,0.3833000,0.4699000,0.5877038,0.7387582,0.0407829},
{0.5400548,0.7217774,0.2336626,0.4815725,0.7211355,0.1840179,0.6064637,0.8148127,0.2487263,0.7296363,0.9073756,0.2516460,0.7471122,0.8781256,0.3741924,0.7452000,0.7571000,0.5589000,0.7448000,0.6706000,0.4344000,0.7730000,0.5769000,0.4304000,0.7928000,0.5305000,0.3630000,0.9088000,0.3845000,0.4707000,0.5827137,0.7455636,0.0421952},
{0.5384368,0.7319689,0.2295214,0.4801770,0.7329790,0.1787186,0.6104323,0.8233000,0.2449884,0.7358659,0.9137764,0.2503850,0.7507875,0.8834747,0.3730190,0.7462000,0.7608000,0.5586000,0.7445000,0.6737000,0.4345000,0.7715000,0.5793000,0.4308000,0.7910000,0.5327000,0.3635000,0.9050000,0.3855000,0.4716000,0.5776286,0.7525197,0.0436164},
{0.5370701,0.7412412,0.2256638,0.4790593,0.7436921,0.1738177,0.6143316,0.8311939,0.2414641,0.7418663,0.9197529,0.2492313,0.7543162,0.8884733,0.3719320,0.7473000,0.7643000,0.5584000,0.7442000,0.6766000,0.4346000,0.7662000,0.5800000,0.4322000,0.7893000,0.5350000,0.3640000,0.9018000,0.3867000,0.4725000,0.5732221,0.7585649,0.0448333},
{0.5358771,0.7499745,0.2219503,0.4781231,0.7539763,0.1690119,0.6180173,0.8382913,0.2382543,0.7474837,0.9251871,0.2482030,0.7577717,0.8932445,0.3709035,0.7482000,0.7679000,0.5581000,0.7439000,0.6797000,0.4347000,0.7649000,0.5826000,0.4326000,0.7876000,0.5373000,0.3645000,0.8988000,0.3881000,0.4735000,0.5689909,0.7643848,0.0459889},
{0.5348683,0.7579578,0.2184860,0.4773912,0.7633753,0.1645278,0.6216074,0.8448961,0.2352304,0.7527452,0.9301414,0.2472837,0.7610915,0.8977181,0.3699474,0.7491000,0.7715000,0.5578000,0.7435000,0.6829000,0.4348000,0.7638000,0.5854000,0.4329000,0.7858000,0.5395000,0.3651000,0.8959000,0.3896000,0.4744000,0.5652655,0.7695215,0.0469958},
{0.5340162,0.7652564,0.2152592,0.4768332,0.7719414,0.1603605,0.6250393,0.8509484,0.2324270,0.7577117,0.9347016,0.2464533,0.7643191,0.9019683,0.3690465,0.7501000,0.7750000,0.5575000,0.7431000,0.6861000,0.4350000,0.7625000,0.5881000,0.4333000,0.7840000,0.5418000,0.3657000,0.8931000,0.3911000,0.4753000,0.5617610,0.7743641,0.0479340},
{0.5333023,0.7718794,0.2122804,0.4764139,0.7798847,0.1564233,0.6283380,0.8565430,0.2298065,0.7622952,0.9388133,0.2457183,0.7673228,0.9058393,0.3682326,0.7511000,0.7785000,0.5572000,0.7428000,0.6892000,0.4352000,0.7614000,0.5907000,0.4338000,0.7823000,0.5441000,0.3664000,0.8904000,0.3926000,0.4762000,0.5589887,0.7782023,0.0486700},
{0.5326918,0.7780210,0.2094743,0.4761236,0.7869856,0.1528410,0.6314773,0.8616780,0.2273758,0.7667526,0.9427249,0.2450314,0.7702114,0.9094879,0.3674713,0.7515000,0.7821000,0.5572000,0.7424000,0.6922000,0.4354000,0.7602000,0.5934000,0.4343000,0.7806000,0.5464000,0.3670000,0.8876000,0.3941000,0.4771000,0.5563511,0.7818599,0.0493650},
{0.5321820,0.7835915,0.2068918,0.4759320,0.7934732,0.1495136,0.6344859,0.8664366,0.2251005,0.7709065,0.9462953,0.2444155,0.7729588,0.9128932,0.3667660,0.7527000,0.7852000,0.5568000,0.7421000,0.6952000,0.4356000,0.7591000,0.5959000,0.4348000,0.7789000,0.5486000,0.3677000,0.8849000,0.3956000,0.4781000,0.5540836,0.7850092,0.0499586},
{0.5317560,0.7886500,0.2045151,0.4758209,0.7994522,0.1463985,0.6373719,0.8708599,0.2229650,0.7747625,0.9495463,0.2438642,0.7754862,0.9159714,0.3661330,0.7533000,0.7885000,0.5567000,0.7417000,0.6980000,0.4358000,0.7580000,0.5985000,0.4353000,0.7773000,0.5507000,0.3684000,0.8823000,0.3971000,0.4790000,0.5521512,0.7876965,0.0504616},
{0.5313961,0.7932991,0.2023039,0.4757775,0.8048186,0.1435608,0.6400797,0.8748906,0.2210012,0.7783992,0.9525579,0.2433618,0.7779697,0.9189469,0.3655253,0.7540000,0.7917000,0.5564000,0.7413000,0.7008000,0.4360000,0.7569000,0.6010000,0.4358000,0.7757000,0.5528000,0.3691000,0.8796000,0.3986000,0.4801000,0.5505131,0.7899769,0.0508858},
{0.5311013,0.7974439,0.2003104,0.4757855,0.8095231,0.1410391,0.6426705,0.8786440,0.2191566,0.7817720,0.9553044,0.2429109,0.7803666,0.9217735,0.3649519,0.7547000,0.7947000,0.5560000,0.7410000,0.7034000,0.4361000,0.7557000,0.6033000,0.4363000,0.7741000,0.5548000,0.3698000,0.8771000,0.4001000,0.4811000,0.5492745,0.7917028,0.0512053},
{0.5308575,0.8011707,0.1984997,0.4758333,0.8139120,0.1386565,0.6450175,0.8819603,0.2175135,0.7849542,0.9578555,0.2424984,0.7825756,0.9243401,0.3644345,0.7553000,0.7977000,0.5555000,0.7406000,0.7061000,0.4361000,0.7547000,0.6057000,0.4367000,0.7726000,0.5567000,0.3705000,0.8746000,0.4016000,0.4822000,0.5481050,0.7933335,0.0515059},
{0.5306500,0.8046234,0.1968066,0.4759093,0.8177805,0.1365314,0.6472382,0.8850279,0.2159822,0.7877932,0.9600991,0.2421409,0.7846361,0.9267018,0.3639613,0.7559000,0.8005000,0.5548000,0.7402000,0.7085000,0.4361000,0.7536000,0.6080000,0.4370000,0.7711000,0.5585000,0.3712000,0.8722000,0.4032000,0.4833000,0.5471736,0.7946331,0.0517446},
{0.5304807,0.8076894,0.1952904,0.4760028,0.8211622,0.1346536,0.6493007,0.8878176,0.2145799,0.7904105,0.9621407,0.2418199,0.7865801,0.9289020,0.3635230,0.7563000,0.8032000,0.5542000,0.7398000,0.7108000,0.4360000,0.7526000,0.6102000,0.4374000,0.7697000,0.5602000,0.3718000,0.8698000,0.4047000,0.4844000,0.5465445,0.7955113,0.0519055},
{0.5303460,0.8103365,0.1939715,0.4761094,0.8242074,0.1329462,0.6512704,0.8904301,0.2132578,0.7927281,0.9639275,0.2415424,0.7883649,0.9308983,0.3631274,0.7567000,0.8058000,0.5534000,0.7395000,0.7130000,0.4360000,0.7517000,0.6125000,0.4377000,0.7683000,0.5619000,0.3724000,0.8677000,0.4063000,0.4856000,0.5460863,0.7961512,0.0520225},
{0.5302375,0.8126433,0.1928147,0.4762227,0.8269204,0.1314113,0.6530718,0.8927764,0.2120630,0.7949045,0.9655876,0.2412876,0.7899835,0.9326896,0.3627742,0.7570000,0.8083000,0.5527000,0.7391000,0.7150000,0.4359000,0.7508000,0.6146000,0.4379000,0.7671000,0.5635000,0.3730000,0.8657000,0.4078000,0.4868000,0.5458024,0.7965477,0.0520949},
{0.5301478,0.8146963,0.1917792,0.4763317,0.8291971,0.1301130,0.6547045,0.8948684,0.2109917,0.7968631,0.9670668,0.2410631,0.7914801,0.9343299,0.3624523,0.7573000,0.8107000,0.5518000,0.7388000,0.7169000,0.4358000,0.7501000,0.6166000,0.4383000,0.7660000,0.5651000,0.3736000,0.8638000,0.4094000,0.4880000,0.5455745,0.7968661,0.0521530},
{0.5300804,0.8163506,0.1909407,0.4764367,0.8311711,0.1289795,0.6561975,0.8967531,0.2100214,0.7986094,0.9683742,0.2408666,0.7928400,0.9358073,0.3621635,0.7575000,0.8130000,0.5510000,0.7385000,0.7187000,0.4356000,0.7493000,0.6185000,0.4385000,0.7609000,0.5646000,0.3750000,0.8621000,0.4109000,0.4892000,0.5455406,0.7969134,0.0521616}
};
