fitErrPi Mean = 0.318282
fitErrTh Mean = 0.0116043
fitErrWr Mean = 0.0472137
fitErrLA Mean = 0.281846
fitErrEl Mean = 0.251719
fitErrUA Mean = 0.187247
efPts = {
{1.0732243,0.5982897,-0.2322902,0.7052558,0.3177971,0.2530240,0.7006319,0.4114609,0.3409592,1.4696004,0.2762957,1.2212671,0.9000984,0.4295778,0.7480107,0.6959000,0.7473000,0.5173000,0.7153000,0.6081000,0.4007000,0.7327000,0.5867000,0.2920000,0.7808000,0.5327000,0.4016000,0.8968000,0.4495000,0.4983000,0.3182823,-0.0000000,-0.0000000},
{0.6737524,0.3694783,0.2915805,0.7045059,0.3186428,0.2532402,0.7010193,0.4118960,0.3409347,0.6065439,0.5623662,0.3529903,0.6622239,0.6352101,0.4555033,0.6965000,0.7472000,0.5175000,0.7157000,0.6081000,0.4007000,0.7332000,0.5866000,0.2920000,0.7811000,0.5326000,0.4016000,0.8970000,0.4491000,0.4981000,0.3182823,-0.0000000,-0.0000000},
{0.6732956,0.3707084,0.2912877,0.7036236,0.3196415,0.2534916,0.7014580,0.4123884,0.3409069,0.6071180,0.5628939,0.3531200,0.6627032,0.6355379,0.4556453,0.6971000,0.7471000,0.5177000,0.7160000,0.6081000,0.4006000,0.7336000,0.5865000,0.2920000,0.7815000,0.5326000,0.4015000,0.8971000,0.4488000,0.4981000,0.3182823,-0.0000000,-0.0000000},
{0.6727370,0.3722218,0.2909240,0.7026392,0.3207606,0.2537683,0.7020371,0.4130378,0.3408705,0.6077588,0.5634822,0.3532651,0.6632443,0.6359076,0.4558058,0.6977000,0.7471000,0.5178000,0.7163000,0.6081000,0.4006000,0.7341000,0.5864000,0.2920000,0.7817000,0.5325000,0.4015000,0.8971000,0.4485000,0.4980000,0.3182823,-0.0000000,-0.0000000},
{0.6720900,0.3739880,0.2904947,0.7014367,0.3221350,0.2541008,0.7025847,0.4136513,0.3408362,0.6084961,0.5641582,0.3534326,0.6637520,0.6362541,0.4559566,0.6982000,0.7472000,0.5178000,0.7165000,0.6082000,0.4005000,0.7345000,0.5863000,0.2919000,0.7818000,0.5325000,0.4015000,0.8971000,0.4482000,0.4980000,0.3182823,-0.0000000,-0.0000000},
{0.6714471,0.3757574,0.2900597,0.7000819,0.3236925,0.2544682,0.7030466,0.4141684,0.3408075,0.6091214,0.5647309,0.3535752,0.6642431,0.6365889,0.4561026,0.6987000,0.7473000,0.5179000,0.7167000,0.6083000,0.4003000,0.7350000,0.5862000,0.2919000,0.7818000,0.5324000,0.4015000,0.8969000,0.4479000,0.4980000,0.3182823,-0.0000000,-0.0000000},
{0.6707723,0.3776302,0.2895936,0.6987536,0.3252294,0.2548210,0.7037326,0.4149355,0.3407650,0.6099350,0.5654749,0.3537613,0.6647896,0.6369611,0.4562654,0.6992000,0.7475000,0.5179000,0.7168000,0.6084000,0.4003000,0.7354000,0.5861000,0.2919000,0.7818000,0.5323000,0.4014000,0.8967000,0.4476000,0.4980000,0.3182823,-0.0000000,-0.0000000},
{0.6700825,0.3795620,0.2891069,0.6972802,0.3269453,0.2552036,0.7043280,0.4156005,0.3407283,0.6107244,0.5661957,0.3539426,0.6652758,0.6372920,0.4564105,0.6997000,0.7478000,0.5179000,0.7168000,0.6086000,0.4001000,0.7359000,0.5860000,0.2919000,0.7813000,0.5317000,0.4016000,0.8965000,0.4474000,0.4980000,0.3182823,-0.0000000,-0.0000000},
{0.6694184,0.3814382,0.2886284,0.6958209,0.3286566,0.2555734,0.7048968,0.4162353,0.3406935,0.6115948,0.5669891,0.3541432,0.6658598,0.6376890,0.4565849,0.7001000,0.7481000,0.5179000,0.7168000,0.6089000,0.4000000,0.7363000,0.5859000,0.2919000,0.7813000,0.5317000,0.4016000,0.8962000,0.4471000,0.4980000,0.3182823,-0.0000000,-0.0000000},
{0.6687138,0.3834474,0.2881098,0.6943087,0.3304424,0.2559472,0.7056254,0.4170475,0.3406491,0.6124860,0.5678003,0.3543496,0.6665100,0.6381304,0.4567794,0.7005000,0.7484000,0.5179000,0.7168000,0.6092000,0.3999000,0.7368000,0.5858000,0.2919000,0.7813000,0.5317000,0.4015000,0.8958000,0.4468000,0.4980000,0.3182823,-0.0000000,-0.0000000},
{0.6680170,0.3854531,0.2875856,0.6926709,0.3323907,0.2563408,0.7064423,0.4179570,0.3405997,0.6134300,0.5686579,0.3545690,0.6671147,0.6385404,0.4569607,0.7009000,0.7488000,0.5178000,0.7168000,0.6096000,0.3996000,0.7372000,0.5857000,0.2918000,0.7812000,0.5317000,0.4014000,0.8953000,0.4466000,0.4981000,0.3182823,-0.0000000,-0.0000000},
{0.6672940,0.3875547,0.2870295,0.6908876,0.3345292,0.2567563,0.7072306,0.4188333,0.3405525,0.6143854,0.5695244,0.3547921,0.6676810,0.6389239,0.4571307,0.7013000,0.7491000,0.5177000,0.7168000,0.6099000,0.3993000,0.7377000,0.5856000,0.2918000,0.7813000,0.5321000,0.4009000,0.8948000,0.4463000,0.4982000,0.3182823,-0.0000000,-0.0000000},
{0.6665844,0.3896381,0.2864713,0.6889291,0.3368983,0.2571966,0.7080497,0.4197427,0.3405037,0.6154816,0.5705166,0.3550492,0.6683308,0.6393634,0.4573260,0.7015000,0.7495000,0.5175000,0.7167000,0.6102000,0.3990000,0.7381000,0.5855000,0.2918000,0.7810000,0.5320000,0.4008000,0.8942000,0.4461000,0.4982000,0.3182823,-0.0000000,-0.0000000},
{0.6657601,0.3920848,0.2858069,0.6868842,0.3393953,0.2576385,0.7089101,0.4206967,0.3404529,0.6165094,0.5714451,0.3552914,0.6689528,0.6397837,0.4575134,0.7018000,0.7499000,0.5174000,0.7165000,0.6105000,0.3987000,0.7385000,0.5854000,0.2918000,0.7809000,0.5322000,0.4007000,0.8936000,0.4459000,0.4983000,0.3182823,-0.0000000,-0.0000000},
{0.6649950,0.3943819,0.2851747,0.6847295,0.3420522,0.2580840,0.7098243,0.4217087,0.3403994,0.6177522,0.5725655,0.3555859,0.6696541,0.6402568,0.4577250,0.7020000,0.7504000,0.5173000,0.7164000,0.6110000,0.3985000,0.7390000,0.5853000,0.2918000,0.7806000,0.5323000,0.4006000,0.8929000,0.4457000,0.4984000,0.3182823,-0.0000000,-0.0000000},
{0.6642313,0.3967009,0.2845280,0.6826643,0.3446239,0.2584916,0.7106613,0.4226340,0.3403508,0.6189320,0.5736266,0.3558668,0.6703200,0.6407055,0.4579263,0.7021000,0.7510000,0.5172000,0.7162000,0.6116000,0.3983000,0.7394000,0.5852000,0.2918000,0.7803000,0.5324000,0.4004000,0.8921000,0.4456000,0.4986000,0.3182823,-0.0000000,-0.0000000},
{0.6635177,0.3988921,0.2839093,0.6806926,0.3471024,0.2588627,0.7116962,0.4237763,0.3402912,0.6201543,0.5747235,0.3561595,0.6710865,0.6412212,0.4581584,0.7023000,0.7516000,0.5172000,0.7159000,0.6122000,0.3981000,0.7399000,0.5851000,0.2917000,0.7794000,0.5320000,0.4002000,0.8912000,0.4455000,0.4987000,0.3182823,-0.0000000,-0.0000000},
{0.6627868,0.4011610,0.2832607,0.6788201,0.3494774,0.2591988,0.7127701,0.4249594,0.3402301,0.6214194,0.5758562,0.3564640,0.6718564,0.6417384,0.4583920,0.7025000,0.7522000,0.5171000,0.7157000,0.6128000,0.3978000,0.7403000,0.5850000,0.2917000,0.7790000,0.5323000,0.4001000,0.8903000,0.4453000,0.4990000,0.3182823,-0.0000000,-0.0000000},
{0.6619940,0.4036517,0.2825396,0.6770978,0.3516804,0.2594936,0.7139224,0.4262266,0.3401652,0.6227406,0.5770362,0.3567838,0.6725810,0.6422246,0.4586123,0.7027000,0.7528000,0.5169000,0.7154000,0.6134000,0.3974000,0.7408000,0.5848000,0.2917000,0.7792000,0.5331000,0.3998000,0.8893000,0.4453000,0.4992000,0.3182823,-0.0000000,-0.0000000},
{0.6612681,0.4059599,0.2818628,0.6753622,0.3539184,0.2597769,0.7150465,0.4274605,0.3401026,0.6240247,0.5781805,0.3570963,0.6733927,0.6427682,0.4588596,0.7029000,0.7534000,0.5168000,0.7151000,0.6140000,0.3971000,0.7412000,0.5847000,0.2917000,0.7782000,0.5329000,0.4000000,0.8882000,0.4452000,0.4996000,0.3182823,-0.0000000,-0.0000000},
{0.6605558,0.4082514,0.2811828,0.6736103,0.3561959,0.2600485,0.7161165,0.4286327,0.3400436,0.6253578,0.5793655,0.3574225,0.6741460,0.6432720,0.4590896,0.7031000,0.7539000,0.5165000,0.7149000,0.6147000,0.3968000,0.7417000,0.5846000,0.2917000,0.7778000,0.5333000,0.3996000,0.8871000,0.4452000,0.4999000,0.3182823,-0.0000000,-0.0000000},
{0.6597783,0.4107834,0.2804220,0.6717420,0.3586455,0.2603221,0.7171990,0.4298167,0.3399846,0.6267862,0.5806319,0.3577741,0.6748947,0.6437720,0.4593186,0.7032000,0.7545000,0.5162000,0.7146000,0.6154000,0.3964000,0.7421000,0.5845000,0.2917000,0.7775000,0.5339000,0.3995000,0.8859000,0.4452000,0.5003000,0.3182823,-0.0000000,-0.0000000},
{0.6590063,0.4133310,0.2796467,0.6698352,0.3611678,0.2605842,0.7187947,0.4315580,0.3398988,0.6281936,0.5818766,0.3581225,0.6755963,0.6442398,0.4595336,0.7034000,0.7551000,0.5158000,0.7144000,0.6161000,0.3959000,0.7426000,0.5844000,0.2916000,0.7769000,0.5341000,0.3995000,0.8848000,0.4451000,0.5007000,0.3182823,-0.0000000,-0.0000000},
{0.6581442,0.4162164,0.2787567,0.6677055,0.3640117,0.2608561,0.7201852,0.4330718,0.3398252,0.6297297,0.5832313,0.3585050,0.6764319,0.6447962,0.4597902,0.7036000,0.7558000,0.5154000,0.7141000,0.6168000,0.3954000,0.7430000,0.5843000,0.2916000,0.7764000,0.5345000,0.3991000,0.8837000,0.4451000,0.5011000,0.3182823,-0.0000000,-0.0000000},
{0.6572321,0.4193175,0.2777862,0.6654970,0.3669913,0.2611146,0.7217386,0.4347587,0.3397442,0.6312249,0.5845464,0.3588797,0.6773200,0.6453865,0.4600636,0.7038000,0.7565000,0.5150000,0.7139000,0.6174000,0.3950000,0.7434000,0.5842000,0.2916000,0.7759000,0.5347000,0.3992000,0.8827000,0.4451000,0.5015000,0.3182823,-0.0000000,-0.0000000},
{0.6562767,0.4226218,0.2767360,0.6630703,0.3703013,0.2613708,0.7234091,0.4365680,0.3396585,0.6330900,0.5861819,0.3593501,0.6781902,0.6459639,0.4603319,0.7040000,0.7572000,0.5146000,0.7136000,0.6182000,0.3946000,0.7439000,0.5841000,0.2916000,0.7755000,0.5349000,0.3993000,0.8818000,0.4450000,0.5019000,0.3182823,-0.0000000,-0.0000000},
{0.6552813,0.4261285,0.2756037,0.6606235,0.3736776,0.2615991,0.7252540,0.4385606,0.3395656,0.6350162,0.5878651,0.3598396,0.6792350,0.6466559,0.4606550,0.7042000,0.7581000,0.5140000,0.7132000,0.6189000,0.3941000,0.7443000,0.5840000,0.2916000,0.7750000,0.5350000,0.3992000,0.8808000,0.4449000,0.5022000,0.3182823,-0.0000000,-0.0000000},
{0.6542281,0.4299138,0.2743607,0.6579867,0.3773604,0.2618108,0.7271974,0.4406529,0.3394697,0.6371777,0.5897470,0.3603932,0.6803317,0.6473807,0.4609950,0.7043000,0.7591000,0.5134000,0.7129000,0.6195000,0.3936000,0.7448000,0.5839000,0.2915000,0.7742000,0.5349000,0.3992000,0.8800000,0.4448000,0.5025000,0.3182823,-0.0000000,-0.0000000},
{0.6531032,0.4340474,0.2729790,0.6551760,0.3813377,0.2619966,0.7292725,0.4428799,0.3393696,0.6395053,0.5917653,0.3609944,0.6815213,0.6481651,0.4613649,0.7045000,0.7601000,0.5128000,0.7125000,0.6203000,0.3931000,0.7452000,0.5838000,0.2915000,0.7741000,0.5352000,0.3990000,0.8791000,0.4447000,0.5027000,0.3182823,-0.0000000,-0.0000000},
{0.6519643,0.4383338,0.2715195,0.6522703,0.3855066,0.2621445,0.7314788,0.4452394,0.3392655,0.6420684,0.5939781,0.3616625,0.6828822,0.6490603,0.4617895,0.7047000,0.7613000,0.5121000,0.7121000,0.6210000,0.3924000,0.7457000,0.5837000,0.2915000,0.7736000,0.5354000,0.3988000,0.8782000,0.4446000,0.5030000,0.3182823,-0.0000000,-0.0000000},
{0.6507810,0.4429032,0.2699337,0.6491399,0.3900642,0.2622526,0.7336966,0.4476029,0.3391635,0.6446405,0.5961887,0.3623393,0.6844156,0.6500660,0.4622695,0.7049000,0.7625000,0.5114000,0.7117000,0.6219000,0.3918000,0.7461000,0.5836000,0.2915000,0.7731000,0.5354000,0.3985000,0.8773000,0.4446000,0.5032000,0.3182823,-0.0000000,-0.0000000},
{0.6495439,0.4478168,0.2681942,0.6459158,0.3948317,0.2623070,0.7361426,0.4501999,0.3390540,0.6474457,0.5985879,0.3630845,0.6857668,0.6509497,0.4626940,0.7051000,0.7637000,0.5106000,0.7113000,0.6228000,0.3910000,0.7466000,0.5835000,0.2915000,0.7726000,0.5356000,0.3983000,0.8764000,0.4445000,0.5035000,0.3182823,-0.0000000,-0.0000000},
{0.6483094,0.4528718,0.2663678,0.6425416,0.3999036,0.2623004,0.7386185,0.4528182,0.3389462,0.6504099,0.6011104,0.3638800,0.6873203,0.6519628,0.4631839,0.7054000,0.7650000,0.5098000,0.7109000,0.6239000,0.3902000,0.7470000,0.5834000,0.2915000,0.7721000,0.5357000,0.3981000,0.8755000,0.4444000,0.5037000,0.3182823,-0.0000000,-0.0000000},
{0.6470298,0.4582863,0.2643700,0.6390533,0.4052376,0.2622235,0.7411731,0.4555089,0.3388383,0.6535000,0.6037261,0.3647181,0.6889004,0.6529901,0.4636840,0.7056000,0.7663000,0.5089000,0.7106000,0.6250000,0.3893000,0.7475000,0.5833000,0.2914000,0.7717000,0.5358000,0.3979000,0.8747000,0.4444000,0.5040000,0.3182823,-0.0000000,-0.0000000},
{0.6457700,0.4638095,0.2622881,0.6354110,0.4109088,0.2620646,0.7437866,0.4582505,0.3387313,0.6566942,0.6064150,0.3655935,0.6904543,0.6539972,0.4641777,0.7059000,0.7676000,0.5080000,0.7102000,0.6261000,0.3882000,0.7479000,0.5832000,0.2914000,0.7711000,0.5360000,0.3977000,0.8738000,0.4443000,0.5042000,0.3182823,-0.0000000,-0.0000000},
{0.6445174,0.4695109,0.2600926,0.6316834,0.4168237,0.2618161,0.7467434,0.4613386,0.3386143,0.6598449,0.6090528,0.3664662,0.6921876,0.6551171,0.4647306,0.7061000,0.7690000,0.5071000,0.7100000,0.6272000,0.3873000,0.7479000,0.5832000,0.2914000,0.7707000,0.5361000,0.3975000,0.8729000,0.4442000,0.5045000,0.3182823,-0.0000000,-0.0000000},
{0.6432815,0.4753675,0.2577882,0.6278522,0.4230246,0.2614669,0.7495006,0.4642054,0.3385092,0.6632212,0.6118635,0.3674113,0.6939395,0.6562450,0.4652918,0.7065000,0.7704000,0.5062000,0.7099000,0.6283000,0.3863000,0.7480000,0.5843000,0.2911000,0.7702000,0.5364000,0.3972000,0.8720000,0.4442000,0.5048000,0.3182823,-0.0000000,-0.0000000},
{0.6420428,0.4814975,0.2553230,0.6239433,0.4294831,0.2610087,0.7525196,0.4673302,0.3383984,0.6667256,0.6147636,0.3684030,0.6956365,0.6573339,0.4658376,0.7068000,0.7718000,0.5053000,0.7098000,0.6295000,0.3852000,0.7484000,0.5855000,0.2906000,0.7697000,0.5367000,0.3970000,0.8711000,0.4442000,0.5051000,0.3182823,-0.0000000,-0.0000000},
{0.6408695,0.4875787,0.2528236,0.6199821,0.4361694,0.2604349,0.7554855,0.4703858,0.3382938,0.6703963,0.6177827,0.3694533,0.6974013,0.6584624,0.4664076,0.7071000,0.7733000,0.5045000,0.7097000,0.6306000,0.3843000,0.7487000,0.5867000,0.2902000,0.7691000,0.5369000,0.3967000,0.8701000,0.4442000,0.5054000,0.3182823,-0.0000000,-0.0000000},
{0.6397903,0.4934432,0.2503626,0.6159891,0.4430605,0.2597397,0.7586601,0.4736409,0.3381866,0.6741501,0.6208508,0.3705396,0.6994321,0.6597562,0.4670664,0.7075000,0.7748000,0.5037000,0.7096000,0.6318000,0.3834000,0.7488000,0.5877000,0.2897000,0.7685000,0.5373000,0.3965000,0.8691000,0.4443000,0.5057000,0.3182823,-0.0000000,-0.0000000},
{0.6385813,0.5003734,0.2473901,0.6119726,0.4501527,0.2589165,0.7619283,0.4769753,0.3380813,0.6780114,0.6239863,0.3716697,0.7013786,0.6609914,0.4677007,0.7079000,0.7763000,0.5029000,0.7095000,0.6330000,0.3825000,0.7489000,0.5887000,0.2894000,0.7679000,0.5376000,0.3963000,0.8680000,0.4443000,0.5060000,0.3182823,-0.0000000,-0.0000000},
{0.6374893,0.5070205,0.2444735,0.6078654,0.4575802,0.2579392,0.7652052,0.4803017,0.3379808,0.6818964,0.6271206,0.3728195,0.7033567,0.6622419,0.4683483,0.7083000,0.7778000,0.5020000,0.7093000,0.6341000,0.3817000,0.7488000,0.5894000,0.2891000,0.7672000,0.5380000,0.3961000,0.8669000,0.4444000,0.5064000,0.3182823,-0.0000000,-0.0000000},
{0.6364424,0.5138105,0.2414278,0.6037704,0.4651723,0.2568207,0.7686386,0.4837692,0.3378809,0.6859731,0.6303876,0.3740397,0.7053798,0.6635157,0.4690137,0.7087000,0.7793000,0.5011000,0.7091000,0.6353000,0.3808000,0.7485000,0.5902000,0.2889000,0.7665000,0.5383000,0.3959000,0.8658000,0.4444000,0.5067000,0.3182823,-0.0000000,-0.0000000},
{0.6354601,0.5206361,0.2382983,0.5996100,0.4730878,0.2555279,0.7720274,0.4871739,0.3377878,0.6901151,0.6336842,0.3752937,0.7075806,0.6648957,0.4697410,0.7091000,0.7808000,0.5003000,0.7089000,0.6365000,0.3799000,0.7481000,0.5908000,0.2886000,0.7658000,0.5385000,0.3958000,0.8648000,0.4445000,0.5071000,0.3182823,-0.0000000,-0.0000000},
{0.6345427,0.5275053,0.2350797,0.5955285,0.4810647,0.2540962,0.7754148,0.4905598,0.3376999,0.6943302,0.6370158,0.3765842,0.7097963,0.6662790,0.4704768,0.7094000,0.7824000,0.4994000,0.7087000,0.6375000,0.3791000,0.7477000,0.5913000,0.2884000,0.7651000,0.5388000,0.3956000,0.8636000,0.4446000,0.5075000,0.3182823,-0.0000000,-0.0000000},
{0.6336883,0.5344506,0.2317547,0.5914845,0.4891893,0.2525069,0.7789600,0.4940848,0.3376136,0.6986692,0.6404211,0.3779278,0.7120603,0.6676862,0.4712325,0.7099000,0.7840000,0.4985000,0.7085000,0.6387000,0.3783000,0.7471000,0.5917000,0.2883000,0.7642000,0.5392000,0.3954000,0.8624000,0.4448000,0.5079000,0.3182823,-0.0000000,-0.0000000},
{0.6329158,0.5413205,0.2283953,0.5874818,0.4974636,0.2507538,0.7823737,0.4974614,0.3375358,0.7027424,0.6435957,0.3792028,0.7143068,0.6690762,0.4719860,0.7103000,0.7857000,0.4977000,0.7083000,0.6398000,0.3775000,0.7466000,0.5921000,0.2881000,0.7633000,0.5396000,0.3953000,0.8611000,0.4449000,0.5083000,0.3182823,-0.0000000,-0.0000000},
{0.6322113,0.5482422,0.2249391,0.5835434,0.5058492,0.2488402,0.7858667,0.5008984,0.3374617,0.7068868,0.6468042,0.3805137,0.7167427,0.6705765,0.4728074,0.7107000,0.7874000,0.4969000,0.7080000,0.6409000,0.3768000,0.7461000,0.5926000,0.2880000,0.7624000,0.5399000,0.3951000,0.8598000,0.4451000,0.5087000,0.3182823,-0.0000000,-0.0000000},
{0.6315929,0.5550289,0.2214802,0.5798511,0.5139491,0.2468621,0.7894665,0.5044219,0.3373910,0.7111426,0.6500763,0.3818739,0.7189725,0.6719434,0.4735630,0.7112000,0.7892000,0.4961000,0.7077000,0.6420000,0.3761000,0.7453000,0.5930000,0.2878000,0.7615000,0.5404000,0.3949000,0.8584000,0.4453000,0.5091000,0.3182823,-0.0000000,-0.0000000},
{0.6310479,0.5618029,0.2179578,0.5760624,0.5225211,0.2446307,0.7930988,0.5079580,0.3373254,0.7152885,0.6532423,0.3832125,0.7216052,0.6735497,0.4744599,0.7117000,0.7909000,0.4953000,0.7073000,0.6431000,0.3755000,0.7446000,0.5936000,0.2874000,0.7607000,0.5409000,0.3947000,0.8570000,0.4455000,0.5095000,0.3182823,-0.0000000,-0.0000000},
{0.6305708,0.5686525,0.2143243,0.5724226,0.5310285,0.2422767,0.7967660,0.5115088,0.3372651,0.7195484,0.6564731,0.3846017,0.7240104,0.6750097,0.4752837,0.7122000,0.7927000,0.4945000,0.7068000,0.6443000,0.3751000,0.7437000,0.5942000,0.2872000,0.7598000,0.5414000,0.3945000,0.8556000,0.4458000,0.5099000,0.3182823,-0.0000000,-0.0000000},
{0.6301807,0.5752849,0.2107364,0.5688844,0.5395795,0.2397710,0.8005682,0.5151701,0.3372087,0.7237895,0.6596677,0.3859984,0.7262689,0.6763743,0.4760612,0.7126000,0.7945000,0.4937000,0.7061000,0.6454000,0.3745000,0.7429000,0.5947000,0.2870000,0.7589000,0.5419000,0.3942000,0.8542000,0.4461000,0.5103000,0.3182823,-0.0000000,-0.0000000},
{0.6298624,0.5819115,0.2070826,0.5655237,0.5479855,0.2371716,0.8042247,0.5186717,0.3371603,0.7281603,0.6629374,0.3874521,0.7286661,0.6778159,0.4768903,0.7130000,0.7962000,0.4929000,0.7053000,0.6464000,0.3740000,0.7420000,0.5952000,0.2867000,0.7580000,0.5424000,0.3941000,0.8527000,0.4464000,0.5108000,0.3182823,-0.0000000,-0.0000000},
{0.6296172,0.5885093,0.2033750,0.5622699,0.5564165,0.2344289,0.8079730,0.5222417,0.3371167,0.7323357,0.6660394,0.3888542,0.7310806,0.6792611,0.4777298,0.7134000,0.7979000,0.4920000,0.7044000,0.6474000,0.3735000,0.7411000,0.5959000,0.2864000,0.7571000,0.5429000,0.3939000,0.8512000,0.4467000,0.5112000,0.3182823,-0.0000000,-0.0000000},
{0.6294486,0.5949188,0.1997058,0.5591104,0.5649105,0.2315281,0.8114400,0.5255264,0.3370816,0.7365790,0.6691707,0.3902922,0.7334787,0.6806894,0.4785677,0.7138000,0.7995000,0.4911000,0.7022000,0.6479000,0.3726000,0.7402000,0.5964000,0.2862000,0.7561000,0.5434000,0.3937000,0.8497000,0.4470000,0.5116000,0.3182823,-0.0000000,-0.0000000},
{0.6293498,0.6013088,0.1959806,0.5560875,0.5733558,0.2285065,0.8153097,0.5291729,0.3370484,0.7407670,0.6722406,0.3917244,0.7358786,0.6821120,0.4794103,0.7141000,0.8012000,0.4903000,0.7013000,0.6490000,0.3722000,0.7393000,0.5970000,0.2859000,0.7552000,0.5439000,0.3934000,0.8482000,0.4474000,0.5121000,0.3182823,-0.0000000,-0.0000000},
{0.6293212,0.6075834,0.1922565,0.5532041,0.5817397,0.2253704,0.8190830,0.5327089,0.3370220,0.7449564,0.6752910,0.3931697,0.7383150,0.6835491,0.4802701,0.7145000,0.8029000,0.4894000,0.7003000,0.6498000,0.3717000,0.7384000,0.5975000,0.2857000,0.7542000,0.5445000,0.3932000,0.8467000,0.4477000,0.5125000,0.3182823,-0.0000000,-0.0000000},
{0.6293591,0.6136632,0.1885844,0.5505190,0.5898752,0.2221966,0.8228878,0.5362547,0.3370013,0.7489722,0.6781961,0.3945671,0.7408292,0.6850247,0.4811617,0.7148000,0.8046000,0.4886000,0.6992000,0.6507000,0.3713000,0.7375000,0.5981000,0.2854000,0.7531000,0.5449000,0.3930000,0.8450000,0.4481000,0.5129000,0.3182823,-0.0000000,-0.0000000},
{0.6294626,0.6197394,0.1848509,0.5479962,0.5978478,0.2189602,0.8265316,0.5396323,0.3369871,0.7531104,0.6811704,0.3960190,0.7432184,0.6864199,0.4820133,0.7152000,0.8064000,0.4878000,0.6981000,0.6516000,0.3708000,0.7365000,0.5987000,0.2851000,0.7520000,0.5455000,0.3927000,0.8433000,0.4486000,0.5134000,0.3182823,-0.0000000,-0.0000000},
{0.6296255,0.6255928,0.1811930,0.5455900,0.6057942,0.2156089,0.8302859,0.5430936,0.3369780,0.7572847,0.6841510,0.3974959,0.7457731,0.6879043,0.4829283,0.7155000,0.8081000,0.4870000,0.6969000,0.6526000,0.3703000,0.7355000,0.5993000,0.2848000,0.7510000,0.5461000,0.3924000,0.8417000,0.4491000,0.5138000,0.3182823,-0.0000000,-0.0000000},
{0.6298506,0.6314264,0.1774867,0.5433485,0.6135445,0.2122183,0.8337747,0.5462933,0.3369748,0.7613739,0.6870519,0.3989545,0.7482872,0.6893576,0.4838334,0.7158000,0.8099000,0.4863000,0.6955000,0.6536000,0.3699000,0.7344000,0.5999000,0.2845000,0.7500000,0.5466000,0.3921000,0.8399000,0.4496000,0.5143000,0.3182823,-0.0000000,-0.0000000},
{0.6301221,0.6369396,0.1739271,0.5412931,0.6209944,0.2088438,0.8374986,0.5496910,0.3369766,0.7653382,0.6898465,0.4003797,0.7505795,0.6906761,0.4846625,0.7161000,0.8117000,0.4855000,0.6942000,0.6547000,0.3695000,0.7333000,0.6006000,0.2841000,0.7488000,0.5471000,0.3918000,0.8381000,0.4499000,0.5147000,0.3182823,-0.0000000,-0.0000000},
{0.6304476,0.6423895,0.1703529,0.5393591,0.6283561,0.2053968,0.8411006,0.5529600,0.3369837,0.7692611,0.6925947,0.4018006,0.7530589,0.6920953,0.4855635,0.7164000,0.8135000,0.4849000,0.6930000,0.6560000,0.3690000,0.7322000,0.6012000,0.2838000,0.7478000,0.5477000,0.3915000,0.8363000,0.4504000,0.5152000,0.3182823,-0.0000000,-0.0000000},
{0.6308210,0.6477051,0.1668128,0.5375298,0.6356902,0.2018497,0.8446488,0.5561638,0.3369957,0.7733774,0.6954604,0.4033029,0.7553347,0.6933915,0.4863944,0.7167000,0.8153000,0.4843000,0.6919000,0.6574000,0.3687000,0.7311000,0.6019000,0.2836000,0.7467000,0.5483000,0.3912000,0.8346000,0.4508000,0.5156000,0.3182823,-0.0000000,-0.0000000},
{0.6312441,0.6529466,0.1632686,0.5358645,0.6427410,0.1983313,0.8479972,0.5591721,0.3370115,0.7771430,0.6980657,0.4046872,0.7576906,0.6947270,0.4872584,0.7170000,0.8171000,0.4837000,0.6908000,0.6588000,0.3683000,0.7299000,0.6027000,0.2833000,0.7455000,0.5488000,0.3910000,0.8327000,0.4513000,0.5161000,0.3182823,-0.0000000,-0.0000000},
{0.6317057,0.6580072,0.1597954,0.5343180,0.6496732,0.1947668,0.8516461,0.5624341,0.3370337,0.7810935,0.7007825,0.4061498,0.7600274,0.6960451,0.4881193,0.7173000,0.8189000,0.4831000,0.6898000,0.6602000,0.3681000,0.7288000,0.6034000,0.2831000,0.7443000,0.5495000,0.3908000,0.8309000,0.4518000,0.5166000,0.3182823,-0.0000000,-0.0000000},
{0.6321993,0.6628706,0.1564091,0.5328860,0.6564940,0.1911556,0.8550641,0.5654742,0.3370592,0.7846692,0.7032271,0.4074827,0.7621914,0.6972601,0.4889200,0.7176000,0.8206000,0.4826000,0.6888000,0.6616000,0.3679000,0.7276000,0.6041000,0.2830000,0.7431000,0.5500000,0.3907000,0.8290000,0.4524000,0.5171000,0.3182823,-0.0000000,-0.0000000},
{0.6327295,0.6676185,0.1530564,0.5315704,0.6631799,0.1875137,0.8584473,0.5684687,0.3370889,0.7883462,0.7057268,0.4088622,0.7643435,0.6984629,0.4897196,0.7179000,0.8224000,0.4821000,0.6879000,0.6630000,0.3678000,0.7266000,0.6049000,0.2830000,0.7419000,0.5507000,0.3906000,0.8271000,0.4529000,0.5176000,0.3182823,-0.0000000,-0.0000000},
{0.6332861,0.6721902,0.1497835,0.5303656,0.6697431,0.1838380,0.8617529,0.5713806,0.3371221,0.7916370,0.7079517,0.4101043,0.7663525,0.6995808,0.4904690,0.7181000,0.8240000,0.4817000,0.6869000,0.6643000,0.3676000,0.7255000,0.6057000,0.2830000,0.7405000,0.5513000,0.3906000,0.8252000,0.4535000,0.5181000,0.3182823,-0.0000000,-0.0000000},
{0.6338785,0.6766859,0.1465213,0.5292825,0.6761001,0.1801806,0.8648984,0.5741387,0.3371576,0.7949444,0.7101764,0.4113599,0.7682689,0.7006428,0.4911865,0.7183000,0.8257000,0.4813000,0.6860000,0.6656000,0.3676000,0.7244000,0.6064000,0.2829000,0.7392000,0.5520000,0.3906000,0.8232000,0.4542000,0.5185000,0.3182823,-0.0000000,-0.0000000},
{0.6344763,0.6809073,0.1434179,0.5283208,0.6822125,0.1765716,0.8677913,0.5766643,0.3371936,0.7982748,0.7124050,0.4126314,0.7700564,0.7016295,0.4918580,0.7184000,0.8272000,0.4809000,0.6850000,0.6667000,0.3675000,0.7234000,0.6072000,0.2829000,0.7379000,0.5528000,0.3907000,0.8213000,0.4548000,0.5191000,0.3182823,-0.0000000,-0.0000000},
{0.6351091,0.6850896,0.1403040,0.5274275,0.6884088,0.1728183,0.8706961,0.5791899,0.3372329,0.8012247,0.7143694,0.4137637,0.7716361,0.7024984,0.4924534,0.7185000,0.8287000,0.4806000,0.6841000,0.6680000,0.3674000,0.7223000,0.6080000,0.2829000,0.7365000,0.5535000,0.3908000,0.8194000,0.4554000,0.5196000,0.3182823,-0.0000000,-0.0000000},
{0.6357528,0.6890892,0.1372888,0.5266594,0.6942768,0.1691735,0.8732950,0.5814407,0.3372707,0.8040094,0.7162155,0.4148378,0.7732613,0.7033892,0.4930678,0.7185000,0.8302000,0.4802000,0.6833000,0.6692000,0.3674000,0.7209000,0.6088000,0.2826000,0.7352000,0.5543000,0.3909000,0.8175000,0.4561000,0.5202000,0.3182823,-0.0000000,-0.0000000},
{0.6364028,0.6929050,0.1343773,0.5259901,0.6999553,0.1655606,0.8760570,0.5838236,0.3373137,0.8067262,0.7180088,0.4158904,0.7746247,0.7041341,0.4935846,0.7184000,0.8316000,0.4799000,0.6825000,0.6703000,0.3674000,0.7199000,0.6095000,0.2826000,0.7339000,0.5551000,0.3910000,0.8157000,0.4567000,0.5208000,0.3182823,-0.0000000,-0.0000000},
{0.6370755,0.6966495,0.1314865,0.5254176,0.7054107,0.1620079,0.8784587,0.5858881,0.3373534,0.8092399,0.7196614,0.4168686,0.7759575,0.7048602,0.4940911,0.7183000,0.8329000,0.4795000,0.6817000,0.6715000,0.3674000,0.7189000,0.6103000,0.2827000,0.7326000,0.5559000,0.3911000,0.8140000,0.4575000,0.5214000,0.3182823,-0.0000000,-0.0000000},
{0.6377476,0.7002088,0.1287070,0.5249386,0.7106022,0.1585507,0.8809004,0.5879796,0.3373959,0.8115096,0.7211479,0.4177553,0.7772893,0.7055837,0.4945985,0.7181000,0.8342000,0.4791000,0.6810000,0.6726000,0.3673000,0.7180000,0.6111000,0.2827000,0.7313000,0.5566000,0.3912000,0.8121000,0.4582000,0.5219000,0.3182823,-0.0000000,-0.0000000},
{0.6384134,0.7035764,0.1260483,0.5245324,0.7157031,0.1550791,0.8831192,0.5898740,0.3374365,0.8136417,0.7225396,0.4185912,0.7783317,0.7061485,0.4949965,0.7180000,0.8355000,0.4786000,0.6801000,0.6736000,0.3672000,0.7171000,0.6117000,0.2826000,0.7300000,0.5575000,0.3914000,0.8104000,0.4590000,0.5224000,0.3182823,-0.0000000,-0.0000000},
{0.6390755,0.7067852,0.1234881,0.5242135,0.7204475,0.1517818,0.8850623,0.5915279,0.3374735,0.8154109,0.7236908,0.4192870,0.7793674,0.7067085,0.4953928,0.7178000,0.8368000,0.4780000,0.6793000,0.6747000,0.3671000,0.7162000,0.6125000,0.2826000,0.7288000,0.5582000,0.3915000,0.8087000,0.4598000,0.5230000,0.3182823,-0.0000000,-0.0000000},
{0.6397173,0.7097758,0.1210780,0.5239584,0.7250806,0.1484966,0.8869953,0.5931688,0.3375117,0.8171525,0.7248211,0.4199739,0.7801058,0.7071069,0.4956757,0.7176000,0.8380000,0.4775000,0.6785000,0.6758000,0.3669000,0.7153000,0.6131000,0.2826000,0.7275000,0.5591000,0.3916000,0.8070000,0.4606000,0.5235000,0.3182823,-0.0000000,-0.0000000},
{0.6403677,0.7126968,0.1187012,0.5237759,0.7292985,0.1454480,0.8885391,0.5944761,0.3375432,0.8185840,0.7257478,0.4205399,0.7808102,0.7074864,0.4959460,0.7173000,0.8392000,0.4769000,0.6777000,0.6767000,0.3667000,0.7144000,0.6138000,0.2825000,0.7263000,0.5598000,0.3917000,0.8053000,0.4614000,0.5241000,0.3182823,-0.0000000,-0.0000000},
{0.6410090,0.7154780,0.1164169,0.5236471,0.7333284,0.1424825,0.8900674,0.5957674,0.3375753,0.8199056,0.7266015,0.4210637,0.7816171,0.7079204,0.4962559,0.7169000,0.8405000,0.4762000,0.6769000,0.6778000,0.3665000,0.7134000,0.6144000,0.2825000,0.7252000,0.5606000,0.3917000,0.8036000,0.4623000,0.5246000,0.3182823,-0.0000000,-0.0000000},
{0.6416213,0.7180487,0.1142865,0.5235654,0.7372666,0.1395332,0.8915319,0.5970021,0.3376068,0.8210135,0.7273158,0.4215036,0.7822848,0.7082790,0.4965128,0.7166000,0.8417000,0.4756000,0.6761000,0.6788000,0.3662000,0.7125000,0.6150000,0.2824000,0.7239000,0.5613000,0.3917000,0.8019000,0.4631000,0.5251000,0.3182823,-0.0000000,-0.0000000},
{0.6422174,0.7204782,0.1122561,0.5235293,0.7410089,0.1366825,0.8926580,0.5979498,0.3376315,0.8220384,0.7279755,0.4219112,0.7825638,0.7084286,0.4966203,0.7163000,0.8428000,0.4749000,0.6753000,0.6798000,0.3660000,0.7116000,0.6156000,0.2823000,0.7228000,0.5622000,0.3917000,0.8003000,0.4641000,0.5256000,0.3182823,-0.0000000,-0.0000000},
{0.6428006,0.7227898,0.1103088,0.5235327,0.7444237,0.1340391,0.8939439,0.5990301,0.3376603,0.8228167,0.7284757,0.4222211,0.7828728,0.7085943,0.4967393,0.7159000,0.8440000,0.4742000,0.6745000,0.6807000,0.3657000,0.7107000,0.6162000,0.2822000,0.7217000,0.5630000,0.3918000,0.7986000,0.4649000,0.5261000,0.3182823,-0.0000000,-0.0000000},
{0.6433646,0.7249672,0.1084604,0.5235739,0.7479772,0.1312446,0.8944753,0.5994760,0.3376724,0.8234772,0.7288998,0.4224845,0.7832048,0.7087722,0.4968673,0.7154000,0.8451000,0.4735000,0.6737000,0.6817000,0.3655000,0.7098000,0.6168000,0.2821000,0.7205000,0.5638000,0.3918000,0.7971000,0.4658000,0.5266000,0.3182823,-0.0000000,-0.0000000},
{0.6439060,0.7270072,0.1067160,0.5236452,0.7511864,0.1286815,0.8955857,0.6004066,0.3376980,0.8236036,0.7289809,0.4225349,0.7833788,0.7088653,0.4969344,0.7150000,0.8462000,0.4728000,0.6729000,0.6826000,0.3652000,0.7089000,0.6174000,0.2820000,0.7194000,0.5645000,0.3918000,0.7955000,0.4667000,0.5270000,0.3182823,-0.0000000,-0.0000000},
{0.6444255,0.7289207,0.1050685,0.5237405,0.7541548,0.1262764,0.8958024,0.6005880,0.3377031,0.8241916,0.7293580,0.4227697,0.7833788,0.7088653,0.4969344,0.7145000,0.8472000,0.4720000,0.6721000,0.6833000,0.3648000,0.7081000,0.6178000,0.2819000,0.7183000,0.5652000,0.3919000,0.7940000,0.4676000,0.5275000,0.3182823,-0.0000000,-0.0000000},
{0.6449903,0.7309549,0.1033049,0.5238745,0.7573278,0.1236684,0.8964768,0.6011523,0.3377189,0.8241916,0.7293580,0.4227697,0.7832449,0.7087936,0.4968828,0.7140000,0.8482000,0.4713000,0.6713000,0.6841000,0.3645000,0.7073000,0.6183000,0.2817000,0.7173000,0.5660000,0.3919000,0.7925000,0.4684000,0.5279000,0.3182823,-0.0000000,-0.0000000}
};
