fitErrPi Mean = 0.318282
fitErrTh Mean = 0.345702
fitErrWr Mean = 0.329564
fitErrLA Mean = 0.124309
fitErrEl Mean = 0.0823965
fitErrUA Mean = 0.236864
efPts = {
{0.6655900,0.7143875,0.0018246,0.6202817,0.6873405,-0.0205279,0.6267093,0.9135268,0.1512580,0.7166665,1.0083664,0.1934279,0.8279940,0.8746437,0.2289364,0.6812000,0.8698000,0.4611000,0.6490000,0.7057000,0.3545000,0.6827000,0.6296000,0.2694000,0.6852000,0.5829000,0.3819000,0.7583000,0.4989000,0.5253000,0.3182823,-0.0000000,-0.0000000},
{0.6651201,0.7142278,0.0015889,0.6190719,0.6870992,-0.0211369,0.6264924,0.9133959,0.1512519,0.7166471,1.0083534,0.1934307,0.8280408,0.8747090,0.2289567,0.6802000,0.8696000,0.4609000,0.6482000,0.7052000,0.3542000,0.6823000,0.6292000,0.2692000,0.6847000,0.5826000,0.3818000,0.7580000,0.4989000,0.5254000,0.3182823,-0.0000000,-0.0000000},
{0.6643662,0.7139713,0.0012102,0.6175644,0.6867978,-0.0218970,0.6260964,0.9131565,0.1512406,0.7164676,1.0082329,0.1934565,0.8280408,0.8747090,0.2289567,0.6792000,0.8693000,0.4607000,0.6475000,0.7047000,0.3538000,0.6820000,0.6289000,0.2691000,0.6843000,0.5823000,0.3816000,0.7576000,0.4989000,0.5255000,0.3182823,-0.0000000,-0.0000000},
{0.6634512,0.7136597,0.0007501,0.6159046,0.6864651,-0.0227356,0.6255568,0.9128298,0.1512248,0.7160601,1.0079591,0.1935150,0.8279403,0.8745687,0.2289131,0.6783000,0.8689000,0.4606000,0.6468000,0.7043000,0.3535000,0.6817000,0.6286000,0.2690000,0.6838000,0.5819000,0.3815000,0.7573000,0.4989000,0.5255000,0.3182823,-0.0000000,-0.0000000},
{0.6622129,0.7132374,0.0001265,0.6142176,0.6861260,-0.0235896,0.6247583,0.9123454,0.1512008,0.7154899,1.0075749,0.1935966,0.8278085,0.8743846,0.2288560,0.6774000,0.8686000,0.4606000,0.6462000,0.7039000,0.3533000,0.6814000,0.6282000,0.2688000,0.6834000,0.5817000,0.3814000,0.7569000,0.4987000,0.5255000,0.3182823,-0.0000000,-0.0000000},
{0.6608382,0.7127677,-0.0005671,0.6123428,0.6857481,-0.0245407,0.6238198,0.9117744,0.1511715,0.7147042,1.0070438,0.1937086,0.8275713,0.8740531,0.2287530,0.6766000,0.8682000,0.4606000,0.6456000,0.7034000,0.3530000,0.6811000,0.6279000,0.2687000,0.6829000,0.5813000,0.3813000,0.7565000,0.4985000,0.5255000,0.3182823,-0.0000000,-0.0000000},
{0.6593089,0.7122442,-0.0013403,0.6102529,0.6853253,-0.0256036,0.6227186,0.9111022,0.1511358,0.7137558,1.0063997,0.1938430,0.8274468,0.8738790,0.2286989,0.6757000,0.8678000,0.4606000,0.6451000,0.7029000,0.3528000,0.6808000,0.6275000,0.2686000,0.6826000,0.5809000,0.3812000,0.7562000,0.4982000,0.5255000,0.3182823,-0.0000000,-0.0000000},
{0.6576407,0.7116719,-0.0021856,0.6080518,0.6848784,-0.0267258,0.6214176,0.9103049,0.1510916,0.7128739,1.0057981,0.1939673,0.8271748,0.8734985,0.2285806,0.6748000,0.8673000,0.4605000,0.6446000,0.7024000,0.3526000,0.6805000,0.6272000,0.2685000,0.6822000,0.5804000,0.3810000,0.7559000,0.4980000,0.5255000,0.3182823,-0.0000000,-0.0000000},
{0.6556206,0.7109771,-0.0032118,0.6054439,0.6843468,-0.0280594,0.6199661,0.9094115,0.1510397,0.7111701,1.0046282,0.1942054,0.8268032,0.8729781,0.2284186,0.6739000,0.8667000,0.4605000,0.6440000,0.7019000,0.3524000,0.6802000,0.6267000,0.2684000,0.6818000,0.5800000,0.3809000,0.7556000,0.4977000,0.5254000,0.3182823,-0.0000000,-0.0000000},
{0.6534568,0.7102309,-0.0043143,0.6029341,0.6838329,-0.0293468,0.6182816,0.9083694,0.1509762,0.7098051,1.0036837,0.1943942,0.8263764,0.8723796,0.2282321,0.6730000,0.8661000,0.4606000,0.6435000,0.7013000,0.3522000,0.6800000,0.6263000,0.2682000,0.6814000,0.5795000,0.3808000,0.7553000,0.4974000,0.5254000,0.3182823,-0.0000000,-0.0000000},
{0.6511694,0.7094395,-0.0054834,0.6000321,0.6832361,-0.0308402,0.6163883,0.9071914,0.1509006,0.7081833,1.0025531,0.1946164,0.8260023,0.8718544,0.2280681,0.6722000,0.8656000,0.4607000,0.6429000,0.7007000,0.3521000,0.6797000,0.6259000,0.2681000,0.6812000,0.5791000,0.3807000,0.7550000,0.4971000,0.5253000,0.3182823,-0.0000000,-0.0000000},
{0.6488484,0.7086341,-0.0066735,0.5968068,0.6825694,-0.0325061,0.6143195,0.9058960,0.1508128,0.7064616,1.0013428,0.1948496,0.8256856,0.8714092,0.2279290,0.6714000,0.8651000,0.4608000,0.6424000,0.7002000,0.3519000,0.6794000,0.6254000,0.2680000,0.6808000,0.5786000,0.3806000,0.7547000,0.4968000,0.5253000,0.3182823,-0.0000000,-0.0000000},
{0.6460666,0.7076655,-0.0081051,0.5937508,0.6819344,-0.0340905,0.6120510,0.9044659,0.1507103,0.7045583,0.9999928,0.1951043,0.8252501,0.8707964,0.2277373,0.6706000,0.8645000,0.4611000,0.6419000,0.6998000,0.3518000,0.6791000,0.6250000,0.2679000,0.6805000,0.5782000,0.3804000,0.7544000,0.4965000,0.5252000,0.3182823,-0.0000000,-0.0000000},
{0.6431031,0.7066296,-0.0096361,0.5901221,0.6811761,-0.0359793,0.6097062,0.9029769,0.1505976,0.7025543,0.9985578,0.1953688,0.8247499,0.8700916,0.2275165,0.6699000,0.8639000,0.4613000,0.6414000,0.6993000,0.3518000,0.6788000,0.6246000,0.2678000,0.6802000,0.5778000,0.3803000,0.7542000,0.4962000,0.5251000,0.3182823,-0.0000000,-0.0000000},
{0.6401074,0.7055782,-0.0111903,0.5864778,0.6804101,-0.0378845,0.6071418,0.9013360,0.1504663,0.6999338,0.9966600,0.1957092,0.8242135,0.8693345,0.2272789,0.6693000,0.8633000,0.4617000,0.6409000,0.6987000,0.3518000,0.6785000,0.6241000,0.2677000,0.6799000,0.5774000,0.3802000,0.7539000,0.4959000,0.5251000,0.3182823,-0.0000000,-0.0000000},
{0.6370169,0.7044892,-0.0128004,0.5828078,0.6796340,-0.0398116,0.6044175,0.8995785,0.1503178,0.6976649,0.9949973,0.1959988,0.8237943,0.8687419,0.2270927,0.6686000,0.8628000,0.4621000,0.6405000,0.6983000,0.3519000,0.6782000,0.6237000,0.2677000,0.6795000,0.5770000,0.3802000,0.7536000,0.4955000,0.5251000,0.3182823,-0.0000000,-0.0000000},
{0.6339670,0.7034101,-0.0143962,0.5791508,0.6788560,-0.0417402,0.6015843,0.8977350,0.1501533,0.6952561,0.9932122,0.1963010,0.8231229,0.8677913,0.2267933,0.6679000,0.8622000,0.4625000,0.6401000,0.6979000,0.3520000,0.6779000,0.6234000,0.2677000,0.6793000,0.5765000,0.3802000,0.7534000,0.4952000,0.5251000,0.3182823,-0.0000000,-0.0000000},
{0.6306397,0.7022278,-0.0161447,0.5754038,0.6780540,-0.0437249,0.5987245,0.8958580,0.1499770,0.6923765,0.9910512,0.1966552,0.8225480,0.8669757,0.2265360,0.6673000,0.8615000,0.4630000,0.6396000,0.6975000,0.3521000,0.6775000,0.6230000,0.2677000,0.6790000,0.5762000,0.3802000,0.7532000,0.4949000,0.5251000,0.3182823,-0.0000000,-0.0000000},
{0.6274510,0.7010898,-0.0178280,0.5715554,0.6772252,-0.0457725,0.5956939,0.8938510,0.1497788,0.6898450,0.9891268,0.1969601,0.8218662,0.8660066,0.2262297,0.6666000,0.8608000,0.4635000,0.6391000,0.6970000,0.3522000,0.6772000,0.6226000,0.2677000,0.6787000,0.5758000,0.3802000,0.7530000,0.4946000,0.5251000,0.3182823,-0.0000000,-0.0000000},
{0.6241993,0.6999244,-0.0195521,0.5676243,0.6763732,-0.0478739,0.5926220,0.8917979,0.1495661,0.6867439,0.9867381,0.1973254,0.8211526,0.8649901,0.2259077,0.6658000,0.8601000,0.4641000,0.6386000,0.6965000,0.3524000,0.6768000,0.6222000,0.2678000,0.6785000,0.5755000,0.3802000,0.7528000,0.4943000,0.5251000,0.3182823,-0.0000000,-0.0000000},
{0.6206779,0.6986567,-0.0214280,0.5642591,0.6756396,-0.0496804,0.5893929,0.8896194,0.1493294,0.6835538,0.9842444,0.1976916,0.8204669,0.8640112,0.2255969,0.6651000,0.8594000,0.4647000,0.6381000,0.6960000,0.3526000,0.6765000,0.6219000,0.2678000,0.6781000,0.5750000,0.3802000,0.7527000,0.4939000,0.5251000,0.3182823,-0.0000000,-0.0000000},
{0.6170341,0.6973386,-0.0233786,0.5602251,0.6747548,-0.0518555,0.5861029,0.8873782,0.1490745,0.6803071,0.9816682,0.1980543,0.8196569,0.8628521,0.2252280,0.6644000,0.8586000,0.4653000,0.6377000,0.6957000,0.3528000,0.6761000,0.6215000,0.2678000,0.6780000,0.5747000,0.3802000,0.7525000,0.4936000,0.5251000,0.3182823,-0.0000000,-0.0000000},
{0.6140297,0.6962471,-0.0249942,0.5563602,0.6739018,-0.0539492,0.5826425,0.8849973,0.1487915,0.6770016,0.9790055,0.1984131,0.8187918,0.8616110,0.2248319,0.6637000,0.8579000,0.4660000,0.6372000,0.6952000,0.3530000,0.6758000,0.6212000,0.2678000,0.6777000,0.5743000,0.3803000,0.7523000,0.4934000,0.5252000,0.3182823,-0.0000000,-0.0000000},
{0.6105035,0.6949605,-0.0268990,0.5527855,0.6731081,-0.0558941,0.5791821,0.8825921,0.1484930,0.6736623,0.9762743,0.1987647,0.8179574,0.8604107,0.2244479,0.6630000,0.8571000,0.4668000,0.6368000,0.6948000,0.3533000,0.6754000,0.6209000,0.2679000,0.6775000,0.5740000,0.3804000,0.7521000,0.4931000,0.5252000,0.3182823,-0.0000000,-0.0000000},
{0.6066310,0.6935405,-0.0290014,0.5489303,0.6722470,-0.0580009,0.5756474,0.8801101,0.1481721,0.6702340,0.9734266,0.1991143,0.8170357,0.8590813,0.2240214,0.6624000,0.8563000,0.4675000,0.6364000,0.6944000,0.3536000,0.6749000,0.6204000,0.2681000,0.6773000,0.5738000,0.3804000,0.7520000,0.4928000,0.5252000,0.3182823,-0.0000000,-0.0000000},
{0.6031218,0.6922476,-0.0309162,0.5449309,0.6713481,-0.0601966,0.5720658,0.8775690,0.1478303,0.6669146,0.9706268,0.1994415,0.8162485,0.8579427,0.2236552,0.6617000,0.8555000,0.4683000,0.6359000,0.6940000,0.3538000,0.6747000,0.6201000,0.2685000,0.6770000,0.5734000,0.3804000,0.7518000,0.4926000,0.5252000,0.3182823,-0.0000000,-0.0000000},
{0.5991689,0.6907840,-0.0330840,0.5408474,0.6704243,-0.0624491,0.5685185,0.8750262,0.1474752,0.6630811,0.9673406,0.1998056,0.8153227,0.8566001,0.2232222,0.6610000,0.8547000,0.4690000,0.6355000,0.6936000,0.3541000,0.6746000,0.6198000,0.2687000,0.6769000,0.5731000,0.3805000,0.7517000,0.4924000,0.5252000,0.3182823,-0.0000000,-0.0000000},
{0.5955265,0.6894286,-0.0350920,0.5364815,0.6694300,-0.0648695,0.5650450,0.8725110,0.1471115,0.6597758,0.9644612,0.2001075,0.8143870,0.8552393,0.2227821,0.6602000,0.8539000,0.4697000,0.6349000,0.6932000,0.3544000,0.6742000,0.6195000,0.2688000,0.6767000,0.5728000,0.3805000,0.7515000,0.4922000,0.5252000,0.3182823,-0.0000000,-0.0000000},
{0.5916607,0.6879830,-0.0372340,0.5323608,0.6684852,-0.0671653,0.5613993,0.8698440,0.1467125,0.6560797,0.9611901,0.2004316,0.8134102,0.8538144,0.2223199,0.6595000,0.8531000,0.4703000,0.6344000,0.6927000,0.3547000,0.6740000,0.6193000,0.2688000,0.6764000,0.5726000,0.3806000,0.7514000,0.4920000,0.5253000,0.3182823,-0.0000000,-0.0000000},
{0.5877495,0.6865129,-0.0394126,0.5281548,0.6675144,-0.0695202,0.5577740,0.8671643,0.1462982,0.6528972,0.9583298,0.2006992,0.8122927,0.8521790,0.2217878,0.6587000,0.8522000,0.4710000,0.6338000,0.6922000,0.3550000,0.6736000,0.6190000,0.2688000,0.6762000,0.5723000,0.3806000,0.7513000,0.4918000,0.5253000,0.3182823,-0.0000000,-0.0000000},
{0.5839867,0.6850914,-0.0415196,0.5241281,0.6665789,-0.0717856,0.5541703,0.8644730,0.1458687,0.6493002,0.9550472,0.2009886,0.8112533,0.8506528,0.2212896,0.6578000,0.8513000,0.4718000,0.6331000,0.6918000,0.3553000,0.6733000,0.6188000,0.2689000,0.6761000,0.5722000,0.3806000,0.7512000,0.4917000,0.5253000,0.3182823,-0.0000000,-0.0000000},
{0.5802461,0.6836713,-0.0436248,0.5200900,0.6656347,-0.0740683,0.5505659,0.8617534,0.1454216,0.6457713,0.9517748,0.2012589,0.8101179,0.8489797,0.2207416,0.6570000,0.8504000,0.4725000,0.6324000,0.6913000,0.3556000,0.6730000,0.6186000,0.2689000,0.6758000,0.5720000,0.3806000,0.7511000,0.4916000,0.5253000,0.3182823,-0.0000000,-0.0000000},
{0.5763911,0.6822006,-0.0458056,0.5160521,0.6646846,-0.0763617,0.5469634,0.8590073,0.1449569,0.6423731,0.9485741,0.2015062,0.8091381,0.8475312,0.2202657,0.6561000,0.8494000,0.4731000,0.6316000,0.6908000,0.3560000,0.6726000,0.6184000,0.2690000,0.6756000,0.5717000,0.3806000,0.7510000,0.4914000,0.5253000,0.3182823,-0.0000000,-0.0000000},
{0.5728664,0.6808493,-0.0478096,0.5121976,0.6637720,-0.0785612,0.5434874,0.8563309,0.1444916,0.6386532,0.9450139,0.2017621,0.8079427,0.8457579,0.2196813,0.6552000,0.8484000,0.4737000,0.6308000,0.6901000,0.3563000,0.6722000,0.6182000,0.2690000,0.6754000,0.5715000,0.3806000,0.7509000,0.4913000,0.5253000,0.3182823,-0.0000000,-0.0000000},
{0.5695089,0.6795562,-0.0497275,0.5082550,0.6628327,-0.0808214,0.5400973,0.8536951,0.1440215,0.6354745,0.9419238,0.2019682,0.8067788,0.8440249,0.2191081,0.6542000,0.8475000,0.4743000,0.6299000,0.6895000,0.3566000,0.6719000,0.6181000,0.2690000,0.6753000,0.5713000,0.3806000,0.7508000,0.4913000,0.5253000,0.3182823,-0.0000000,-0.0000000},
{0.5657668,0.6781083,-0.0518754,0.5045605,0.6619472,-0.0829489,0.5367889,0.8510983,0.1435472,0.6322448,0.9387383,0.2021656,0.8056343,0.8423145,0.2185405,0.6531000,0.8465000,0.4748000,0.6289000,0.6889000,0.3568000,0.6714000,0.6179000,0.2689000,0.6750000,0.5711000,0.3805000,0.7506000,0.4912000,0.5252000,0.3182823,-0.0000000,-0.0000000},
{0.5622521,0.6767419,-0.0539028,0.5009282,0.6610715,-0.0850496,0.5335759,0.8485530,0.1430717,0.6290831,0.9355742,0.2023468,0.8043972,0.8404589,0.2179225,0.6519000,0.8456000,0.4752000,0.6278000,0.6881000,0.3570000,0.6710000,0.6176000,0.2688000,0.6748000,0.5709000,0.3805000,0.7505000,0.4911000,0.5252000,0.3182823,-0.0000000,-0.0000000},
{0.5591396,0.6755265,-0.0557063,0.4975522,0.6602531,-0.0870103,0.5304283,0.8460368,0.1425914,0.6260254,0.9324705,0.2025106,0.8032968,0.8388021,0.2173689,0.6508000,0.8446000,0.4757000,0.6270000,0.6874000,0.3572000,0.6707000,0.6174000,0.2688000,0.6746000,0.5708000,0.3804000,0.7504000,0.4911000,0.5252000,0.3182823,-0.0000000,-0.0000000},
{0.5556988,0.6741771,-0.0577090,0.4942609,0.6594511,-0.0889293,0.5272909,0.8435064,0.1420985,0.6230692,0.9294281,0.2026580,0.8021121,0.8370119,0.2167688,0.6496000,0.8435000,0.4761000,0.6272000,0.6871000,0.3575000,0.6701000,0.6172000,0.2688000,0.6744000,0.5706000,0.3803000,0.7503000,0.4911000,0.5252000,0.3182823,-0.0000000,-0.0000000},
{0.5525729,0.6729459,-0.0595365,0.4912068,0.6587031,-0.0907169,0.5242867,0.8410620,0.1416129,0.6201418,0.9263742,0.2027932,0.8009451,0.8352419,0.2161734,0.6484000,0.8425000,0.4766000,0.6263000,0.6865000,0.3577000,0.6696000,0.6170000,0.2688000,0.6741000,0.5704000,0.3803000,0.7502000,0.4911000,0.5252000,0.3182823,-0.0000000,-0.0000000},
{0.5496993,0.6718096,-0.0612235,0.4880356,0.6579226,-0.0925798,0.5212968,0.8386084,0.1411164,0.6173768,0.9234513,0.2029109,0.7997755,0.8334613,0.2155724,0.6473000,0.8416000,0.4770000,0.6254000,0.6858000,0.3579000,0.6690000,0.6166000,0.2687000,0.6739000,0.5702000,0.3802000,0.7501000,0.4911000,0.5252000,0.3182823,-0.0000000,-0.0000000},
{0.5465589,0.6705628,-0.0630747,0.4851869,0.6572181,-0.0942593,0.5184272,0.8362338,0.1406272,0.6146348,0.9205153,0.2030177,0.7986989,0.8318165,0.2150155,0.6461000,0.8406000,0.4773000,0.6247000,0.6852000,0.3580000,0.6686000,0.6162000,0.2689000,0.6737000,0.5701000,0.3801000,0.7499000,0.4911000,0.5252000,0.3182823,-0.0000000,-0.0000000},
{0.5440340,0.6695566,-0.0645688,0.4823879,0.6565228,-0.0959151,0.5157712,0.8340184,0.1401634,0.6121166,0.9177853,0.2031069,0.7976163,0.8301567,0.2144518,0.6449000,0.8397000,0.4776000,0.6238000,0.6846000,0.3582000,0.6680000,0.6160000,0.2685000,0.6734000,0.5699000,0.3801000,0.7498000,0.4911000,0.5252000,0.3182823,-0.0000000,-0.0000000},
{0.5412923,0.6684602,-0.0661972,0.4796249,0.6558334,-0.0975550,0.5132411,0.8318922,0.1397115,0.6096195,0.9150459,0.2031870,0.7965505,0.8285172,0.2138933,0.6436000,0.8389000,0.4777000,0.6230000,0.6839000,0.3582000,0.6674000,0.6156000,0.2685000,0.6730000,0.5696000,0.3800000,0.7496000,0.4911000,0.5252000,0.3182823,-0.0000000,-0.0000000},
{0.5387438,0.6674374,-0.0677163,0.4768493,0.6551379,-0.0992079,0.5108198,0.8298429,0.1392697,0.6073921,0.9125746,0.2032512,0.7954683,0.8268466,0.2133226,0.6424000,0.8382000,0.4778000,0.6222000,0.6833000,0.3582000,0.6669000,0.6153000,0.2684000,0.6728000,0.5694000,0.3799000,0.7494000,0.4912000,0.5252000,0.3182823,-0.0000000,-0.0000000},
{0.5360756,0.6663629,-0.0693125,0.4744218,0.6545270,-0.1006580,0.5086160,0.8279651,0.1388597,0.6053056,0.9102357,0.2033049,0.7943951,0.8251841,0.2127528,0.6411000,0.8374000,0.4779000,0.6214000,0.6827000,0.3581000,0.6662000,0.6149000,0.2683000,0.6725000,0.5692000,0.3798000,0.7492000,0.4912000,0.5253000,0.3182823,-0.0000000,-0.0000000},
{0.5339402,0.6655002,-0.0705941,0.4716728,0.6538324,-0.1023053,0.5063603,0.8260307,0.1384321,0.6032788,0.9079409,0.2033512,0.7935069,0.8238039,0.2122786,0.6398000,0.8367000,0.4779000,0.6205000,0.6819000,0.3581000,0.6656000,0.6145000,0.2682000,0.6722000,0.5690000,0.3797000,0.7490000,0.4912000,0.5253000,0.3182823,-0.0000000,-0.0000000},
{0.5315603,0.6645358,-0.0720270,0.4695263,0.6532880,-0.1035954,0.5043636,0.8243078,0.1380469,0.6012880,0.9056648,0.2033908,0.7926306,0.8224383,0.2118082,0.6385000,0.8359000,0.4779000,0.6197000,0.6812000,0.3581000,0.6650000,0.6141000,0.2681000,0.6719000,0.5688000,0.3796000,0.7487000,0.4913000,0.5253000,0.3182823,-0.0000000,-0.0000000},
{0.5293091,0.6636207,-0.0733867,0.4671145,0.6526739,-0.1050490,0.5023821,0.8225880,0.1376582,0.5994240,0.9035134,0.2034227,0.7917296,0.8210301,0.2113219,0.6372000,0.8352000,0.4779000,0.6189000,0.6806000,0.3580000,0.6643000,0.6137000,0.2680000,0.6715000,0.5686000,0.3795000,0.7484000,0.4913000,0.5253000,0.3182823,-0.0000000,-0.0000000},
{0.5272900,0.6627976,-0.0746099,0.4651091,0.6521616,-0.1062608,0.5004030,0.8208602,0.1372637,0.5975767,0.9013615,0.2034490,0.7908101,0.8195888,0.2108230,0.6360000,0.8344000,0.4779000,0.6180000,0.6800000,0.3579000,0.6638000,0.6134000,0.2678000,0.6712000,0.5683000,0.3793000,0.7481000,0.4913000,0.5253000,0.3182823,-0.0000000,-0.0000000},
{0.5252806,0.6619762,-0.0758306,0.4627781,0.6515640,-0.1076731,0.4985382,0.8192231,0.1368861,0.5958261,0.8993041,0.2034692,0.7898538,0.8180852,0.2103011,0.6348000,0.8337000,0.4779000,0.6172000,0.6794000,0.3578000,0.6631000,0.6129000,0.2677000,0.6710000,0.5682000,0.3792000,0.7478000,0.4913000,0.5253000,0.3182823,-0.0000000,-0.0000000},
{0.5231349,0.6610967,-0.0771378,0.4608261,0.6510619,-0.1088589,0.4968209,0.8177073,0.1365332,0.5940920,0.8972481,0.2034845,0.7889943,0.8167299,0.2098296,0.6335000,0.8330000,0.4777000,0.6163000,0.6789000,0.3577000,0.6625000,0.6125000,0.2676000,0.6706000,0.5679000,0.3791000,0.7485000,0.4917000,0.5255000,0.3182823,-0.0000000,-0.0000000},
{0.5213646,0.6603691,-0.0782193,0.4587804,0.6505340,-0.1101046,0.4949487,0.8160462,0.1361430,0.5925711,0.8954300,0.2034940,0.7881567,0.8154054,0.2093677,0.6323000,0.8324000,0.4776000,0.6156000,0.6783000,0.3576000,0.6619000,0.6120000,0.2674000,0.6703000,0.5677000,0.3789000,0.7481000,0.4917000,0.5255000,0.3182823,-0.0000000,-0.0000000},
{0.5191215,0.6594447,-0.0795935,0.4569947,0.6500718,-0.1111945,0.4933405,0.8146118,0.1358031,0.5909855,0.8935196,0.2035000,0.7873964,0.8142000,0.2089464,0.6311000,0.8318000,0.4774000,0.6148000,0.6776000,0.3574000,0.6613000,0.6116000,0.2673000,0.6698000,0.5674000,0.3789000,0.7477000,0.4917000,0.5256000,0.3182823,-0.0000000,-0.0000000},
{0.5172870,0.6586866,-0.0807206,0.4550164,0.6495581,-0.1124047,0.4917765,0.8132103,0.1354683,0.5895915,0.8918272,0.2035019,0.7866094,0.8129491,0.2085084,0.6299000,0.8313000,0.4771000,0.6140000,0.6770000,0.3572000,0.6608000,0.6111000,0.2672000,0.6694000,0.5670000,0.3789000,0.7473000,0.4917000,0.5256000,0.3182823,-0.0000000,-0.0000000},
{0.5154325,0.6579184,-0.0818628,0.4530190,0.6490379,-0.1136297,0.4902227,0.8118113,0.1351315,0.5882559,0.8901941,0.2035006,0.7858470,0.8117342,0.2080820,0.6288000,0.8307000,0.4769000,0.6132000,0.6766000,0.3570000,0.6603000,0.6107000,0.2670000,0.6693000,0.5670000,0.3788000,0.7468000,0.4917000,0.5256000,0.3182823,-0.0000000,-0.0000000},
{0.5135924,0.6571542,-0.0829992,0.4510555,0.6485248,-0.1148368,0.4887145,0.8104472,0.1348006,0.5868894,0.8885116,0.2034963,0.7850991,0.8105394,0.2076619,0.6276000,0.8302000,0.4766000,0.6124000,0.6760000,0.3568000,0.6598000,0.6102000,0.2668000,0.6684000,0.5666000,0.3784000,0.7464000,0.4917000,0.5256000,0.3182823,-0.0000000,-0.0000000},
{0.5117648,0.6563933,-0.0841307,0.4490979,0.6480117,-0.1160431,0.4873525,0.8092100,0.1344985,0.5856572,0.8869840,0.2034897,0.7844168,0.8094469,0.2072769,0.6265000,0.8298000,0.4763000,0.6117000,0.6754000,0.3566000,0.6593000,0.6099000,0.2668000,0.6683000,0.5665000,0.3784000,0.7458000,0.4917000,0.5256000,0.3182823,-0.0000000,-0.0000000},
{0.5099173,0.6556221,-0.0852775,0.4468358,0.6474168,-0.1174408,0.4860392,0.8080121,0.1342040,0.5844472,0.8854744,0.2034807,0.7837507,0.8083780,0.2068996,0.6254000,0.8293000,0.4760000,0.6111000,0.6749000,0.3563000,0.6588000,0.6095000,0.2666000,0.6678000,0.5662000,0.3782000,0.7454000,0.4917000,0.5255000,0.3182823,-0.0000000,-0.0000000},
{0.5083047,0.6549475,-0.0862809,0.4451548,0.6469732,-0.1184819,0.4847360,0.8068188,0.1339088,0.5834107,0.8841735,0.2034709,0.7831174,0.8073595,0.2065395,0.6243000,0.8289000,0.4757000,0.6104000,0.6745000,0.3560000,0.6584000,0.6091000,0.2664000,0.6675000,0.5659000,0.3781000,0.7449000,0.4916000,0.5256000,0.3182823,-0.0000000,-0.0000000},
{0.5064340,0.6541629,-0.0874478,0.4429542,0.6463908,-0.1198481,0.4834862,0.8056699,0.1336229,0.5823139,0.8827889,0.2034585,0.7825280,0.8064097,0.2062031,0.6233000,0.8285000,0.4753000,0.6096000,0.6740000,0.3558000,0.6579000,0.6087000,0.2663000,0.6671000,0.5657000,0.3780000,0.7444000,0.4916000,0.5256000,0.3182823,-0.0000000,-0.0000000},
{0.5047084,0.6534375,-0.0885269,0.4410647,0.6458891,-0.1210242,0.4823803,0.8046495,0.1333675,0.5813286,0.8815382,0.2034455,0.7818694,0.8053461,0.2058258,0.6222000,0.8282000,0.4750000,0.6089000,0.6735000,0.3556000,0.6574000,0.6084000,0.2661000,0.6665000,0.5652000,0.3781000,0.7439000,0.4916000,0.5256000,0.3182823,-0.0000000,-0.0000000},
{0.5028201,0.6526416,-0.0897109,0.4391020,0.6453662,-0.1222487,0.4812386,0.8035926,0.1331016,0.5803369,0.8802727,0.2034307,0.7812882,0.8044057,0.2054917,0.6212000,0.8278000,0.4746000,0.6082000,0.6730000,0.3554000,0.6570000,0.6080000,0.2659000,0.6663000,0.5652000,0.3780000,0.7435000,0.4915000,0.5256000,0.3182823,-0.0000000,-0.0000000},
{0.5012442,0.6519759,-0.0907013,0.4371468,0.6448438,-0.1234716,0.4803135,0.8027334,0.1328844,0.5793833,0.8790494,0.2034148,0.7808047,0.8036220,0.2052128,0.6202000,0.8275000,0.4742000,0.6075000,0.6725000,0.3551000,0.6565000,0.6077000,0.2658000,0.6658000,0.5650000,0.3777000,0.7429000,0.4915000,0.5256000,0.3182823,-0.0000000,-0.0000000},
{0.4995683,0.6512663,-0.0917571,0.4352917,0.6443465,-0.1246346,0.4791854,0.8016824,0.1326174,0.5784381,0.8778304,0.2033974,0.7800882,0.8024581,0.2047980,0.6193000,0.8271000,0.4739000,0.6068000,0.6722000,0.3549000,0.6560000,0.6073000,0.2657000,0.6654000,0.5648000,0.3776000,0.7424000,0.4915000,0.5256000,0.3182823,-0.0000000,-0.0000000},
{0.4979646,0.6505857,-0.0927697,0.4328824,0.6436984,-0.1261491,0.4782113,0.8007719,0.1323850,0.5774937,0.8766062,0.2033783,0.7796329,0.8017172,0.2045336,0.6183000,0.8268000,0.4736000,0.6061000,0.6718000,0.3547000,0.6556000,0.6070000,0.2656000,0.6652000,0.5648000,0.3774000,0.7420000,0.4915000,0.5257000,0.3182823,-0.0000000,-0.0000000},
{0.4960862,0.6497867,-0.0939587,0.4308769,0.6431570,-0.1274133,0.4771472,0.7997740,0.1321291,0.5765386,0.8753616,0.2033573,0.7789234,0.8005604,0.2041200,0.6174000,0.8264000,0.4733000,0.6055000,0.6714000,0.3545000,0.6552000,0.6067000,0.2654000,0.6643000,0.5642000,0.3775000,0.7415000,0.4915000,0.5257000,0.3182823,-0.0000000,-0.0000000},
{0.4946410,0.6491705,-0.0948757,0.4288386,0.6426050,-0.1287014,0.4762012,0.7988842,0.1318998,0.5756513,0.8741995,0.2033362,0.7785380,0.7999307,0.2038946,0.6166000,0.8261000,0.4729000,0.6050000,0.6710000,0.3543000,0.6549000,0.6064000,0.2653000,0.6642000,0.5642000,0.3774000,0.7410000,0.4914000,0.5257000,0.3182823,-0.0000000,-0.0000000},
{0.4928493,0.6484048,-0.0960152,0.4265786,0.6419907,-0.1301336,0.4752914,0.7980259,0.1316777,0.5747711,0.8730409,0.2033138,0.7779810,0.7990194,0.2035679,0.6158000,0.8257000,0.4727000,0.6045000,0.6706000,0.3541000,0.6544000,0.6061000,0.2652000,0.6641000,0.5642000,0.3773000,0.7406000,0.4914000,0.5257000,0.3182823,-0.0000000,-0.0000000},
{0.4910843,0.6476487,-0.0971406,0.4243614,0.6413858,-0.1315426,0.4743733,0.7971573,0.1314521,0.5738817,0.8718643,0.2032896,0.7773909,0.7980520,0.2032206,0.6150000,0.8253000,0.4724000,0.6041000,0.6704000,0.3538000,0.6541000,0.6059000,0.2651000,0.6632000,0.5638000,0.3770000,0.7401000,0.4913000,0.5258000,0.3182823,-0.0000000,-0.0000000},
{0.4894526,0.6469481,-0.0981835,0.4223756,0.6408422,-0.1328079,0.4732091,0.7960523,0.1311636,0.5730437,0.8707504,0.2032654,0.7768698,0.7971962,0.2029130,0.6143000,0.8249000,0.4721000,0.6036000,0.6701000,0.3536000,0.6537000,0.6055000,0.2650000,0.6631000,0.5637000,0.3769000,0.7397000,0.4913000,0.5258000,0.3182823,-0.0000000,-0.0000000},
{0.4884261,0.6465065,-0.0988408,0.4211234,0.6404985,-0.1336074,0.4724176,0.7952987,0.1309660,0.5722586,0.8697020,0.2032414,0.7763911,0.7964086,0.2026295,0.6135000,0.8245000,0.4719000,0.6033000,0.6698000,0.3534000,0.6534000,0.6052000,0.2649000,0.6628000,0.5635000,0.3770000,0.7393000,0.4913000,0.5258000,0.3182823,-0.0000000,-0.0000000},
{0.4875936,0.6461479,-0.0993747,0.4209421,0.6404487,-0.1337233,0.4717251,0.7946378,0.1307921,0.5715142,0.8687034,0.2032176,0.7758730,0.7955549,0.2023218,0.6128000,0.8242000,0.4716000,0.6029000,0.6695000,0.3532000,0.6532000,0.6050000,0.2647000,0.6624000,0.5632000,0.3770000,0.7389000,0.4912000,0.5258000,0.3182823,-0.0000000,-0.0000000},
{0.4865998,0.6457192,-0.1000128,0.4206069,0.6403565,-0.1339376,0.4710941,0.7940343,0.1306329,0.5709306,0.8679177,0.2031981,0.7754868,0.7949175,0.2020917,0.6120000,0.8238000,0.4713000,0.6025000,0.6692000,0.3529000,0.6528000,0.6047000,0.2647000,0.6621000,0.5631000,0.3769000,0.7385000,0.4911000,0.5258000,0.3182823,-0.0000000,-0.0000000},
{0.4861319,0.6455172,-0.1003136,0.4204846,0.6403229,-0.1340158,0.4704029,0.7933720,0.1304576,0.5705729,0.8674347,0.2031858,0.7752277,0.7944894,0.2019371,0.6113000,0.8235000,0.4709000,0.6021000,0.6688000,0.3526000,0.6526000,0.6045000,0.2645000,0.6619000,0.5630000,0.3768000,0.7381000,0.4911000,0.5258000,0.3182823,-0.0000000,-0.0000000},
{0.4859443,0.6454362,-0.1004342,0.4205684,0.6403460,-0.1339622,0.4700798,0.7930617,0.1303753,0.5703703,0.8671608,0.2031787,0.7749018,0.7939504,0.2017423,0.6107000,0.8233000,0.4706000,0.6018000,0.6685000,0.3523000,0.6524000,0.6042000,0.2643000,0.6615000,0.5627000,0.3768000,0.7378000,0.4911000,0.5258000,0.3182823,-0.0000000,-0.0000000}
};
