fitErrPi Mean = 0.318282
fitErrTh Mean = 0.0425853
fitErrWr Mean = 0.0379321
fitErrLA Mean = 0.358151
fitErrEl Mean = 0.204395
fitErrUA Mean = 0.0281174
efPts = {
{0.0499266,0.6758334,0.0671558,-0.0207942,0.6694597,0.0209876,0.6547162,0.8512204,0.1037255,0.6375962,0.9663790,0.1694641,0.3842821,0.8625524,0.2929019,0.6109000,0.8762000,0.4257000,0.5837000,0.7152000,0.3143000,0.6335000,0.6417000,0.2470000,0.6181000,0.6043000,0.3618000,0.6648000,0.5232000,0.5199000,0.3182823,0.0000000,0.0000000},
{0.2903582,0.7420703,0.1055754,0.2347057,0.7277904,0.0913583,0.6534767,0.8478582,0.1031967,0.6363583,0.9627415,0.1710237,0.4860984,0.9255790,0.2677313,0.6089000,0.8752000,0.4261000,0.5820000,0.7146000,0.3145000,0.6324000,0.6414000,0.2470000,0.6174000,0.6040000,0.3618000,0.6641000,0.5234000,0.5200000,0.3182823,0.0000000,0.0000000},
{0.2857362,0.7428234,0.1086929,0.2295141,0.7287237,0.0942080,0.6523202,0.8447020,0.1026984,0.6351063,0.9590122,0.1726221,0.4858610,0.9242450,0.2689870,0.6069000,0.8742000,0.4266000,0.5803000,0.7139000,0.3147000,0.6314000,0.6410000,0.2469000,0.6166000,0.6038000,0.3618000,0.6635000,0.5234000,0.5201000,0.3182823,0.0000000,0.0000000},
{0.2809213,0.7435554,0.1118406,0.2241740,0.7296392,0.0970493,0.6511119,0.8413844,0.1021726,0.6338451,0.9552022,0.1742544,0.4855792,0.9227312,0.2704074,0.6048000,0.8733000,0.4270000,0.5787000,0.7131000,0.3149000,0.6302000,0.6406000,0.2468000,0.6158000,0.6034000,0.3617000,0.6629000,0.5235000,0.5202000,0.3182823,0.0000000,0.0000000},
{0.2761438,0.7442323,0.1148698,0.2188412,0.7305107,0.0998004,0.6498730,0.8379614,0.1016279,0.6326530,0.9515504,0.1758184,0.4852770,0.9211802,0.2718576,0.6028000,0.8723000,0.4274000,0.5771000,0.7125000,0.3151000,0.6292000,0.6401000,0.2467000,0.6151000,0.6031000,0.3617000,0.6623000,0.5235000,0.5202000,0.3182823,0.0000000,0.0000000},
{0.2711708,0.7448879,0.1179297,0.2135342,0.7313380,0.1024572,0.6486715,0.8346204,0.1010942,0.6313869,0.9476155,0.1775031,0.4849438,0.9195444,0.2733816,0.6008000,0.8712000,0.4278000,0.5756000,0.7118000,0.3152000,0.6281000,0.6396000,0.2466000,0.6144000,0.6028000,0.3616000,0.6616000,0.5236000,0.5203000,0.3182823,0.0000000,0.0000000},
{0.2661213,0.7455054,0.1209449,0.2081393,0.7321397,0.1050789,0.6474310,0.8311489,0.1005374,0.6302099,0.9439043,0.1790914,0.4845902,0.9178818,0.2749248,0.5987000,0.8702000,0.4282000,0.5740000,0.7110000,0.3154000,0.6270000,0.6391000,0.2464000,0.6136000,0.6024000,0.3615000,0.6611000,0.5237000,0.5204000,0.3182823,0.0000000,0.0000000},
{0.2609391,0.7460913,0.1239484,0.2025981,0.7329240,0.1076923,0.6462274,0.8277589,0.0999916,0.6290184,0.9400921,0.1807224,0.4842280,0.9162477,0.2764362,0.5967000,0.8690000,0.4286000,0.5724000,0.7103000,0.3155000,0.6259000,0.6386000,0.2463000,0.6128000,0.6020000,0.3614000,0.6604000,0.5237000,0.5204000,0.3182823,0.0000000,0.0000000},
{0.2554295,0.7466638,0.1270459,0.1970433,0.7336718,0.1102348,0.6451414,0.8246812,0.0994943,0.6278705,0.9363655,0.1823162,0.4838504,0.9146082,0.2779472,0.5947000,0.8678000,0.4290000,0.5707000,0.7095000,0.3156000,0.6248000,0.6381000,0.2461000,0.6120000,0.6016000,0.3613000,0.6598000,0.5237000,0.5205000,0.3182823,0.0000000,0.0000000},
{0.2500654,0.7471738,0.1299712,0.1914600,0.7343863,0.1127153,0.6439883,0.8213936,0.0989611,0.6267388,0.9326374,0.1839101,0.4834465,0.9129192,0.2794982,0.5927000,0.8665000,0.4293000,0.5690000,0.7087000,0.3158000,0.6236000,0.6376000,0.2459000,0.6112000,0.6013000,0.3612000,0.6590000,0.5237000,0.5206000,0.3182823,0.0000000,0.0000000},
{0.2445931,0.7476480,0.1328679,0.1857287,0.7350824,0.1151859,0.6428524,0.8181349,0.0984307,0.6256740,0.9290787,0.1854310,0.4830146,0.9111777,0.2810915,0.5906000,0.8653000,0.4297000,0.5672000,0.7079000,0.3160000,0.6224000,0.6371000,0.2458000,0.6105000,0.6010000,0.3611000,0.6585000,0.5237000,0.5206000,0.3182823,0.0000000,0.0000000},
{0.2391627,0.7480743,0.1356582,0.1800973,0.7357306,0.1175414,0.6417765,0.8150293,0.0979234,0.6246072,0.9254615,0.1869764,0.4825819,0.9094932,0.2826271,0.5887000,0.8642000,0.4299000,0.5654000,0.7071000,0.3163000,0.6213000,0.6366000,0.2457000,0.6097000,0.6006000,0.3611000,0.6578000,0.5237000,0.5208000,0.3182823,0.0000000,0.0000000},
{0.2336748,0.7484621,0.1383962,0.1745493,0.7363356,0.1197940,0.6406658,0.8118039,0.0973946,0.6235923,0.9219707,0.1884674,0.4821505,0.9078670,0.2841044,0.5867000,0.8631000,0.4301000,0.5648000,0.7064000,0.3165000,0.6201000,0.6361000,0.2457000,0.6089000,0.6002000,0.3610000,0.6571000,0.5237000,0.5209000,0.3182823,0.0000000,0.0000000},
{0.2283215,0.7488000,0.1409901,0.1691206,0.7368962,0.1219348,0.6396964,0.8089725,0.0969290,0.6226117,0.9185495,0.1899281,0.4816977,0.9062122,0.2856024,0.5847000,0.8621000,0.4303000,0.5633000,0.7056000,0.3166000,0.6189000,0.6356000,0.2456000,0.6081000,0.5997000,0.3610000,0.6565000,0.5237000,0.5210000,0.3182823,0.0000000,0.0000000},
{0.2231649,0.7490889,0.1434192,0.1637023,0.7374255,0.1240104,0.6387087,0.8060719,0.0964504,0.6216589,0.9151787,0.1913669,0.4812526,0.9046322,0.2870279,0.5826000,0.8611000,0.4304000,0.5616000,0.7048000,0.3168000,0.6177000,0.6351000,0.2455000,0.6073000,0.5993000,0.3609000,0.6558000,0.5237000,0.5211000,0.3182823,0.0000000,0.0000000},
{0.2181551,0.7493361,0.1457153,0.1585873,0.7378979,0.1259148,0.6376962,0.8030812,0.0959554,0.6207625,0.9119631,0.1927390,0.4807771,0.9029911,0.2885035,0.5806000,0.8601000,0.4305000,0.5601000,0.7040000,0.3169000,0.6165000,0.6345000,0.2455000,0.6065000,0.5990000,0.3609000,0.6551000,0.5238000,0.5212000,0.3182823,0.0000000,0.0000000},
{0.2131743,0.7495498,0.1479370,0.1537496,0.7383209,0.1276678,0.6367560,0.8002884,0.0954917,0.6198547,0.9086613,0.1941475,0.4803195,0.9014539,0.2898812,0.5786000,0.8591000,0.4306000,0.5585000,0.7031000,0.3171000,0.6153000,0.6339000,0.2454000,0.6057000,0.5986000,0.3609000,0.6543000,0.5238000,0.5213000,0.3182823,0.0000000,0.0000000},
{0.2083294,0.7497275,0.1500410,0.1488542,0.7387257,0.1293948,0.6357860,0.7973916,0.0950093,0.6190264,0.9056075,0.1954498,0.4798537,0.8999278,0.2912446,0.5767000,0.8581000,0.4306000,0.5571000,0.7023000,0.3172000,0.6142000,0.6333000,0.2453000,0.6048000,0.5982000,0.3608000,0.6535000,0.5239000,0.5215000,0.3182823,0.0000000,0.0000000},
{0.2036625,0.7498712,0.1520152,0.1442450,0.7390857,0.1309782,0.6349106,0.7947628,0.0945702,0.6181851,0.9024638,0.1967901,0.4793424,0.8982946,0.2926988,0.5747000,0.8572000,0.4307000,0.5555000,0.7015000,0.3172000,0.6129000,0.6327000,0.2452000,0.6039000,0.5979000,0.3608000,0.6527000,0.5240000,0.5216000,0.3182823,0.0000000,0.0000000},
{0.1991161,0.7499855,0.1538896,0.1397286,0.7394188,0.1324902,0.6339465,0.7918521,0.0940827,0.6173148,0.8991657,0.1981959,0.4788154,0.8966532,0.2941553,0.5728000,0.8561000,0.4307000,0.5540000,0.7006000,0.3173000,0.6118000,0.6321000,0.2451000,0.6033000,0.5976000,0.3608000,0.6519000,0.5240000,0.5217000,0.3182823,0.0000000,0.0000000},
{0.1946728,0.7500730,0.1556754,0.1353388,0.7397242,0.1339225,0.6330106,0.7890109,0.0936053,0.6165566,0.8962519,0.1994374,0.4782982,0.8950810,0.2955458,0.5709000,0.8551000,0.4307000,0.5525000,0.6999000,0.3174000,0.6105000,0.6315000,0.2450000,0.6024000,0.5973000,0.3608000,0.6512000,0.5241000,0.5219000,0.3182823,0.0000000,0.0000000},
{0.1904470,0.7501342,0.1573319,0.1311719,0.7399975,0.1352484,0.6320720,0.7861449,0.0931223,0.6157345,0.8930491,0.2008017,0.4777225,0.8933729,0.2970512,0.5691000,0.8542000,0.4308000,0.5509000,0.6990000,0.3175000,0.6093000,0.6309000,0.2448000,0.6015000,0.5970000,0.3609000,0.6504000,0.5241000,0.5221000,0.3182823,0.0000000,0.0000000},
{0.1863350,0.7501733,0.1589050,0.1271185,0.7402478,0.1365069,0.6311782,0.7834008,0.0926585,0.6149333,0.8898820,0.2021504,0.4771652,0.8917585,0.2984691,0.5673000,0.8532000,0.4308000,0.5495000,0.6982000,0.3175000,0.6081000,0.6302000,0.2449000,0.6008000,0.5966000,0.3609000,0.6498000,0.5242000,0.5223000,0.3182823,0.0000000,0.0000000},
{0.1823717,0.7501921,0.1603851,0.1232142,0.7404745,0.1376901,0.6302920,0.7806654,0.0921948,0.6141689,0.8868163,0.2034556,0.4765996,0.8901568,0.2998711,0.5655000,0.8522000,0.4308000,0.5481000,0.6974000,0.3176000,0.6070000,0.6295000,0.2448000,0.6001000,0.5962000,0.3609000,0.6490000,0.5243000,0.5225000,0.3182823,0.0000000,0.0000000},
{0.1786182,0.7501928,0.1617543,0.1194248,0.7406811,0.1388114,0.6294385,0.7780166,0.0917446,0.6135027,0.8841084,0.2046082,0.4760262,0.8885683,0.3012568,0.5638000,0.8513000,0.4307000,0.5468000,0.6966000,0.3176000,0.6059000,0.6288000,0.2447000,0.5993000,0.5958000,0.3609000,0.6484000,0.5242000,0.5226000,0.3182823,0.0000000,0.0000000},
{0.1750570,0.7501781,0.1630242,0.1158789,0.7408625,0.1398365,0.6284476,0.7749238,0.0912173,0.6127702,0.8810894,0.2058928,0.4754436,0.8869886,0.3026302,0.5621000,0.8503000,0.4307000,0.5457000,0.6958000,0.3176000,0.6049000,0.6281000,0.2446000,0.5985000,0.5953000,0.3608000,0.6477000,0.5243000,0.5228000,0.3182823,0.0000000,0.0000000},
{0.1716429,0.7501500,0.1642150,0.1125259,0.7410235,0.1407844,0.6276033,0.7722736,0.0907642,0.6121272,0.8784030,0.2070356,0.4748591,0.8854361,0.3039754,0.5605000,0.8494000,0.4306000,0.5445000,0.6950000,0.3176000,0.6040000,0.6275000,0.2445000,0.5978000,0.5950000,0.3608000,0.6471000,0.5243000,0.5229000,0.3182823,0.0000000,0.0000000},
{0.1684443,0.7501113,0.1653070,0.1093217,0.7411677,0.1416709,0.6267919,0.7697131,0.0903252,0.6114848,0.8756833,0.2081923,0.4743258,0.8840469,0.3051752,0.5588000,0.8485000,0.4305000,0.5435000,0.6942000,0.3175000,0.6031000,0.6269000,0.2444000,0.5971000,0.5946000,0.3607000,0.6464000,0.5243000,0.5230000,0.3182823,0.0000000,0.0000000},
{0.1654118,0.7500635,0.1663212,0.1062575,0.7412968,0.1425008,0.6259376,0.7670031,0.0898594,0.6108627,0.8730141,0.2093272,0.4737579,0.8825945,0.3064258,0.5571000,0.8475000,0.4304000,0.5426000,0.6935000,0.3173000,0.6024000,0.6263000,0.2443000,0.5964000,0.5942000,0.3607000,0.6459000,0.5243000,0.5231000,0.3182823,0.0000000,0.0000000},
{0.1625215,0.7500078,0.1672686,0.1034317,0.7414082,0.1432508,0.6252074,0.7646748,0.0894581,0.6102877,0.8705148,0.2103897,0.4731938,0.8811781,0.3076415,0.5555000,0.8467000,0.4303000,0.5417000,0.6927000,0.3172000,0.6016000,0.6257000,0.2442000,0.5960000,0.5940000,0.3606000,0.6452000,0.5242000,0.5231000,0.3182823,0.0000000,0.0000000},
{0.1598225,0.7499469,0.1681364,0.1005879,0.7415129,0.1439907,0.6243496,0.7619255,0.0889831,0.6097505,0.8681506,0.2113945,0.4726425,0.8798177,0.3088055,0.5539000,0.8458000,0.4301000,0.5408000,0.6920000,0.3170000,0.6008000,0.6252000,0.2441000,0.5951000,0.5934000,0.3606000,0.6447000,0.5242000,0.5232000,0.3182823,0.0000000,0.0000000},
{0.1571591,0.7498784,0.1689766,0.0979424,0.7416037,0.1446655,0.6236208,0.7595773,0.0885764,0.6092215,0.8657935,0.2123960,0.4720484,0.8783772,0.3100341,0.5524000,0.8449000,0.4299000,0.5399000,0.6913000,0.3169000,0.6002000,0.6248000,0.2439000,0.5945000,0.5930000,0.3605000,0.6441000,0.5241000,0.5232000,0.3182823,0.0000000,0.0000000},
{0.1545851,0.7498042,0.1697735,0.0954833,0.7416824,0.1452811,0.6229772,0.7574944,0.0882148,0.6086942,0.8634149,0.2134065,0.4715009,0.8770718,0.3111441,0.5509000,0.8441000,0.4297000,0.5390000,0.6904000,0.3166000,0.5996000,0.6243000,0.2439000,0.5939000,0.5927000,0.3604000,0.6435000,0.5241000,0.5233000,0.3182823,0.0000000,0.0000000},
{0.1522134,0.7497288,0.1704944,0.0930514,0.7417546,0.1458788,0.6222464,0.7551186,0.0878015,0.6082593,0.8614306,0.2142493,0.4709268,0.8757253,0.3122856,0.5494000,0.8432000,0.4295000,0.5381000,0.6897000,0.3165000,0.5989000,0.6238000,0.2438000,0.5931000,0.5923000,0.3603000,0.6430000,0.5240000,0.5234000,0.3182823,0.0000000,0.0000000},
{0.1500324,0.7496536,0.1711460,0.0908171,0.7418162,0.1464183,0.6216689,0.7532326,0.0874726,0.6078323,0.8594611,0.2150857,0.4703647,0.8744280,0.3133819,0.5479000,0.8423000,0.4293000,0.5372000,0.6890000,0.3164000,0.5984000,0.6234000,0.2438000,0.5925000,0.5919000,0.3603000,0.6425000,0.5240000,0.5234000,0.3182823,0.0000000,0.0000000},
{0.1480256,0.7495793,0.1717360,0.0888091,0.7418677,0.1468951,0.6209905,0.7510079,0.0870840,0.6074086,0.8574859,0.2159243,0.4697868,0.8731149,0.3144882,0.5466000,0.8415000,0.4291000,0.5362000,0.6882000,0.3162000,0.5978000,0.6230000,0.2436000,0.5919000,0.5915000,0.3602000,0.6419000,0.5239000,0.5235000,0.3182823,0.0000000,0.0000000},
{0.1462556,0.7495097,0.1722488,0.0870332,0.7419100,0.1473105,0.6203865,0.7490186,0.0867357,0.6069485,0.8553168,0.2168451,0.4692160,0.8718381,0.3155605,0.5453000,0.8406000,0.4290000,0.5354000,0.6876000,0.3160000,0.5971000,0.6225000,0.2435000,0.5913000,0.5911000,0.3602000,0.6415000,0.5239000,0.5236000,0.3182823,0.0000000,0.0000000},
{0.1446589,0.7494437,0.1727051,0.0854680,0.7419449,0.1476718,0.6197921,0.7470526,0.0863908,0.6065477,0.8534050,0.2176565,0.4685997,0.8704810,0.3166967,0.5441000,0.8398000,0.4289000,0.5346000,0.6869000,0.3158000,0.5965000,0.6221000,0.2435000,0.5908000,0.5908000,0.3601000,0.6410000,0.5238000,0.5236000,0.3182823,0.0000000,0.0000000},
{0.1432822,0.7493844,0.1730938,0.0841078,0.7419734,0.1479819,0.6192103,0.7451208,0.0860513,0.6061566,0.8515196,0.2184566,0.4680485,0.8692856,0.3176944,0.5429000,0.8390000,0.4289000,0.5339000,0.6863000,0.3158000,0.5960000,0.6216000,0.2434000,0.5901000,0.5904000,0.3601000,0.6406000,0.5237000,0.5237000,0.3182823,0.0000000,0.0000000},
{0.1420092,0.7493274,0.1734493,0.0829990,0.7419953,0.1482322,0.6186239,0.7431656,0.0857071,0.6057904,0.8497359,0.2192133,0.4674649,0.8680381,0.3187324,0.5418000,0.8382000,0.4289000,0.5332000,0.6857000,0.3157000,0.5954000,0.6210000,0.2433000,0.5895000,0.5900000,0.3601000,0.6401000,0.5236000,0.5238000,0.3182823,0.0000000,0.0000000},
{0.1409940,0.7492805,0.1737302,0.0822288,0.7420099,0.1484047,0.6179991,0.7410734,0.0853379,0.6054665,0.8481428,0.2198892,0.4669053,0.8668590,0.3197105,0.5407000,0.8374000,0.4289000,0.5327000,0.6852000,0.3155000,0.5949000,0.6207000,0.2433000,0.5891000,0.5896000,0.3600000,0.6397000,0.5236000,0.5238000,0.3182823,0.0000000,0.0000000},
{0.1407423,0.7492687,0.1737994,0.0819667,0.7420147,0.1484631,0.6174963,0.7393828,0.0850391,0.6051884,0.8467624,0.2204746,0.4663917,0.8657911,0.3205937,0.5396000,0.8367000,0.4289000,0.5321000,0.6847000,0.3154000,0.5944000,0.6203000,0.2432000,0.5886000,0.5893000,0.3599000,0.6393000,0.5234000,0.5238000,0.3182823,0.0000000,0.0000000},
{0.1405597,0.7492601,0.1738496,0.0817587,0.7420185,0.1485094,0.6171769,0.7383059,0.0848485,0.6049530,0.8455858,0.2209737,0.4659070,0.8647953,0.3214152,0.5385000,0.8360000,0.4289000,0.5316000,0.6842000,0.3153000,0.5938000,0.6198000,0.2431000,0.5881000,0.5889000,0.3599000,0.6390000,0.5233000,0.5239000,0.3182823,0.0000000,0.0000000},
{0.1404333,0.7492541,0.1738843,0.0814766,0.7420236,0.1485720,0.6170050,0.7377255,0.0847457,0.6047956,0.8447940,0.2213094,0.4655245,0.8640178,0.3220550,0.5375000,0.8353000,0.4289000,0.5312000,0.6838000,0.3151000,0.5935000,0.6195000,0.2430000,0.5877000,0.5886000,0.3598000,0.6386000,0.5232000,0.5238000,0.3182823,0.0000000,0.0000000},
{0.1401505,0.7492407,0.1739617,0.0812030,0.7420284,0.1486326,0.6166902,0.7366604,0.0845569,0.6047323,0.8444747,0.2214448,0.4652714,0.8635071,0.3224746,0.5366000,0.8348000,0.4289000,0.5307000,0.6834000,0.3150000,0.5931000,0.6191000,0.2429000,0.5872000,0.5883000,0.3598000,0.6383000,0.5230000,0.5238000,0.3182823,0.0000000,0.0000000},
{0.1399345,0.7492303,0.1740207,0.0809375,0.7420330,0.1486913,0.6164608,0.7358826,0.0844189,0.6046816,0.8442188,0.2215533,0.4651022,0.8631676,0.3227532,0.5358000,0.8344000,0.4287000,0.5303000,0.6829000,0.3149000,0.5928000,0.6189000,0.2428000,0.5868000,0.5881000,0.3598000,0.6379000,0.5228000,0.5238000,0.3182823,0.0000000,0.0000000},
{0.1397081,0.7492194,0.1740825,0.0807835,0.7420357,0.1487253,0.6163792,0.7356058,0.0843698,0.6046480,0.8440487,0.2216254,0.4650194,0.8630018,0.3228892,0.5351000,0.8342000,0.4286000,0.5298000,0.6825000,0.3147000,0.5925000,0.6187000,0.2428000,0.5865000,0.5878000,0.3598000,0.6376000,0.5226000,0.5238000,0.3182823,0.0000000,0.0000000},
{0.1396752,0.7492178,0.1740914,0.0807835,0.7420357,0.1487253,0.6163243,0.7354191,0.0843366,0.6046480,0.8440487,0.2216254,0.4649737,0.8629104,0.3229641,0.5346000,0.8340000,0.4286000,0.5293000,0.6821000,0.3146000,0.5923000,0.6186000,0.2428000,0.5861000,0.5875000,0.3598000,0.6373000,0.5224000,0.5238000,0.3182823,0.0000000,0.0000000},
{0.1396152,0.7492149,0.1741077,0.0807495,0.7420363,0.1487328,0.6162626,0.7352098,0.0842994,0.6046165,0.8438890,0.2216932,0.4649137,0.8627907,0.3230621,0.5342000,0.8339000,0.4285000,0.5290000,0.6820000,0.3146000,0.5920000,0.6185000,0.2428000,0.5858000,0.5874000,0.3598000,0.6370000,0.5222000,0.5237000,0.3182823,0.0000000,0.0000000},
{0.1395394,0.7492112,0.1741284,0.0806859,0.7420374,0.1487468,0.6162081,0.7350245,0.0842665,0.6046165,0.8438890,0.2216932,0.4648513,0.8626664,0.3231640,0.5339000,0.8338000,0.4286000,0.5287000,0.6819000,0.3146000,0.5918000,0.6184000,0.2428000,0.5855000,0.5872000,0.3598000,0.6368000,0.5220000,0.5237000,0.3182823,0.0000000,0.0000000},
{0.1393688,0.7492029,0.1741747,0.0805726,0.7420393,0.1487717,0.6162081,0.7350245,0.0842665,0.6046165,0.8438890,0.2216932,0.4648029,0.8625700,0.3232430,0.5337000,0.8338000,0.4286000,0.5284000,0.6819000,0.3146000,0.5915000,0.6184000,0.2428000,0.5852000,0.5872000,0.3598000,0.6366000,0.5219000,0.5236000,0.3182823,0.0000000,0.0000000},
{0.1392731,0.7491982,0.1742007,0.0803746,0.7420426,0.1488153,0.6162081,0.7350245,0.0842665,0.6046165,0.8438890,0.2216932,0.4647541,0.8624731,0.3233223,0.5336000,0.8337000,0.4287000,0.5283000,0.6819000,0.3146000,0.5914000,0.6184000,0.2428000,0.5850000,0.5871000,0.3599000,0.6364000,0.5218000,0.5236000,0.3182823,0.0000000,0.0000000},
{0.1390491,0.7491873,0.1742615,0.0800846,0.7420475,0.1488789,0.6162081,0.7350245,0.0842665,0.6046017,0.8438141,0.2217249,0.4647324,0.8624299,0.3233577,0.5335000,0.8337000,0.4288000,0.5282000,0.6819000,0.3147000,0.5912000,0.6185000,0.2428000,0.5849000,0.5871000,0.3599000,0.6363000,0.5217000,0.5236000,0.3182823,0.0000000,0.0000000},
{0.1387182,0.7491709,0.1743510,0.0797832,0.7420524,0.1489449,0.6162081,0.7350245,0.0842665,0.6046017,0.8438141,0.2217249,0.4646988,0.8623631,0.3234123,0.5335000,0.8336000,0.4289000,0.5282000,0.6818000,0.3148000,0.5910000,0.6184000,0.2429000,0.5848000,0.5871000,0.3600000,0.6362000,0.5217000,0.5236000,0.3182823,0.0000000,0.0000000},
{0.1385017,0.7491602,0.1744094,0.0795013,0.7420569,0.1490064,0.6163065,0.7353587,0.0843259,0.6045974,0.8437923,0.2217342,0.4646680,0.8623022,0.3234622,0.5336000,0.8336000,0.4291000,0.5282000,0.6819000,0.3150000,0.5909000,0.6184000,0.2430000,0.5848000,0.5871000,0.3601000,0.6362000,0.5216000,0.5236000,0.3182823,0.0000000,0.0000000},
{0.1382421,0.7491472,0.1744793,0.0792303,0.7420612,0.1490654,0.6164093,0.7357079,0.0843879,0.6045974,0.8437923,0.2217342,0.4646603,0.8622868,0.3234748,0.5337000,0.8336000,0.4293000,0.5282000,0.6819000,0.3152000,0.5908000,0.6185000,0.2431000,0.5848000,0.5872000,0.3603000,0.6362000,0.5216000,0.5236000,0.3182823,0.0000000,0.0000000},
{0.1380996,0.7491400,0.1745176,0.0789626,0.7420654,0.1491236,0.6164686,0.7359093,0.0844236,0.6046351,0.8439833,0.2216532,0.4646832,0.8623323,0.3234376,0.5339000,0.8336000,0.4294000,0.5282000,0.6819000,0.3153000,0.5908000,0.6184000,0.2432000,0.5849000,0.5872000,0.3604000,0.6363000,0.5216000,0.5236000,0.3182823,0.0000000,0.0000000},
{0.1380212,0.7491361,0.1745387,0.0788040,0.7420679,0.1491580,0.6165885,0.7363158,0.0844958,0.6046351,0.8439833,0.2216532,0.4647282,0.8624216,0.3233645,0.5341000,0.8337000,0.4296000,0.5283000,0.6820000,0.3155000,0.5908000,0.6185000,0.2432000,0.5849000,0.5872000,0.3605000,0.6365000,0.5216000,0.5237000,0.3182823,0.0000000,0.0000000},
{0.1379047,0.7491302,0.1745699,0.0786560,0.7420701,0.1491900,0.6167219,0.7367677,0.0845759,0.6047167,0.8443962,0.2214781,0.4647506,0.8624661,0.3233280,0.5344000,0.8338000,0.4298000,0.5284000,0.6820000,0.3157000,0.5909000,0.6184000,0.2433000,0.5851000,0.5873000,0.3606000,0.6366000,0.5216000,0.5238000,0.3182823,0.0000000,0.0000000},
{0.1377674,0.7491232,0.1746067,0.0785772,0.7420713,0.1492071,0.6168576,0.7372271,0.0846574,0.6047167,0.8443962,0.2214781,0.4648221,0.8626082,0.3232117,0.5347000,0.8339000,0.4299000,0.5286000,0.6820000,0.3158000,0.5910000,0.6184000,0.2434000,0.5852000,0.5873000,0.3608000,0.6369000,0.5216000,0.5239000,0.3182823,0.0000000,0.0000000},
{0.1379643,0.7491332,0.1745540,0.0786030,0.7420709,0.1492015,0.6169611,0.7375770,0.0847194,0.6047739,0.8446845,0.2213559,0.4649063,0.8627760,0.3230743,0.5351000,0.8340000,0.4301000,0.5288000,0.6821000,0.3161000,0.5912000,0.6185000,0.2436000,0.5855000,0.5873000,0.3610000,0.6373000,0.5215000,0.5239000,0.3182823,0.0000000,0.0000000},
{0.1380641,0.7491382,0.1745272,0.0787575,0.7420686,0.1491680,0.6172212,0.7384555,0.0848750,0.6048529,0.8450825,0.2211871,0.4649628,0.8628887,0.3229819,0.5355000,0.8341000,0.4303000,0.5290000,0.6821000,0.3163000,0.5914000,0.6184000,0.2438000,0.5858000,0.5874000,0.3613000,0.6377000,0.5215000,0.5240000,0.3182823,0.0000000,0.0000000},
{0.1383336,0.7491518,0.1744547,0.0790215,0.7420645,0.1491108,0.6173071,0.7387455,0.0849263,0.6049136,0.8453882,0.2210575,0.4650857,0.8631346,0.3227803,0.5359000,0.8341000,0.4305000,0.5293000,0.6822000,0.3166000,0.5917000,0.6185000,0.2440000,0.5861000,0.5874000,0.3614000,0.6381000,0.5215000,0.5241000,0.3182823,0.0000000,0.0000000},
{0.1386970,0.7491699,0.1743567,0.0793734,0.7420590,0.1490343,0.6175942,0.7397127,0.0850975,0.6050142,0.8458926,0.2208435,0.4652155,0.8633949,0.3225667,0.5364000,0.8343000,0.4307000,0.5295000,0.6822000,0.3169000,0.5919000,0.6185000,0.2442000,0.5864000,0.5874000,0.3617000,0.6386000,0.5214000,0.5242000,0.3182823,0.0000000,0.0000000},
{0.1391340,0.7491914,0.1742385,0.0798007,0.7420521,0.1489410,0.6176710,0.7399709,0.0851431,0.6051184,0.8464137,0.2206225,0.4653840,0.8637340,0.3222883,0.5369000,0.8344000,0.4309000,0.5299000,0.6822000,0.3171000,0.5923000,0.6186000,0.2444000,0.5868000,0.5875000,0.3619000,0.6390000,0.5213000,0.5243000,0.3182823,0.0000000,0.0000000},
{0.1396922,0.7492186,0.1740868,0.0802886,0.7420441,0.1488342,0.6182710,0.7419850,0.0854989,0.6052085,0.8468628,0.2204321,0.4655623,0.8640943,0.3219921,0.5375000,0.8346000,0.4312000,0.5303000,0.6823000,0.3174000,0.5928000,0.6187000,0.2446000,0.5873000,0.5875000,0.3622000,0.6396000,0.5212000,0.5243000,0.3182823,0.0000000,0.0000000},
{0.1403482,0.7492501,0.1739076,0.0809084,0.7420335,0.1486977,0.6182785,0.7420099,0.0855033,0.6053375,0.8475037,0.2201602,0.4657405,0.8644560,0.3216945,0.5381000,0.8347000,0.4314000,0.5308000,0.6824000,0.3176000,0.5931000,0.6188000,0.2448000,0.5878000,0.5876000,0.3623000,0.6402000,0.5211000,0.5244000,0.3182823,0.0000000,0.0000000},
{0.1410770,0.7492844,0.1737073,0.0816152,0.7420211,0.1485413,0.6186635,0.7432978,0.0857304,0.6054706,0.8481630,0.2198806,0.4659424,0.8648676,0.3213556,0.5388000,0.8349000,0.4316000,0.5313000,0.6825000,0.3180000,0.5936000,0.6189000,0.2450000,0.5883000,0.5876000,0.3626000,0.6409000,0.5209000,0.5244000,0.3182823,0.0000000,0.0000000},
{0.1417220,0.7493143,0.1735290,0.0825241,0.7420044,0.1483387,0.6188237,0.7438324,0.0858245,0.6056455,0.8490249,0.2195150,0.4661660,0.8653260,0.3209777,0.5395000,0.8351000,0.4319000,0.5319000,0.6825000,0.3183000,0.5941000,0.6191000,0.2452000,0.5889000,0.5877000,0.3629000,0.6416000,0.5206000,0.5245000,0.3182823,0.0000000,0.0000000},
{0.1428185,0.7493638,0.1732238,0.0836168,0.7419832,0.1480930,0.6193345,0.7455337,0.0861239,0.6058087,0.8498255,0.2191753,0.4664258,0.8658616,0.3205355,0.5403000,0.8352000,0.4322000,0.5325000,0.6826000,0.3185000,0.5946000,0.6191000,0.2455000,0.5895000,0.5877000,0.3631000,0.6424000,0.5204000,0.5245000,0.3182823,0.0000000,0.0000000},
{0.1441003,0.7494199,0.1728633,0.0848120,0.7419589,0.1478218,0.6196548,0.7465974,0.0863109,0.6060250,0.8508808,0.2187276,0.4667144,0.8664604,0.3200404,0.5412000,0.8354000,0.4324000,0.5332000,0.6828000,0.3189000,0.5952000,0.6193000,0.2457000,0.5902000,0.5878000,0.3634000,0.6432000,0.5202000,0.5246000,0.3182823,0.0000000,0.0000000},
{0.1456723,0.7494860,0.1724161,0.0862452,0.7419279,0.1474930,0.6201051,0.7480890,0.0865727,0.6062760,0.8520976,0.2182113,0.4670252,0.8671102,0.3195023,0.5421000,0.8356000,0.4327000,0.5339000,0.6829000,0.3192000,0.5957000,0.6195000,0.2460000,0.5910000,0.5878000,0.3637000,0.6442000,0.5199000,0.5247000,0.3182823,0.0000000,0.0000000},
{0.1475190,0.7495598,0.1718835,0.0879314,0.7418890,0.1471012,0.6205731,0.7496341,0.0868435,0.6065542,0.8534362,0.2176433,0.4673451,0.8677844,0.3189431,0.5430000,0.8358000,0.4330000,0.5348000,0.6830000,0.3196000,0.5964000,0.6197000,0.2463000,0.5918000,0.5879000,0.3640000,0.6451000,0.5195000,0.5247000,0.3182823,0.0000000,0.0000000},
{0.1496278,0.7496390,0.1712657,0.0898896,0.7418405,0.1466395,0.6211588,0.7515609,0.0871807,0.6068958,0.8550664,0.2169514,0.4677342,0.8686115,0.3182557,0.5440000,0.8361000,0.4334000,0.5356000,0.6831000,0.3199000,0.5971000,0.6198000,0.2466000,0.5926000,0.5880000,0.3642000,0.6462000,0.5192000,0.5247000,0.3182823,0.0000000,0.0000000},
{0.1519257,0.7497192,0.1705810,0.0920943,0.7417816,0.1461110,0.6217155,0.7533851,0.0874992,0.6072278,0.8566366,0.2162849,0.4681645,0.8695357,0.3174859,0.5451000,0.8363000,0.4337000,0.5364000,0.6832000,0.3203000,0.5979000,0.6201000,0.2470000,0.5934000,0.5880000,0.3645000,0.6472000,0.5187000,0.5247000,0.3182823,0.0000000,0.0000000},
{0.1544502,0.7498001,0.1698148,0.0945869,0.7417096,0.1455027,0.6222799,0.7552278,0.0878205,0.6076411,0.8585725,0.2154630,0.4686093,0.8705020,0.3166792,0.5463000,0.8365000,0.4340000,0.5374000,0.6832000,0.3206000,0.5987000,0.6203000,0.2473000,0.5942000,0.5880000,0.3648000,0.6483000,0.5183000,0.5247000,0.3182823,0.0000000,0.0000000},
{0.1572735,0.7498815,0.1689409,0.0972880,0.7416252,0.1448304,0.6230147,0.7576161,0.0882360,0.6080638,0.8605315,0.2146311,0.4690766,0.8715292,0.3158195,0.5476000,0.8368000,0.4344000,0.5383000,0.6833000,0.3211000,0.5995000,0.6206000,0.2478000,0.5952000,0.5880000,0.3651000,0.6494000,0.5178000,0.5247000,0.3182823,0.0000000,0.0000000},
{0.1602483,0.7499571,0.1680006,0.1002785,0.7415239,0.1440703,0.6236150,0.7595587,0.0885732,0.6085502,0.8627602,0.2136846,0.4696116,0.8727211,0.3148193,0.5489000,0.8372000,0.4347000,0.5393000,0.6834000,0.3215000,0.6005000,0.6209000,0.2481000,0.5962000,0.5880000,0.3654000,0.6506000,0.5173000,0.5247000,0.3182823,0.0000000,0.0000000},
{0.1635424,0.7500286,0.1669361,0.1035008,0.7414056,0.1432326,0.6243287,0.7618582,0.0889715,0.6090539,0.8650407,0.2127159,0.4701478,0.8739326,0.3137997,0.5503000,0.8376000,0.4351000,0.5404000,0.6835000,0.3219000,0.6015000,0.6212000,0.2485000,0.5971000,0.5881000,0.3656000,0.6519000,0.5167000,0.5246000,0.3182823,0.0000000,0.0000000},
{0.1670584,0.7500908,0.1657731,0.1069590,0.7412680,0.1423124,0.6251508,0.7644939,0.0894269,0.6095643,0.8673243,0.2117456,0.4707032,0.8752068,0.3127242,0.5517000,0.8380000,0.4354000,0.5415000,0.6836000,0.3223000,0.6024000,0.6214000,0.2489000,0.5982000,0.5880000,0.3659000,0.6531000,0.5162000,0.5245000,0.3182823,0.0000000,0.0000000},
{0.1708267,0.7501413,0.1644959,0.1105314,0.7411143,0.1413385,0.6258732,0.7667981,0.0898241,0.6101782,0.8700349,0.2105937,0.4712719,0.8765322,0.3116020,0.5533000,0.8385000,0.4358000,0.5426000,0.6838000,0.3227000,0.6034000,0.6216000,0.2492000,0.5993000,0.5880000,0.3662000,0.6544000,0.5155000,0.5244000,0.3182823,0.0000000,0.0000000},
{0.1748149,0.7501766,0.1631095,0.1145446,0.7409278,0.1402162,0.6267429,0.7695582,0.0902986,0.6107775,0.8726455,0.2094839,0.4718543,0.8779120,0.3104301,0.5549000,0.8389000,0.4361000,0.5438000,0.6839000,0.3231000,0.6044000,0.6219000,0.2496000,0.6003000,0.5879000,0.3664000,0.6558000,0.5150000,0.5243000,0.3182823,0.0000000,0.0000000},
{0.1789138,0.7501933,0.1616476,0.1186779,0.7407203,0.1390293,0.6275283,0.7720374,0.0907237,0.6114229,0.8754194,0.2083045,0.4724260,0.8792897,0.3092564,0.5566000,0.8394000,0.4364000,0.5451000,0.6841000,0.3235000,0.6056000,0.6221000,0.2500000,0.6014000,0.5879000,0.3667000,0.6571000,0.5143000,0.5242000,0.3182823,0.0000000,0.0000000},
{0.1834155,0.7501890,0.1599987,0.1229812,0.7404876,0.1377598,0.6283920,0.7747499,0.0911876,0.6121248,0.8783931,0.2070398,0.4730098,0.8807215,0.3080326,0.5584000,0.8399000,0.4368000,0.5464000,0.6842000,0.3238000,0.6066000,0.6224000,0.2504000,0.6024000,0.5878000,0.3670000,0.6586000,0.5136000,0.5241000,0.3182823,0.0000000,0.0000000},
{0.1879505,0.7501604,0.1582915,0.1275846,0.7402197,0.1363637,0.6293101,0.7776171,0.0916766,0.6128064,0.8812398,0.2058288,0.4735810,0.8821476,0.3068098,0.5603000,0.8403000,0.4370000,0.5477000,0.6844000,0.3243000,0.6077000,0.6225000,0.2508000,0.6035000,0.5877000,0.3672000,0.6600000,0.5130000,0.5239000,0.3182823,0.0000000,0.0000000},
{0.1926867,0.7501044,0.1564590,0.1322746,0.7399267,0.1349007,0.6301578,0.7802499,0.0921242,0.6135696,0.8843819,0.2044918,0.4741555,0.8836086,0.3055531,0.5623000,0.8408000,0.4374000,0.5491000,0.6846000,0.3246000,0.6088000,0.6227000,0.2513000,0.6047000,0.5875000,0.3676000,0.6615000,0.5123000,0.5238000,0.3182823,0.0000000,0.0000000},
{0.1976385,0.7500172,0.1544885,0.1372866,0.7395910,0.1332914,0.6311584,0.7833400,0.0926482,0.6142989,0.8873410,0.2032323,0.4747369,0.8851156,0.3042525,0.5645000,0.8413000,0.4378000,0.5506000,0.6848000,0.3251000,0.6100000,0.6228000,0.2517000,0.6058000,0.5873000,0.3679000,0.6631000,0.5116000,0.5237000,0.3182823,0.0000000,0.0000000},
{0.2026689,0.7498983,0.1524289,0.1423176,0.7392302,0.1316282,0.6321795,0.7864740,0.0931778,0.6151082,0.8905774,0.2018544,0.4753241,0.8866686,0.3029079,0.5667000,0.8420000,0.4383000,0.5522000,0.6852000,0.3255000,0.6111000,0.6230000,0.2521000,0.6071000,0.5871000,0.3683000,0.6647000,0.5108000,0.5237000,0.3182823,0.0000000,0.0000000},
{0.2079125,0.7497415,0.1502194,0.1475352,0.7388308,0.1298521,0.6332500,0.7897390,0.0937277,0.6159190,0.8937720,0.2004938,0.4758954,0.8882106,0.3015682,0.5690000,0.8427000,0.4387000,0.5538000,0.6855000,0.3261000,0.6123000,0.6230000,0.2527000,0.6083000,0.5868000,0.3686000,0.6663000,0.5101000,0.5235000,0.3182823,0.0000000,0.0000000},
{0.2130691,0.7495539,0.1479833,0.1528663,0.7383956,0.1279829,0.6342827,0.7928690,0.0942532,0.6167840,0.8971297,0.1990634,0.4764433,0.8897203,0.3002524,0.5713000,0.8434000,0.4391000,0.5556000,0.6859000,0.3266000,0.6135000,0.6230000,0.2531000,0.6095000,0.5866000,0.3690000,0.6679000,0.5093000,0.5233000,0.3182823,0.0000000,0.0000000},
{0.2184596,0.7493220,0.1455775,0.1583902,0.7379156,0.1259872,0.6353061,0.7959521,0.0947690,0.6176730,0.9005288,0.1976149,0.4770352,0.8913873,0.2987945,0.5736000,0.8441000,0.4394000,0.5574000,0.6863000,0.3272000,0.6148000,0.6230000,0.2537000,0.6108000,0.5864000,0.3694000,0.6696000,0.5086000,0.5231000,0.3182823,0.0000000,0.0000000}
};
