fitErrPi Mean = 0.0779167
fitErrTh Mean = 0.0159053
fitErrWr Mean = 0.061345
fitErrLA Mean = 0.00865591
fitErrEl Mean = 0.0251248
fitErrUA Mean = 0.0478971
efPts = {
{0.6759248,0.3409841,0.3413829,0.7272155,0.2784890,0.2839356,0.6540751,0.5099038,0.2898188,1.0166072,0.9150643,0.3401944,0.7255552,0.7689219,0.5094289,0.7148000,0.7158000,0.4938000,0.7388000,0.6311000,0.3813000,0.8011000,0.6008000,0.3624000,0.8338000,0.5457000,0.3910000,0.9297000,0.5082000,0.4604000,0.6140132,0.2845898,0.3257681},
{0.6761872,0.3405021,0.3414714,0.7274366,0.2783243,0.2838095,0.6545090,0.5091543,0.2899273,0.6553269,0.6393481,0.2680899,0.6479142,0.7246169,0.3807921,0.7166000,0.7164000,0.4942000,0.7403000,0.6314000,0.3819000,0.8020000,0.6014000,0.3626000,0.8348000,0.5462000,0.3911000,0.9307000,0.5085000,0.4602000,0.6140855,0.2844352,0.3258004},
{0.6762134,0.3404540,0.3414801,0.7274447,0.2783182,0.2838048,0.6548033,0.5086500,0.2899998,0.6553785,0.6390861,0.2682001,0.6487288,0.7257923,0.3810602,0.7182000,0.7171000,0.4946000,0.7417000,0.6317000,0.3825000,0.8029000,0.6021000,0.3628000,0.8354000,0.5469000,0.3916000,0.9317000,0.5089000,0.4600000,0.6141024,0.2843992,0.3258079},
{0.6760363,0.3407792,0.3414206,0.7270941,0.2785796,0.2840047,0.6549223,0.5084468,0.2900290,0.6553956,0.6389998,0.2682364,0.6495808,0.7270186,0.3813452,0.7198000,0.7180000,0.4949000,0.7432000,0.6321000,0.3830000,0.8038000,0.6027000,0.3629000,0.8362000,0.5475000,0.3917000,0.9325000,0.5092000,0.4598000,0.6139251,0.2847783,0.3257287},
{0.6756243,0.3415381,0.3412803,0.7265079,0.2790183,0.2843374,0.6549099,0.5084679,0.2900259,0.6553557,0.6392018,0.2681514,0.6503745,0.7281583,0.3816147,0.7213000,0.7188000,0.4952000,0.7447000,0.6324000,0.3836000,0.8047000,0.6032000,0.3631000,0.8370000,0.5481000,0.3917000,0.9334000,0.5095000,0.4597000,0.6135362,0.2856132,0.3255531},
{0.6749827,0.3427279,0.3410569,0.7257381,0.2795979,0.2847716,0.6546408,0.5089280,0.2899599,0.6552607,0.6396861,0.2679480,0.6513283,0.7295246,0.3819438,0.7227000,0.7198000,0.4954000,0.7462000,0.6327000,0.3841000,0.8055000,0.6038000,0.3632000,0.8377000,0.5486000,0.3918000,0.9342000,0.5099000,0.4597000,0.6130507,0.2866613,0.3253304},
{0.6742114,0.3441706,0.3407804,0.7244567,0.2805713,0.2854870,0.6541639,0.5097498,0.2898411,0.6551048,0.6404918,0.2676105,0.6522115,0.7307864,0.3822534,0.7241000,0.7207000,0.4955000,0.7477000,0.6330000,0.3847000,0.8064000,0.6045000,0.3634000,0.8385000,0.5490000,0.3919000,0.9350000,0.5103000,0.4596000,0.6123012,0.2882925,0.3249789},
{0.6730789,0.3463142,0.3403581,0.7229266,0.2817476,0.2863296,0.6535011,0.5109063,0.2896724,0.6548809,0.6416735,0.2671177,0.6531488,0.7321221,0.3825873,0.7254000,0.7217000,0.4957000,0.7492000,0.6333000,0.3853000,0.8071000,0.6052000,0.3636000,0.8392000,0.5495000,0.3920000,0.9356000,0.5106000,0.4595000,0.6114588,0.2901447,0.3245728},
{0.6717403,0.3488876,0.3398334,0.7209616,0.2832806,0.2873930,0.6526617,0.5123949,0.2894525,0.6546138,0.6431251,0.2665158,0.6540963,0.7334689,0.3829301,0.7267000,0.7227000,0.4958000,0.7506000,0.6336000,0.3858000,0.8079000,0.6058000,0.3637000,0.8399000,0.5500000,0.3920000,0.9364000,0.5109000,0.4595000,0.6103651,0.2925806,0.3240272},
{0.6700541,0.3521925,0.3391318,0.7183989,0.2853176,0.2887483,0.6516568,0.5142135,0.2891798,0.6542960,0.6449160,0.2657786,0.6550875,0.7348739,0.3832944,0.7280000,0.7236000,0.4959000,0.7506000,0.6336000,0.3858000,0.8086000,0.6065000,0.3638000,0.8405000,0.5504000,0.3922000,0.9370000,0.5112000,0.4594000,0.6091248,0.2953868,0.3233829},
{0.6683369,0.3556340,0.3383687,0.7154003,0.2877555,0.2902890,0.6503734,0.5165966,0.2888160,0.6539405,0.6470101,0.2649239,0.6561621,0.7363930,0.3836958,0.7291000,0.7246000,0.4958000,0.7516000,0.6345000,0.3861000,0.8094000,0.6073000,0.3638000,0.8411000,0.5508000,0.3922000,0.9376000,0.5115000,0.4594000,0.6077034,0.2986617,0.3226099},
{0.6662752,0.3598713,0.3373846,0.7119791,0.2906083,0.2919871,0.6488246,0.5195669,0.2883524,0.6535633,0.6493527,0.2639770,0.6572315,0.7379004,0.3841020,0.7303000,0.7256000,0.4957000,0.7520000,0.6358000,0.3858000,0.8100000,0.6077000,0.3639000,0.8416000,0.5513000,0.3922000,0.9381000,0.5117000,0.4593000,0.6061131,0.3024036,0.3216992},
{0.6640478,0.3645862,0.3362334,0.7079474,0.2940681,0.2939065,0.6470823,0.5230404,0.2877969,0.6531448,0.6521209,0.2628705,0.6584368,0.7395941,0.3845676,0.7313000,0.7267000,0.4955000,0.7527000,0.6369000,0.3856000,0.8107000,0.6084000,0.3639000,0.8422000,0.5517000,0.3923000,0.9386000,0.5120000,0.4592000,0.6043584,0.3066332,0.3206352},
{0.6617526,0.3696036,0.3349450,0.7033985,0.2980993,0.2959656,0.6451712,0.5270234,0.2871428,0.6526997,0.6553011,0.2616153,0.6596393,0.7412786,0.3850404,0.7323000,0.7279000,0.4953000,0.7527000,0.6390000,0.3848000,0.8112000,0.6091000,0.3639000,0.8425000,0.5521000,0.3923000,0.9390000,0.5122000,0.4591000,0.6024156,0.3114464,0.3193807},
{0.6592933,0.3751717,0.3334411,0.6982871,0.3027913,0.2981441,0.6430966,0.5315711,0.2863749,0.6522350,0.6589500,0.2601961,0.6609276,0.7430772,0.3855559,0.7334000,0.7292000,0.4950000,0.7536000,0.6405000,0.3849000,0.8118000,0.6098000,0.3639000,0.8430000,0.5533000,0.3925000,0.9395000,0.5124000,0.4590000,0.6002652,0.3169448,0.3178918},
{0.6567599,0.3811334,0.3317469,0.6925675,0.3082466,0.3004104,0.6409538,0.5365403,0.2855115,0.6517634,0.6631135,0.2586032,0.6623249,0.7450213,0.3861254,0.7344000,0.7306000,0.4947000,0.7541000,0.6423000,0.3846000,0.8123000,0.6105000,0.3639000,0.8435000,0.5540000,0.3925000,0.9399000,0.5126000,0.4589000,0.5979878,0.3229795,0.3161908},
{0.6541706,0.3874851,0.3298491,0.6864007,0.3143742,0.3026490,0.6387598,0.5419498,0.2845444,0.6513079,0.6677729,0.2568532,0.6637768,0.7470338,0.3867284,0.7355000,0.7321000,0.4944000,0.7545000,0.6444000,0.3841000,0.8128000,0.6114000,0.3639000,0.8438000,0.5545000,0.3925000,0.9402000,0.5128000,0.4587000,0.5956015,0.3295579,0.3142588},
{0.6515399,0.3942347,0.3277305,0.6799731,0.3210367,0.3047521,0.6365092,0.5478864,0.2834522,0.6509088,0.6726747,0.2550484,0.6652216,0.7490292,0.3873399,0.7365000,0.7337000,0.4940000,0.7549000,0.6460000,0.3838000,0.8133000,0.6120000,0.3640000,0.8443000,0.5553000,0.3925000,0.9405000,0.5130000,0.4586000,0.5931530,0.3366070,0.3121006},
{0.6489196,0.4012891,0.3254074,0.6735210,0.3280136,0.3066220,0.6342260,0.5543764,0.2822234,0.6505712,0.6779037,0.2531631,0.6667216,0.7510930,0.3879865,0.7377000,0.7353000,0.4935000,0.7553000,0.6470000,0.3833000,0.8137000,0.6129000,0.3640000,0.8447000,0.5560000,0.3924000,0.9409000,0.5132000,0.4584000,0.5907619,0.3438179,0.3098011},
{0.6463851,0.4084673,0.3229323,0.6670322,0.3353297,0.3082526,0.6319879,0.5612832,0.2808780,0.6503102,0.6834363,0.2512118,0.6682663,0.7532100,0.3886648,0.7388000,0.7368000,0.4932000,0.7556000,0.6484000,0.3830000,0.8141000,0.6136000,0.3640000,0.8450000,0.5565000,0.3924000,0.9413000,0.5134000,0.4582000,0.5883892,0.3513328,0.3073081},
{0.6439471,0.4157467,0.3203107,0.6604832,0.3430276,0.3096362,0.6298323,0.5685590,0.2794212,0.6501421,0.6891421,0.2492452,0.6699372,0.7554908,0.3894128,0.7398000,0.7383000,0.4928000,0.7561000,0.6503000,0.3825000,0.8144000,0.6144000,0.3640000,0.8454000,0.5572000,0.3922000,0.9416000,0.5136000,0.4580000,0.5860011,0.3593087,0.3045570},
{0.6415668,0.4232614,0.3174894,0.6538684,0.3511346,0.3107570,0.6278417,0.5759567,0.2779004,0.6500732,0.6951438,0.2472254,0.6716581,0.7578298,0.3901982,0.7407000,0.7400000,0.4924000,0.7561000,0.6503000,0.3825000,0.8148000,0.6152000,0.3639000,0.8457000,0.5578000,0.3920000,0.9418000,0.5138000,0.4578000,0.5837007,0.3674427,0.3016422},
{0.6392669,0.4309664,0.3144779,0.6472050,0.3596522,0.3115929,0.6260151,0.5834805,0.2763149,0.6501144,0.7012905,0.2452073,0.6735039,0.7603274,0.3910577,0.7417000,0.7419000,0.4921000,0.7566000,0.6531000,0.3819000,0.8150000,0.6158000,0.3640000,0.8459000,0.5582000,0.3918000,0.9420000,0.5141000,0.4575000,0.5814159,0.3760337,0.2984465},
{0.6370561,0.4388577,0.3112715,0.6404579,0.3686534,0.3121250,0.6243417,0.5911866,0.2746523,0.6502714,0.7075925,0.2431903,0.6754698,0.7629749,0.3919922,0.7425000,0.7433000,0.4920000,0.7571000,0.6559000,0.3814000,0.8154000,0.6167000,0.3639000,0.8461000,0.5588000,0.3916000,0.9421000,0.5143000,0.4572000,0.5792793,0.3846154,0.2951363},
{0.6349183,0.4470297,0.3078233,0.6336812,0.3780968,0.3123234,0.6228169,0.5991315,0.2728987,0.6505501,0.7140475,0.2411775,0.6774566,0.7656376,0.3929567,0.7436000,0.7451000,0.4916000,0.7576000,0.6587000,0.3808000,0.8156000,0.6175000,0.3638000,0.8463000,0.5595000,0.3913000,0.9421000,0.5144000,0.4569000,0.5771547,0.3937841,0.2914719},
{0.6328921,0.4553724,0.3041710,0.6268931,0.3879865,0.3121628,0.6214450,0.6073542,0.2710434,0.6509662,0.7207915,0.2391312,0.6794824,0.7683390,0.3939606,0.7449000,0.7470000,0.4913000,0.7576000,0.6587000,0.3808000,0.8158000,0.6183000,0.3639000,0.8463000,0.5601000,0.3911000,0.9420000,0.5146000,0.4566000,0.5751406,0.4031970,0.2875748},
{0.6310106,0.4637679,0.3003630,0.6202462,0.3981184,0.3116318,0.6202243,0.6159718,0.2690563,0.6515357,0.7278477,0.2370508,0.6815204,0.7710430,0.3949914,0.7462000,0.7488000,0.4911000,0.7581000,0.6610000,0.3802000,0.8160000,0.6193000,0.3638000,0.8464000,0.5607000,0.3910000,0.9420000,0.5147000,0.4563000,0.5732686,0.4127412,0.2834856},
{0.6292291,0.4724484,0.2962874,0.6137080,0.4085519,0.3107195,0.6192077,0.6246981,0.2670012,0.6522760,0.7352319,0.2349391,0.6835672,0.7737449,0.3960475,0.7475000,0.7506000,0.4908000,0.7584000,0.6634000,0.3798000,0.8162000,0.6201000,0.3639000,0.8465000,0.5614000,0.3907000,0.9419000,0.5148000,0.4560000,0.5714935,0.4227131,0.2790670},
{0.6275938,0.4812364,0.2920194,0.6073782,0.4191344,0.3094344,0.6183359,0.6343128,0.2646880,0.6532736,0.7434705,0.2326607,0.6856225,0.7764442,0.3971291,0.7488000,0.7525000,0.4905000,0.7587000,0.6657000,0.3795000,0.8164000,0.6210000,0.3639000,0.8465000,0.5621000,0.3906000,0.9418000,0.5148000,0.4557000,0.5698723,0.4328768,0.2744113},
{0.6261307,0.4899983,0.2876230,0.6012791,0.4298237,0.3077850,0.6177245,0.6438041,0.2623557,0.6543542,0.7510836,0.2306271,0.6877769,0.7792587,0.3982854,0.7499000,0.7544000,0.4901000,0.7589000,0.6677000,0.3793000,0.8160000,0.6208000,0.3646000,0.8465000,0.5626000,0.3905000,0.9417000,0.5149000,0.4554000,0.5684382,0.4430489,0.2695994},
{0.6248263,0.4988153,0.2830573,0.5953164,0.4407924,0.3057399,0.6173565,0.6532713,0.2599818,0.6556303,0.7589552,0.2285962,0.6899128,0.7820342,0.3994546,0.7509000,0.7563000,0.4897000,0.7594000,0.6690000,0.3785000,0.8162000,0.6220000,0.3645000,0.8465000,0.5633000,0.3902000,0.9415000,0.5150000,0.4551000,0.5671594,0.4535037,0.2644958},
{0.6236772,0.5077410,0.2782908,0.5894277,0.4521892,0.3032491,0.6172263,0.6627842,0.2575494,0.6570830,0.7669123,0.2266169,0.6921652,0.7849448,0.4007124,0.7518000,0.7583000,0.4893000,0.7594000,0.6717000,0.3785000,0.8166000,0.6232000,0.3643000,0.8465000,0.5639000,0.3900000,0.9413000,0.5150000,0.4548000,0.5660675,0.4640677,0.2591772},
{0.6227023,0.5166496,0.2733883,0.5837980,0.4636804,0.3003708,0.6173326,0.6722484,0.2550832,0.6586986,0.7748704,0.2247111,0.6944830,0.7879224,0.4020332,0.7527000,0.7603000,0.4890000,0.7598000,0.6735000,0.3779000,0.8167000,0.6243000,0.3642000,0.8464000,0.5645000,0.3897000,0.9410000,0.5152000,0.4546000,0.5651733,0.4746748,0.2536732},
{0.6218932,0.5256424,0.2682918,0.5782378,0.4756889,0.2969780,0.6176780,0.6818144,0.2525438,0.6605255,0.7830368,0.2228318,0.6968161,0.7909017,0.4033901,0.7538000,0.7623000,0.4889000,0.7597000,0.6754000,0.3773000,0.8168000,0.6254000,0.3641000,0.8463000,0.5653000,0.3894000,0.9407000,0.5152000,0.4543000,0.5644769,0.4853723,0.2479562},
{0.6212512,0.5348001,0.2629486,0.5731486,0.4873509,0.2933127,0.6182616,0.6913728,0.2499596,0.6625517,0.7913130,0.2210062,0.6991759,0.7938967,0.4047906,0.7557000,0.7632000,0.4885000,0.7601000,0.6779000,0.3773000,0.8168000,0.6264000,0.3641000,0.8461000,0.5658000,0.3892000,0.9403000,0.5153000,0.4541000,0.5639803,0.4962771,0.2419560},
{0.6208053,0.5436861,0.2576144,0.5682250,0.4993590,0.2891611,0.6190895,0.7009800,0.2473148,0.6647763,0.7996690,0.2192441,0.7014822,0.7968056,0.4061869,0.7571000,0.7649000,0.4880000,0.7604000,0.6800000,0.3775000,0.8168000,0.6274000,0.3642000,0.8459000,0.5665000,0.3890000,0.9399000,0.5154000,0.4539000,0.5637035,0.5069925,0.2358892},
{0.6205359,0.5525774,0.2521280,0.5636297,0.5113447,0.2846367,0.6201471,0.7104720,0.2446548,0.6672456,0.8082373,0.2175222,0.7037368,0.7996319,0.4075786,0.7586000,0.7661000,0.4878000,0.7599000,0.6830000,0.3758000,0.8167000,0.6282000,0.3642000,0.8458000,0.5672000,0.3888000,0.9394000,0.5155000,0.4536000,0.5636378,0.5176763,0.2296702},
{0.6204460,0.5613202,0.2465857,0.5594122,0.5231616,0.2798029,0.6214413,0.7199321,0.2419565,0.6699062,0.8168028,0.2158879,0.7059869,0.8024350,0.4089939,0.7598000,0.7678000,0.4877000,0.7602000,0.6847000,0.3758000,0.8159000,0.6283000,0.3642000,0.8455000,0.5677000,0.3887000,0.9390000,0.5156000,0.4534000,0.5637808,0.5281939,0.2233799},
{0.6205294,0.5698971,0.2410037,0.5555252,0.5349249,0.2746197,0.6229289,0.7291024,0.2392952,0.6727239,0.8252589,0.2143609,0.7082228,0.8052031,0.4104270,0.7593000,0.7713000,0.4875000,0.7605000,0.6866000,0.3757000,0.8155000,0.6289000,0.3643000,0.8452000,0.5683000,0.3884000,0.9384000,0.5157000,0.4532000,0.5641300,0.5386419,0.2169639},
{0.6207770,0.5782401,0.2354337,0.5519791,0.5465998,0.2691038,0.6245888,0.7379610,0.2366806,0.6756730,0.8335477,0.2129488,0.7105115,0.8080182,0.4119219,0.7607000,0.7725000,0.4873000,0.7608000,0.6884000,0.3756000,0.8152000,0.6297000,0.3643000,0.8447000,0.5689000,0.3880000,0.9377000,0.5158000,0.4531000,0.5646739,0.5488477,0.2105326},
{0.6211751,0.5862912,0.2299242,0.5487811,0.5581582,0.2632702,0.6264024,0.7465040,0.2341173,0.6787121,0.8415820,0.2116617,0.7129338,0.8109769,0.4135353,0.7614000,0.7746000,0.4872000,0.7610000,0.6900000,0.3756000,0.8147000,0.6304000,0.3642000,0.8441000,0.5694000,0.3878000,0.9369000,0.5159000,0.4529000,0.5654246,0.5590814,0.2039175},
{0.6217384,0.5944055,0.2242347,0.5459666,0.5694454,0.2572055,0.6283900,0.7548803,0.2315630,0.6818050,0.8493060,0.2105018,0.7154264,0.8139991,0.4152298,0.7615000,0.7769000,0.4875000,0.7605000,0.6939000,0.3734000,0.8142000,0.6312000,0.3642000,0.8435000,0.5700000,0.3876000,0.9360000,0.5160000,0.4527000,0.5663465,0.5689379,0.1973855},
{0.6224338,0.6021665,0.2186610,0.5435262,0.5804500,0.2509308,0.6304897,0.7628856,0.2290826,0.6850184,0.8569113,0.2094358,0.7177928,0.8168465,0.4168716,0.7625000,0.7787000,0.4874000,0.7609000,0.6958000,0.3731000,0.8137000,0.6320000,0.3642000,0.8428000,0.5706000,0.3874000,0.9350000,0.5161000,0.4526000,0.5674447,0.5786028,0.1908234},
{0.6232677,0.6097688,0.2130723,0.5414347,0.5912484,0.2444122,0.6327541,0.7707622,0.2266031,0.6883500,0.8644000,0.2084618,0.7200689,0.8195649,0.4184817,0.7635000,0.7803000,0.4873000,0.7613000,0.6979000,0.3730000,0.8130000,0.6329000,0.3643000,0.8421000,0.5712000,0.3873000,0.9339000,0.5161000,0.4524000,0.5687295,0.5881896,0.1841563},
{0.6242012,0.6169671,0.2076594,0.5397232,0.6016101,0.2378049,0.6351397,0.7783819,0.2241661,0.6917334,0.8716391,0.2075940,0.7221696,0.8220555,0.4199955,0.7643000,0.7818000,0.4871000,0.7614000,0.6990000,0.3731000,0.8124000,0.6337000,0.3643000,0.8413000,0.5719000,0.3870000,0.9327000,0.5161000,0.4522000,0.5701100,0.5971411,0.1777847},
{0.6252677,0.6240932,0.2021805,0.5383835,0.6114186,0.2312160,0.6375748,0.7855721,0.2218304,0.6951969,0.8787083,0.2068187,0.7240714,0.8242949,0.4213896,0.7650000,0.7833000,0.4870000,0.7615000,0.6999000,0.3733000,0.8121000,0.6348000,0.3640000,0.8404000,0.5726000,0.3867000,0.9314000,0.5162000,0.4520000,0.5716531,0.6059968,0.1713378},
{0.6264254,0.6309100,0.1968236,0.5373766,0.6207507,0.2246281,0.6400599,0.7923983,0.2195790,0.6986280,0.8854041,0.2061525,0.7260328,0.8265886,0.4228515,0.7657000,0.7849000,0.4868000,0.7616000,0.7016000,0.3732000,0.8118000,0.6357000,0.3638000,0.8395000,0.5733000,0.3864000,0.9301000,0.5163000,0.4517000,0.5732378,0.6141635,0.1652619},
{0.6276293,0.6372619,0.1917264,0.5366876,0.6294443,0.2181938,0.6425829,0.7988785,0.2174095,0.7019610,0.8916420,0.2055936,0.7278690,0.8287208,0.4242429,0.7664000,0.7865000,0.4869000,0.7616000,0.7036000,0.3730000,0.8113000,0.6370000,0.3636000,0.8384000,0.5741000,0.3861000,0.9286000,0.5164000,0.4516000,0.5749444,0.6221580,0.1591884},
{0.6288683,0.6431999,0.1868656,0.5362715,0.6376635,0.2118303,0.6450276,0.8047819,0.2154045,0.7052037,0.8974792,0.2051267,0.7296009,0.8307183,0.4255760,0.7671000,0.7882000,0.4869000,0.7617000,0.7053000,0.3729000,0.8108000,0.6383000,0.3635000,0.8373000,0.5749000,0.3858000,0.9270000,0.5167000,0.4514000,0.5766691,0.6295709,0.1534417},
{0.6301377,0.6487862,0.1822052,0.5361041,0.6452256,0.2057185,0.6474602,0.8103330,0.2134928,0.7083523,0.9029445,0.2047404,0.7312714,0.8326321,0.4268816,0.7678000,0.7898000,0.4870000,0.7616000,0.7067000,0.3732000,0.8100000,0.6394000,0.3634000,0.8361000,0.5759000,0.3856000,0.9252000,0.5168000,0.4513000,0.5784222,0.6365487,0.1479275},
{0.6313993,0.6539316,0.1778347,0.5361472,0.6522827,0.1997772,0.6499177,0.8156485,0.2116371,0.7113804,0.9080246,0.2044272,0.7328933,0.8344777,0.4281683,0.7685000,0.7913000,0.4870000,0.7616000,0.7091000,0.3728000,0.8094000,0.6408000,0.3634000,0.8349000,0.5767000,0.3854000,0.9235000,0.5170000,0.4511000,0.5801825,0.6430855,0.1426663},
{0.6327203,0.6589575,0.1734908,0.5363598,0.6585863,0.1942628,0.6524248,0.8207984,0.2098145,0.7144842,0.9130635,0.2041619,0.7343470,0.8361211,0.4293379,0.7690000,0.7928000,0.4869000,0.7614000,0.7108000,0.3728000,0.8086000,0.6420000,0.3633000,0.8337000,0.5777000,0.3852000,0.9217000,0.5172000,0.4509000,0.5819177,0.6491370,0.1377104},
{0.6339994,0.6635239,0.1694776,0.5367330,0.6646860,0.1887270,0.6548783,0.8255960,0.2080934,0.7175172,0.9178323,0.2039540,0.7356137,0.8375444,0.4303701,0.7695000,0.7943000,0.4868000,0.7613000,0.7128000,0.3727000,0.8080000,0.6432000,0.3631000,0.8325000,0.5788000,0.3849000,0.9199000,0.5175000,0.4508000,0.5836216,0.6547521,0.1330360},
{0.6352672,0.6677985,0.1656614,0.5372163,0.6701411,0.1835980,0.6573324,0.8301752,0.2064286,0.7205102,0.9223961,0.2037961,0.7367406,0.8388039,0.4312988,0.7697000,0.7959000,0.4865000,0.7610000,0.7142000,0.3722000,0.8073000,0.6445000,0.3629000,0.8311000,0.5797000,0.3848000,0.9181000,0.5177000,0.4507000,0.5853082,0.6600292,0.1285739},
{0.6365248,0.6718210,0.1620158,0.5377948,0.6751615,0.1787182,0.6597917,0.8345611,0.2048128,0.7233529,0.9266059,0.2036873,0.7378055,0.8399880,0.4321858,0.7700000,0.7974000,0.4861000,0.7610000,0.7142000,0.3722000,0.8071000,0.6461000,0.3626000,0.8300000,0.5808000,0.3847000,0.9163000,0.5181000,0.4507000,0.5869345,0.6648817,0.1244100},
{0.6378106,0.6757348,0.1584163,0.5384821,0.6799990,0.1738613,0.6621550,0.8385977,0.2033060,0.7261458,0.9306291,0.2036179,0.7388001,0.8410884,0.4330224,0.7701000,0.7989000,0.4857000,0.7602000,0.7139000,0.3719000,0.8066000,0.6473000,0.3624000,0.8288000,0.5819000,0.3846000,0.9146000,0.5184000,0.4508000,0.5885824,0.6695856,0.1203158},
{0.6390710,0.6793964,0.1550003,0.5392200,0.6843664,0.1693365,0.6644321,0.8423330,0.2018940,0.7287920,0.9343420,0.2035850,0.7397560,0.8421409,0.4338344,0.7701000,0.8003000,0.4851000,0.7598000,0.7157000,0.3714000,0.8059000,0.6485000,0.3623000,0.8276000,0.5830000,0.3845000,0.9130000,0.5188000,0.4509000,0.5901562,0.6738966,0.1165121},
{0.6403123,0.6828490,0.1517347,0.5400229,0.6884733,0.1649516,0.6666970,0.8459073,0.2005260,0.7314091,0.9379229,0.2035826,0.7405011,0.8429578,0.4344726,0.7700000,0.8018000,0.4845000,0.7593000,0.7170000,0.3709000,0.8049000,0.6495000,0.3622000,0.8266000,0.5840000,0.3844000,0.9113000,0.5193000,0.4511000,0.5916569,0.6778556,0.1129743},
{0.6415421,0.6861328,0.1485873,0.5408572,0.6922336,0.1608186,0.6689526,0.8493347,0.1991978,0.7339503,0.9413160,0.2036080,0.7411400,0.8436557,0.4350237,0.7699000,0.8033000,0.4837000,0.7591000,0.7195000,0.3700000,0.8039000,0.6503000,0.3621000,0.8254000,0.5850000,0.3844000,0.9097000,0.5198000,0.4513000,0.5931554,0.6816725,0.1095216},
{0.6427099,0.6891355,0.1456727,0.5417230,0.6957264,0.1568711,0.6711049,0.8524887,0.1979605,0.7363661,0.9444677,0.2036568,0.7416937,0.8442587,0.4355043,0.7696000,0.8047000,0.4829000,0.7587000,0.7209000,0.3695000,0.8023000,0.6506000,0.3620000,0.8243000,0.5859000,0.3844000,0.9082000,0.5203000,0.4516000,0.5945565,0.6851261,0.1063611},
{0.6439036,0.6920967,0.1427631,0.5426070,0.6989563,0.1531216,0.6731384,0.8553691,0.1968172,0.7385947,0.9473130,0.2037223,0.7421791,0.8447857,0.4359278,0.7692000,0.8060000,0.4821000,0.7579000,0.7216000,0.3691000,0.8014000,0.6515000,0.3618000,0.8232000,0.5866000,0.3844000,0.9068000,0.5208000,0.4520000,0.5959079,0.6883591,0.1033701},
{0.6450174,0.6947682,0.1401070,0.5435147,0.7019883,0.1495088,0.6749206,0.8578171,0.1958349,0.7407252,0.9499788,0.2038030,0.7425145,0.8451491,0.4362216,0.7688000,0.8073000,0.4812000,0.7573000,0.7227000,0.3684000,0.8007000,0.6524000,0.3617000,0.8222000,0.5876000,0.3844000,0.9054000,0.5214000,0.4524000,0.5972775,0.6915424,0.1003937},
{0.6461067,0.6973009,0.1375607,0.5444357,0.7048216,0.1460460,0.6771538,0.8607881,0.1946290,0.7426238,0.9523107,0.2038893,0.7428339,0.8454945,0.4365024,0.7684000,0.8083000,0.4803000,0.7568000,0.7238000,0.3678000,0.8000000,0.6532000,0.3615000,0.8212000,0.5881000,0.3845000,0.9041000,0.5221000,0.4528000,0.5985442,0.6944081,0.0976869},
{0.6472111,0.6997929,0.1350278,0.5453906,0.7075420,0.1426371,0.6790703,0.8632553,0.1936155,0.7444599,0.9545275,0.2039855,0.7431249,0.8458087,0.4367591,0.7676000,0.8098000,0.4795000,0.7562000,0.7250000,0.3672000,0.7993000,0.6540000,0.3613000,0.8203000,0.5891000,0.3844000,0.9028000,0.5226000,0.4532000,0.5998389,0.6972631,0.0949638},
{0.6482730,0.7021208,0.1326362,0.5463373,0.7100522,0.1394133,0.6809314,0.8655811,0.1926493,0.7462690,0.9566758,0.2040923,0.7434116,0.8461177,0.4370127,0.7670000,0.8110000,0.4786000,0.7557000,0.7258000,0.3666000,0.7986000,0.6546000,0.3612000,0.8195000,0.5898000,0.3845000,0.9015000,0.5233000,0.4536000,0.6011025,0.6999806,0.0923465},
{0.6493072,0.7043273,0.1303460,0.5472969,0.7124324,0.1362827,0.6826971,0.8677257,0.1917486,0.7478208,0.9584904,0.2041931,0.7435987,0.8463191,0.4371787,0.7663000,0.8122000,0.4777000,0.7549000,0.7267000,0.3660000,0.7979000,0.6554000,0.3610000,0.8188000,0.5906000,0.3846000,0.9003000,0.5238000,0.4541000,0.6023429,0.7025851,0.0898144},
{0.6503332,0.7064598,0.1281103,0.5482677,0.7146924,0.1332390,0.6843964,0.8697346,0.1908961,0.7494105,0.9603229,0.2043052,0.7438211,0.8465582,0.4373763,0.7656000,0.8133000,0.4769000,0.7543000,0.7274000,0.3654000,0.7971000,0.6559000,0.3608000,0.8176000,0.5911000,0.3845000,0.8990000,0.5244000,0.4545000,0.6035567,0.7050761,0.0873704},
{0.6512596,0.7083394,0.1261211,0.5491895,0.7167162,0.1304509,0.6859971,0.8715786,0.1901055,0.7509202,0.9620388,0.2044197,0.7440195,0.8467713,0.4375531,0.7649000,0.8144000,0.4761000,0.7538000,0.7284000,0.3647000,0.7964000,0.6565000,0.3607000,0.8166000,0.5915000,0.3847000,0.8977000,0.5250000,0.4550000,0.6047614,0.7074942,0.0849765},
{0.6521566,0.7101194,0.1242207,0.5501465,0.7187042,0.1276506,0.6874635,0.8732279,0.1893916,0.7522486,0.9635292,0.2045269,0.7441351,0.8468953,0.4376562,0.7636000,0.8162000,0.4754000,0.7531000,0.7292000,0.3641000,0.7955000,0.6571000,0.3604000,0.8157000,0.5923000,0.3847000,0.8964000,0.5255000,0.4554000,0.6059371,0.7098039,0.0826697},
{0.6530328,0.7118220,0.1223876,0.5510814,0.7205457,0.1249990,0.6888663,0.8747707,0.1887177,0.7534664,0.9648799,0.2046304,0.7442470,0.8470153,0.4377562,0.7629000,0.8173000,0.4748000,0.7525000,0.7300000,0.3635000,0.7947000,0.6576000,0.3603000,0.8147000,0.5927000,0.3848000,0.8952000,0.5261000,0.4559000,0.6069531,0.7117618,0.0806986},
{0.6538620,0.7134011,0.1206735,0.5519889,0.7222466,0.1224975,0.6901264,0.8761279,0.1881197,0.7545447,0.9660634,0.2047261,0.7443660,0.8471428,0.4378627,0.7626000,0.8176000,0.4738000,0.7518000,0.7308000,0.3630000,0.7938000,0.6582000,0.3602000,0.8136000,0.5931000,0.3848000,0.8938000,0.5266000,0.4562000,0.6079865,0.7137177,0.0787147},
{0.6546741,0.7149186,0.1190135,0.5529083,0.7238900,0.1200297,0.6912910,0.8773587,0.1875732,0.7554179,0.9670132,0.2048064,0.7444280,0.8472092,0.4379182,0.7618000,0.8185000,0.4730000,0.7510000,0.7314000,0.3625000,0.7928000,0.6587000,0.3600000,0.8127000,0.5938000,0.3847000,0.8924000,0.5272000,0.4566000,0.6089320,0.7154771,0.0769171},
{0.6554019,0.7162550,0.1175408,0.5538476,0.7254923,0.1175725,0.6923425,0.8784507,0.1870847,0.7562490,0.9679104,0.2048852,0.7444844,0.8472696,0.4379687,0.7610000,0.8194000,0.4723000,0.7503000,0.7323000,0.3620000,0.7920000,0.6592000,0.3599000,0.8116000,0.5943000,0.3846000,0.8910000,0.5277000,0.4570000,0.6098533,0.7171645,0.0751814},
{0.6561751,0.7176510,0.1159916,0.5548263,0.7270855,0.1150760,0.6933230,0.8794528,0.1866333,0.7569239,0.9686339,0.2049508,0.7445456,0.8473350,0.4380235,0.7601000,0.8203000,0.4717000,0.7495000,0.7329000,0.3614000,0.7910000,0.6598000,0.3597000,0.8104000,0.5947000,0.3848000,0.8896000,0.5282000,0.4574000,0.6107506,0.7187831,0.0735055},
{0.6569078,0.7189519,0.1145376,0.5558828,0.7287247,0.1124481,0.6941559,0.8802920,0.1862531,0.7575232,0.9692727,0.2050103,0.7444896,0.8472751,0.4379734,0.7592000,0.8211000,0.4710000,0.7487000,0.7335000,0.3609000,0.7900000,0.6603000,0.3595000,0.8094000,0.5953000,0.3847000,0.8882000,0.5287000,0.4577000,0.6115916,0.7202782,0.0719476},
{0.6576555,0.7202580,0.1130678,0.5569888,0.7303574,0.1097669,0.6947960,0.8809295,0.1859627,0.7579389,0.9697137,0.2050523,0.7444983,0.8472844,0.4379812,0.7583000,0.8220000,0.4704000,0.7478000,0.7340000,0.3605000,0.7893000,0.6608000,0.3592000,0.8085000,0.5959000,0.3847000,0.8868000,0.5292000,0.4581000,0.6124935,0.7218588,0.0702903},
{0.6584862,0.7216845,0.1114504,0.5581479,0.7319840,0.1070274,0.6954590,0.8815829,0.1856638,0.7582667,0.9700603,0.2050858,0.7444983,0.8472844,0.4379812,0.7574000,0.8227000,0.4699000,0.7470000,0.7346000,0.3599000,0.7882000,0.6613000,0.3590000,0.8073000,0.5962000,0.3847000,0.8853000,0.5297000,0.4584000,0.6135359,0.7236569,0.0683918},
{0.6593222,0.7230944,0.1098393,0.5589545,0.7330681,0.1051608,0.6960093,0.8821201,0.1854170,0.7583734,0.9701729,0.2050967,0.7444029,0.8471822,0.4378956,0.7564000,0.8234000,0.4694000,0.7460000,0.7351000,0.3596000,0.7872000,0.6618000,0.3588000,0.8061000,0.5966000,0.3846000,0.8839000,0.5302000,0.4588000,0.6145834,0.7254336,0.0665016}
};
