fitErrPi Mean = 0.307003
fitErrTh Mean = 0.329109
fitErrWr Mean = 0.350681
fitErrLA Mean = 0.260847
fitErrEl Mean = 0.166995
fitErrUA Mean = 0.18637
efPts = {
{0.6036178,0.8199467,0.0644121,0.5386651,0.7833938,0.0869292,0.6306235,0.8930627,0.0971568,0.6667868,0.9514832,0.1475665,0.7221856,0.9274441,0.2714882,0.6779000,0.8217000,0.4579000,0.6762000,0.7268000,0.3546000,0.7199000,0.6577000,0.3595000,0.7402000,0.5914000,0.3857000,0.8055000,0.5279000,0.4730000,0.5054257,0.8085370,0.0560610},
{0.6015471,0.8190541,0.0614577,0.5373002,0.7829563,0.0847955,0.6270590,0.8902708,0.0935673,0.6620138,0.9473674,0.1438710,0.7202711,0.9260448,0.2691702,0.6754000,0.8206000,0.4578000,0.6744000,0.7258000,0.3542000,0.7184000,0.6568000,0.3592000,0.7389000,0.5908000,0.3855000,0.8043000,0.5277000,0.4730000,0.5033952,0.8079420,0.0533493},
{0.5993813,0.8181209,0.0583537,0.5356360,0.7824236,0.0821841,0.6234299,0.8874220,0.0898780,0.6572520,0.9432376,0.1401094,0.7182884,0.9245931,0.2667504,0.6728000,0.8193000,0.4575000,0.6727000,0.7248000,0.3538000,0.7172000,0.6561000,0.3588000,0.7378000,0.5901000,0.3852000,0.8030000,0.5275000,0.4730000,0.5013468,0.8073428,0.0506012},
{0.5971600,0.8171640,0.0551552,0.5340145,0.7819053,0.0796293,0.6197750,0.8845465,0.0861266,0.6525622,0.9391469,0.1363306,0.7162580,0.9231037,0.2642517,0.6701000,0.8180000,0.4574000,0.6709000,0.7238000,0.3534000,0.7158000,0.6554000,0.3584000,0.7364000,0.5896000,0.3851000,0.8018000,0.5273000,0.4730000,0.4990644,0.8066762,0.0475241},
{0.5946124,0.8160669,0.0514681,0.5321793,0.7813196,0.0767254,0.6160894,0.8816401,0.0823070,0.6478484,0.9350116,0.1324576,0.7142431,0.9216230,0.2617515,0.6673000,0.8167000,0.4572000,0.6692000,0.7228000,0.3530000,0.7144000,0.6545000,0.3581000,0.7352000,0.5888000,0.3848000,0.8005000,0.5271000,0.4731000,0.4966596,0.8059752,0.0442649},
{0.5921508,0.8150072,0.0478864,0.5302385,0.7807013,0.0736399,0.6123606,0.8786928,0.0784047,0.6433039,0.9310021,0.1286516,0.7123962,0.9202632,0.2594416,0.6644000,0.8154000,0.4571000,0.6674000,0.7218000,0.3526000,0.7130000,0.6538000,0.3577000,0.7338000,0.5882000,0.3846000,0.7991000,0.5269000,0.4731000,0.4943518,0.8053036,0.0411203},
{0.5896015,0.8139101,0.0441571,0.5282990,0.7800845,0.0705416,0.6087875,0.8758621,0.0746292,0.6388864,0.9270828,0.1248830,0.7104325,0.9188148,0.2569661,0.6617000,0.8138000,0.4570000,0.6657000,0.7208000,0.3522000,0.7116000,0.6530000,0.3573000,0.7325000,0.5876000,0.3845000,0.7977000,0.5266000,0.4733000,0.4920226,0.8046271,0.0379300},
{0.5870415,0.8128088,0.0403916,0.5261998,0.7794182,0.0671714,0.6051928,0.8730077,0.0707947,0.6346217,0.9232784,0.1211793,0.7086848,0.9175235,0.2547460,0.6588000,0.8122000,0.4569000,0.6639000,0.7198000,0.3518000,0.7102000,0.6522000,0.3570000,0.7310000,0.5870000,0.3843000,0.7963000,0.5264000,0.4734000,0.4894490,0.8038810,0.0343854},
{0.5844667,0.8117016,0.0365833,0.5241442,0.7787670,0.0638538,0.6016802,0.8702120,0.0670126,0.6304803,0.9195643,0.1175201,0.7069953,0.9162732,0.2525846,0.6557000,0.8110000,0.4569000,0.6621000,0.7188000,0.3513000,0.7087000,0.6514000,0.3567000,0.7294000,0.5861000,0.3842000,0.7948000,0.5262000,0.4735000,0.4869297,0.8031521,0.0308954},
{0.5819713,0.8106288,0.0328723,0.5220608,0.7781083,0.0604740,0.5982649,0.8674877,0.0633014,0.6265320,0.9160047,0.1139728,0.7053622,0.9150626,0.2504810,0.6528000,0.8092000,0.4568000,0.6621000,0.7188000,0.3513000,0.7073000,0.6508000,0.3563000,0.7279000,0.5854000,0.3840000,0.7933000,0.5260000,0.4735000,0.4843727,0.8024139,0.0273329},
{0.5794171,0.8095312,0.0290530,0.5198557,0.7774124,0.0568774,0.5949255,0.8648181,0.0596400,0.6228467,0.9126658,0.1106094,0.7037689,0.9138797,0.2484149,0.6499000,0.8075000,0.4569000,0.6602000,0.7172000,0.3515000,0.7057000,0.6500000,0.3560000,0.7265000,0.5849000,0.3838000,0.7916000,0.5256000,0.4736000,0.4820186,0.8017356,0.0240347},
{0.5769188,0.8084580,0.0252969,0.5177558,0.7767512,0.0534339,0.5918729,0.8623725,0.0562645,0.6193058,0.9094422,0.1073290,0.7022228,0.9127302,0.2463970,0.6465000,0.8061000,0.4570000,0.6583000,0.7159000,0.3516000,0.7042000,0.6493000,0.3555000,0.7251000,0.5843000,0.3835000,0.7899000,0.5253000,0.4737000,0.4793434,0.8009664,0.0202650},
{0.5743607,0.8073595,0.0214296,0.5156069,0.7760759,0.0498910,0.5886987,0.8598241,0.0527251,0.6160165,0.9064340,0.1042381,0.7008190,0.9116849,0.2445535,0.6450000,0.8034000,0.4563000,0.6561000,0.7142000,0.3513000,0.7026000,0.6486000,0.3552000,0.7237000,0.5837000,0.3832000,0.7880000,0.5249000,0.4738000,0.4768217,0.8002428,0.0166906},
{0.5720006,0.8063464,0.0178426,0.5136045,0.7754480,0.0465725,0.5858409,0.8575251,0.0495128,0.6129320,0.9036007,0.1013008,0.6994237,0.9106445,0.2427105,0.6419000,0.8016000,0.4564000,0.6541000,0.7128000,0.3510000,0.7013000,0.6481000,0.3547000,0.7222000,0.5834000,0.3827000,0.7858000,0.5243000,0.4738000,0.4744236,0.7995562,0.0132723},
{0.5695728,0.8053046,0.0141331,0.5114652,0.7747784,0.0430082,0.5831293,0.8553396,0.0464419,0.6100525,0.9009448,0.0985240,0.6980957,0.9096530,0.2409464,0.6388000,0.7998000,0.4564000,0.6520000,0.7114000,0.3504000,0.6999000,0.6475000,0.3541000,0.7207000,0.5830000,0.3822000,0.7838000,0.5239000,0.4733000,0.4720208,0.7988696,0.0098284},
{0.5673377,0.8043458,0.0107007,0.5094545,0.7741504,0.0396405,0.5804637,0.8531872,0.0434011,0.6073405,0.8984336,0.0958777,0.6966951,0.9086057,0.2390751,0.6358000,0.7979000,0.4563000,0.6498000,0.7098000,0.3499000,0.6991000,0.6472000,0.3533000,0.7192000,0.5826000,0.3814000,0.7816000,0.5234000,0.4730000,0.4699266,0.7982724,0.0068112},
{0.5650153,0.8033499,0.0071162,0.5073640,0.7734989,0.0361209,0.5777957,0.8510288,0.0403354,0.6047394,0.8960160,0.0933107,0.6954846,0.9076995,0.2374490,0.6329000,0.7960000,0.4562000,0.6477000,0.7081000,0.3496000,0.6973000,0.6463000,0.3527000,0.7173000,0.5819000,0.3809000,0.7791000,0.5227000,0.4727000,0.4675724,0.7976022,0.0034019},
{0.5629190,0.8024513,0.0038650,0.5053517,0.7728730,0.0327151,0.5753222,0.8490242,0.0374734,0.6023587,0.8937952,0.0909360,0.6942270,0.9067568,0.2357509,0.6301000,0.7942000,0.4561000,0.6457000,0.7068000,0.3494000,0.6960000,0.6460000,0.3518000,0.7158000,0.5816000,0.3800000,0.7773000,0.5224000,0.4720000,0.4654370,0.7969956,0.0002936},
{0.5608172,0.8015506,0.0005899,0.5034571,0.7722849,0.0294923,0.5730184,0.8471539,0.0347901,0.6000562,0.8916401,0.0886159,0.6932093,0.9059931,0.2343702,0.6274000,0.7926000,0.4560000,0.6437000,0.7056000,0.3490000,0.6944000,0.6454000,0.3511000,0.7142000,0.5811000,0.3792000,0.7752000,0.5219000,0.4714000,0.4633288,0.7963978,-0.0027904},
{0.5589340,0.8007439,-0.0023575,0.5015225,0.7716857,0.0261852,0.5708731,0.8454095,0.0322763,0.5979815,0.8896917,0.0865053,0.6921744,0.9052156,0.2329599,0.6249000,0.7910000,0.4558000,0.6417000,0.7043000,0.3489000,0.6929000,0.6449000,0.3504000,0.7127000,0.5807000,0.3785000,0.7731000,0.5212000,0.4709000,0.4613164,0.7958282,-0.0057482},
{0.5568431,0.7998484,-0.0056446,0.4996519,0.7711074,0.0229717,0.5688224,0.8437395,0.0298592,0.5960370,0.8878602,0.0845097,0.6911806,0.9044682,0.2315998,0.6223000,0.7896000,0.4555000,0.6397000,0.7030000,0.3485000,0.6913000,0.6443000,0.3498000,0.7109000,0.5801000,0.3778000,0.7711000,0.5206000,0.4704000,0.4594463,0.7952998,-0.0085094},
{0.5550899,0.7990978,-0.0084128,0.4978643,0.7705558,0.0198862,0.5668137,0.8421013,0.0274784,0.5942751,0.8861959,0.0826866,0.6901811,0.9037158,0.2302261,0.6198000,0.7882000,0.4551000,0.6378000,0.7017000,0.3479000,0.6897000,0.6438000,0.3490000,0.7093000,0.5796000,0.3772000,0.7692000,0.5200000,0.4700000,0.4574950,0.7947494,-0.0114035},
{0.5533669,0.7983603,-0.0111438,0.4960174,0.7699871,0.0166833,0.5649422,0.8405728,0.0252480,0.5926145,0.8846232,0.0809552,0.6892097,0.9029838,0.2288854,0.6172000,0.7869000,0.4545000,0.6359000,0.7003000,0.3477000,0.6879000,0.6431000,0.3484000,0.7078000,0.5790000,0.3764000,0.7673000,0.5195000,0.4695000,0.4556109,0.7942189,-0.0142104},
{0.5515967,0.7976028,-0.0139607,0.4943676,0.7694800,0.0138090,0.5631804,0.8391320,0.0231378,0.5910700,0.8831567,0.0793332,0.6881709,0.9022001,0.2274455,0.6147000,0.7857000,0.4538000,0.6340000,0.6991000,0.3470000,0.6864000,0.6424000,0.3477000,0.7063000,0.5785000,0.3758000,0.7655000,0.5189000,0.4690000,0.4538264,0.7937174,-0.0168804},
{0.5499130,0.7968826,-0.0166506,0.4928762,0.7690224,0.0112000,0.5615319,0.8377821,0.0211538,0.5895725,0.8817316,0.0777499,0.6871742,0.9014474,0.2260580,0.6122000,0.7845000,0.4532000,0.6321000,0.6980000,0.3462000,0.6849000,0.6417000,0.3470000,0.7048000,0.5779000,0.3751000,0.7637000,0.5183000,0.4685000,0.4519972,0.7932041,-0.0196292},
{0.5484136,0.7962413,-0.0190548,0.4913575,0.7685572,0.0085325,0.5598220,0.8363802,0.0190861,0.5882259,0.8804470,0.0763168,0.6863175,0.9007998,0.2248606,0.6098000,0.7833000,0.4525000,0.6304000,0.6973000,0.3451000,0.6834000,0.6411000,0.3462000,0.7034000,0.5774000,0.3744000,0.7620000,0.5178000,0.4681000,0.4505578,0.7928008,-0.0218006},
{0.5467876,0.7955461,-0.0216711,0.4898718,0.7681028,0.0059127,0.5583652,0.8351843,0.0173166,0.5868117,0.8790950,0.0748023,0.6852644,0.9000030,0.2233828,0.6075000,0.7822000,0.4517000,0.6286000,0.6959000,0.3447000,0.6821000,0.6404000,0.3455000,0.7017000,0.5765000,0.3738000,0.7603000,0.5173000,0.4677000,0.4491074,0.7923950,-0.0239960},
{0.5454006,0.7949532,-0.0239107,0.4884456,0.7676674,0.0033880,0.5569286,0.8340037,0.0155644,0.5855713,0.8779067,0.0734658,0.6843487,0.8993093,0.2220922,0.6052000,0.7811000,0.4510000,0.6269000,0.6950000,0.3439000,0.6805000,0.6397000,0.3449000,0.7003000,0.5757000,0.3733000,0.7588000,0.5168000,0.4673000,0.4474486,0.7919315,-0.0265162},
{0.5439181,0.7943197,-0.0263123,0.4869408,0.7672088,0.0007137,0.5554533,0.8327900,0.0137574,0.5843254,0.8767105,0.0721155,0.6833829,0.8985769,0.2207254,0.6031000,0.7800000,0.4501000,0.6251000,0.6937000,0.3431000,0.6791000,0.6389000,0.3441000,0.6989000,0.5751000,0.3726000,0.7572000,0.5163000,0.4669000,0.4460508,0.7915416,-0.0286476},
{0.5425702,0.7937437,-0.0285031,0.4856258,0.7668086,-0.0016320,0.5541636,0.8317278,0.0121716,0.5831383,0.8755685,0.0708218,0.6824980,0.8979053,0.2194681,0.6009000,0.7790000,0.4492000,0.6235000,0.6931000,0.3421000,0.6776000,0.6381000,0.3436000,0.6977000,0.5743000,0.3721000,0.7558000,0.5158000,0.4666000,0.4448015,0.7911936,-0.0305589},
{0.5412694,0.7931881,-0.0306239,0.4841945,0.7663738,-0.0041947,0.5530575,0.8308160,0.0108068,0.5820233,0.8744939,0.0696001,0.6816298,0.8972456,0.2182298,0.5988000,0.7780000,0.4482000,0.6218000,0.6918000,0.3412000,0.6758000,0.6370000,0.3430000,0.6963000,0.5735000,0.3716000,0.7544000,0.5153000,0.4663000,0.4432859,0.7907719,-0.0328851},
{0.5399992,0.7926456,-0.0327008,0.4829018,0.7659817,-0.0065177,0.5516510,0.8296554,0.0090650,0.5809486,0.8734561,0.0684163,0.6806429,0.8964950,0.2168164,0.5966000,0.7771000,0.4472000,0.6201000,0.6907000,0.3404000,0.6749000,0.6365000,0.3423000,0.6952000,0.5728000,0.3711000,0.7530000,0.5148000,0.4660000,0.4417912,0.7903567,-0.0351875},
{0.5387136,0.7920967,-0.0348093,0.4814592,0.7655448,-0.0091199,0.5506514,0.8288297,0.0078227,0.5799495,0.8724895,0.0673104,0.6797809,0.8958387,0.2155769,0.5945000,0.7763000,0.4463000,0.6184000,0.6897000,0.3396000,0.6730000,0.6351000,0.3417000,0.6939000,0.5718000,0.3706000,0.7517000,0.5143000,0.4658000,0.4404174,0.7899756,-0.0373112},
{0.5375987,0.7916208,-0.0366429,0.4802363,0.7651751,-0.0113336,0.5495067,0.8278834,0.0063957,0.5789392,0.8715106,0.0661869,0.6789078,0.8951734,0.2143167,0.5925000,0.7754000,0.4453000,0.6169000,0.6887000,0.3388000,0.6717000,0.6343000,0.3411000,0.6928000,0.5711000,0.3701000,0.7504000,0.5138000,0.4656000,0.4392026,0.7896390,-0.0391951},
{0.5363091,0.7910704,-0.0387699,0.4787964,0.7647404,-0.0139497,0.5485124,0.8270607,0.0051522,0.5779998,0.8705986,0.0651371,0.6780814,0.8945430,0.2131193,0.5906000,0.7745000,0.4443000,0.6153000,0.6877000,0.3378000,0.6703000,0.6333000,0.3406000,0.6916000,0.5701000,0.3697000,0.7491000,0.5132000,0.4654000,0.4378799,0.7892730,-0.0412526},
{0.5349551,0.7904926,-0.0410101,0.4772984,0.7642890,-0.0166825,0.5474486,0.8261798,0.0038179,0.5770840,0.8697082,0.0641093,0.6772279,0.8938914,0.2118781,0.5888000,0.7737000,0.4434000,0.6139000,0.6868000,0.3374000,0.6689000,0.6323000,0.3400000,0.6906000,0.5693000,0.3692000,0.7479000,0.5127000,0.4651000,0.4365069,0.7888937,-0.0433955},
{0.5339329,0.7900565,-0.0427060,0.4756918,0.7638058,-0.0196259,0.5463991,0.8253100,0.0024974,0.5762440,0.8688903,0.0631625,0.6764310,0.8932823,0.2107150,0.5870000,0.7729000,0.4424000,0.6125000,0.6860000,0.3367000,0.6676000,0.6314000,0.3395000,0.6894000,0.5685000,0.3687000,0.7466000,0.5121000,0.4648000,0.4351447,0.7885178,-0.0455285},
{0.5325274,0.7894570,-0.0450448,0.4740933,0.7633261,-0.0225674,0.5454850,0.8245519,0.0013440,0.5754125,0.8680794,0.0622214,0.6756336,0.8926724,0.2095470,0.5854000,0.7721000,0.4415000,0.6111000,0.6851000,0.3351000,0.6662000,0.6304000,0.3388000,0.6882000,0.5675000,0.3683000,0.7453000,0.5114000,0.4645000,0.4336695,0.7881114,-0.0478469},
{0.5311894,0.7888865,-0.0472784,0.4730603,0.7630165,-0.0244754,0.5445879,0.8238072,0.0002089,0.5746822,0.8673662,0.0613917,0.6750076,0.8921931,0.2086270,0.5838000,0.7713000,0.4406000,0.6097000,0.6831000,0.3366000,0.6649000,0.6296000,0.3384000,0.6872000,0.5668000,0.3677000,0.7441000,0.5108000,0.4642000,0.4321445,0.7876919,-0.0502523},
{0.5306193,0.7886434,-0.0482322,0.4726812,0.7629030,-0.0251769,0.5436205,0.8230036,-0.0010186,0.5739496,0.8666497,0.0605563,0.6742622,0.8916220,0.2075283,0.5823000,0.7705000,0.4398000,0.6085000,0.6824000,0.3359000,0.6637000,0.6286000,0.3377000,0.6859000,0.5658000,0.3673000,0.7428000,0.5102000,0.4638000,0.4311435,0.7874169,-0.0518361},
{0.5300175,0.7883868,-0.0492406,0.4723015,0.7627894,-0.0258803,0.5427715,0.8222978,-0.0020987,0.5731701,0.8658865,0.0596643,0.6735151,0.8910491,0.2064233,0.5809000,0.7697000,0.4391000,0.6077000,0.6829000,0.3337000,0.6625000,0.6278000,0.3373000,0.6848000,0.5651000,0.3668000,0.7416000,0.5095000,0.4635000,0.4305973,0.7872670,-0.0527021},
{0.5298058,0.7882966,-0.0495956,0.4720751,0.7627217,-0.0263002,0.5424027,0.8219911,-0.0025688,0.5726290,0.8653559,0.0590429,0.6729633,0.8906256,0.2056048,0.5795000,0.7689000,0.4383000,0.6065000,0.6823000,0.3328000,0.6616000,0.6273000,0.3365000,0.6837000,0.5642000,0.3662000,0.7403000,0.5088000,0.4631000,0.4303246,0.7871922,-0.0531349},
{0.5296480,0.7882293,-0.0498604,0.4720538,0.7627153,-0.0263397,0.5423008,0.8219063,-0.0026987,0.5720228,0.8647610,0.0583449,0.6723724,0.8901719,0.2047261,0.5782000,0.7682000,0.4375000,0.6059000,0.6816000,0.3328000,0.6603000,0.6262000,0.3361000,0.6827000,0.5633000,0.3658000,0.7392000,0.5081000,0.4627000,0.4301573,0.7871463,-0.0534005},
{0.5296480,0.7882293,-0.0498604,0.4719273,0.7626775,-0.0265744,0.5422018,0.8218240,-0.0028250,0.5715926,0.8643383,0.0578481,0.6717957,0.8897287,0.2038661,0.5770000,0.7675000,0.4368000,0.6050000,0.6813000,0.3320000,0.6593000,0.6254000,0.3355000,0.6818000,0.5626000,0.3652000,0.7380000,0.5074000,0.4623000,0.4300490,0.7871166,-0.0535725},
{0.5294780,0.7881569,-0.0501458,0.4718626,0.7626581,-0.0266945,0.5420680,0.8217126,-0.0029959,0.5713072,0.8640577,0.0575180,0.6713128,0.8893574,0.2031443,0.5759000,0.7669000,0.4360000,0.6035000,0.6793000,0.3322000,0.6584000,0.6247000,0.3351000,0.6810000,0.5619000,0.3647000,0.7369000,0.5067000,0.4619000,0.4300490,0.7871166,-0.0535725},
{0.5292546,0.7880617,-0.0505209,0.4718626,0.7626581,-0.0266945,0.5418564,0.8215365,-0.0032660,0.5712188,0.8639708,0.0574157,0.6709160,0.8890521,0.2025500,0.5749000,0.7665000,0.4353000,0.6032000,0.6802000,0.3308000,0.6573000,0.6240000,0.3346000,0.6800000,0.5611000,0.3642000,0.7358000,0.5060000,0.4614000,0.4300490,0.7871166,-0.0535725},
{0.5291055,0.7879981,-0.0507714,0.4717964,0.7626384,-0.0268172,0.5415398,0.8212730,-0.0036706,0.5711943,0.8639467,0.0573873,0.6706400,0.8888397,0.2021359,0.5741000,0.7662000,0.4349000,0.6020000,0.6795000,0.3296000,0.6564000,0.6234000,0.3341000,0.6790000,0.5606000,0.3637000,0.7347000,0.5053000,0.4611000,0.4300490,0.7871166,-0.0535725},
{0.5289451,0.7879297,-0.0510410,0.4716044,0.7625809,-0.0271738,0.5412240,0.8210101,-0.0040746,0.5710112,0.8637666,0.0571752,0.6703591,0.8886234,0.2017140,0.5735000,0.7659000,0.4345000,0.6013000,0.6793000,0.3295000,0.6557000,0.6228000,0.3338000,0.6783000,0.5599000,0.3634000,0.7337000,0.5047000,0.4606000,0.4300107,0.7871061,-0.0536334},
{0.5287949,0.7878657,-0.0512935,0.4715721,0.7625713,-0.0272338,0.5409758,0.8208034,-0.0043923,0.5707191,0.8634791,0.0568363,0.6702588,0.8885461,0.2015632,0.5729000,0.7656000,0.4343000,0.6007000,0.6788000,0.3293000,0.6547000,0.6223000,0.3334000,0.6775000,0.5592000,0.3630000,0.7328000,0.5040000,0.4602000,0.4298705,0.7870677,-0.0538562},
{0.5287596,0.7878507,-0.0513530,0.4715721,0.7625713,-0.0272338,0.5409386,0.8207724,-0.0044400,0.5705628,0.8633252,0.0566547,0.6701258,0.8884437,0.2013632,0.5725000,0.7651000,0.4342000,0.6000000,0.6785000,0.3290000,0.6541000,0.6219000,0.3331000,0.6770000,0.5589000,0.3625000,0.7319000,0.5034000,0.4599000,0.4298705,0.7870677,-0.0538562},
{0.5286892,0.7878207,-0.0514713,0.4713117,0.7624935,-0.0277176,0.5408792,0.8207230,-0.0045161,0.5704015,0.8631663,0.0564673,0.6698869,0.8882597,0.2010036,0.5720000,0.7645000,0.4341000,0.5995000,0.6783000,0.3289000,0.6534000,0.6214000,0.3329000,0.6762000,0.5584000,0.3623000,0.7311000,0.5028000,0.4595000,0.4298705,0.7870677,-0.0538562},
{0.5287529,0.7878478,-0.0513641,0.4713117,0.7624935,-0.0277176,0.5408792,0.8207230,-0.0045161,0.5703331,0.8630990,0.0563878,0.6698475,0.8882293,0.2009442,0.5716000,0.7640000,0.4340000,0.5991000,0.6780000,0.3287000,0.6529000,0.6210000,0.3327000,0.6757000,0.5578000,0.3621000,0.7304000,0.5022000,0.4592000,0.4298705,0.7870677,-0.0538562},
{0.5288484,0.7878886,-0.0512035,0.4713117,0.7624935,-0.0277176,0.5407557,0.8206201,-0.0046743,0.5702265,0.8629940,0.0562638,0.6698394,0.8882231,0.2009320,0.5713000,0.7634000,0.4340000,0.5986000,0.6775000,0.3286000,0.6523000,0.6204000,0.3325000,0.6750000,0.5573000,0.3619000,0.7298000,0.5016000,0.4590000,0.4296531,0.7870080,-0.0542018},
{0.5288484,0.7878886,-0.0512035,0.4713117,0.7624935,-0.0277176,0.5407557,0.8206201,-0.0046743,0.5701571,0.8629256,0.0561829,0.6697267,0.8881362,0.2007622,0.5711000,0.7629000,0.4341000,0.5985000,0.6773000,0.3285000,0.6520000,0.6201000,0.3323000,0.6747000,0.5570000,0.3617000,0.7293000,0.5011000,0.4588000,0.4296531,0.7870080,-0.0542018},
{0.5289122,0.7879157,-0.0510964,0.4712625,0.7624788,-0.0278090,0.5407557,0.8206201,-0.0046743,0.5701053,0.8628745,0.0561226,0.6697534,0.8881568,0.2008023,0.5709000,0.7625000,0.4342000,0.5983000,0.6769000,0.3285000,0.6519000,0.6200000,0.3320000,0.6742000,0.5565000,0.3615000,0.7289000,0.5006000,0.4586000,0.4295386,0.7869767,-0.0543840},
{0.5289122,0.7879157,-0.0510964,0.4711166,0.7624352,-0.0280803,0.5407557,0.8206201,-0.0046743,0.5700977,0.8628670,0.0561137,0.6697805,0.8881777,0.2008432,0.5708000,0.7622000,0.4344000,0.5980000,0.6765000,0.3285000,0.6514000,0.6194000,0.3321000,0.6739000,0.5561000,0.3613000,0.7285000,0.5001000,0.4584000,0.4295883,0.7869903,-0.0543049},
{0.5290296,0.7879658,-0.0508989,0.4711166,0.7624352,-0.0280803,0.5407557,0.8206201,-0.0046743,0.5700832,0.8628528,0.0560969,0.6698679,0.8882450,0.2009749,0.5708000,0.7619000,0.4346000,0.5978000,0.6763000,0.3284000,0.6512000,0.6192000,0.3321000,0.6737000,0.5557000,0.3612000,0.7282000,0.4996000,0.4583000,0.4295883,0.7869903,-0.0543049},
{0.5292754,0.7880705,-0.0504860,0.4711166,0.7624352,-0.0280803,0.5408075,0.8206632,-0.0046079,0.5701312,0.8629001,0.0561528,0.6699538,0.8883112,0.2011043,0.5708000,0.7616000,0.4349000,0.5977000,0.6758000,0.3288000,0.6511000,0.6189000,0.3322000,0.6736000,0.5554000,0.3612000,0.7280000,0.4992000,0.4581000,0.4295883,0.7869903,-0.0543049},
{0.5292754,0.7880705,-0.0504860,0.4711166,0.7624352,-0.0280803,0.5408075,0.8206632,-0.0046079,0.5701312,0.8629001,0.0561528,0.6700585,0.8883919,0.2012620,0.5707000,0.7613000,0.4353000,0.5976000,0.6754000,0.3289000,0.6511000,0.6187000,0.3322000,0.6736000,0.5552000,0.3611000,0.7278000,0.4986000,0.4580000,0.4298680,0.7870670,-0.0538602},
{0.5294524,0.7881460,-0.0501887,0.4711166,0.7624352,-0.0280803,0.5410187,0.8208391,-0.0043375,0.5702308,0.8629982,0.0562687,0.6700829,0.8884106,0.2012986,0.5709000,0.7608000,0.4356000,0.5976000,0.6751000,0.3290000,0.6511000,0.6184000,0.3322000,0.6735000,0.5549000,0.3610000,0.7276000,0.4980000,0.4579000,0.4298843,0.7870714,-0.0538342},
{0.5296090,0.7882127,-0.0499259,0.4710002,0.7624004,-0.0282969,0.5410187,0.8208391,-0.0043375,0.5703050,0.8630713,0.0563551,0.6701770,0.8884832,0.2014402,0.5710000,0.7603000,0.4361000,0.5977000,0.6747000,0.3291000,0.6512000,0.6182000,0.3322000,0.6735000,0.5547000,0.3609000,0.7273000,0.4973000,0.4576000,0.4299762,0.7870966,-0.0536882}
};
