fitErrPi Mean = 0.318282
fitErrTh Mean = 0.235953
fitErrWr Mean = 0.281437
fitErrLA Mean = 0.360202
fitErrEl Mean = 0.311238
fitErrUA Mean = 0.223245
efPts = {
{0.5598991,0.7855793,0.0753892,0.4724029,0.7601800,0.1122160,0.7118140,0.8444143,0.0539732,0.8059822,0.9301165,0.1610930,0.7837321,0.8846127,0.2993461,0.6435000,0.8406000,0.4530000,0.6393000,0.6720000,0.3469000,0.6903000,0.6059000,0.2659000,0.6970000,0.5620000,0.3785000,0.7794000,0.4902000,0.5235000,0.3182822,0.0000000,0.0000000},
{0.5577859,0.7848270,0.0727752,0.4710398,0.7598771,0.1102140,0.7102761,0.8416357,0.0527857,0.8052492,0.9271122,0.1615238,0.7834736,0.8828591,0.2995892,0.6423000,0.8396000,0.4535000,0.6385000,0.6713000,0.3471000,0.6898000,0.6054000,0.2660000,0.6966000,0.5616000,0.3786000,0.7792000,0.4901000,0.5236000,0.3182822,0.0000000,0.0000000},
{0.5557707,0.7841077,0.0702693,0.4696393,0.7595651,0.1081471,0.7087776,0.8389168,0.0516206,0.8045281,0.9241283,0.1619504,0.7832286,0.8811766,0.2998220,0.6410000,0.8386000,0.4541000,0.6376000,0.6705000,0.3474000,0.6893000,0.6050000,0.2661000,0.6963000,0.5613000,0.3787000,0.7789000,0.4900000,0.5237000,0.3182822,0.0000000,0.0000000},
{0.5536788,0.7833593,0.0676543,0.4681773,0.7592385,0.1059784,0.7071541,0.8359582,0.0503495,0.8038546,0.9213153,0.1623513,0.7829619,0.8793227,0.3000779,0.6397000,0.8375000,0.4546000,0.6368000,0.6698000,0.3476000,0.6889000,0.6046000,0.2661000,0.6960000,0.5609000,0.3788000,0.7788000,0.4899000,0.5239000,0.3182822,0.0000000,0.0000000},
{0.5513915,0.7825387,0.0647789,0.4666584,0.7588982,0.1037133,0.7056986,0.8332942,0.0492019,0.8030815,0.9180548,0.1628146,0.7826894,0.8774039,0.3003421,0.6384000,0.8365000,0.4551000,0.6360000,0.6691000,0.3478000,0.6883000,0.6041000,0.2663000,0.6956000,0.5606000,0.3789000,0.7786000,0.4897000,0.5240000,0.3182822,0.0000000,0.0000000},
{0.5492649,0.7817738,0.0620906,0.4650687,0.7585411,0.1013297,0.7040255,0.8302181,0.0478733,0.8023212,0.9148143,0.1632735,0.7824286,0.8755418,0.3005979,0.6371000,0.8354000,0.4557000,0.6352000,0.6683000,0.3481000,0.6879000,0.6037000,0.2664000,0.6952000,0.5601000,0.3791000,0.7784000,0.4896000,0.5241000,0.3182822,0.0000000,0.0000000},
{0.5471043,0.7809945,0.0593442,0.4635609,0.7582013,0.0990563,0.7024685,0.8273426,0.0466279,0.8015287,0.9113999,0.1637553,0.7821738,0.8736988,0.3008505,0.6358000,0.8343000,0.4562000,0.6344000,0.6676000,0.3483000,0.6873000,0.6032000,0.2665000,0.6948000,0.5597000,0.3792000,0.7782000,0.4896000,0.5243000,0.3182822,0.0000000,0.0000000},
{0.5450111,0.7802376,0.0566691,0.4619329,0.7578334,0.0965880,0.7009425,0.8245118,0.0453987,0.8007691,0.9080909,0.1642206,0.7818999,0.8716893,0.3011253,0.6344000,0.8332000,0.4567000,0.6335000,0.6667000,0.3486000,0.6868000,0.6027000,0.2666000,0.6944000,0.5593000,0.3793000,0.7780000,0.4895000,0.5244000,0.3182822,0.0000000,0.0000000},
{0.5427967,0.7794347,0.0538232,0.4603909,0.7574838,0.0942367,0.6993310,0.8215089,0.0440914,0.8000464,0.9049092,0.1646666,0.7816324,0.8696975,0.3013969,0.6331000,0.8320000,0.4573000,0.6326000,0.6659000,0.3489000,0.6863000,0.6024000,0.2667000,0.6940000,0.5590000,0.3794000,0.7778000,0.4894000,0.5245000,0.3182822,0.0000000,0.0000000},
{0.5407371,0.7786860,0.0511619,0.4586066,0.7570780,0.0915000,0.6979702,0.8189624,0.0429799,0.7993063,0.9016154,0.1651267,0.7813768,0.8677672,0.3016596,0.6318000,0.8308000,0.4578000,0.6316000,0.6649000,0.3493000,0.6858000,0.6019000,0.2667000,0.6936000,0.5586000,0.3795000,0.7775000,0.4894000,0.5246000,0.3182822,0.0000000,0.0000000},
{0.5385516,0.7778894,0.0483224,0.4569385,0.7566973,0.0889255,0.6964488,0.8161033,0.0417290,0.7985636,0.8982736,0.1655920,0.7811047,0.8656804,0.3019428,0.6304000,0.8296000,0.4583000,0.6306000,0.6641000,0.3497000,0.6852000,0.6016000,0.2668000,0.6932000,0.5583000,0.3795000,0.7772000,0.4893000,0.5247000,0.3182822,0.0000000,0.0000000},
{0.5365044,0.7771412,0.0456480,0.4552534,0.7563116,0.0863092,0.6949670,0.8133066,0.0405024,0.7978424,0.8949919,0.1660473,0.7808420,0.8636336,0.3022199,0.6291000,0.8285000,0.4589000,0.6295000,0.6632000,0.3500000,0.6847000,0.6011000,0.2668000,0.6928000,0.5579000,0.3797000,0.7769000,0.4893000,0.5248000,0.3182822,0.0000000,0.0000000},
{0.5344249,0.7763793,0.0429171,0.4535228,0.7559140,0.0836056,0.6934614,0.8104525,0.0392474,0.7970653,0.8914151,0.1665418,0.7805716,0.8614937,0.3025088,0.6278000,0.8273000,0.4594000,0.6283000,0.6623000,0.3503000,0.6840000,0.6007000,0.2669000,0.6923000,0.5575000,0.3797000,0.7766000,0.4892000,0.5249000,0.3182822,0.0000000,0.0000000},
{0.5322641,0.7755854,0.0400636,0.4518227,0.7555222,0.0809334,0.6918846,0.8074499,0.0379238,0.7963601,0.8881308,0.1669943,0.7803252,0.8595113,0.3027758,0.6264000,0.8261000,0.4600000,0.6272000,0.6615000,0.3507000,0.6834000,0.6003000,0.2669000,0.6918000,0.5572000,0.3797000,0.7764000,0.4891000,0.5250000,0.3182822,0.0000000,0.0000000},
{0.5302087,0.7748282,0.0373346,0.4499369,0.7550860,0.0779497,0.6905059,0.8048130,0.0367586,0.7956255,0.8846697,0.1674695,0.7799779,0.8566634,0.3031582,0.6251000,0.8249000,0.4605000,0.6262000,0.6605000,0.3510000,0.6827000,0.5999000,0.2670000,0.6914000,0.5569000,0.3798000,0.7760000,0.4890000,0.5251000,0.3182822,0.0000000,0.0000000},
{0.5281244,0.7740583,0.0345522,0.4482630,0.7546974,0.0752842,0.6890741,0.8020634,0.0355407,0.7949283,0.8813463,0.1679242,0.7797389,0.8546650,0.3034257,0.6237000,0.8237000,0.4610000,0.6253000,0.6597000,0.3513000,0.6819000,0.5994000,0.2671000,0.6909000,0.5565000,0.3799000,0.7757000,0.4889000,0.5252000,0.3182822,0.0000000,0.0000000},
{0.5260271,0.7732816,0.0317372,0.4464001,0.7542635,0.0722987,0.6876136,0.7992463,0.0342899,0.7941853,0.8777615,0.1684130,0.7794655,0.8523383,0.3037363,0.6225000,0.8226000,0.4615000,0.6244000,0.6588000,0.3516000,0.6813000,0.5990000,0.2671000,0.6905000,0.5561000,0.3800000,0.7754000,0.4888000,0.5253000,0.3182822,0.0000000,0.0000000},
{0.5239182,0.7724984,0.0288909,0.4446220,0.7538477,0.0694299,0.6863176,0.7967362,0.0331728,0.7935086,0.8744565,0.1688620,0.7792031,0.8500624,0.3040393,0.6212000,0.8214000,0.4620000,0.6235000,0.6580000,0.3519000,0.6807000,0.5986000,0.2672000,0.6899000,0.5556000,0.3800000,0.7750000,0.4887000,0.5254000,0.3182822,0.0000000,0.0000000},
{0.5220421,0.7717999,0.0263457,0.4426413,0.7533828,0.0662121,0.6851030,0.7943748,0.0321198,0.7928513,0.8712094,0.1693016,0.7789368,0.8477070,0.3043520,0.6200000,0.8204000,0.4624000,0.6227000,0.6572000,0.3522000,0.6800000,0.5982000,0.2672000,0.6894000,0.5552000,0.3801000,0.7746000,0.4885000,0.5255000,0.3182822,0.0000000,0.0000000},
{0.5199057,0.7710024,0.0234319,0.4408501,0.7529608,0.0632818,0.6835793,0.7914004,0.0307905,0.7921714,0.8678097,0.1697604,0.7786942,0.8455198,0.3046415,0.6188000,0.8193000,0.4627000,0.6218000,0.6564000,0.3524000,0.6792000,0.5979000,0.2673000,0.6888000,0.5548000,0.3801000,0.7742000,0.4884000,0.5256000,0.3182822,0.0000000,0.0000000},
{0.5181352,0.7703397,0.0210047,0.4390125,0.7525262,0.0602553,0.6823742,0.7890380,0.0297322,0.7915504,0.8646681,0.1701829,0.7784774,0.8435282,0.3049044,0.6176000,0.8184000,0.4630000,0.6209000,0.6557000,0.3527000,0.6786000,0.5976000,0.2673000,0.6883000,0.5545000,0.3801000,0.7737000,0.4883000,0.5256000,0.3182822,0.0000000,0.0000000},
{0.5161739,0.7696039,0.0183027,0.4372231,0.7521014,0.0572882,0.6811559,0.7866411,0.0286564,0.7909598,0.8616466,0.1705880,0.7782640,0.8415331,0.3051672,0.6165000,0.8174000,0.4632000,0.6199000,0.6551000,0.3528000,0.6779000,0.5972000,0.2673000,0.6878000,0.5542000,0.3801000,0.7732000,0.4883000,0.5257000,0.3182822,0.0000000,0.0000000},
{0.5142736,0.7688890,0.0156711,0.4354661,0.7516827,0.0543553,0.6800154,0.7843889,0.0276436,0.7903579,0.8585319,0.1710042,0.7780655,0.8396449,0.3054153,0.6153000,0.8164000,0.4633000,0.6190000,0.6543000,0.3529000,0.6772000,0.5969000,0.2673000,0.6871000,0.5539000,0.3802000,0.7727000,0.4882000,0.5258000,0.3182822,0.0000000,0.0000000},
{0.5124405,0.7681978,0.0131200,0.4338932,0.7513065,0.0517132,0.6789007,0.7821801,0.0266484,0.7897662,0.8554351,0.1714168,0.7778523,0.8375802,0.3056859,0.6142000,0.8154000,0.4635000,0.6181000,0.6537000,0.3530000,0.6765000,0.5966000,0.2673000,0.6865000,0.5536000,0.3802000,0.7721000,0.4881000,0.5258000,0.3182822,0.0000000,0.0000000},
{0.5105698,0.7674905,0.0105035,0.4321416,0.7508861,0.0487522,0.6777025,0.7797973,0.0255728,0.7892594,0.8527538,0.1717729,0.7776742,0.8358247,0.3059154,0.6131000,0.8144000,0.4636000,0.6173000,0.6531000,0.3531000,0.6757000,0.5961000,0.2674000,0.6859000,0.5532000,0.3803000,0.7716000,0.4881000,0.5260000,0.3182822,0.0000000,0.0000000},
{0.5088980,0.7668570,0.0081542,0.4304400,0.7504762,0.0458568,0.6767043,0.7778054,0.0246721,0.7887156,0.8498464,0.1721579,0.7774935,0.8340130,0.3061518,0.6120000,0.8135000,0.4637000,0.6164000,0.6524000,0.3532000,0.6750000,0.5957000,0.2674000,0.6854000,0.5529000,0.3803000,0.7712000,0.4880000,0.5261000,0.3182822,0.0000000,0.0000000},
{0.5070348,0.7661492,0.0055233,0.4287782,0.7500745,0.0430107,0.6755871,0.7755687,0.0236589,0.7881922,0.8470168,0.1725316,0.7772986,0.8320226,0.3064108,0.6109000,0.8125000,0.4639000,0.6156000,0.6517000,0.3533000,0.6743000,0.5953000,0.2675000,0.6849000,0.5526000,0.3804000,0.7707000,0.4880000,0.5262000,0.3182822,0.0000000,0.0000000},
{0.5053108,0.7654927,0.0030771,0.4270028,0.7496436,0.0399498,0.6746739,0.7737346,0.0228266,0.7877692,0.8447078,0.1728357,0.7771452,0.8304291,0.3066177,0.6099000,0.8116000,0.4640000,0.6147000,0.6511000,0.3534000,0.6735000,0.5948000,0.2675000,0.6843000,0.5522000,0.3805000,0.7703000,0.4879000,0.5263000,0.3182822,0.0000000,0.0000000},
{0.5035365,0.7648154,0.0005475,0.4253051,0.7492300,0.0370029,0.6736177,0.7716066,0.0218595,0.7873282,0.8422783,0.1731549,0.7769891,0.8287811,0.3068313,0.6090000,0.8107000,0.4641000,0.6140000,0.6502000,0.3535000,0.6727000,0.5943000,0.2676000,0.6838000,0.5517000,0.3806000,0.7699000,0.4879000,0.5264000,0.3182822,0.0000000,0.0000000},
{0.5021599,0.7642887,-0.0014237,0.4234046,0.7487650,0.0336806,0.6728249,0.7700047,0.0211304,0.7869413,0.8401278,0.1734368,0.7768536,0.8273284,0.3070192,0.6080000,0.8097000,0.4643000,0.6132000,0.6495000,0.3536000,0.6720000,0.5936000,0.2676000,0.6833000,0.5513000,0.3806000,0.7695000,0.4878000,0.5265000,0.3182822,0.0000000,0.0000000},
{0.5006220,0.7636991,-0.0036345,0.4216575,0.7483359,0.0306044,0.6720046,0.7683429,0.0203730,0.7866148,0.8382985,0.1736760,0.7767276,0.8259578,0.3071962,0.6071000,0.8088000,0.4644000,0.6124000,0.6488000,0.3537000,0.6713000,0.5930000,0.2675000,0.6828000,0.5508000,0.3807000,0.7692000,0.4876000,0.5266000,0.3182822,0.0000000,0.0000000},
{0.4991066,0.7631169,-0.0058223,0.4199409,0.7479125,0.0275608,0.6714667,0.7672508,0.0198747,0.7862851,0.8364380,0.1739189,0.7766080,0.8246390,0.3073662,0.6062000,0.8079000,0.4645000,0.6116000,0.6480000,0.3538000,0.6706000,0.5924000,0.2676000,0.6824000,0.5504000,0.3807000,0.7690000,0.4875000,0.5267000,0.3182822,0.0000000,0.0000000},
{0.4977813,0.7626067,-0.0077431,0.4184219,0.7475365,0.0248501,0.6707541,0.7658013,0.0192126,0.7860269,0.8349718,0.1741100,0.7765235,0.8236964,0.3074875,0.6053000,0.8071000,0.4646000,0.6109000,0.6474000,0.3539000,0.6700000,0.5917000,0.2676000,0.6820000,0.5498000,0.3807000,0.7687000,0.4873000,0.5267000,0.3182822,0.0000000,0.0000000},
{0.4966710,0.7621786,-0.0093579,0.4173958,0.7472817,0.0230096,0.6701521,0.7645740,0.0186515,0.7858341,0.8338708,0.1742533,0.7764294,0.8226344,0.3076241,0.6044000,0.8063000,0.4647000,0.6103000,0.6466000,0.3539000,0.6696000,0.5910000,0.2674000,0.6817000,0.5492000,0.3807000,0.7685000,0.4871000,0.5267000,0.3182822,0.0000000,0.0000000},
{0.4961221,0.7619666,-0.0101580,0.4169324,0.7471665,0.0221759,0.6697481,0.7637491,0.0182740,0.7856909,0.8330499,0.1743600,0.7763606,0.8218514,0.3077246,0.6036000,0.8056000,0.4647000,0.6097000,0.6459000,0.3539000,0.6691000,0.5904000,0.2674000,0.6813000,0.5488000,0.3807000,0.7683000,0.4869000,0.5268000,0.3182822,0.0000000,0.0000000},
{0.4955637,0.7617508,-0.0109733,0.4169011,0.7471587,0.0221194,0.6691739,0.7625747,0.0177361,0.7854572,0.8317047,0.1745348,0.7762864,0.8209979,0.3078341,0.6027000,0.8051000,0.4647000,0.6092000,0.6453000,0.3539000,0.6688000,0.5896000,0.2673000,0.6810000,0.5482000,0.3807000,0.7681000,0.4867000,0.5267000,0.3182822,0.0000000,0.0000000},
{0.4955491,0.7617452,-0.0109946,0.4169011,0.7471587,0.0221194,0.6687853,0.7617789,0.0173713,0.7853978,0.8313618,0.1745792,0.7762441,0.8205087,0.3078968,0.6020000,0.8046000,0.4646000,0.6087000,0.6447000,0.3538000,0.6685000,0.5891000,0.2671000,0.6808000,0.5477000,0.3806000,0.7679000,0.4864000,0.5267000,0.3182822,0.0000000,0.0000000},
{0.4955491,0.7617452,-0.0109946,0.4170822,0.7472038,0.0224455,0.6687328,0.7616711,0.0173219,0.7853647,0.8311704,0.1746041,0.7762367,0.8204229,0.3079078,0.6013000,0.8041000,0.4645000,0.6083000,0.6442000,0.3536000,0.6683000,0.5886000,0.2670000,0.6805000,0.5472000,0.3806000,0.7678000,0.4861000,0.5267000,0.3182822,0.0000000,0.0000000},
{0.4955491,0.7617452,-0.0109946,0.4172629,0.7472487,0.0227706,0.6685398,0.7612753,0.0171404,0.7853647,0.8311704,0.1746041,0.7762267,0.8203069,0.3079227,0.6008000,0.8038000,0.4643000,0.6079000,0.6437000,0.3535000,0.6682000,0.5883000,0.2669000,0.6804000,0.5469000,0.3805000,0.7677000,0.4859000,0.5267000,0.3182822,0.0000000,0.0000000},
{0.4955491,0.7617452,-0.0109946,0.4174023,0.7472833,0.0230212,0.6683891,0.7609662,0.0169986,0.7853647,0.8311704,0.1746041,0.7762267,0.8203069,0.3079227,0.6004000,0.8036000,0.4642000,0.6076000,0.6435000,0.3534000,0.6681000,0.5880000,0.2669000,0.6801000,0.5465000,0.3805000,0.7675000,0.4855000,0.5266000,0.3182822,0.0000000,0.0000000},
{0.4957234,0.7618126,-0.0107400,0.4174023,0.7472833,0.0230212,0.6683817,0.7609509,0.0169916,0.7853647,0.8311704,0.1746041,0.7762267,0.8203069,0.3079227,0.6001000,0.8035000,0.4641000,0.6073000,0.6432000,0.3533000,0.6680000,0.5879000,0.2669000,0.6799000,0.5463000,0.3804000,0.7674000,0.4853000,0.5266000,0.3182822,0.0000000,0.0000000},
{0.4957234,0.7618126,-0.0107400,0.4174392,0.7472925,0.0230876,0.6683817,0.7609509,0.0169916,0.7853647,0.8311704,0.1746041,0.7762412,0.8204756,0.3079010,0.5999000,0.8034000,0.4641000,0.6071000,0.6429000,0.3532000,0.6679000,0.5878000,0.2669000,0.6798000,0.5461000,0.3803000,0.7672000,0.4850000,0.5265000,0.3182822,0.0000000,0.0000000},
{0.4957234,0.7618126,-0.0107400,0.4174392,0.7472925,0.0230876,0.6683817,0.7609509,0.0169916,0.7853926,0.8313315,0.1745832,0.7762332,0.8203818,0.3079131,0.5999000,0.8033000,0.4641000,0.6070000,0.6428000,0.3532000,0.6678000,0.5877000,0.2669000,0.6796000,0.5458000,0.3803000,0.7671000,0.4848000,0.5265000,0.3182822,0.0000000,0.0000000},
{0.4957234,0.7618126,-0.0107400,0.4175840,0.7473285,0.0233477,0.6684561,0.7611037,0.0170617,0.7854148,0.8314600,0.1745665,0.7762341,0.8203933,0.3079116,0.5999000,0.8032000,0.4641000,0.6069000,0.6427000,0.3532000,0.6678000,0.5876000,0.2669000,0.6794000,0.5457000,0.3803000,0.7670000,0.4845000,0.5264000,0.3182822,0.0000000,0.0000000},
{0.4957106,0.7618076,-0.0107586,0.4175840,0.7473285,0.0233477,0.6685095,0.7612132,0.0171120,0.7854148,0.8314600,0.1745665,0.7762341,0.8203933,0.3079116,0.6000000,0.8031000,0.4643000,0.6068000,0.6427000,0.3533000,0.6677000,0.5876000,0.2669000,0.6793000,0.5455000,0.3803000,0.7670000,0.4843000,0.5264000,0.3182822,0.0000000,0.0000000},
{0.4957106,0.7618076,-0.0107586,0.4175044,0.7473087,0.0232048,0.6685712,0.7613399,0.0171701,0.7854466,0.8316435,0.1745427,0.7762341,0.8203933,0.3079116,0.6002000,0.8030000,0.4644000,0.6069000,0.6427000,0.3534000,0.6676000,0.5875000,0.2670000,0.6793000,0.5454000,0.3804000,0.7670000,0.4841000,0.5263000,0.3182822,0.0000000,0.0000000},
{0.4957106,0.7618076,-0.0107586,0.4175044,0.7473087,0.0232048,0.6686568,0.7615152,0.0172505,0.7854466,0.8316435,0.1745427,0.7762300,0.8203450,0.3079178,0.6005000,0.8030000,0.4646000,0.6070000,0.6427000,0.3535000,0.6676000,0.5875000,0.2671000,0.6793000,0.5454000,0.3804000,0.7671000,0.4839000,0.5263000,0.3182822,0.0000000,0.0000000},
{0.4957106,0.7618076,-0.0107586,0.4175044,0.7473087,0.0232048,0.6688616,0.7619351,0.0174430,0.7854683,0.8317689,0.1745264,0.7762299,0.8203443,0.3079179,0.6008000,0.8029000,0.4649000,0.6071000,0.6427000,0.3537000,0.6676000,0.5874000,0.2672000,0.6793000,0.5453000,0.3805000,0.7672000,0.4837000,0.5263000,0.3182822,0.0000000,0.0000000},
{0.4958034,0.7618435,-0.0106231,0.4175643,0.7473236,0.0233124,0.6690776,0.7623776,0.0176458,0.7855286,0.8321165,0.1744813,0.7762299,0.8203443,0.3079179,0.6011000,0.8029000,0.4651000,0.6073000,0.6427000,0.3538000,0.6677000,0.5873000,0.2672000,0.6794000,0.5452000,0.3806000,0.7674000,0.4835000,0.5262000,0.3182822,0.0000000,0.0000000},
{0.4958034,0.7618435,-0.0106231,0.4175643,0.7473236,0.0233124,0.6692771,0.7627859,0.0178329,0.7855753,0.8323857,0.1744463,0.7762473,0.8205460,0.3078920,0.6015000,0.8029000,0.4652000,0.6075000,0.6427000,0.3539000,0.6678000,0.5873000,0.2673000,0.6795000,0.5452000,0.3807000,0.7677000,0.4833000,0.5262000,0.3182822,0.0000000,0.0000000},
{0.4959483,0.7618995,-0.0104116,0.4176165,0.7473366,0.0234061,0.6695935,0.7634332,0.0181293,0.7856670,0.8329128,0.1743779,0.7762752,0.8208687,0.3078507,0.6019000,0.8029000,0.4654000,0.6078000,0.6427000,0.3541000,0.6680000,0.5872000,0.2673000,0.6797000,0.5451000,0.3807000,0.7679000,0.4831000,0.5262000,0.3182822,0.0000000,0.0000000},
{0.4961284,0.7619691,-0.0101488,0.4176923,0.7473554,0.0235421,0.6698755,0.7640093,0.0183930,0.7857166,0.8331976,0.1743408,0.7762752,0.8208687,0.3078507,0.6024000,0.8030000,0.4655000,0.6080000,0.6428000,0.3542000,0.6682000,0.5871000,0.2674000,0.6800000,0.5451000,0.3808000,0.7683000,0.4830000,0.5262000,0.3182822,0.0000000,0.0000000},
{0.4962468,0.7620148,-0.0099761,0.4178627,0.7473977,0.0238480,0.6699846,0.7642320,0.0184950,0.7857874,0.8336034,0.1742881,0.7763167,0.8213479,0.3077892,0.6030000,0.8031000,0.4656000,0.6083000,0.6429000,0.3544000,0.6684000,0.5871000,0.2675000,0.6803000,0.5451000,0.3809000,0.7687000,0.4828000,0.5261000,0.3182822,0.0000000,0.0000000},
{0.4963639,0.7620600,-0.0098054,0.4178336,0.7473905,0.0237958,0.6702687,0.7648120,0.0187603,0.7858541,0.8339853,0.1742384,0.7763167,0.8213479,0.3077892,0.6035000,0.8032000,0.4657000,0.6085000,0.6429000,0.3545000,0.6687000,0.5872000,0.2675000,0.6805000,0.5451000,0.3809000,0.7691000,0.4826000,0.5260000,0.3182822,0.0000000,0.0000000},
{0.4965397,0.7621279,-0.0095493,0.4178727,0.7474002,0.0238659,0.6706516,0.7655925,0.0191172,0.7859260,0.8343958,0.1741850,0.7763381,0.8215931,0.3077578,0.6041000,0.8033000,0.4658000,0.6088000,0.6430000,0.3546000,0.6690000,0.5872000,0.2676000,0.6808000,0.5451000,0.3810000,0.7696000,0.4824000,0.5260000,0.3182822,0.0000000,0.0000000},
{0.4966300,0.7621627,-0.0094177,0.4180104,0.7474344,0.0241129,0.6708583,0.7660133,0.0193095,0.7859771,0.8346876,0.1741470,0.7763609,0.8218546,0.3077242,0.6047000,0.8034000,0.4659000,0.6094000,0.6430000,0.3547000,0.6693000,0.5872000,0.2677000,0.6813000,0.5451000,0.3811000,0.7701000,0.4822000,0.5260000,0.3182822,0.0000000,0.0000000},
{0.4970126,0.7623104,-0.0088605,0.4181828,0.7474772,0.0244220,0.6711306,0.7665674,0.0195626,0.7860475,0.8350887,0.1740948,0.7763829,0.8221055,0.3076920,0.6054000,0.8035000,0.4661000,0.6098000,0.6431000,0.3549000,0.6697000,0.5872000,0.2678000,0.6817000,0.5451000,0.3811000,0.7706000,0.4821000,0.5259000,0.3182822,0.0000000,0.0000000},
{0.4972318,0.7623949,-0.0085417,0.4184114,0.7475339,0.0248314,0.6713239,0.7669606,0.0197422,0.7861032,0.8354060,0.1740534,0.7763829,0.8221055,0.3076920,0.6061000,0.8036000,0.4663000,0.6102000,0.6432000,0.3550000,0.6701000,0.5873000,0.2679000,0.6821000,0.5451000,0.3812000,0.7712000,0.4819000,0.5258000,0.3182822,0.0000000,0.0000000},
{0.4975371,0.7625126,-0.0080979,0.4186878,0.7476024,0.0253258,0.6716741,0.7676721,0.0200669,0.7862283,0.8361162,0.1739609,0.7764099,0.8224133,0.3076525,0.6067000,0.8036000,0.4665000,0.6109000,0.6433000,0.3552000,0.6705000,0.5874000,0.2680000,0.6826000,0.5450000,0.3813000,0.7719000,0.4817000,0.5258000,0.3182822,0.0000000,0.0000000},
{0.4979700,0.7626794,-0.0074692,0.4189954,0.7476786,0.0258756,0.6720551,0.7684454,0.0204197,0.7863287,0.8366852,0.1738867,0.7764341,0.8226881,0.3076172,0.6074000,0.8037000,0.4666000,0.6115000,0.6434000,0.3554000,0.6710000,0.5874000,0.2681000,0.6831000,0.5451000,0.3814000,0.7725000,0.4816000,0.5257000,0.3182822,0.0000000,0.0000000},
{0.4984940,0.7628812,-0.0067093,0.4195057,0.7478049,0.0267859,0.6723520,0.7690472,0.0206941,0.7863843,0.8369993,0.1738457,0.7764691,0.8230843,0.3075663,0.6081000,0.8037000,0.4668000,0.6120000,0.6435000,0.3555000,0.6715000,0.5875000,0.2682000,0.6836000,0.5451000,0.3814000,0.7731000,0.4814000,0.5255000,0.3182822,0.0000000,0.0000000},
{0.4988278,0.7630097,-0.0062259,0.4198085,0.7478798,0.0273253,0.6726887,0.7697291,0.0210048,0.7864935,0.8376157,0.1737652,0.7764691,0.8230843,0.3075663,0.6089000,0.8038000,0.4671000,0.6127000,0.6435000,0.3556000,0.6720000,0.5876000,0.2683000,0.6841000,0.5451000,0.3815000,0.7738000,0.4813000,0.5254000,0.3182822,0.0000000,0.0000000},
{0.4996559,0.7633281,-0.0050282,0.4203719,0.7480190,0.0283271,0.6730062,0.7703713,0.0212973,0.7866187,0.8383205,0.1736732,0.7765161,0.8236134,0.3074982,0.6096000,0.8038000,0.4672000,0.6132000,0.6437000,0.3558000,0.6724000,0.5876000,0.2684000,0.6847000,0.5451000,0.3815000,0.7745000,0.4811000,0.5252000,0.3182822,0.0000000,0.0000000}
};
