P1: 
1.98266e-303
9.35154e-270
  7.653e-269
3.11672e-271
8.72351e-271
           0

1.43645e-315
1.04613e-266
9.71837e-266
1.04085e-265
 3.0911e-265
 1.3594e-316

0
0
0
0
0
0

          0
          0
          0
          0
          0
8.60961e-43

1.98266e-303
9.35154e-270
  7.653e-269
3.11672e-271
8.72351e-271
           0

1.43645e-315
1.04613e-266
9.71837e-266
1.04085e-265
 3.0911e-265
1.59557e-316

5.12687e-175
1.65618e-160
1.00862e-155
1.99039e-158
2.57664e-158
           0

2.25732e-184
5.01558e-157
5.37262e-152
1.19495e-151
1.63406e-151
1.51558e-316

1.32997e-180
1.24545e-160
7.37858e-158
1.23527e-160
1.22397e-160
           0

2.28948e-192
3.16235e-157
2.22731e-154
2.32943e-154
2.43569e-154
 4.22299e-86

1.93484e-128
2.41527e-114
1.86506e-107
7.63097e-111
9.03987e-110
           0

1.64385e-131
1.25145e-111
2.25854e-103
 2.2806e-103
2.93436e-102
7.43569e-321

2.77376e-41
1.81621e-38
 6.7941e-35
4.76985e-39
4.68239e-39
          0

 3.52165e-44
 3.93661e-35
 4.94074e-30
 5.21982e-30
 5.40745e-30
1.34386e-321

1.96077e-60
9.22684e-59
1.87765e-50
7.32401e-55
7.06418e-55
          0

4.07576e-63
3.27846e-56
2.62672e-45
2.96663e-45
3.01921e-45
8.51519e-96

1.96762e-182
3.70404e-163
1.15252e-162
3.19771e-165
4.52206e-165
           0

8.41611e-187
5.92397e-160
2.06762e-159
2.12999e-159
3.18293e-159
6.90256e-310

1.16131e-312
3.22951e-287
2.75198e-286
3.93759e-288
  8.517e-288
5.73116e-322

5.15393e-313
3.95669e-285
3.72507e-284
2.07223e-284
4.34757e-284
6.94331e-310

5.10694e-211
7.43721e-187
6.99388e-186
2.38256e-188
2.90227e-188
5.73116e-322

5.06694e-215
1.17185e-183
1.28888e-182
 1.6768e-182
2.15712e-182
1.60969e+295

9.83328e-248
2.41976e-222
3.56401e-222
9.14288e-225
8.99737e-225
5.73116e-322

1.40954e-254
4.15605e-219
6.73546e-219
6.75726e-219
7.01751e-219
2.07252e-316

 8.17128e-77
 3.66173e-71
 1.67367e-60
 2.35639e-65
 2.32293e-65
5.73116e-322

 5.01851e-82
 9.86852e-74
 5.89579e-55
  6.0511e-55
 6.29777e-55
5.77563e-321

 4.76594e-96
 1.12936e-83
  1.7154e-80
 4.98718e-84
 6.73689e-84
5.73116e-322

8.70715e-103
 1.61919e-79
 3.81783e-76
 5.11768e-76
 7.29558e-76
5.06417e-321

1.73845e-157
4.36917e-143
 7.5146e-137
2.38433e-140
2.39265e-140
5.73116e-322

4.04062e-166
5.85785e-139
1.22319e-132
1.30871e-132
1.38599e-132
1.17297e-316

 3.6626e-156
4.15551e-144
1.83127e-135
3.18396e-139
1.29589e-138
5.73116e-322

2.83697e-163
9.85371e-142
5.28273e-131
5.50685e-131
2.37015e-130
8.14714e-321

 3.7274e-202
6.22401e-180
9.64182e-180
4.47121e-182
6.29539e-182
5.73116e-322

1.15283e-203
5.95098e-177
1.01767e-176
1.03081e-176
1.53507e-176
 3.61976e-86

2.27234e-254
1.46408e-227
3.63871e-227
1.55582e-229
1.87622e-229
5.73116e-322

3.05703e-254
1.53664e-224
4.21691e-224
4.32459e-224
5.50991e-224
6.91629e-310

4.36931e-206
2.82854e-188
2.77672e-186
1.74359e-188
  2.203e-188
5.73116e-322

1.69568e-213
2.97477e-185
 4.1705e-183
8.23191e-183
1.09909e-182
1.56536e-316

2.36798e-164
2.87745e-149
 1.4127e-144
5.96526e-148
5.88143e-148
5.73116e-322

2.14535e-173
2.33761e-145
1.63565e-140
1.65481e-140
1.72162e-140
1.93367e-316

 5.59522e-73
 3.42414e-65
 2.99634e-64
 4.51635e-68
 4.29655e-68
5.73116e-322

 2.22442e-75
 8.14899e-61
 9.69987e-60
 9.79411e-60
  9.8327e-60
6.93525e-310

1.82075e-137
1.40178e-133
6.55739e-117
5.10837e-121
5.26254e-121
5.73116e-322

5.31034e-138
1.14496e-131
4.13896e-112
4.21147e-112
4.57801e-112
 1.13388e-95

7.53952e-225
2.45035e-209
 1.3341e-206
9.61538e-204
4.74395e-203
5.73116e-322

3.62471e-227
1.86033e-207
1.76306e-204
1.38402e-196
7.23802e-196
 8.1884e-317

3.58736e-276
1.28926e-262
5.11021e-262
5.55964e-263
2.06451e-261
5.73116e-322

1.26602e-277
8.30308e-263
3.38861e-262
2.03869e-263
1.44021e-260
1.34196e-316

1.05959e-245
1.73157e-224
8.74556e-224
1.64694e-225
1.64171e-225
5.73116e-322

1.46254e-245
3.08921e-222
1.95209e-221
1.90046e-221
1.80201e-221
7.43569e-321

 8.0192e-169
3.06175e-152
2.33397e-150
2.61289e-153
2.61885e-153
5.73116e-322

6.80001e-178
1.14937e-148
1.00753e-146
1.00756e-146
1.06567e-146
6.93519e-310

3.11459e-109
 4.67883e-99
 2.36787e-94
 2.30363e-98
 2.61766e-98
5.73116e-322

1.09663e-115
 1.10005e-94
 1.49813e-89
 1.91029e-89
 2.29114e-89
6.91089e-310

   8.847e-73
 1.47159e-66
 1.32875e-63
 1.26993e-67
 1.24038e-67
5.73116e-322

6.20739e-78
1.25541e-62
6.73341e-59
6.74826e-59
6.95507e-59
8.51882e-96

1.57454e-201
1.88902e-176
6.72206e-175
2.16154e-178
 2.0836e-178
5.73116e-322

2.79619e-216
2.99632e-172
1.26414e-170
1.58284e-170
1.60998e-170
 7.58802e-96

6.82886e-268
1.28885e-240
4.42406e-240
   1.73e-242
2.07738e-242
5.73116e-322

2.22888e-280
1.47367e-237
5.59513e-237
5.72663e-237
7.26425e-237
9.57005e-321

1.20525e-187
1.15721e-169
5.94956e-168
1.17588e-170
1.31498e-170
5.73116e-322

8.45269e-194
2.52048e-166
1.55124e-164
1.65452e-164
1.95311e-164
6.93334e-310

3.33805e-221
 1.1007e-198
2.95168e-198
2.44675e-200
2.66166e-200
5.73116e-322

1.16124e-223
6.19108e-196
1.84179e-195
 1.9727e-195
2.26742e-195
7.19854e-321

1.35445e-261
3.11417e-233
 2.3143e-230
5.41159e-230
8.36714e-230
5.73116e-322

6.47594e-262
1.08804e-230
  1.665e-226
1.00818e-222
1.65167e-222
 4.06173e-86

 8.19394e-87
 4.33647e-78
 6.64059e-74
 3.51225e-78
 3.37914e-78
5.73116e-322

8.81308e-92
7.96965e-74
 6.3026e-69
8.00212e-69
8.08929e-69
1.13315e-95

2.10659e-148
1.80711e-138
1.91939e-129
8.57522e-134
8.55733e-134
5.73116e-322

6.89323e-159
 3.3408e-135
1.62398e-124
2.24636e-124
2.24126e-124
 1.08615e-95

3.00486e-211
5.74436e-189
6.42534e-189
1.31247e-190
1.86886e-190
5.73116e-322

4.39518e-211
2.88042e-185
3.19499e-185
1.11729e-183
1.68307e-183
1.65098e-316

4.70807e-247
3.24055e-227
4.03115e-222
5.27948e-225
6.33124e-225
5.73116e-322

2.54527e-259
2.18732e-224
1.79296e-218
 2.1638e-218
2.73908e-218
1.60383e-316

1.03656e-163
1.14561e-149
1.55949e-144
1.24921e-147
1.19378e-147
5.73116e-322

6.17829e-170
1.54946e-147
2.10052e-140
4.70454e-140
4.74389e-140
1.77279e-316

2.42545e-222
1.61896e-201
1.14645e-199
1.79697e-202
1.97435e-202
5.73116e-322

2.19403e-233
4.36654e-198
3.53884e-196
  3.543e-196
4.10885e-196
 4.02191e-86

2.79179e-139
1.46963e-122
2.97079e-118
1.68643e-121
2.87997e-121
5.73116e-322

2.62626e-149
 1.8165e-118
9.12318e-114
3.68448e-113
6.66388e-113
7.59379e-321

 2.50353e-72
 4.17382e-73
 1.22219e-69
 4.62109e-74
 1.08502e-72
5.73116e-322

 1.40008e-72
 1.17854e-70
 5.99895e-67
 2.59573e-67
 1.72223e-67
6.90037e-310

 3.4426e-158
1.42703e-148
2.71035e-134
2.81788e-138
2.95545e-138
5.73116e-322

1.92889e-160
1.47228e-145
1.34269e-129
1.43392e-129
1.58793e-129
 1.3792e-316

1.79902e-179
3.43008e-162
4.81757e-161
9.25058e-164
9.82917e-164
5.73116e-322

3.02493e-183
7.59806e-159
1.22763e-157
1.24305e-157
 1.3941e-157
5.77563e-321

 1.1994e-215
 5.1332e-195
2.82769e-194
4.64025e-196
4.50027e-196
5.73116e-322

3.06028e-219
1.38157e-192
8.58173e-192
8.84952e-192
9.06035e-192
9.59468e-317

3.83721e-207
 1.0201e-186
1.61516e-186
5.61955e-189
6.54493e-189
5.73116e-322

8.01813e-209
1.31037e-183
2.28804e-183
2.33378e-183
2.87062e-183
5.37528e-317

           0
5.56962e-301
2.65658e-300
6.82784e-303
6.76806e-303
5.73116e-322

           0
 1.2169e-297
6.47589e-297
8.40198e-297
8.78895e-297
6.93841e-310

3.79664e-139
1.74444e-116
7.36864e-110
8.90106e-114
1.77718e-113
5.73116e-322

2.88896e-147
  1.893e-111
2.26387e-104
2.06123e-103
4.39803e-103
 1.03988e-95

1.59887e-144
1.47728e-131
8.02625e-126
1.62625e-129
1.80743e-129
5.73116e-322

5.53385e-152
3.04108e-127
1.93268e-121
1.95137e-121
 2.2892e-121
6.89871e-310

7.98417e-176
3.70609e-157
1.42783e-156
2.65219e-159
3.24616e-159
5.73116e-322

9.50181e-176
8.62248e-154
3.71749e-153
3.72037e-153
 4.8078e-153
6.94574e-310

1.12446e-210
5.69943e-189
1.04494e-188
 4.0709e-191
5.05366e-191
5.73116e-322

1.06099e-213
6.42141e-186
1.29973e-185
1.30333e-185
1.70949e-185
 3.41868e-86

1.53786e-182
1.72033e-164
6.34591e-164
1.31358e-166
1.54846e-166
5.73116e-322

4.77451e-191
3.80819e-161
1.57182e-160
1.66787e-160
2.07576e-160
6.94838e-310

1.25299e-274
3.73671e-249
 1.3354e-248
 9.9209e-251
1.09035e-250
5.73116e-322

5.31693e-285
2.45093e-246
1.01324e-245
 1.1968e-245
1.39193e-245
1.07969e-316

5.26482e-163
1.90009e-141
1.62268e-138
3.09024e-142
4.31161e-142
5.73116e-322

6.69382e-171
5.86635e-137
9.34219e-134
2.19176e-133
3.23705e-133
 9.0167e-321

1.55499e-175
2.09245e-155
7.90847e-146
2.09735e-149
3.20172e-149
5.73116e-322

9.45742e-187
1.94192e-151
6.41715e-141
3.25661e-140
5.28381e-140
6.89843e-310

5.10776e-166
3.41931e-151
5.95592e-146
1.92707e-149
2.13952e-149
5.73116e-322

4.18135e-177
4.03156e-147
 1.1239e-141
1.42113e-141
1.66509e-141
6.80328e-321

8.82334e-175
1.58309e-160
1.94899e-157
3.32729e-158
1.38378e-157
5.73116e-322

7.73999e-179
9.45967e-159
3.12602e-154
 1.5028e-150
7.22065e-150
  5.0273e-86

1.14257e-214
 7.1361e-191
 4.7431e-189
4.45371e-192
4.22471e-192
5.73116e-322

1.65252e-222
4.88973e-187
3.86879e-185
6.13405e-185
6.13975e-185
1.86833e-316

3.53336e-257
1.15759e-231
4.63027e-231
2.28083e-233
 2.8698e-233
5.73116e-322

2.02654e-269
 1.0629e-228
4.72322e-228
  4.912e-228
6.53292e-228
9.34595e-317

5.62269e-163
6.96251e-150
1.92967e-143
4.92376e-147
8.36872e-147
5.73116e-322

1.90041e-168
5.36529e-146
3.75358e-139
3.85516e-139
6.91673e-139
2.13422e-316

 2.92536e-99
  9.9959e-87
 4.39163e-85
 3.67402e-88
 3.85613e-88
5.73116e-322

4.75912e-107
 6.62508e-83
 3.70047e-81
  5.4064e-81
 5.98886e-81
   4.183e-62

3.03412e-236
5.00633e-211
1.80611e-205
4.33109e-209
4.93227e-209
5.73116e-322

 1.9503e-255
4.40299e-207
3.78448e-201
3.93515e-201
4.72891e-201
6.93393e-317

 1.47439e-68
 3.67741e-61
 3.57068e-59
 4.04719e-63
 4.08559e-63
5.73116e-322

3.81911e-69
8.39976e-57
1.56842e-54
1.61618e-54
1.72152e-54
9.34865e-67

7.39294e-175
4.13758e-156
6.42401e-156
3.56491e-158
4.70643e-158
5.73116e-322

1.00536e-174
4.62933e-153
7.97525e-153
1.14056e-152
1.59157e-152
 1.2019e-316

2.19503e-216
2.06057e-195
3.73671e-195
1.12719e-197
1.26371e-197
5.73116e-322

1.28766e-218
3.00652e-192
6.01797e-192
6.05003e-192
7.16159e-192
1.03539e+295

4.28301e-189
1.55544e-167
1.46642e-167
3.68529e-169
3.60602e-169
5.73116e-322

1.26198e-191
2.76606e-165
2.86789e-165
2.91837e-165
3.01623e-165
1.68597e-316

2.11602e-254
4.40424e-229
3.32896e-228
 6.7457e-231
 7.7758e-231
5.73116e-322

1.94468e-266
1.02281e-225
8.63591e-225
9.39571e-225
1.14336e-224
1.48197e+295

 2.57914e-75
 6.72158e-68
  1.9007e-65
  1.2556e-69
 1.19833e-69
5.73116e-322

 3.43771e-80
 9.56212e-64
 1.39117e-60
 1.39192e-60
 1.40206e-60
2.77171e-321

8.28238e-136
2.03879e-139
1.02958e-116
1.31468e-120
2.27475e-120
5.73116e-322

3.07498e-137
2.80775e-136
3.59704e-112
3.64186e-112
6.80672e-112
6.72423e-321

3.88135e-164
4.42988e-146
9.62539e-146
1.98062e-147
2.07522e-147
5.73116e-322

2.76441e-169
9.58308e-144
2.32375e-143
2.39044e-143
2.64957e-143
5.22227e-321

8.59142e-184
  7.095e-164
4.95138e-163
6.44182e-166
2.47526e-165
5.73116e-322

1.05925e-193
2.35979e-160
1.88912e-159
1.94038e-159
7.89556e-159
 1.4144e-316

1.03304e-228
7.27414e-205
2.26934e-204
9.06313e-207
8.76224e-207
5.73116e-322

1.51006e-236
8.71361e-202
3.01893e-201
3.32054e-201
3.38774e-201
8.06809e-321

5.52647e-298
4.38599e-268
6.39614e-268
2.06053e-270
2.34224e-270
5.73116e-322

8.48307e-302
6.70945e-265
1.07847e-264
1.21279e-264
1.45563e-264
8.01452e-317

1.07313e-117
1.09837e-101
 3.47793e-99
1.64092e-103
1.69158e-103
5.73116e-322

7.38845e-125
 4.37908e-97
 3.97509e-94
 4.43706e-94
 4.81848e-94
1.94683e-316

 2.18177e-46
 3.48963e-41
  4.2272e-38
 3.85761e-42
 3.71823e-42
5.73116e-322

1.84324e-50
5.23219e-37
2.24111e-33
2.24373e-33
2.28158e-33
4.27633e-33

 9.05198e-96
 8.77672e-87
 7.76532e-84
 1.10546e-87
 1.05133e-87
5.73116e-322

5.19162e-101
 1.08679e-82
 2.72981e-79
 2.82698e-79
 2.83688e-79
3.48316e-321

2.03447e-120
2.30509e-108
  1.513e-105
4.74417e-109
4.66922e-109
5.73116e-322

5.95769e-128
2.71507e-104
2.34947e-101
2.36723e-101
2.45851e-101
   9.468e-96

4.53235e-143
1.65976e-129
1.25298e-127
  1.754e-130
 2.2429e-130
5.73116e-322

1.50834e-148
5.29086e-126
5.16805e-124
6.18239e-124
8.34689e-124
 1.83053e-76

3.72852e-256
3.30855e-230
8.91798e-230
2.00584e-232
2.00704e-232
5.73116e-322

1.31296e-268
6.45418e-227
1.91793e-226
 1.9198e-226
2.02726e-226
1.35323e+295

2.65101e-191
 2.8137e-171
3.57217e-170
3.59256e-172
4.39756e-172
5.73116e-322

3.93525e-197
1.27548e-168
1.99963e-167
2.33543e-167
3.02509e-167
2.11985e-316

5.39183e-250
1.47092e-227
2.90153e-226
4.52069e-228
4.38506e-228
5.73116e-322

4.81751e-250
 4.2519e-225
9.62481e-224
1.03204e-223
1.05687e-223
7.83094e-321

 1.98008e-50
 2.13654e-41
 7.02102e-41
 8.14051e-44
 7.76175e-44
5.73116e-322

2.64727e-53
8.48426e-38
3.17263e-37
3.44014e-37
3.46111e-37
1.79576e-52

1.43938e-104
 1.94123e-95
 8.72625e-89
 9.40749e-93
 1.08552e-92
5.73116e-322

   8.33e-112
 1.07184e-92
  9.5456e-84
 2.33819e-83
 2.84761e-83
6.94244e-310

4.47188e-193
4.90802e-172
1.15142e-170
3.01448e-172
3.06892e-172
5.73116e-322

3.53152e-201
9.57622e-170
2.79471e-168
3.70162e-168
 3.9836e-168
 1.1074e-316

5.11264e-154
9.17958e-136
8.81524e-136
8.19397e-138
7.84848e-138
5.73116e-322

8.38018e-154
1.01561e-132
1.07293e-132
2.53411e-132
2.56134e-132
6.92372e-310

1.44056e-200
6.10399e-182
2.34868e-181
6.10929e-184
6.20995e-184
5.73116e-322

3.40972e-208
1.07285e-178
 4.5832e-178
4.81473e-178
5.16529e-178
2.12572e-316

4.36828e-153
7.81084e-137
7.66797e-136
9.23847e-139
1.02293e-138
5.73116e-322

9.33624e-156
3.18765e-133
3.54298e-132
4.08272e-132
 4.7711e-132
6.94793e-310

2.04186e-214
4.47817e-197
1.90383e-180
1.32234e-184
6.83146e-184
5.73116e-322

2.63332e-230
 3.4161e-194
1.40162e-175
1.49405e-175
7.78961e-175
   1.693e-52

  2.4572e-65
 5.53513e-59
  4.3974e-57
 3.98177e-61
 3.78306e-61
5.73116e-322

3.66164e-68
9.75205e-55
2.47728e-52
2.61496e-52
2.62142e-52
6.12484e-62

1.49959e-143
1.99507e-128
3.53962e-125
1.29912e-128
1.31035e-128
5.73116e-322

2.02682e-152
2.29962e-124
4.81644e-121
4.97779e-121
5.29804e-121
1.95451e-316

1.36661e-208
4.36835e-194
 6.3315e-191
8.94588e-193
1.16002e-192
5.73116e-322

2.24812e-208
6.07252e-192
1.45431e-188
1.90659e-188
2.34795e-188
7.25526e-317

3.76393e-230
5.01955e-206
6.10635e-206
7.54934e-208
9.37506e-208
5.73116e-322

 3.8128e-238
1.78179e-203
2.38885e-203
2.39087e-203
3.14607e-203
6.94052e-310

8.87261e-201
7.44191e-205
2.05716e-177
6.43939e-175
9.21449e-175
5.73116e-322

1.12632e-202
2.85572e-210
4.75172e-173
3.89826e-166
5.88823e-166
 9.45334e-96

3.32544e-176
5.62068e-156
5.88562e-156
3.07365e-158
2.98585e-158
5.73116e-322

5.24179e-176
1.27866e-152
1.47369e-152
4.00767e-152
4.10826e-152
8.99971e-317

 4.75497e-79
 1.10709e-71
 7.30978e-69
 9.03617e-73
 9.84524e-73
5.73116e-322

8.70513e-86
2.49587e-67
4.13484e-64
5.99318e-64
6.89115e-64
8.52434e-96

1.00915e-133
4.58891e-122
7.56277e-118
1.89774e-121
1.87844e-121
5.73116e-322

 1.6776e-143
9.34352e-118
2.02651e-113
2.83087e-113
2.95729e-113
 8.52251e-96

1.22156e-192
3.92977e-173
5.76858e-173
2.99339e-175
3.74849e-175
5.73116e-322

2.91664e-194
3.41024e-170
5.52533e-170
5.68394e-170
7.52384e-170
6.89971e-310

5.90993e-162
9.65842e-146
5.21681e-145
1.16303e-147
 1.3917e-147
5.73116e-322

9.97946e-163
1.86279e-142
1.14269e-141
1.15473e-141
1.45898e-141
6.93072e-310

 7.0649e-129
1.34227e-131
3.05306e-109
6.18686e-113
8.38604e-113
1.47311e-319

4.93245e-130
7.88832e-136
1.56523e-104
3.44859e-104
4.89215e-104
7.90999e-321

1.41279e-192
6.78432e-197
6.74173e-173
2.69105e-169
2.67066e-169
1.47311e-319

3.88805e-197
1.47424e-202
9.83558e-169
1.51397e-160
1.58678e-160
1.79508e-316

6.34506e-108
 5.20677e-98
  7.3191e-96
 1.99565e-99
 2.06921e-99
1.47311e-319

4.82809e-112
 6.76917e-94
 1.67878e-91
 2.19111e-91
   2.398e-91
3.64126e-321

  3.1264e-86
 3.03505e-78
 4.68165e-75
 4.66536e-79
 4.65245e-79
1.47311e-319

 8.68777e-92
 2.77541e-74
 2.57337e-70
 2.91727e-70
 3.06961e-70
6.91807e-310

1.02298e-149
7.94273e-136
2.99029e-131
9.56966e-135
1.06865e-134
1.47311e-319

1.24256e-158
9.87565e-132
 4.8563e-127
 5.2231e-127
6.15491e-127
6.95017e-310

2.35445e-281
1.16366e-251
8.95831e-251
2.55415e-253
3.37551e-253
1.47311e-319

1.49828e-295
1.89589e-248
1.63638e-247
1.76398e-247
2.46298e-247
1.55285e-316

 1.6425e-193
2.40688e-172
2.26941e-172
5.12601e-174
4.87104e-174
1.47311e-319

1.85601e-193
5.83332e-170
 6.0479e-170
7.57146e-170
7.59234e-170
1.75033e-316

2.19533e-113
1.18041e-114
 3.44816e-97
 2.40464e-99
 1.53575e-98
1.47311e-319

1.21681e-117
1.26741e-127
  1.3413e-92
 3.67317e-90
 2.48473e-89
 1.1248e-316

2.35441e-232
4.20483e-232
4.74946e-231
1.34831e-230
3.20361e-230
1.47311e-319

5.73013e-233
2.48293e-248
3.29074e-244
6.15248e-237
2.51331e-237
 1.03879e-95

5.88116e-166
4.13664e-147
1.16351e-144
1.69204e-148
1.66009e-148
1.47311e-319

1.97767e-176
1.20684e-142
4.07302e-140
4.43371e-140
4.59736e-140
7.59379e-321

 1.68398e-77
 5.90219e-69
 2.53121e-61
 1.75743e-65
 1.67048e-65
1.47311e-319

1.08616e-84
1.23909e-64
3.59373e-56
7.85874e-56
6.83977e-56
9.2061e-317

1.39357e-181
2.04588e-163
6.92998e-163
1.69359e-165
2.08906e-165
1.47311e-319

5.11776e-188
3.67969e-160
 1.3947e-159
1.41954e-159
1.84919e-159
6.93008e-310

2.02781e-209
5.99115e-195
6.19065e-195
3.15065e-196
3.22768e-196
1.47311e-319

5.60937e-210
2.12549e-193
2.67642e-194
5.62887e-194
5.52087e-194
1.19361e-316

5.88149e-215
8.54337e-193
1.49168e-192
 9.7329e-195
1.18795e-194
1.47311e-319

5.15663e-219
5.74472e-190
1.10877e-189
1.11281e-189
1.43619e-189
 8.53162e-96

           0
1.72209e-294
 2.7588e-293
1.52819e-295
2.32477e-295
1.47311e-319

           0
 5.8825e-291
1.07088e-289
4.79587e-289
7.64903e-289
 2.21298e-52

2.74159e-185
 1.7224e-167
1.05319e-166
2.43411e-169
2.97983e-169
1.47311e-319

4.47474e-185
3.40533e-164
2.34301e-163
 2.4937e-163
3.22371e-163
6.94664e-310

3.23628e-246
3.73832e-222
1.48578e-221
7.06527e-224
8.46938e-224
1.47311e-319

8.48143e-256
3.44692e-219
1.52499e-218
1.54031e-218
1.95102e-218
2.12108e-316

1.85106e-212
7.45037e-190
1.87534e-189
6.46513e-191
6.54537e-191
1.47311e-319

5.92647e-217
 1.1841e-187
3.35873e-187
4.32824e-187
4.63427e-187
7.35664e-321

3.43375e-143
1.11344e-129
3.69307e-128
5.31592e-131
5.77833e-131
1.47311e-319

1.55072e-149
3.33469e-126
1.29198e-124
1.34645e-124
1.54473e-124
1.41735e+295

8.22206e-265
 4.0752e-219
4.97842e-207
 2.1376e-211
2.53409e-211
1.47311e-319

2.27279e-272
3.81679e-215
2.70943e-201
1.36248e-200
1.70022e-200
 8.06343e-96

5.21031e-166
4.46436e-147
5.76766e-145
4.01703e-148
5.08296e-148
1.47311e-319

3.94785e-169
3.23241e-143
4.80309e-141
5.76777e-141
7.70278e-141
 4.42407e-86

9.59221e-176
9.68071e-158
1.03702e-157
8.92158e-160
 1.0313e-159
1.47311e-319

9.13893e-176
5.97735e-155
7.05215e-155
8.55607e-155
 1.0455e-154
 4.02191e-86

1.60792e-143
3.91871e-127
5.03965e-127
6.71843e-129
6.88619e-129
1.47311e-319

2.16605e-143
1.31119e-124
1.85924e-124
1.89276e-124
2.04972e-124
4.35272e-321

2.10759e-161
8.47896e-146
1.83832e-145
 7.6317e-148
1.66515e-147
1.47311e-319

1.62959e-164
3.20384e-142
5.82668e-142
2.63164e-141
6.50789e-141
5.93373e-321

1.27331e-211
2.23387e-190
3.22341e-190
2.77687e-192
3.18535e-192
1.47311e-319

7.16935e-214
1.23201e-187
1.96304e-187
2.13308e-187
2.58678e-187
6.64518e-321

2.85127e-219
 7.3363e-200
8.70389e-199
8.60666e-201
9.62861e-201
1.47311e-319

1.03148e-220
3.92788e-197
5.83642e-196
8.33476e-196
9.88939e-196
1.48887e-316

1.79328e-131
1.48114e-113
1.39638e-110
2.14323e-114
2.31469e-114
1.47311e-319

4.04682e-139
4.56346e-109
7.79686e-106
1.42506e-105
1.63037e-105
  5.0273e-86

1.07436e-129
1.58348e-124
2.78291e-111
4.97838e-115
7.30116e-115
1.47311e-319

4.03389e-132
 5.9249e-121
1.48802e-106
2.97461e-106
4.60937e-106
8.82567e-317

4.61341e-157
2.57277e-141
3.05379e-141
1.05895e-143
1.35586e-143
1.47311e-319

6.18417e-157
3.25751e-138
4.25712e-138
4.25875e-138
5.76157e-138
 1.08633e-95

6.19817e-202
8.13645e-181
8.40503e-181
2.28491e-182
2.43603e-182
1.47311e-319

1.15004e-204
1.31454e-178
1.49587e-178
1.49772e-178
1.69181e-178
1.36704e-316

1.61423e-247
6.58157e-223
1.26099e-222
6.71426e-225
8.75397e-225
1.47311e-319

 1.3315e-250
5.40199e-220
 1.1448e-219
1.14513e-219
1.57877e-219
6.91459e-310

 4.91895e-92
 1.03803e-82
 2.24398e-81
 6.13102e-85
 5.95883e-85
1.47311e-319

8.71729e-99
1.43933e-78
4.25525e-77
4.56233e-77
4.67943e-77
5.39843e-62

2.11633e-105
5.43226e-110
 1.85286e-91
 4.06242e-94
  9.3109e-94
1.47311e-319

2.14708e-105
1.84493e-115
 3.00901e-86
 3.01243e-84
 7.30579e-84
6.91882e-310

8.92052e-206
4.46141e-183
8.50058e-180
1.91653e-183
2.00261e-183
1.47311e-319

3.23976e-221
6.90591e-179
1.84166e-175
1.86165e-175
2.05275e-175
6.90604e-310

8.21098e-203
4.52866e-183
2.14153e-181
5.74577e-184
6.08463e-184
1.47311e-319

1.54569e-209
6.48766e-180
3.85916e-178
3.86111e-178
 4.3161e-178
 1.18015e-95

2.43326e-233
3.09148e-210
1.80629e-209
7.02065e-212
 9.0258e-212
1.47311e-319

1.64908e-235
3.41079e-207
2.26054e-206
2.27543e-206
3.09146e-206
1.63721e-316

6.51701e-204
5.15401e-186
 3.4847e-184
3.70059e-186
3.56066e-186
1.47311e-319

4.19807e-204
1.88819e-183
1.73035e-181
 1.8904e-181
1.91963e-181
1.51416e-316

1.00722e-195
2.68247e-182
 3.2569e-174
 9.4044e-176
9.16589e-176
1.47311e-319

1.40052e-197
2.69917e-181
5.52067e-170
6.00566e-168
6.17686e-168
6.94089e-310

1.07754e-138
1.55159e-121
5.38372e-117
4.12973e-121
5.31147e-121
1.47311e-319

4.07342e-150
4.07566e-117
5.42697e-112
8.78287e-112
1.19298e-111
1.14768e-316

1.20538e-138
5.33775e-125
1.04086e-122
5.63777e-126
5.69945e-126
1.47311e-319

1.77281e-146
4.97338e-121
1.21278e-118
1.58426e-118
1.69004e-118
5.06417e-321

8.68487e-193
1.55023e-173
1.29144e-172
2.87693e-175
3.69712e-175
1.47311e-319

1.58809e-194
2.91073e-170
2.80466e-169
2.80779e-169
3.81077e-169
1.07886e-316

 6.6593e-131
6.38974e-116
1.14021e-115
2.03515e-118
2.41469e-118
1.47311e-319

1.10825e-131
3.60176e-112
7.39642e-112
1.80693e-111
 2.2628e-111
  1.1796e-95

6.30534e-276
3.15607e-244
1.07116e-243
1.61694e-245
2.05421e-245
1.47311e-319

1.31127e-291
1.72482e-241
6.72852e-241
1.35886e-240
1.82747e-240
 3.41868e-86

5.79829e-232
1.26094e-209
2.54378e-209
7.53663e-212
8.89913e-212
1.47311e-319

6.25652e-243
2.08728e-206
4.64591e-206
 5.2041e-206
6.48874e-206
5.41988e-317

1.86101e-266
1.85246e-219
1.60938e-217
3.32369e-221
7.17647e-221
1.47311e-319

3.69956e-276
2.87974e-215
3.65364e-213
3.84929e-213
8.32192e-213
 8.51519e-96

1.86004e-173
2.75768e-159
1.53229e-144
2.29247e-148
2.22059e-148
1.47311e-319

1.54394e-187
5.40448e-157
1.73755e-139
6.10969e-139
6.24489e-139
  1.0856e-95

1.22163e-132
4.84954e-121
2.25966e-117
6.86173e-121
7.87833e-121
1.47311e-319

4.57281e-136
7.45382e-117
5.81783e-113
9.49214e-113
1.15083e-112
5.06417e-321

1.21195e-203
6.01194e-184
 8.0787e-184
3.54556e-186
4.41169e-186
1.47311e-319

1.83862e-205
6.12116e-181
9.06724e-181
9.24341e-181
1.21542e-180
1.35004e-316

2.53301e-186
5.08769e-168
5.58751e-167
1.12522e-169
1.21591e-169
1.47311e-319

3.47534e-191
1.06516e-164
1.34098e-163
1.34112e-163
 1.5297e-163
6.95082e-310

8.79799e-137
2.89147e-123
2.28614e-122
3.32761e-125
3.49263e-125
1.47311e-319

1.08841e-142
8.78289e-120
7.75821e-119
7.93053e-119
8.78486e-119
6.92948e-310

1.57496e-203
1.18293e-183
2.22266e-183
8.32428e-186
8.83957e-186
1.47311e-319

 5.4141e-213
2.00665e-180
4.18673e-180
6.12043e-180
6.86052e-180
1.94177e-316

1.00842e-124
1.29917e-114
8.13296e-111
3.75112e-114
4.97184e-114
1.47311e-319

2.59489e-132
2.39398e-110
 1.9429e-106
4.49302e-106
6.28931e-106
 7.71975e-43

 5.52582e-90
 9.47766e-81
  1.3143e-77
 1.10629e-81
 1.20529e-81
1.47311e-319

 1.98177e-97
 1.73884e-76
  1.0123e-72
 1.35924e-72
 1.56288e-72
4.03652e-321

2.85946e-130
 1.9075e-134
1.38061e-110
2.58442e-114
3.78979e-114
1.47311e-319

1.47761e-133
6.20049e-134
1.38301e-105
6.89449e-105
1.08518e-104
 3.82084e-86

4.15977e-154
5.19848e-139
4.02255e-138
7.85541e-141
9.82088e-141
1.47311e-319

5.63934e-160
1.11063e-135
9.95551e-135
9.95595e-135
1.31446e-134
 7.59164e-96

8.85625e-166
 1.5227e-149
6.03649e-149
1.56996e-151
1.77057e-151
1.47311e-319

7.51822e-166
2.51339e-146
1.12211e-145
1.12259e-145
1.33666e-145
5.06417e-321

3.94886e-186
1.49277e-165
1.47254e-165
2.85396e-167
2.89788e-167
1.47311e-319

8.73351e-189
3.39023e-163
3.67955e-163
 3.6877e-163
3.95776e-163
1.54168e-316

1.26077e-206
3.81814e-185
6.02544e-185
1.30298e-186
1.44516e-186
1.47311e-319

3.33529e-213
 7.7015e-183
1.34744e-182
1.34839e-182
1.58488e-182
8.69413e-317

  3.9753e-77
 4.02443e-70
 2.32376e-68
 5.60133e-72
 6.25067e-72
1.47311e-319

1.01534e-78
7.99058e-66
5.90714e-64
7.56245e-64
8.91478e-64
1.17661e-47

5.39934e-149
3.15892e-131
 1.0783e-130
4.14337e-133
4.08685e-133
1.47311e-319

2.03306e-150
9.78802e-128
3.99023e-127
1.18073e-126
1.22897e-126
6.64518e-321

2.68192e-219
1.21796e-196
1.83179e-196
1.42573e-198
2.04224e-198
1.47311e-319

3.87212e-230
7.01978e-194
1.16593e-193
1.19556e-193
1.81418e-193
7.27759e-321

7.98143e-147
8.88114e-132
2.62129e-131
4.02335e-134
 4.5752e-134
1.47311e-319

2.94464e-148
2.51494e-128
8.26745e-128
8.28207e-128
9.94147e-128
 8.05983e-96

 4.06572e-81
 6.35441e-73
 5.66677e-71
 9.03356e-75
 9.84759e-75
1.47311e-319

5.30244e-83
2.00387e-68
2.27378e-66
3.02293e-66
3.47925e-66
6.74789e-67

4.73315e-108
8.61948e-107
 1.01864e-92
 1.58382e-94
 1.42152e-93
1.47311e-319

6.75812e-108
4.86083e-117
 2.71677e-90
 1.74034e-88
 3.05808e-87
1.16263e+295

