P2:
7.6013e-254
8.11684e-264
3.29498e-238
1.0459e-234
0
0
2.29372e-261
0
0
5.02029e-143
2.16342e-124
3.40218e-223
1.26842e-172
3.76895e-212
0
0
3.05838e-159
0
0
5.53069e-137
6.14512e-274
9.87689e-214
6.03619e-226
7.36505e-197
0
2.56229e-122
0
5.49235e-159
3.59642e-282
3.17943e-283
8.85314e-192
0
1.01647e-201
1.08281e-199
3.50052e-139
1.60536e-158
2.29754e-183
0
0
6.36609e-290
0
1.34618e-239
5.02647e-147
4.99431e-199
1.76621e-135
3.83372e-207
4.70874e-201
4.63291e-308
0
0
5.95358e-208
0
0
4.28743e-144
5.2429e-118
1.16807e-193
5.28208e-157
4.41293e-133
0
0
1.1496e-249
0
0
1.83938e-199
3.10869e-205
1.81158e-119
1.63052e-151
0
0
0
4.76846e-305
4.76846e-305
1.22318e-216
1.05082e-186
3.58427e-270
2.50904e-185
1.01124e-119
0
1.87812e-294
0
4.55637e-305
4.55637e-305
4.56164e-229
9.5019e-105
6.86433e-298
0
0
0
1.24673e-250
1.24673e-250
5.64508e-134
4.61327e-182
1.88512e-233
2.00824e-95
0
1.1576e-320
1.95105e-255
7.17644e-260
2.16504e-173
1.92707e-171
2.87798e-149
3.23558e-143
3.56062e-103
8.67678e-169
0
0
7.80145e-249
0
1.22205e-314
9.08343e-164
0
5.59116e-88
4.01404e-319
0
7.32039e-196
1.56829e-167
1.60375e-103
0
0
0
0
0
0
2.52608e-277
0
1.53751e-301
7.44916e-107
6.14345e-181
7.77969e-275
0
0
0
1.49816e-196
1.49816e-196
9.80675e-182
3.38654e-204
8.65049e-188
1.72465e-131
0
0
0
1.4805e-122
6.25772e-255
1.05035e-283
7.83244e-207
1.2486e-125
6.91532e-104
1.80707e-143
0
0
0
0
6.64905e-239
4.03247e-270
1.48669e-186
5.20238e-170
4.01097e-177
2.55645e-303
4.54936e-202
0
0
0
5.55146e-128
5.69131e-162
4.77116e-165
3.4996e-317
3.45846e-323
1.41324e-225
5.15715e-167
6.24293e-229
2.54885e-296
3.33827e-132
2.00513e-150
9.31124e-131
4.8537e-243
0
0
2.55629e-284
0
1.2353e-252
2.99777e-155
6.1406e-127
4.93444e-171
9.57132e-166
0
4.69901e-241
0
5.58739e-280
1.17607e-86
5.04806e-181
1.56062e-180
2.01867e-88
0
0
6.45625e-241
0
5.43472e-322
0
0
1.52173e-116
3.5114e-126
1.15332e-113
2.08002e-320
1.70058e-141
0
0
0
4.00975e-104
1.15309e-161
1.61698e-117
2.06478e-180
6.60348e-160
1.67689e-312
0
0
1.0658e-142
8.37171e-288
7.77171e-207
6.94218e-279
4.17011e-299
1.6799e-271
1.00553e-158
7.20292e-152
5.63558e-238
2.9819e-278
6.57349e-206
3.85114e-313
0
2.41113e-231
0
1.97642e-238
3.97083e-191
3.35016e-282
8.45707e-202
0
1.2649e-227
0
