P1: 
5.11264e-154
9.17958e-136
8.81524e-136
8.19397e-138
7.84848e-138
5.73116e-322

8.38018e-154
1.01561e-132
1.07293e-132
2.53411e-132
2.56134e-132
6.90978e-310

1.44056e-200
6.10399e-182
2.34868e-181
6.10929e-184
6.20995e-184
5.73116e-322

3.40972e-208
1.07285e-178
 4.5832e-178
4.81473e-178
5.16529e-178
1.54876e-316

4.36828e-153
7.81084e-137
7.66797e-136
9.23847e-139
1.02293e-138
5.73116e-322

9.33624e-156
3.18765e-133
3.54298e-132
4.08272e-132
 4.7711e-132
6.93473e-310

2.04186e-214
4.47817e-197
1.90383e-180
1.32234e-184
6.83146e-184
5.73116e-322

2.63332e-230
 3.4161e-194
1.40162e-175
1.49405e-175
7.78961e-175
   1.693e-52

  2.4572e-65
 5.53513e-59
  4.3974e-57
 3.98177e-61
 3.78306e-61
5.73116e-322

3.66164e-68
9.75205e-55
2.47728e-52
2.61496e-52
2.62142e-52
6.12484e-62

1.49959e-143
1.99507e-128
3.53962e-125
1.29912e-128
1.31035e-128
5.73116e-322

2.02682e-152
2.29962e-124
4.81644e-121
4.97779e-121
5.29804e-121
1.01592e-316

1.36661e-208
4.36835e-194
 6.3315e-191
8.94588e-193
1.16002e-192
5.73116e-322

2.24812e-208
6.07252e-192
1.45431e-188
1.90659e-188
2.34795e-188
1.20656e-316

3.76393e-230
5.01955e-206
6.10635e-206
7.54934e-208
9.37506e-208
5.73116e-322

 3.8128e-238
1.78179e-203
2.38885e-203
2.39087e-203
3.14607e-203
6.92927e-310

8.87261e-201
7.44191e-205
2.05716e-177
6.43939e-175
9.21449e-175
5.73116e-322

1.12632e-202
2.85572e-210
4.75172e-173
3.89826e-166
5.88823e-166
 9.45334e-96

3.32544e-176
5.62068e-156
5.88562e-156
3.07365e-158
2.98585e-158
5.73116e-322

5.24179e-176
1.27866e-152
1.47369e-152
4.00767e-152
4.10826e-152
1.31827e-316

 4.75497e-79
 1.10709e-71
 7.30978e-69
 9.03617e-73
 9.84524e-73
5.73116e-322

8.70513e-86
2.49587e-67
4.13484e-64
5.99318e-64
6.89115e-64
8.52434e-96

1.00915e-133
4.58891e-122
7.56277e-118
1.89774e-121
1.87844e-121
5.73116e-322

 1.6776e-143
9.34352e-118
2.02651e-113
2.83087e-113
2.95729e-113
 8.52251e-96

1.22156e-192
3.92977e-173
5.76858e-173
2.99339e-175
3.74849e-175
5.73116e-322

2.91664e-194
3.41024e-170
5.52533e-170
5.68394e-170
7.52384e-170
6.92379e-310

5.90993e-162
9.65842e-146
5.21681e-145
1.16303e-147
 1.3917e-147
5.73116e-322

9.97946e-163
1.86279e-142
1.14269e-141
1.15473e-141
1.45898e-141
 6.9041e-310

 7.0649e-129
1.34227e-131
3.05306e-109
6.18686e-113
8.38604e-113
1.47311e-319

4.93245e-130
7.88832e-136
1.56523e-104
3.44859e-104
4.89215e-104
7.90999e-321

1.41279e-192
6.78432e-197
6.74173e-173
2.69105e-169
2.67066e-169
1.47311e-319

3.88805e-197
1.47424e-202
9.83558e-169
1.51397e-160
1.58678e-160
6.34091e-317

6.34506e-108
 5.20677e-98
  7.3191e-96
 1.99565e-99
 2.06921e-99
1.47311e-319

4.82809e-112
 6.76917e-94
 1.67878e-91
 2.19111e-91
   2.398e-91
3.64126e-321

  3.1264e-86
 3.03505e-78
 4.68165e-75
 4.66536e-79
 4.65245e-79
1.47311e-319

 8.68777e-92
 2.77541e-74
 2.57337e-70
 2.91727e-70
 3.06961e-70
6.89871e-310

1.02298e-149
7.94273e-136
2.99029e-131
9.56966e-135
1.06865e-134
1.47311e-319

1.24256e-158
9.87565e-132
 4.8563e-127
 5.2231e-127
6.15491e-127
6.90003e-310

2.35445e-281
1.16366e-251
8.95831e-251
2.55415e-253
3.37551e-253
1.47311e-319

1.49828e-295
1.89589e-248
1.63638e-247
1.76398e-247
2.46298e-247
7.68467e-317

 1.6425e-193
2.40688e-172
2.26941e-172
5.12601e-174
4.87104e-174
1.47311e-319

1.85601e-193
5.83332e-170
 6.0479e-170
7.57146e-170
7.59234e-170
1.27597e-316

2.19533e-113
1.18041e-114
 3.44816e-97
 2.40464e-99
 1.53575e-98
1.47311e-319

1.21681e-117
1.26741e-127
  1.3413e-92
 3.67317e-90
 2.48473e-89
2.06218e-316

2.35441e-232
4.20483e-232
4.74946e-231
1.34831e-230
3.20361e-230
1.47311e-319

5.73013e-233
2.48293e-248
3.29074e-244
6.15248e-237
2.51331e-237
 1.03879e-95

5.88116e-166
4.13664e-147
1.16351e-144
1.69204e-148
1.66009e-148
1.47311e-319

1.97767e-176
1.20684e-142
4.07302e-140
4.43371e-140
4.59736e-140
7.59379e-321

 1.68398e-77
 5.90219e-69
 2.53121e-61
 1.75743e-65
 1.67048e-65
1.47311e-319

 1.08616e-84
 1.23909e-64
 3.59373e-56
 7.85874e-56
 6.83977e-56
5.68487e-317

1.39357e-181
2.04588e-163
6.92998e-163
1.69359e-165
2.08906e-165
1.47311e-319

5.11776e-188
3.67969e-160
 1.3947e-159
1.41954e-159
1.84919e-159
6.91875e-310

2.02781e-209
5.99115e-195
6.19065e-195
3.15065e-196
3.22768e-196
1.47311e-319

5.60937e-210
2.12549e-193
2.67642e-194
5.62887e-194
5.52087e-194
2.15608e-316

5.88149e-215
8.54337e-193
1.49168e-192
 9.7329e-195
1.18795e-194
1.47311e-319

5.15663e-219
5.74472e-190
1.10877e-189
1.11281e-189
1.43619e-189
 8.53162e-96

           0
1.72209e-294
 2.7588e-293
1.52819e-295
2.32477e-295
1.47311e-319

           0
 5.8825e-291
1.07088e-289
4.79587e-289
7.64903e-289
 2.21298e-52

2.74159e-185
 1.7224e-167
1.05319e-166
2.43411e-169
2.97983e-169
1.47311e-319

4.47474e-185
3.40533e-164
2.34301e-163
 2.4937e-163
3.22371e-163
 6.9415e-310

3.23628e-246
3.73832e-222
1.48578e-221
7.06527e-224
8.46938e-224
1.47311e-319

8.48143e-256
3.44692e-219
1.52499e-218
1.54031e-218
1.95102e-218
 2.0802e-316

1.85106e-212
7.45037e-190
1.87534e-189
6.46513e-191
6.54537e-191
1.47311e-319

5.92647e-217
 1.1841e-187
3.35873e-187
4.32824e-187
4.63427e-187
7.35664e-321

3.43375e-143
1.11344e-129
3.69307e-128
5.31592e-131
5.77833e-131
1.47311e-319

1.55072e-149
3.33469e-126
1.29198e-124
1.34645e-124
1.54473e-124
1.41735e+295

8.22206e-265
 4.0752e-219
4.97842e-207
 2.1376e-211
2.53409e-211
1.47311e-319

2.27279e-272
3.81679e-215
2.70943e-201
1.36248e-200
1.70022e-200
 8.06343e-96

5.21031e-166
4.46436e-147
5.76766e-145
4.01703e-148
5.08296e-148
1.47311e-319

3.94785e-169
3.23241e-143
4.80309e-141
5.76777e-141
7.70278e-141
 4.42407e-86

9.59221e-176
9.68071e-158
1.03702e-157
8.92158e-160
 1.0313e-159
1.47311e-319

9.13893e-176
5.97735e-155
7.05215e-155
8.55607e-155
 1.0455e-154
 4.02191e-86

1.60792e-143
3.91871e-127
5.03965e-127
6.71843e-129
6.88619e-129
1.47311e-319

2.16605e-143
1.31119e-124
1.85924e-124
1.89276e-124
2.04972e-124
4.35272e-321

2.10759e-161
8.47896e-146
1.83832e-145
 7.6317e-148
1.66515e-147
1.47311e-319

1.62959e-164
3.20384e-142
5.82668e-142
2.63164e-141
6.50789e-141
5.93373e-321

1.27331e-211
2.23387e-190
3.22341e-190
2.77687e-192
3.18535e-192
1.47311e-319

7.16935e-214
1.23201e-187
1.96304e-187
2.13308e-187
2.58678e-187
6.64518e-321

2.85127e-219
 7.3363e-200
8.70389e-199
8.60666e-201
9.62861e-201
1.47311e-319

1.03148e-220
3.92788e-197
5.83642e-196
8.33476e-196
9.88939e-196
8.96531e-317

1.79328e-131
1.48114e-113
1.39638e-110
2.14323e-114
2.31469e-114
1.47311e-319

4.04682e-139
4.56346e-109
7.79686e-106
1.42506e-105
1.63037e-105
  5.0273e-86

1.07436e-129
1.58348e-124
2.78291e-111
4.97838e-115
7.30116e-115
1.47311e-319

4.03389e-132
 5.9249e-121
1.48802e-106
2.97461e-106
4.60937e-106
8.90257e-317

4.61341e-157
2.57277e-141
3.05379e-141
1.05895e-143
1.35586e-143
1.47311e-319

6.18417e-157
3.25751e-138
4.25712e-138
4.25875e-138
5.76157e-138
 1.08633e-95

6.19817e-202
8.13645e-181
8.40503e-181
2.28491e-182
2.43603e-182
1.47311e-319

1.15004e-204
1.31454e-178
1.49587e-178
1.49772e-178
1.69181e-178
1.84969e-316

1.61423e-247
6.58157e-223
1.26099e-222
6.71426e-225
8.75397e-225
1.47311e-319

 1.3315e-250
5.40199e-220
 1.1448e-219
1.14513e-219
1.57877e-219
6.91657e-310

 4.91895e-92
 1.03803e-82
 2.24398e-81
 6.13102e-85
 5.95883e-85
1.47311e-319

8.71729e-99
1.43933e-78
4.25525e-77
4.56233e-77
4.67943e-77
5.39843e-62

2.11633e-105
5.43226e-110
 1.85286e-91
 4.06242e-94
  9.3109e-94
1.47311e-319

2.14708e-105
1.84493e-115
 3.00901e-86
 3.01243e-84
 7.30579e-84
6.91121e-310

8.92052e-206
4.46141e-183
8.50058e-180
1.91653e-183
2.00261e-183
1.47311e-319

3.23976e-221
6.90591e-179
1.84166e-175
1.86165e-175
2.05275e-175
 6.9489e-310

8.21098e-203
4.52866e-183
2.14153e-181
5.74577e-184
6.08463e-184
1.47311e-319

1.54569e-209
6.48766e-180
3.85916e-178
3.86111e-178
 4.3161e-178
 1.18015e-95

2.43326e-233
3.09148e-210
1.80629e-209
7.02065e-212
 9.0258e-212
1.47311e-319

1.64908e-235
3.41079e-207
2.26054e-206
2.27543e-206
3.09146e-206
1.78757e-316

6.51701e-204
5.15401e-186
 3.4847e-184
3.70059e-186
3.56066e-186
1.47311e-319

4.19807e-204
1.88819e-183
1.73035e-181
 1.8904e-181
1.91963e-181
2.14899e-316

1.00722e-195
2.68247e-182
 3.2569e-174
 9.4044e-176
9.16589e-176
1.47311e-319

1.40052e-197
2.69917e-181
5.52067e-170
6.00566e-168
6.17686e-168
6.91712e-310

1.07754e-138
1.55159e-121
5.38372e-117
4.12973e-121
5.31147e-121
1.47311e-319

4.07342e-150
4.07566e-117
5.42697e-112
8.78287e-112
1.19298e-111
9.42884e-317

1.20538e-138
5.33775e-125
1.04086e-122
5.63777e-126
5.69945e-126
1.47311e-319

1.77281e-146
4.97338e-121
1.21278e-118
1.58426e-118
1.69004e-118
5.06417e-321

8.68487e-193
1.55023e-173
1.29144e-172
2.87693e-175
3.69712e-175
1.47311e-319

1.58809e-194
2.91073e-170
2.80466e-169
2.80779e-169
3.81077e-169
8.69209e-317

 6.6593e-131
6.38974e-116
1.14021e-115
2.03515e-118
2.41469e-118
1.47311e-319

1.10825e-131
3.60176e-112
7.39642e-112
1.80693e-111
 2.2628e-111
  1.1796e-95

6.30534e-276
3.15607e-244
1.07116e-243
1.61694e-245
2.05421e-245
1.47311e-319

1.31127e-291
1.72482e-241
6.72852e-241
1.35886e-240
1.82747e-240
 3.41868e-86

5.79829e-232
1.26094e-209
2.54378e-209
7.53663e-212
8.89913e-212
1.47311e-319

6.25652e-243
2.08728e-206
4.64591e-206
 5.2041e-206
6.48874e-206
1.91547e-316

1.86101e-266
1.85246e-219
1.60938e-217
3.32369e-221
7.17647e-221
1.47311e-319

3.69956e-276
2.87974e-215
3.65364e-213
3.84929e-213
8.32192e-213
 8.51519e-96

1.86004e-173
2.75768e-159
1.53229e-144
2.29247e-148
2.22059e-148
1.47311e-319

1.54394e-187
5.40448e-157
1.73755e-139
6.10969e-139
6.24489e-139
  1.0856e-95

1.22163e-132
4.84954e-121
2.25966e-117
6.86173e-121
7.87833e-121
1.47311e-319

4.57281e-136
7.45382e-117
5.81783e-113
9.49214e-113
1.15083e-112
5.06417e-321

1.21195e-203
6.01194e-184
 8.0787e-184
3.54556e-186
4.41169e-186
1.47311e-319

1.83862e-205
6.12116e-181
9.06724e-181
9.24341e-181
1.21542e-180
1.47085e-316

2.53301e-186
5.08769e-168
5.58751e-167
1.12522e-169
1.21591e-169
1.47311e-319

3.47534e-191
1.06516e-164
1.34098e-163
1.34112e-163
 1.5297e-163
6.91113e-310

8.79799e-137
2.89147e-123
2.28614e-122
3.32761e-125
3.49263e-125
1.47311e-319

1.08841e-142
8.78289e-120
7.75821e-119
7.93053e-119
8.78486e-119
6.91158e-310

1.57496e-203
1.18293e-183
2.22266e-183
8.32428e-186
8.83957e-186
1.47311e-319

 5.4141e-213
2.00665e-180
4.18673e-180
6.12043e-180
6.86052e-180
 1.7228e-316

1.00842e-124
1.29917e-114
8.13296e-111
3.75112e-114
4.97184e-114
1.47311e-319

2.59489e-132
2.39398e-110
 1.9429e-106
4.49302e-106
6.28931e-106
 7.71975e-43

 5.52582e-90
 9.47766e-81
  1.3143e-77
 1.10629e-81
 1.20529e-81
1.47311e-319

 1.98177e-97
 1.73884e-76
  1.0123e-72
 1.35924e-72
 1.56288e-72
4.03652e-321

2.85946e-130
 1.9075e-134
1.38061e-110
2.58442e-114
3.78979e-114
1.47311e-319

1.47761e-133
6.20049e-134
1.38301e-105
6.89449e-105
1.08518e-104
 3.82084e-86

4.15977e-154
5.19848e-139
4.02255e-138
7.85541e-141
9.82088e-141
1.47311e-319

5.63934e-160
1.11063e-135
9.95551e-135
9.95595e-135
1.31446e-134
 7.59164e-96

8.85625e-166
 1.5227e-149
6.03649e-149
1.56996e-151
1.77057e-151
1.47311e-319

7.51822e-166
2.51339e-146
1.12211e-145
1.12259e-145
1.33666e-145
5.06417e-321

3.94886e-186
1.49277e-165
1.47254e-165
2.85396e-167
2.89788e-167
1.47311e-319

8.73351e-189
3.39023e-163
3.67955e-163
 3.6877e-163
3.95776e-163
6.75945e-317

1.26077e-206
3.81814e-185
6.02544e-185
1.30298e-186
1.44516e-186
1.47311e-319

3.33529e-213
 7.7015e-183
1.34744e-182
1.34839e-182
1.58488e-182
1.61312e-316

  3.9753e-77
 4.02443e-70
 2.32376e-68
 5.60133e-72
 6.25067e-72
1.47311e-319

1.01534e-78
7.99058e-66
5.90714e-64
7.56245e-64
8.91478e-64
1.17661e-47

5.39934e-149
3.15892e-131
 1.0783e-130
4.14337e-133
4.08685e-133
1.47311e-319

2.03306e-150
9.78802e-128
3.99023e-127
1.18073e-126
1.22897e-126
6.64518e-321

2.68192e-219
1.21796e-196
1.83179e-196
1.42573e-198
2.04224e-198
1.47311e-319

3.87212e-230
7.01978e-194
1.16593e-193
1.19556e-193
1.81418e-193
7.27759e-321

7.98143e-147
8.88114e-132
2.62129e-131
4.02335e-134
 4.5752e-134
1.47311e-319

2.94464e-148
2.51494e-128
8.26745e-128
8.28207e-128
9.94147e-128
 8.05983e-96

 4.06572e-81
 6.35441e-73
 5.66677e-71
 9.03356e-75
 9.84759e-75
1.47311e-319

5.30244e-83
2.00387e-68
2.27378e-66
3.02293e-66
3.47925e-66
6.74789e-67

4.73315e-108
8.61948e-107
 1.01864e-92
 1.58382e-94
 1.42152e-93
1.47311e-319

6.75812e-108
4.86083e-117
 2.71677e-90
 1.74034e-88
 3.05808e-87
1.16263e+295

