P1: 
7.653e-269
0
7.653e-269
1.00862e-155
7.37858e-158
1.86506e-107
6.7941e-35
1.87765e-50
1.15252e-162
2.75198e-286
6.99388e-186
3.56401e-222
1.67367e-60
1.7154e-80
7.5146e-137
1.83127e-135
9.64182e-180
3.63871e-227
2.77672e-186
1.4127e-144
2.99634e-64
6.55739e-117
1.3341e-206
5.11021e-262
8.74556e-224
2.33397e-150
2.36787e-94
1.32875e-63
6.72206e-175
4.42406e-240
5.94956e-168
2.95168e-198
2.3143e-230
6.64059e-74
1.91939e-129
6.42534e-189
4.03115e-222
1.55949e-144
1.14645e-199
2.97079e-118
1.22219e-69
2.71035e-134
4.81757e-161
2.82769e-194
1.61516e-186
2.65658e-300
7.36864e-110
8.02625e-126
1.42783e-156
1.04494e-188
6.34591e-164
1.3354e-248
1.62268e-138
7.90847e-146
5.95592e-146
1.94899e-157
4.7431e-189
4.63027e-231
1.92967e-143
4.39163e-85
1.80611e-205
3.57068e-59
6.42401e-156
3.73671e-195
1.46642e-167
3.32896e-228
1.9007e-65
1.02958e-116
9.62539e-146
4.95138e-163
2.26934e-204
6.39614e-268
3.47793e-99
4.2272e-38
7.76532e-84
1.513e-105
1.25298e-127
8.91798e-230
3.57217e-170
2.90153e-226
7.02102e-41
8.72625e-89
1.15142e-170
8.81524e-136
2.34868e-181
7.66797e-136
1.90383e-180
4.3974e-57
3.53962e-125
6.3315e-191
6.10635e-206
2.05716e-177
5.88562e-156
7.30978e-69
7.56277e-118
5.76858e-173
5.21681e-145
3.05306e-109
6.74173e-173
7.3191e-96
4.68165e-75
2.99029e-131
8.95831e-251
2.26941e-172
3.44816e-97
4.74946e-231
1.16351e-144
2.53121e-61
6.92998e-163
6.19065e-195
1.49168e-192
2.7588e-293
1.05319e-166
1.48578e-221
1.87534e-189
3.69307e-128
4.97842e-207
5.76766e-145
1.03702e-157
5.03965e-127
1.83832e-145
3.22341e-190
8.70389e-199
1.39638e-110
2.78291e-111
3.05379e-141
8.40503e-181
1.26099e-222
2.24398e-81
1.85286e-91
8.50058e-180
2.14153e-181
1.80629e-209
3.4847e-184
3.2569e-174
5.38372e-117
1.04086e-122
1.29144e-172
1.14021e-115
1.07116e-243
2.54378e-209
1.60938e-217
1.53229e-144
2.25966e-117
8.0787e-184
5.58751e-167
2.28614e-122
2.22266e-183
8.13296e-111
1.3143e-77
1.38061e-110
4.02255e-138
6.03649e-149
1.47254e-165
6.02544e-185
2.32376e-68
1.0783e-130
1.83179e-196
2.62129e-131
5.66677e-71
1.01864e-92
