P2:
3.83779e-252
4.99219e-264
7.16732e-237
3.52584e-234
2.47033e-323
0
2.02767e-260
0
0
1.23146e-141
4.47401e-124
2.33883e-228
1.79705e-171
6.77079e-214
0
0
2.89958e-157
0
0
8.80036e-141
8.92935e-272
2.37609e-218
1.48446e-225
4.52069e-196
0
5.49754e-119
0
2.02621e-159
3.07207e-279
6.90151e-283
7.7753e-195
0
2.81716e-200
1.34592e-201
2.79595e-138
6.25465e-158
5.06185e-183
0
0
2.05089e-287
0
8.52589e-250
4.62875e-157
3.36739e-202
6.88677e-136
2.26199e-205
1.45887e-200
5.09454e-310
0
0
5.05362e-214
0
0
2.16446e-144
7.19222e-126
1.5841e-196
3.38469e-156
3.53381e-132
0
0
5.8789e-254
0
0
1.11944e-199
4.86098e-206
4.42325e-133
2.38308e-152
0
0
0
6.16485e-319
6.16485e-319
6.97138e-218
2.09492e-184
7.69697e-285
3.49991e-184
1.02911e-131
0
5.45608e-312
0
8.15205e-312
8.15205e-312
1.35698e-229
6.24287e-106
5.21909e-310
0
0
0
2.99068e-252
2.99068e-252
2.08755e-134
1.35278e-181
1.62827e-232
1.59318e-104
0
5.4199e-321
2.48346e-257
4.59917e-259
9.69482e-198
5.18734e-170
1.03763e-147
3.57616e-144
1.00092e-101
5.89118e-167
0
0
1.3046e-246
0
2.13659e-316
1.46406e-163
0
1.72114e-86
2.4397e-320
0
2.34836e-194
3.16382e-189
4.5774e-119
0
0
0
0
0
0
6.38594e-277
0
1.56881e-300
1.82099e-125
1.72817e-179
7.24866e-273
0
0
0
2.69727e-212
2.69727e-212
2.9686e-186
6.56481e-205
6.31495e-186
1.33032e-143
0
0
0
6.67886e-121
6.30862e-253
2.77367e-313
3.17659e-205
1.35215e-127
3.05347e-122
1.69703e-141
0
0
0
0
7.73706e-267
5.07061e-306
1.50983e-185
1.3747e-168
4.08092e-177
0
6.44394e-202
0
0
0
1.12635e-126
4.35294e-160
1.77395e-164
0
0
1.42988e-222
8.65221e-169
9.59579e-230
3.28637e-311
2.63433e-138
1.72526e-148
1.89296e-139
6.90132e-243
0
0
2.74329e-281
0
1.06784e-258
1.33336e-153
6.36598e-125
5.1e-170
1.77566e-163
0
1.58063e-240
0
5.98489e-280
6.28806e-87
2.41697e-179
9.68417e-179
3.2367e-90
0
0
3.90946e-246
0
1.50986e-320
0
0
1.64335e-116
1.88896e-138
2.99654e-112
0
1.31872e-142
0
0
0
3.96121e-118
2.16031e-164
2.19905e-117
8.87902e-179
9.33249e-160
1.51223e-311
0
0
2.80142e-141
1.37062e-285
8.77483e-205
1.56956e-313
1.15746e-297
1.10652e-283
3.36552e-178
2.10127e-151
1.18247e-239
3.45447e-275
6.55022e-206
0
0
1.37609e-230
0
1.60126e-237
1.00556e-188
2.71549e-294
4.14294e-225
0
1.3458e-247
0
