P1: 
1.98266e-303
9.35154e-270
  7.653e-269
3.11672e-271
8.72351e-271
           0

1.43645e-315
1.04613e-266
9.71837e-266
1.04085e-265
 3.0911e-265
  9.322e-317

0
0
0
0
0
0

          0
          0
          0
          0
          0
8.60961e-43

1.98266e-303
9.35154e-270
  7.653e-269
3.11672e-271
8.72351e-271
           0

1.43645e-315
1.04613e-266
9.71837e-266
1.04085e-265
 3.0911e-265
 1.0006e-316

5.12687e-175
1.65618e-160
1.00862e-155
1.99039e-158
2.57664e-158
           0

2.25732e-184
5.01558e-157
5.37262e-152
1.19495e-151
1.63406e-151
1.47895e-316

1.32997e-180
1.24545e-160
7.37858e-158
1.23527e-160
1.22397e-160
           0

2.28948e-192
3.16235e-157
2.22731e-154
2.32943e-154
2.43569e-154
 4.22299e-86

1.93484e-128
2.41527e-114
1.86506e-107
7.63097e-111
9.03987e-110
           0

1.64385e-131
1.25145e-111
2.25854e-103
 2.2806e-103
2.93436e-102
7.43569e-321

2.77376e-41
1.81621e-38
 6.7941e-35
4.76985e-39
4.68239e-39
          0

 3.52165e-44
 3.93661e-35
 4.94074e-30
 5.21982e-30
 5.40745e-30
1.34386e-321

1.96077e-60
9.22684e-59
1.87765e-50
7.32401e-55
7.06418e-55
          0

4.07576e-63
3.27846e-56
2.62672e-45
2.96663e-45
3.01921e-45
8.51519e-96

1.96762e-182
3.70404e-163
1.15252e-162
3.19771e-165
4.52206e-165
           0

8.41611e-187
5.92397e-160
2.06762e-159
2.12999e-159
3.18293e-159
6.92433e-310

1.16131e-312
3.22951e-287
2.75198e-286
3.93759e-288
  8.517e-288
5.73116e-322

5.15393e-313
3.95669e-285
3.72507e-284
2.07223e-284
4.34757e-284
6.91699e-310

5.10694e-211
7.43721e-187
6.99388e-186
2.38256e-188
2.90227e-188
5.73116e-322

5.06694e-215
1.17185e-183
1.28888e-182
 1.6768e-182
2.15712e-182
1.60969e+295

9.83328e-248
2.41976e-222
3.56401e-222
9.14288e-225
8.99737e-225
5.73116e-322

1.40954e-254
4.15605e-219
6.73546e-219
6.75726e-219
7.01751e-219
1.88735e-316

 8.17128e-77
 3.66173e-71
 1.67367e-60
 2.35639e-65
 2.32293e-65
5.73116e-322

 5.01851e-82
 9.86852e-74
 5.89579e-55
  6.0511e-55
 6.29777e-55
5.77563e-321

 4.76594e-96
 1.12936e-83
  1.7154e-80
 4.98718e-84
 6.73689e-84
5.73116e-322

8.70715e-103
 1.61919e-79
 3.81783e-76
 5.11768e-76
 7.29558e-76
5.06417e-321

1.73845e-157
4.36917e-143
 7.5146e-137
2.38433e-140
2.39265e-140
5.73116e-322

4.04062e-166
5.85785e-139
1.22319e-132
1.30871e-132
1.38599e-132
1.72746e-316

 3.6626e-156
4.15551e-144
1.83127e-135
3.18396e-139
1.29589e-138
5.73116e-322

2.83697e-163
9.85371e-142
5.28273e-131
5.50685e-131
2.37015e-130
8.14714e-321

 3.7274e-202
6.22401e-180
9.64182e-180
4.47121e-182
6.29539e-182
5.73116e-322

1.15283e-203
5.95098e-177
1.01767e-176
1.03081e-176
1.53507e-176
 3.61976e-86

2.27234e-254
1.46408e-227
3.63871e-227
1.55582e-229
1.87622e-229
5.73116e-322

3.05703e-254
1.53664e-224
4.21691e-224
4.32459e-224
5.50991e-224
6.91135e-310

4.36931e-206
2.82854e-188
2.77672e-186
1.74359e-188
  2.203e-188
5.73116e-322

1.69568e-213
2.97477e-185
 4.1705e-183
8.23191e-183
1.09909e-182
1.54168e-316

2.36798e-164
2.87745e-149
 1.4127e-144
5.96526e-148
5.88143e-148
5.73116e-322

2.14535e-173
2.33761e-145
1.63565e-140
1.65481e-140
1.72162e-140
8.23071e-317

 5.59522e-73
 3.42414e-65
 2.99634e-64
 4.51635e-68
 4.29655e-68
5.73116e-322

 2.22442e-75
 8.14899e-61
 9.69987e-60
 9.79411e-60
  9.8327e-60
6.90045e-310

1.82075e-137
1.40178e-133
6.55739e-117
5.10837e-121
5.26254e-121
5.73116e-322

5.31034e-138
1.14496e-131
4.13896e-112
4.21147e-112
4.57801e-112
 1.13388e-95

7.53952e-225
2.45035e-209
 1.3341e-206
9.61538e-204
4.74395e-203
5.73116e-322

3.62471e-227
1.86033e-207
1.76306e-204
1.38402e-196
7.23802e-196
5.81663e-317

3.58736e-276
1.28926e-262
5.11021e-262
5.55964e-263
2.06451e-261
5.73116e-322

1.26602e-277
8.30308e-263
3.38861e-262
2.03869e-263
1.44021e-260
9.23465e-317

1.05959e-245
1.73157e-224
8.74556e-224
1.64694e-225
1.64171e-225
5.73116e-322

1.46254e-245
3.08921e-222
1.95209e-221
1.90046e-221
1.80201e-221
7.43569e-321

 8.0192e-169
3.06175e-152
2.33397e-150
2.61289e-153
2.61885e-153
5.73116e-322

6.80001e-178
1.14937e-148
1.00753e-146
1.00756e-146
1.06567e-146
6.93129e-310

3.11459e-109
 4.67883e-99
 2.36787e-94
 2.30363e-98
 2.61766e-98
5.73116e-322

1.09663e-115
 1.10005e-94
 1.49813e-89
 1.91029e-89
 2.29114e-89
6.93196e-310

   8.847e-73
 1.47159e-66
 1.32875e-63
 1.26993e-67
 1.24038e-67
5.73116e-322

6.20739e-78
1.25541e-62
6.73341e-59
6.74826e-59
6.95507e-59
8.51882e-96

1.57454e-201
1.88902e-176
6.72206e-175
2.16154e-178
 2.0836e-178
5.73116e-322

2.79619e-216
2.99632e-172
1.26414e-170
1.58284e-170
1.60998e-170
 7.58802e-96

6.82886e-268
1.28885e-240
4.42406e-240
   1.73e-242
2.07738e-242
5.73116e-322

2.22888e-280
1.47367e-237
5.59513e-237
5.72663e-237
7.26425e-237
9.57005e-321

1.20525e-187
1.15721e-169
5.94956e-168
1.17588e-170
1.31498e-170
5.73116e-322

8.45269e-194
2.52048e-166
1.55124e-164
1.65452e-164
1.95311e-164
 6.9315e-310

3.33805e-221
 1.1007e-198
2.95168e-198
2.44675e-200
2.66166e-200
5.73116e-322

1.16124e-223
6.19108e-196
1.84179e-195
 1.9727e-195
2.26742e-195
7.19854e-321

1.35445e-261
3.11417e-233
 2.3143e-230
5.41159e-230
8.36714e-230
5.73116e-322

6.47594e-262
1.08804e-230
  1.665e-226
1.00818e-222
1.65167e-222
 4.06173e-86

 8.19394e-87
 4.33647e-78
 6.64059e-74
 3.51225e-78
 3.37914e-78
5.73116e-322

8.81308e-92
7.96965e-74
 6.3026e-69
8.00212e-69
8.08929e-69
1.13315e-95

2.10659e-148
1.80711e-138
1.91939e-129
8.57522e-134
8.55733e-134
5.73116e-322

6.89323e-159
 3.3408e-135
1.62398e-124
2.24636e-124
2.24126e-124
 1.08615e-95

3.00486e-211
5.74436e-189
6.42534e-189
1.31247e-190
1.86886e-190
5.73116e-322

4.39518e-211
2.88042e-185
3.19499e-185
1.11729e-183
1.68307e-183
8.93105e-317

4.70807e-247
3.24055e-227
4.03115e-222
5.27948e-225
6.33124e-225
5.73116e-322

2.54527e-259
2.18732e-224
1.79296e-218
 2.1638e-218
2.73908e-218
 6.9175e-317

1.03656e-163
1.14561e-149
1.55949e-144
1.24921e-147
1.19378e-147
5.73116e-322

6.17829e-170
1.54946e-147
2.10052e-140
4.70454e-140
4.74389e-140
5.92975e-317

2.42545e-222
1.61896e-201
1.14645e-199
1.79697e-202
1.97435e-202
5.73116e-322

2.19403e-233
4.36654e-198
3.53884e-196
  3.543e-196
4.10885e-196
 4.02191e-86

2.79179e-139
1.46963e-122
2.97079e-118
1.68643e-121
2.87997e-121
5.73116e-322

2.62626e-149
 1.8165e-118
9.12318e-114
3.68448e-113
6.66388e-113
7.59379e-321

 2.50353e-72
 4.17382e-73
 1.22219e-69
 4.62109e-74
 1.08502e-72
5.73116e-322

 1.40008e-72
 1.17854e-70
 5.99895e-67
 2.59573e-67
 1.72223e-67
6.91421e-310

 3.4426e-158
1.42703e-148
2.71035e-134
2.81788e-138
2.95545e-138
5.73116e-322

1.92889e-160
1.47228e-145
1.34269e-129
1.43392e-129
1.58793e-129
1.01291e-316

1.79902e-179
3.43008e-162
4.81757e-161
9.25058e-164
9.82917e-164
5.73116e-322

3.02493e-183
7.59806e-159
1.22763e-157
1.24305e-157
 1.3941e-157
5.77563e-321

 1.1994e-215
 5.1332e-195
2.82769e-194
4.64025e-196
4.50027e-196
5.73116e-322

3.06028e-219
1.38157e-192
8.58173e-192
8.84952e-192
9.06035e-192
1.58115e-316

3.83721e-207
 1.0201e-186
1.61516e-186
5.61955e-189
6.54493e-189
5.73116e-322

8.01813e-209
1.31037e-183
2.28804e-183
2.33378e-183
2.87062e-183
1.46519e-316

           0
5.56962e-301
2.65658e-300
6.82784e-303
6.76806e-303
5.73116e-322

           0
 1.2169e-297
6.47589e-297
8.40198e-297
8.78895e-297
6.92159e-310

3.79664e-139
1.74444e-116
7.36864e-110
8.90106e-114
1.77718e-113
5.73116e-322

2.88896e-147
  1.893e-111
2.26387e-104
2.06123e-103
4.39803e-103
 1.03988e-95

1.59887e-144
1.47728e-131
8.02625e-126
1.62625e-129
1.80743e-129
5.73116e-322

5.53385e-152
3.04108e-127
1.93268e-121
1.95137e-121
 2.2892e-121
6.94656e-310

7.98417e-176
3.70609e-157
1.42783e-156
2.65219e-159
3.24616e-159
5.73116e-322

9.50181e-176
8.62248e-154
3.71749e-153
3.72037e-153
 4.8078e-153
  6.899e-310

1.12446e-210
5.69943e-189
1.04494e-188
 4.0709e-191
5.05366e-191
5.73116e-322

1.06099e-213
6.42141e-186
1.29973e-185
1.30333e-185
1.70949e-185
 3.41868e-86

1.53786e-182
1.72033e-164
6.34591e-164
1.31358e-166
1.54846e-166
5.73116e-322

4.77451e-191
3.80819e-161
1.57182e-160
1.66787e-160
2.07576e-160
6.92551e-310

1.25299e-274
3.73671e-249
 1.3354e-248
 9.9209e-251
1.09035e-250
5.73116e-322

5.31693e-285
2.45093e-246
1.01324e-245
 1.1968e-245
1.39193e-245
1.34885e-316

5.26482e-163
1.90009e-141
1.62268e-138
3.09024e-142
4.31161e-142
5.73116e-322

6.69382e-171
5.86635e-137
9.34219e-134
2.19176e-133
3.23705e-133
 9.0167e-321

1.55499e-175
2.09245e-155
7.90847e-146
2.09735e-149
3.20172e-149
5.73116e-322

9.45742e-187
1.94192e-151
6.41715e-141
3.25661e-140
5.28381e-140
6.93977e-310

5.10776e-166
3.41931e-151
5.95592e-146
1.92707e-149
2.13952e-149
5.73116e-322

4.18135e-177
4.03156e-147
 1.1239e-141
1.42113e-141
1.66509e-141
6.80328e-321

8.82334e-175
1.58309e-160
1.94899e-157
3.32729e-158
1.38378e-157
5.73116e-322

7.73999e-179
9.45967e-159
3.12602e-154
 1.5028e-150
7.22065e-150
  5.0273e-86

1.14257e-214
 7.1361e-191
 4.7431e-189
4.45371e-192
4.22471e-192
5.73116e-322

1.65252e-222
4.88973e-187
3.86879e-185
6.13405e-185
6.13975e-185
1.53887e-316

3.53336e-257
1.15759e-231
4.63027e-231
2.28083e-233
 2.8698e-233
5.73116e-322

2.02654e-269
 1.0629e-228
4.72322e-228
  4.912e-228
6.53292e-228
2.03265e-316

5.62269e-163
6.96251e-150
1.92967e-143
4.92376e-147
8.36872e-147
5.73116e-322

1.90041e-168
5.36529e-146
3.75358e-139
3.85516e-139
6.91673e-139
8.02024e-317

 2.92536e-99
  9.9959e-87
 4.39163e-85
 3.67402e-88
 3.85613e-88
5.73116e-322

4.75912e-107
 6.62508e-83
 3.70047e-81
  5.4064e-81
 5.98886e-81
   4.183e-62

3.03412e-236
5.00633e-211
1.80611e-205
4.33109e-209
4.93227e-209
5.73116e-322

 1.9503e-255
4.40299e-207
3.78448e-201
3.93515e-201
4.72891e-201
1.65465e-316

 1.47439e-68
 3.67741e-61
 3.57068e-59
 4.04719e-63
 4.08559e-63
5.73116e-322

3.81911e-69
8.39976e-57
1.56842e-54
1.61618e-54
1.72152e-54
9.34865e-67

7.39294e-175
4.13758e-156
6.42401e-156
3.56491e-158
4.70643e-158
5.73116e-322

1.00536e-174
4.62933e-153
7.97525e-153
1.14056e-152
1.59157e-152
1.36784e-316

2.19503e-216
2.06057e-195
3.73671e-195
1.12719e-197
1.26371e-197
5.73116e-322

1.28766e-218
3.00652e-192
6.01797e-192
6.05003e-192
7.16159e-192
1.03539e+295

4.28301e-189
1.55544e-167
1.46642e-167
3.68529e-169
3.60602e-169
5.73116e-322

1.26198e-191
2.76606e-165
2.86789e-165
2.91837e-165
3.01623e-165
7.65193e-317

2.11602e-254
4.40424e-229
3.32896e-228
 6.7457e-231
 7.7758e-231
5.73116e-322

1.94468e-266
1.02281e-225
8.63591e-225
9.39571e-225
1.14336e-224
1.48197e+295

 2.57914e-75
 6.72158e-68
  1.9007e-65
  1.2556e-69
 1.19833e-69
5.73116e-322

 3.43771e-80
 9.56212e-64
 1.39117e-60
 1.39192e-60
 1.40206e-60
2.77171e-321

8.28238e-136
2.03879e-139
1.02958e-116
1.31468e-120
2.27475e-120
5.73116e-322

3.07498e-137
2.80775e-136
3.59704e-112
3.64186e-112
6.80672e-112
6.72423e-321

3.88135e-164
4.42988e-146
9.62539e-146
1.98062e-147
2.07522e-147
5.73116e-322

2.76441e-169
9.58308e-144
2.32375e-143
2.39044e-143
2.64957e-143
5.22227e-321

8.59142e-184
  7.095e-164
4.95138e-163
6.44182e-166
2.47526e-165
5.73116e-322

1.05925e-193
2.35979e-160
1.88912e-159
1.94038e-159
7.89556e-159
7.17639e-317

1.03304e-228
7.27414e-205
2.26934e-204
9.06313e-207
8.76224e-207
5.73116e-322

1.51006e-236
8.71361e-202
3.01893e-201
3.32054e-201
3.38774e-201
8.06809e-321

5.52647e-298
4.38599e-268
6.39614e-268
2.06053e-270
2.34224e-270
5.73116e-322

8.48307e-302
6.70945e-265
1.07847e-264
1.21279e-264
1.45563e-264
8.05297e-317

1.07313e-117
1.09837e-101
 3.47793e-99
1.64092e-103
1.69158e-103
5.73116e-322

7.38845e-125
 4.37908e-97
 3.97509e-94
 4.43706e-94
 4.81848e-94
6.44579e-317

 2.18177e-46
 3.48963e-41
  4.2272e-38
 3.85761e-42
 3.71823e-42
5.73116e-322

1.84324e-50
5.23219e-37
2.24111e-33
2.24373e-33
2.28158e-33
4.27633e-33

 9.05198e-96
 8.77672e-87
 7.76532e-84
 1.10546e-87
 1.05133e-87
5.73116e-322

5.19162e-101
 1.08679e-82
 2.72981e-79
 2.82698e-79
 2.83688e-79
3.48316e-321

2.03447e-120
2.30509e-108
  1.513e-105
4.74417e-109
4.66922e-109
5.73116e-322

5.95769e-128
2.71507e-104
2.34947e-101
2.36723e-101
2.45851e-101
   9.468e-96

4.53235e-143
1.65976e-129
1.25298e-127
  1.754e-130
 2.2429e-130
5.73116e-322

1.50834e-148
5.29086e-126
5.16805e-124
6.18239e-124
8.34689e-124
 1.83053e-76

3.72852e-256
3.30855e-230
8.91798e-230
2.00584e-232
2.00704e-232
5.73116e-322

1.31296e-268
6.45418e-227
1.91793e-226
 1.9198e-226
2.02726e-226
1.35323e+295

2.65101e-191
 2.8137e-171
3.57217e-170
3.59256e-172
4.39756e-172
5.73116e-322

3.93525e-197
1.27548e-168
1.99963e-167
2.33543e-167
3.02509e-167
   2.03e-316

5.39183e-250
1.47092e-227
2.90153e-226
4.52069e-228
4.38506e-228
5.73116e-322

4.81751e-250
 4.2519e-225
9.62481e-224
1.03204e-223
1.05687e-223
7.83094e-321

 1.98008e-50
 2.13654e-41
 7.02102e-41
 8.14051e-44
 7.76175e-44
5.73116e-322

2.64727e-53
8.48426e-38
3.17263e-37
3.44014e-37
3.46111e-37
1.79576e-52

1.43938e-104
 1.94123e-95
 8.72625e-89
 9.40749e-93
 1.08552e-92
5.73116e-322

   8.33e-112
 1.07184e-92
  9.5456e-84
 2.33819e-83
 2.84761e-83
6.92077e-310

