P1: 
3.11672e-271
0
3.11672e-271
1.99039e-158
1.23527e-160
7.63097e-111
4.76985e-39
7.32401e-55
3.19771e-165
3.93759e-288
2.38256e-188
9.14288e-225
2.35639e-65
4.98718e-84
2.38433e-140
3.18396e-139
4.47121e-182
1.55582e-229
1.74359e-188
5.96526e-148
4.51635e-68
5.10837e-121
9.61538e-204
5.55964e-263
1.64694e-225
2.61289e-153
2.30363e-98
1.26993e-67
2.16154e-178
1.73e-242
1.17588e-170
2.44675e-200
5.41159e-230
3.51225e-78
8.57522e-134
1.31247e-190
5.27948e-225
1.24921e-147
1.79697e-202
1.68643e-121
4.62109e-74
2.81788e-138
9.25058e-164
4.64025e-196
5.61955e-189
6.82784e-303
8.90106e-114
1.62625e-129
2.65219e-159
4.0709e-191
1.31358e-166
9.9209e-251
3.09024e-142
2.09735e-149
1.92707e-149
3.32729e-158
4.45371e-192
2.28083e-233
4.92376e-147
3.67402e-88
4.33109e-209
4.04719e-63
3.56491e-158
1.12719e-197
3.68529e-169
6.7457e-231
1.2556e-69
1.31468e-120
1.98062e-147
6.44182e-166
9.06313e-207
2.06053e-270
1.64092e-103
3.85761e-42
1.10546e-87
4.74417e-109
1.754e-130
2.00584e-232
3.59256e-172
4.52069e-228
8.14051e-44
9.40749e-93
3.01448e-172
8.19397e-138
6.10929e-184
9.23847e-139
1.32234e-184
3.98177e-61
1.29912e-128
8.94588e-193
7.54934e-208
6.43939e-175
3.07365e-158
9.03617e-73
1.89774e-121
2.99339e-175
1.16303e-147
6.18686e-113
2.69105e-169
1.99565e-99
4.66536e-79
9.56966e-135
2.55415e-253
5.12601e-174
2.40464e-99
1.34831e-230
1.69204e-148
1.75743e-65
1.69359e-165
3.15065e-196
9.7329e-195
1.52819e-295
2.43411e-169
7.06527e-224
6.46513e-191
5.31592e-131
2.1376e-211
4.01703e-148
8.92158e-160
6.71843e-129
7.6317e-148
2.77687e-192
8.60666e-201
2.14323e-114
4.97838e-115
1.05895e-143
2.28491e-182
6.71426e-225
6.13102e-85
4.06242e-94
1.91653e-183
5.74577e-184
7.02065e-212
3.70059e-186
9.4044e-176
4.12973e-121
5.63777e-126
2.87693e-175
2.03515e-118
1.61694e-245
7.53663e-212
3.32369e-221
2.29247e-148
6.86173e-121
3.54556e-186
1.12522e-169
3.32761e-125
8.32428e-186
3.75112e-114
1.10629e-81
2.58442e-114
7.85541e-141
1.56996e-151
2.85396e-167
1.30298e-186
5.60133e-72
4.14337e-133
1.42573e-198
4.02335e-134
9.03356e-75
1.58382e-94
