P2:
0
0
0
0
0
0
0
0
0
5.73116e-322
5.73116e-322
5.73116e-322
5.73116e-322
5.73116e-322
5.73116e-322
5.73116e-322
5.73116e-322
5.73116e-322
5.73116e-322
5.73116e-322
5.73116e-322
5.73116e-322
5.73116e-322
5.73116e-322
5.73116e-322
5.73116e-322
5.73116e-322
5.73116e-322
5.73116e-322
5.73116e-322
5.73116e-322
5.73116e-322
5.73116e-322
5.73116e-322
5.73116e-322
5.73116e-322
5.73116e-322
5.73116e-322
5.73116e-322
5.73116e-322
5.73116e-322
5.73116e-322
5.73116e-322
5.73116e-322
5.73116e-322
5.73116e-322
5.73116e-322
5.73116e-322
5.73116e-322
5.73116e-322
5.73116e-322
5.73116e-322
5.73116e-322
5.73116e-322
5.73116e-322
5.73116e-322
5.73116e-322
5.73116e-322
5.73116e-322
5.73116e-322
5.73116e-322
5.73116e-322
5.73116e-322
5.73116e-322
5.73116e-322
5.73116e-322
5.73116e-322
5.73116e-322
5.73116e-322
5.73116e-322
5.73116e-322
5.73116e-322
5.73116e-322
5.73116e-322
5.73116e-322
5.73116e-322
5.73116e-322
5.73116e-322
5.73116e-322
5.73116e-322
5.73116e-322
5.73116e-322
5.73116e-322
5.73116e-322
5.73116e-322
5.73116e-322
5.73116e-322
5.73116e-322
5.73116e-322
5.73116e-322
5.73116e-322
5.73116e-322
1.47311e-319
1.47311e-319
1.47311e-319
1.47311e-319
1.47311e-319
1.47311e-319
1.47311e-319
1.47311e-319
1.47311e-319
1.47311e-319
1.47311e-319
1.47311e-319
1.47311e-319
1.47311e-319
1.47311e-319
1.47311e-319
1.47311e-319
1.47311e-319
1.47311e-319
1.47311e-319
1.47311e-319
1.47311e-319
1.47311e-319
1.47311e-319
1.47311e-319
1.47311e-319
1.47311e-319
1.47311e-319
1.47311e-319
1.47311e-319
1.47311e-319
1.47311e-319
1.47311e-319
1.47311e-319
1.47311e-319
1.47311e-319
1.47311e-319
1.47311e-319
1.47311e-319
1.47311e-319
1.47311e-319
1.47311e-319
1.47311e-319
1.47311e-319
1.47311e-319
1.47311e-319
1.47311e-319
1.47311e-319
1.47311e-319
1.47311e-319
1.47311e-319
1.47311e-319
1.47311e-319
1.47311e-319
1.47311e-319
1.47311e-319
1.47311e-319
1.47311e-319
1.47311e-319
1.47311e-319
1.47311e-319
1.47311e-319
1.47311e-319
1.47311e-319
1.47311e-319
1.47311e-319
1.47311e-319
1.47311e-319
1.47311e-319
1.47311e-319
1.47311e-319
1.47311e-319
1.47311e-319
1.47311e-319
1.47311e-319
1.47311e-319
1.47311e-319
1.47311e-319
1.47311e-319
1.47311e-319
1.47311e-319
1.47311e-319
1.47311e-319
1.47311e-319
1.47311e-319
1.47311e-319
1.47311e-319
1.47311e-319
1.47311e-319
1.47311e-319
1.47311e-319
1.47311e-319
1.47311e-319
1.47311e-319
1.47311e-319
1.47311e-319
1.47311e-319
1.47311e-319
1.47311e-319
1.47311e-319
1.47311e-319
1.47311e-319
1.47311e-319
1.47311e-319
1.47311e-319
1.47311e-319
1.47311e-319
1.47311e-319
1.47311e-319
1.47311e-319
1.47311e-319
1.47311e-319
1.47311e-319
1.47311e-319
1.47311e-319
1.47311e-319
1.47311e-319
1.47311e-319
1.47311e-319
1.47311e-319
1.47311e-319
1.47311e-319
1.47311e-319
1.47311e-319
1.47311e-319
1.47311e-319
1.47311e-319
1.47311e-319
1.47311e-319
1.47311e-319
1.47311e-319
1.47311e-319
1.47311e-319
1.47311e-319
1.47311e-319
1.47311e-319
1.47311e-319
1.47311e-319
1.47311e-319
1.47311e-319
1.47311e-319
1.47311e-319
1.47311e-319
1.47311e-319
1.47311e-319
