P1-1: 
0
1.00862e-155
7.37858e-158
1.86506e-107
1.87765e-50
1.15252e-162
6.99388e-186
3.56401e-222
1.67367e-60
1.7154e-80
7.5146e-137
9.64182e-180
3.63871e-227
1.4127e-144
2.99634e-64
6.55739e-117
8.74556e-224
2.33397e-150
2.36787e-94
6.72206e-175
4.42406e-240
5.94956e-168
2.95168e-198
6.64059e-74
1.91939e-129
6.42534e-189
1.14645e-199
2.97079e-118
1.22219e-69
2.71035e-134
4.81757e-161
2.82769e-194
2.65658e-300
7.36864e-110
8.02625e-126
1.42783e-156
1.04494e-188
6.34591e-164
1.3354e-248
1.62268e-138
7.90847e-146
5.95592e-146
4.63027e-231
1.92967e-143
4.39163e-85
1.80611e-205
3.57068e-59
3.73671e-195
3.32896e-228
1.9007e-65
1.02958e-116
9.62539e-146
2.26934e-204
3.47792e-99
4.2272e-38
7.76532e-84
1.513e-105
1.25298e-127
8.91798e-230
3.57217e-170
2.90153e-226
8.72625e-89
1.3853e-87
1.15142e-170
2.34868e-181
7.66797e-136
1.90383e-180
3.53962e-125
6.3315e-191
7.30978e-69
7.56277e-118
5.21681e-145
3.05306e-109
7.3191e-96
4.68165e-75
2.99029e-131
8.95831e-251
3.44816e-97
4.74946e-231
1.16351e-144
2.53121e-61
6.92998e-163
6.19065e-195
1.49168e-192
2.7588e-293
1.05319e-166
1.48578e-221
3.69307e-128
4.97843e-207
5.76766e-145
3.22341e-190
8.70389e-199
1.39638e-110
2.78291e-111
1.26099e-222
5.03965e-127
2.24398e-81
8.50058e-180
2.14153e-181
1.80629e-209
3.4847e-184
5.38372e-117
1.04086e-122
1.29144e-172
2.54378e-209
1.60938e-217
1.53229e-144
2.25966e-117
5.58751e-167
2.28614e-122
8.13296e-111
1.3143e-77
1.38061e-110
4.02255e-138
6.03649e-149
6.02544e-185
2.32376e-68
2.62129e-131
5.66677e-71
1.01864e-92
P2-1: 
6.32312e-262
2.65112e-235
1.97626e-322
1.8629e-260
0
1.12204e-141
1.99513e-170
1.52124e-209
0
4.03056e-130
0
0
4.83099e-134
3.57352e-223
0
2.20416e-118
6.31572e-158
3.56861e-189
0
1.2095e-199
1.68759e-200
1.82392e-136
1.39002e-181
6.20423e-243
8.22624e-199
5.51767e-310
0
0
6.01381e-141
7.05805e-115
2.53744e-191
8.0023e-156
1.45746e-250
0
7.8554e-198
1.40387e-203
6.43106e-122
0
2.41721e-213
2.023e-184
0
1.89639e-229
6.83961e-132
1.41025e-180
6.42695e-92
3.89401e-254
1.69325e-147
1.75584e-141
1.52743e-246
3.04248e-162
0
3.90048e-317
0
5.46973e-165
0
0
3.79719e-179
7.87577e-273
0
4.06792e-185
3.53204e-128
5.77969e-252
4.85328e-122
0
0
1.19654e-183
3.15386e-175
3.28781e-200
2.76298e-163
2.1144e-222
5.50923e-165
2.68915e-293
2.63673e-138
2.16003e-129
3.6304e-242
1.00019e-280
1.47157e-153
5.66464e-169
1.78505e-163
1.48464e-240
5.04611e-83
4.68134e-179
2.41419e-178
2.20083e-240
0
8.07292e-114
4.87918e-123
1.09743e-111
4.17997e-139
0
2.4588e-100
2.03194e-178
7.14547e-311
1.12224e-140
3.53297e-204
1.72156e-297
4.02398e-283
4.15952e-175
1.41767e-149
6.96872e-274
2.23556e-203
1.38188e-229
0
1.7426e-237
6.0095e-285
4.61782e-223
1.98111e-229
P3-1: 
3.12284e-149
1.68543e-217
1.8967e-167
3.42311e-307
7.18502e-106
4.78015e-123
2.21068e-97
9.58176e-107
1.82473e-155
1.30291e-139
1.35237e-199
1.58963e-78
2.98509e-167
3.03937e-183
6.66863e-93
3.91473e-149
6.11437e-118
P6-2: 
0
1.30545e-170
2.57547e-237
6.72462e-177
6.17547e-158
5.01786e-206
2.39412e-175
1.38874e-122
4.87664e-224
3.03369e-292
8.08478e-144
1.01086e-215
1.48109e-156
1.31814e-137
9.43184e-208
1.52916e-308
3.20155e-242
9.21204e-209
2.01147e-278
1.21864e-119
2.21543e-155
1.23817e-123
4.35053e-171
3.12013e-172
2.28096e-313
3.19584e-185
3.64177e-226
5.38436e-142
1.45471e-136
1.32116e-272
5.60175e-145
6.3364e-212
6.035e-106
7.63334e-120
3.14484e-157
4.62037e-104
1.53603e-209
5.04668e-128
3.90078e-142
5.95495e-105
4.97278e-176
0
2.50906e-181
3.75983e-154
1.04298e-158
9.19655e-116
1.60425e-88
1.00453e-187
6.43343e-251
7.68962e-160
3.90218e-243
9.52485e-140
6.38317e-196
1.32801e-175
2.44494e-191
2.08009e-196
3.49665e-271
1.10003e-131
5.76833e-127
2.74254e-163
1.15768e-122
1.17913e-170
1.37534e-142
2.73591e-201
P8-1: 
1.40125e-275
1.74862e-182
7.33988e-265
3.9485e-199
1.65173e-287
5.50287e-145
1.5427e-130
3.0249e-213
1.52192e-107
2.81866e-153
3.68693e-130
4.31355e-203
2.45278e-134
9.91774e-170
1.93799e-147
1.65769e-125
1.44826e-118
1.29434e-105
5.38048e-119
4.96377e-199
1.88276e-114
1.3352e-122
2.42149e-129
2.50168e-166
9.91072e-156
1.8385e-154
3.39296e-145
8.13233e-134
4.76483e-158
1.07071e-155
1.87082e-149
1.57849e-126
8.22339e-152
1.04143e-211
2.4762e-135
3.83071e-118
5.47126e-145
5.79939e-114
2.19924e-232
6.56446e-144
5.25569e-137
3.29524e-142
2.68763e-118
4.42675e-114
2.95457e-145
5.50857e-164
3.42291e-107
2.25279e-123
1.99418e-152
3.45545e-129
7.27138e-117
2.07276e-115
2.29955e-146
3.30275e-144
8.62328e-164
4.2215e-190
2.70908e-168
3.35752e-97
7.40402e-147
1.5948e-156
P10-1: 
4.31179e-176
3.80531e-186
2.65653e-188
5.33821e-152
1.06591e-221
8.36136e-245
9.93478e-191
2.06935e-157
3.31719e-273
5.56894e-180
3.54874e-196
1.34903e-148
2.31057e-180
1.02486e-155
1.59389e-146
3.72652e-167
2.80206e-193
2.77253e-312
1.18534e-172
4.63266e-204
4.86348e-241
1.77844e-312
2.54644e-88
1.1449e-182
1.34637e-43
4.63226e-180
0
3.24683e-159
8.36813e-200
7.88917e-116
4.00892e-77
1.10149e-206
8.99211e-129
3.79014e-60
7.77464e-114
2.69487e-76
2.85525e-176
1.33498e-222
2.22512e-242
4.96749e-117
2.54687e-66
2.29717e-161
8.1349e-193
3.68238e-238
1.50349e-38
6.03888e-160
1.20825e-178
9.87393e-179
1.85128e-56
2.69912e-156
5.38025e-189
1.52544e-284
4.0748e-188
7.35855e-262
1.61459e-154
5.22033e-61
1.73816e-117
1.88487e-119
2.22273e-223
1.40963e-313
4.70256e-93
1.11308e-223
1.00959e-235
2.03056e-99
1.02043e-211
8.31285e-149
5.94585e-157
1.70621e-186
6.85757e-144
8.54163e-62
1.14664e-137
4.99281e-178
2.84708e-113
1.51946e-37
3.26311e-215
1.07869e-255
1.19552e-58
3.4408e-218
2.79103e-168
3.99054e-218
1.86641e-118
1.05009e-157
9.49537e-283
6.2135e-225
1.04189e-58
6.115e-70
5.60522e-174
6.71509e-169
2.50262e-65
2.34611e-163
3.67999e-114
8.74047e-161
6.98064e-57
3.19645e-226
4.07083e-171
8.12005e-228
5.03699e-178
1.59659e-97
3.63127e-115
2.46485e-93
8.07128e-246
2.9423e-144
6.56872e-59
1.21204e-188
3.30587e-187
4.868e-235
1.39035e-84
1.1293e-128
2.47719e-115
6.45473e-119
4.51509e-198
1.67371e-146
2.32347e-192
1.6924e-189
8.09002e-180
1.43696e-67
3.8566e-90
5.66662e-117
1.44434e-212
6.65136e-115
1.49004e-162
P12-1: 
0
1.77217e-204
0
2.88172e-224
0
0
3.08142e-209
0
2.62991e-103
2.91817e-308
5.36447e-213
5.21182e-243
0
2.61916e-103
0
0
0
1.27863e-294
0
4.35629e-248
2.23507e-312
2.33508e-276
0
2.62647e-235
0
6.55069e-228
7.34626e-229
7.776e-243
3.2771e-233
0
0
6.1595e-301
3.60191e-204
3.40095e-272
P14-1: 
1.65814e-229
5.87435e-254
1.66849e-218
0
1.98497e-200
7.73412e-297
2.41471e-229
1.11691e-226
3.63087e-248
3.27911e-222
4.00169e-242
4.71509e-278
1.16673e-240
0
1.61516e-230
3.87206e-315
2.28985e-261
6.62742e-180
2.52545e-266
2.24457e-254
0
7.44897e-237
1.52653e-232
4.0326e-215
8.39912e-323
2.47022e-207
2.68652e-260
0
7.87145e-222
6.29226e-153
5.66011e-295
1.41618e-228
3.2635e-308
2.03666e-245
1.03573e-165
1.33624e-254
3.82288e-319
9.64937e-221
3.70107e-277
6.22284e-166
P16-1: 
2.80407e-201
2.32896e-192
0
0
0
1.41017e-208
1.74218e-279
4.10601e-292
3.52449e-272
2.4642e-199
0
5.98387e-243
1.4175e-127
1.63771e-195
0
2.01435e-261
3.3093e-255
2.02754e-289
2.56235e-144
1.73543e-296
3.83007e-275
1.64431e-286
6.95091e-279
1.02716e-237
7.9348e-230
1.14074e-230
7.09803e-136
6.86779e-270
0
8.51883e-225
3.43015e-289
8.00386e-322
1.34281e-316
6.17955e-123
2.48993e-229
2.65995e-149
6.052e-165
6.5022e-138
1.68173e-290
2.78435e-188
1.31816e-225
8.18903e-227
1.05919e-153
3.71119e-286
3.62517e-288
1.08584e-255
1.37478e-317
8.13801e-214
9.49075e-203
3.97826e-274
2.93861e-203
4.90299e-262
3.6788e-174
1.01371e-217
0
3.64717e-274
3.41649e-123
1.31282e-256
7.87877e-198
