P1-1: 
0
2.25732e-184
2.28948e-192
1.64385e-131
4.07576e-63
8.41611e-187
5.06694e-215
1.40954e-254
5.01852e-82
8.70715e-103
4.04062e-166
1.15283e-203
3.05703e-254
2.14535e-173
2.22442e-75
5.31034e-138
1.46254e-245
6.80001e-178
1.09663e-115
2.79619e-216
2.22888e-280
8.45269e-194
1.16124e-223
8.81308e-92
6.89323e-159
4.39519e-211
2.19403e-233
2.62626e-149
1.40008e-72
1.92889e-160
3.02493e-183
3.06028e-219
0
2.88896e-147
5.53385e-152
9.50181e-176
1.06099e-213
4.77451e-191
5.31693e-285
6.69382e-171
9.45742e-187
4.18135e-177
2.02654e-269
1.90041e-168
4.75912e-107
1.9503e-255
3.81911e-69
1.28766e-218
1.94468e-266
3.43771e-80
3.07498e-137
2.76441e-169
1.51006e-236
7.38845e-125
1.84324e-50
5.19162e-101
5.95769e-128
1.50834e-148
1.31296e-268
3.93525e-197
4.81751e-250
8.33e-112
8.67759e-107
3.53152e-201
3.40972e-208
9.33624e-156
2.63332e-230
2.02682e-152
2.24812e-208
8.70513e-86
1.6776e-143
9.97946e-163
4.93245e-130
4.8281e-112
8.68777e-92
1.24256e-158
1.49828e-295
1.21681e-117
5.73013e-233
1.97767e-176
1.08616e-84
5.11776e-188
5.60937e-210
5.15663e-219
0
4.47474e-185
8.48143e-256
1.55072e-149
2.27279e-272
3.94785e-169
7.16934e-214
1.03148e-220
4.04682e-139
4.03389e-132
1.3315e-250
2.16605e-143
8.71729e-99
3.23976e-221
1.54569e-209
1.64908e-235
4.19807e-204
4.07342e-150
1.77281e-146
1.58809e-194
6.25652e-243
3.69956e-276
1.54394e-187
4.57281e-136
3.47534e-191
1.08841e-142
2.5949e-132
1.98177e-97
1.47761e-133
5.63934e-160
7.51822e-166
3.33529e-213
1.01534e-78
2.94465e-148
5.30244e-83
6.75812e-108
P2-1: 
1.56495e-303
2.33626e-282
0
9.17211e-277
0
2.00207e-161
3.94307e-194
2.09337e-222
0
1.90526e-145
0
0
4.13496e-159
1.29139e-267
0
8.41074e-143
2.14751e-166
5.92993e-227
0
1.57213e-231
7.89623e-228
1.0498e-161
4.12399e-194
2.10121e-257
3.18447e-220
2.19854e-318
0
0
4.69205e-168
1.29224e-132
1.36441e-224
5.01193e-177
1.51683e-266
0
3.46265e-229
2.78629e-234
1.06101e-133
0
8.64565e-252
4.81568e-201
0
4.15664e-263
1.53922e-158
1.05292e-205
3.4368e-117
3.97954e-280
4.66449e-166
5.20733e-165
4.74795e-254
4.88266e-185
0
0
0
8.35653e-190
0
0
9.21884e-212
4.47189e-289
0
2.03331e-209
1.4588e-146
1.87258e-289
9.32248e-146
0
0
9.10075e-216
1.77984e-204
3.29804e-209
1.98847e-189
1.47617e-255
1.2645e-193
0
3.01631e-154
4.12967e-147
8.20741e-260
0
4.03431e-168
3.03949e-194
8.31814e-184
2.58554e-259
1.44799e-99
4.76777e-203
1.95497e-211
1.91473e-256
0
3.28944e-133
2.11261e-140
3.49011e-128
2.86301e-161
0
2.87419e-116
8.32786e-210
0
2.23841e-163
2.23105e-225
6.23396e-306
1.19842e-296
1.06871e-173
4.60679e-175
0
2.14673e-232
3.83739e-266
0
1.02616e-269
2.05368e-303
4.24204e-232
3.96329e-260
P3-1: 
4.56952e-176
9.60881e-247
1.65337e-190
0
3.7582e-120
3.01871e-136
6.37349e-114
5.4324e-124
2.92672e-184
5.74912e-160
4.48093e-228
1.36226e-77
1.5449e-191
4.16359e-205
5.75377e-110
1.85514e-166
5.37739e-138
P6-2: 
0
2.80154e-209
1.1968e-267
2.38604e-210
7.5199e-182
4.86359e-239
3.8141e-207
5.00942e-139
7.14222e-254
0
6.6619e-169
3.31452e-248
3.0113e-183
5.01949e-165
1.53613e-234
0
6.48359e-278
8.16328e-257
2.96439e-322
2.10503e-139
1.94031e-187
1.23214e-146
3.9893e-204
2.57622e-195
0
5.28213e-229
3.21574e-252
5.1924e-175
4.06134e-152
0
3.01754e-182
1.84597e-239
1.33323e-127
1.13595e-133
5.8906e-174
1.21277e-127
1.62444e-250
1.55696e-151
1.88327e-166
1.05184e-123
3.79162e-196
0
1.29405e-211
1.51699e-185
1.15361e-181
1.11207e-132
8.86751e-106
2.32333e-218
2.28813e-289
2.18237e-194
4.12849e-290
3.49519e-158
8.0694e-219
1.55965e-209
1.4302e-224
8.66363e-223
1.46882e-310
4.38146e-148
8.0214e-161
8.55185e-195
2.59204e-150
9.93038e-199
1.25653e-176
3.57154e-240
P8-1: 
4.44659e-323
3.45144e-204
9.48138e-317
2.69435e-233
0
2.35278e-168
5.46083e-150
2.41766e-248
8.92424e-124
8.98839e-180
8.01869e-148
2.94164e-227
2.83875e-152
9.51201e-195
1.41105e-160
8.91642e-141
7.88298e-135
2.93423e-121
4.67246e-135
3.7308e-221
5.4809e-137
2.34069e-138
2.62577e-145
1.21034e-198
1.55347e-178
2.02791e-177
8.9098e-170
2.38981e-157
2.39656e-182
6.0898e-176
7.73376e-168
5.10804e-146
5.58133e-169
2.39672e-245
2.27757e-151
6.43535e-133
8.17722e-162
1.85096e-127
2.07958e-272
3.2751e-162
5.0874e-154
1.26235e-163
1.28851e-132
8.60449e-132
1.27713e-162
1.11313e-184
3.50593e-125
2.20879e-141
3.09135e-176
8.10535e-147
7.43732e-131
1.76232e-130
8.16939e-164
1.55148e-164
1.263e-194
4.43835e-225
1.1396e-202
1.29972e-111
2.27553e-163
4.43229e-175
P10-1: 
4.9061e-201
8.86674e-217
1.85384e-209
1.7954e-176
6.66898e-255
3.80707e-285
2.64666e-211
5.17856e-183
2.0996e-310
7.19446e-201
7.12874e-227
1.25971e-168
6.11019e-206
1.81442e-174
5.99875e-168
5.1869e-192
3.47726e-225
0
4.09187e-216
1.66881e-238
3.61632e-279
0
1.23344e-104
7.23243e-209
3.44537e-55
9.83974e-222
0
8.23111e-179
3.21304e-229
1.38818e-139
7.9193e-90
1.95815e-233
9.52522e-160
9.54695e-76
1.10076e-140
1.37506e-95
1.42873e-219
1.46759e-248
4.81782e-283
1.38758e-142
4.72999e-85
2.37189e-200
3.1983e-214
1.63089e-313
9.7012e-49
5.98301e-180
1.50812e-197
1.04926e-216
4.06666e-68
3.88217e-191
4.52245e-214
0
2.15206e-210
1.25443e-306
1.0611e-189
3.66503e-72
1.04403e-154
9.03598e-136
4.10679e-264
0
6.74832e-113
4.15293e-264
1.98276e-264
1.2235e-118
3.61296e-278
4.74971e-181
8.33671e-177
1.99539e-206
3.43567e-183
4.53439e-77
5.84421e-159
2.66242e-200
2.18372e-137
5.6257e-48
1.28813e-253
0
2.38282e-70
3.88771e-243
7.01789e-191
3.66728e-274
1.24321e-141
5.12417e-178
0
1.46905e-280
5.94803e-69
1.61319e-85
3.67873e-202
4.52074e-188
1.75831e-81
2.14789e-202
1.25805e-137
2.04262e-184
2.00187e-68
2.47126e-266
7.1122e-206
5.0572e-259
3.95693e-202
1.05141e-127
8.18582e-137
1.86411e-109
8.50394e-279
6.97136e-182
4.51611e-70
4.62112e-238
9.41775e-217
2.53952e-292
4.14722e-100
5.53115e-156
7.46915e-139
1.73762e-152
2.82789e-220
8.10095e-168
2.15051e-223
5.57608e-213
5.86956e-218
1.02979e-83
2.81486e-113
1.15129e-142
4.44858e-218
2.44439e-144
3.27047e-193
P12-1: 
0
9.77458e-241
0
1.96532e-248
0
0
4.22598e-231
0
1.14637e-119
0
8.06114e-261
3.36616e-256
0
1.11208e-115
0
0
0
0
0
2.90793e-273
0
0
0
2.86862e-270
0
3.64472e-264
1.15258e-270
1.1737e-281
4.82677e-270
0
0
0
5.48945e-256
2.02461e-314
P14-1: 
2.99679e-245
4.8082e-284
8.75656e-246
0
1.66708e-232
0
2.03562e-266
2.02091e-254
1.12414e-289
5.77018e-260
4.75354e-272
6.14124e-321
6.4706e-281
0
7.8838e-266
0
1.26309e-305
1.42378e-210
2.95514e-308
2.42542e-298
0
2.17569e-269
1.20805e-269
2.24058e-249
0
3.47118e-241
1.14545e-298
0
4.95004e-259
2.07792e-179
0
4.13878e-264
0
1.41032e-283
1.04658e-192
2.22131e-267
0
1.7843e-258
5.56715e-318
4.87281e-197
P16-1: 
1.12248e-232
2.92854e-221
0
0
0
9.94852e-251
1.97626e-323
0
2.46317e-313
1.58156e-226
0
3.0633e-301
2.67094e-153
1.54391e-215
0
1.98247e-307
2.39702e-304
0
3.12929e-173
0
2.75303e-310
0
3.26867e-313
3.25815e-287
1.86648e-273
4.75567e-275
1.03064e-170
0
0
1.76175e-259
0
0
0
7.73168e-152
1.92266e-263
3.64709e-177
1.90228e-196
3.21992e-162
0
4.60642e-218
3.37508e-260
3.59733e-275
1.49545e-182
6.5171e-316
0
5.28563e-304
0
2.74725e-248
9.60487e-243
4.86315e-309
6.9139e-247
9.69855e-305
1.45224e-209
9.25167e-250
0
8.89083e-316
5.04074e-143
1.43711e-306
6.60941e-233
