P1-1: 
0
1.19495e-151
2.32943e-154
2.2806e-103
2.96663e-45
2.12999e-159
1.6768e-182
6.75726e-219
6.0511e-55
5.11768e-76
1.30871e-132
1.03081e-176
4.32459e-224
1.65481e-140
9.7941e-60
4.21147e-112
1.90046e-221
1.00756e-146
1.91029e-89
1.58284e-170
5.72663e-237
1.65452e-164
1.9727e-195
8.00212e-69
2.24636e-124
1.11729e-183
3.543e-196
3.68448e-113
2.59573e-67
1.43392e-129
1.24305e-157
8.84952e-192
8.40198e-297
2.06123e-103
1.95137e-121
3.72037e-153
1.30333e-185
1.66787e-160
1.1968e-245
2.19176e-133
3.25661e-140
1.42113e-141
4.912e-228
3.85516e-139
5.4064e-81
3.93515e-201
1.61618e-54
6.05003e-192
9.39571e-225
1.39192e-60
3.64186e-112
2.39044e-143
3.32054e-201
4.43706e-94
2.24373e-33
2.82698e-79
2.36723e-101
6.18239e-124
1.9198e-226
2.33543e-167
1.03204e-223
2.33819e-83
4.85142e-83
3.70162e-168
4.81473e-178
4.08272e-132
1.49405e-175
4.97779e-121
1.90659e-188
5.99318e-64
2.83087e-113
1.15473e-141
3.44859e-104
2.19111e-91
2.91727e-70
5.2231e-127
1.76398e-247
3.67317e-90
6.15248e-237
4.43371e-140
7.85874e-56
1.41954e-159
5.62886e-194
1.11281e-189
4.79587e-289
2.4937e-163
1.54031e-218
1.34645e-124
1.36248e-200
5.76777e-141
2.13308e-187
8.33476e-196
1.42506e-105
2.97461e-106
1.14513e-219
1.89276e-124
4.56233e-77
1.86165e-175
3.86111e-178
2.27543e-206
1.8904e-181
8.78287e-112
1.58426e-118
2.80779e-169
5.2041e-206
3.84929e-213
6.1097e-139
9.49214e-113
1.34112e-163
7.93053e-119
4.49302e-106
1.35924e-72
6.8945e-105
9.95595e-135
1.12259e-145
1.34839e-182
7.56245e-64
8.28207e-128
3.02293e-66
1.74034e-88
P2-1: 
9.90178e-259
9.89424e-232
8.1697e-318
1.24275e-265
0
4.14018e-139
5.76678e-167
2.70934e-213
0
4.22301e-127
0
0
2.96449e-130
1.02916e-219
0
1.16237e-113
5.3616e-161
8.91283e-186
0
7.26473e-197
1.06721e-192
7.31989e-133
6.28293e-181
5.35216e-237
3.44677e-194
1.34057e-309
0
0
4.84812e-137
7.90871e-110
9.07488e-188
9.05189e-151
4.23077e-247
0
2.56863e-195
3.27057e-200
3.95825e-112
0
2.35801e-209
1.72347e-181
0
2.71588e-222
4.86736e-129
3.04229e-176
1.89617e-86
2.92918e-251
1.8337e-144
1.00341e-136
1.09157e-255
1.68212e-157
0
9.10516e-317
0
4.01413e-161
0
0
6.09795e-174
5.04588e-279
0
9.34714e-182
2.34443e-123
2.86376e-248
1.02642e-117
0
0
1.55935e-179
4.97629e-172
2.61875e-207
1.93538e-158
1.8584e-218
1.228e-159
1.0992e-288
1.44902e-123
9.0013e-123
4.57316e-246
2.93121e-276
1.88705e-150
3.38482e-165
2.50804e-159
3.89373e-244
1.04896e-78
2.77497e-174
1.9768e-175
1.17157e-238
0
8.32516e-110
2.28344e-118
1.18282e-108
7.10197e-136
0
1.8862e-95
3.77017e-173
3.3407e-317
6.10988e-138
1.13485e-200
0
1.67391e-264
7.15064e-153
1.04371e-145
1.79298e-268
4.84184e-200
9.5675e-227
9.0661e-321
5.13523e-234
1.49202e-283
3.93478e-193
5.20859e-225
P3-1: 
6.71866e-145
2.34171e-214
5.04424e-164
8.37025e-298
3.3203e-102
1.30527e-120
4.34517e-93
1.29557e-103
2.15509e-151
6.11813e-137
2.38606e-196
5.02679e-63
2.99372e-164
1.94314e-177
4.4829e-89
6.69907e-147
3.42628e-114
P6-2: 
0
5.62318e-167
5.74339e-234
6.57875e-173
6.55003e-155
5.5081e-202
8.22653e-171
3.76097e-119
2.9541e-221
1.39947e-288
3.95118e-139
7.99254e-209
1.22373e-152
8.2197e-133
4.15216e-204
1.14553e-304
9.00647e-238
1.38176e-204
4.20104e-274
2.86127e-115
4.98044e-153
3.36829e-119
1.27643e-166
1.35236e-168
4.16703e-309
2.51125e-181
3.54518e-222
9.8985e-138
1.11567e-131
1.28411e-261
1.22785e-140
6.32048e-208
9.05952e-102
1.02259e-114
3.07854e-151
2.95024e-99
1.06952e-205
3.86332e-125
4.4918e-138
8.46184e-101
5.49903e-173
0
4.93682e-177
5.98695e-150
1.58859e-155
1.23567e-111
2.18086e-84
1.22418e-183
7.89906e-248
1.2892e-155
8.78829e-239
8.81357e-136
3.56326e-192
2.72239e-171
1.62093e-188
2.52387e-193
3.51933e-268
8.92986e-128
2.00679e-120
7.77918e-161
1.24306e-117
3.49465e-166
1.55592e-138
7.88218e-197
P8-1: 
5.77129e-273
3.32089e-179
1.63795e-261
6.62973e-196
6.76178e-284
1.02014e-142
6.09375e-128
2.49486e-210
2.86532e-104
7.93173e-150
2.20532e-127
9.61627e-200
4.39679e-130
1.91619e-160
4.3614e-146
1.48172e-122
1.01938e-110
2.62007e-102
9.44457e-116
6.28285e-196
4.31663e-110
1.17706e-119
6.01869e-127
1.97383e-162
1.24403e-151
1.4377e-151
7.25864e-142
7.21702e-130
2.45245e-155
3.6923e-152
2.04495e-146
2.50364e-123
4.55854e-148
1.83857e-208
3.13402e-132
1.74538e-115
3.42458e-141
8.2004e-111
1.32571e-229
1.19175e-139
1.31125e-133
1.81801e-137
1.07829e-112
2.97615e-111
1.3687e-141
4.20979e-161
5.70313e-104
1.16741e-120
4.93509e-149
1.22674e-126
1.93751e-112
3.77824e-112
3.19614e-142
6.807e-141
4.07536e-160
4.42539e-187
1.42127e-164
1.26498e-91
7.19349e-143
2.86206e-153
P10-1: 
1.73436e-173
1.10404e-183
1.75928e-185
9.1535e-150
4.75648e-219
7.10353e-242
3.15302e-188
2.99956e-155
9.68158e-273
2.5816e-177
2.40846e-193
2.10935e-146
1.88467e-177
1.15082e-152
1.39962e-143
5.12243e-163
1.21414e-189
3.80602e-309
1.09669e-169
1.5124e-200
1.15754e-237
2.06315e-308
6.75625e-84
2.66243e-179
3.24926e-38
8.00517e-176
0
4.84136e-156
3.83371e-197
3.2308e-112
1.45549e-72
2.8219e-203
9.41879e-125
2.07598e-55
1.74134e-109
1.19595e-71
1.12865e-171
3.29116e-219
9.04785e-240
6.06451e-113
1.04726e-61
1.97723e-158
6.11682e-190
3.13265e-233
1.68419e-33
9.33308e-157
1.66129e-175
1.06655e-174
6.07693e-52
1.08705e-152
5.05728e-186
3.99773e-281
1.30479e-184
2.00782e-258
1.05124e-150
3.23961e-56
1.68261e-112
1.25426e-115
1.16578e-219
3.27729e-307
2.55918e-88
3.6991e-220
7.33183e-233
5.06559e-94
1.40668e-206
2.88008e-144
1.4145e-153
2.61417e-183
3.12909e-140
1.67916e-56
3.41362e-134
2.45234e-175
3.38236e-108
4.50977e-32
1.27295e-211
4.47045e-251
4.55393e-54
4.81914e-215
5.59517e-165
1.9327e-214
1.96529e-113
3.81197e-154
2.7188e-279
6.7321e-221
3.81475e-54
2.50966e-65
2.96992e-170
6.23664e-166
9.25809e-61
3.49038e-160
2.81756e-109
2.95102e-158
9.21033e-52
1.32524e-222
1.08709e-168
1.79282e-224
7.78809e-175
2.61734e-92
1.30499e-110
1.61417e-87
3.54494e-243
2.19791e-139
2.69925e-54
1.69106e-184
1.55045e-184
1.2109e-231
4.74689e-80
4.35065e-124
1.1244e-110
1.51259e-114
3.92296e-195
5.13108e-144
6.12628e-189
5.15352e-186
2.43795e-176
6.96785e-63
2.07842e-85
1.31749e-112
3.16312e-217
8.87954e-111
3.58153e-158
P12-1: 
0
2.4735e-200
0
4.86761e-221
0
0
1.25024e-206
0
8.92356e-100
2.30169e-302
1.9654e-209
4.19202e-238
5.2371e-322
1.80903e-99
0
0
0
3.21652e-290
0
7.778e-245
5.29916e-309
7.52697e-274
0
4.02422e-232
0
1.44636e-224
3.0535e-223
1.82066e-239
8.23355e-230
0
0
1.91448e-298
3.8177e-200
7.80984e-269
P14-1: 
4.18066e-234
1.14839e-250
2.93491e-215
0
1.59883e-196
8.11668e-294
3.03427e-226
2.02445e-223
6.07665e-245
6.90464e-219
1.45555e-239
1.03701e-274
2.63667e-237
0
5.84712e-226
6.60976e-312
2.34084e-258
8.81406e-176
3.95475e-263
5.1348e-251
0
8.04157e-233
6.69682e-230
3.73655e-212
6.98214e-320
3.6409e-204
2.76442e-257
0
1.40595e-217
9.33974e-148
8.85696e-292
5.20708e-224
5.56999e-305
6.99833e-243
7.67563e-161
7.39807e-259
9.88131e-324
9.69475e-218
6.11808e-274
9.40673e-161
P16-1: 
2.76811e-198
7.9015e-188
1.97626e-322
0
0
1.47028e-204
2.56585e-276
1.29131e-288
1.27152e-269
1.89232e-195
0
5.72757e-239
2.02105e-121
4.48368e-192
0
5.99851e-259
1.26346e-251
3.68651e-286
5.50879e-139
4.41617e-294
1.5402e-268
1.06353e-282
1.42402e-275
5.00284e-234
2.07352e-225
5.34734e-226
1.07467e-129
3.18473e-266
0
3.80779e-218
1.02344e-285
4.93911e-318
1.17502e-312
6.86961e-118
1.51267e-225
3.75497e-144
7.29447e-161
3.02846e-132
3.20898e-287
1.38537e-184
3.35363e-222
1.97165e-222
1.10224e-148
5.0008e-282
4.14038e-285
3.44817e-253
1.37475e-313
7.75966e-210
1.37297e-198
1.73715e-254
3.35527e-198
1.69633e-258
3.26162e-169
4.38546e-214
0
8.8586e-272
5.61885e-118
6.88788e-253
7.7717e-193
