P1-1: 
0
1.63406e-151
2.43569e-154
2.93436e-102
3.01921e-45
3.18293e-159
2.15712e-182
7.01752e-219
6.29777e-55
7.29558e-76
1.38599e-132
1.53507e-176
5.50991e-224
1.72162e-140
9.8327e-60
4.57801e-112
1.80201e-221
1.06567e-146
2.29114e-89
1.60998e-170
7.26425e-237
1.95311e-164
2.26742e-195
8.08929e-69
2.24126e-124
1.68307e-183
4.10885e-196
6.66388e-113
1.72223e-67
1.58793e-129
1.3941e-157
9.06035e-192
8.78895e-297
4.39802e-103
2.2892e-121
4.8078e-153
1.70949e-185
2.07576e-160
1.39193e-245
3.23705e-133
5.28381e-140
1.66509e-141
6.53292e-228
6.91673e-139
5.98886e-81
4.72891e-201
1.72152e-54
7.16159e-192
1.14336e-224
1.40206e-60
6.80672e-112
2.64957e-143
3.38775e-201
4.81848e-94
2.28158e-33
2.83688e-79
2.45851e-101
8.34689e-124
2.02726e-226
3.02509e-167
1.05687e-223
2.84761e-83
5.21746e-83
3.9836e-168
5.16529e-178
4.7711e-132
7.78961e-175
5.29804e-121
2.34795e-188
6.89115e-64
2.95729e-113
1.45898e-141
4.89215e-104
2.398e-91
3.06961e-70
6.15491e-127
2.46298e-247
2.48473e-89
2.51319e-237
4.59736e-140
6.83977e-56
1.84919e-159
5.52088e-194
1.43619e-189
7.64903e-289
3.22371e-163
1.95102e-218
1.54473e-124
1.70022e-200
7.70278e-141
2.58678e-187
9.88939e-196
1.63037e-105
4.60937e-106
1.57877e-219
2.04972e-124
4.67943e-77
2.05275e-175
4.3161e-178
3.09146e-206
1.91963e-181
1.19298e-111
1.69004e-118
3.81077e-169
6.48874e-206
8.32192e-213
6.24489e-139
1.15083e-112
1.5297e-163
8.78486e-119
6.28931e-106
1.56288e-72
1.08518e-104
1.31446e-134
1.33666e-145
1.58488e-182
8.91478e-64
9.94147e-128
3.47925e-66
3.05808e-87
P2-1: 
1.06916e-258
1.28339e-231
8.17337e-318
6.37969e-261
0
5.67106e-139
7.35006e-167
4.07962e-210
0
5.56899e-127
0
0
3.11588e-130
1.14578e-219
0
1.23495e-113
5.8133e-161
9.3743e-186
0
7.48035e-197
1.06776e-192
7.73478e-133
7.78778e-182
3.42242e-236
2.27514e-194
2.88097e-302
0
0
7.87397e-137
9.13204e-109
9.49937e-188
1.06637e-150
4.10091e-247
0
2.78697e-195
4.71868e-200
2.65216e-107
0
2.46784e-209
2.94588e-181
0
6.89649e-222
5.09365e-129
3.24892e-176
1.77885e-86
8.72759e-251
1.92317e-144
1.00391e-136
2.2743e-246
1.89576e-157
0
1.42114e-317
0
2.80197e-156
0
0
3.20647e-173
4.80482e-279
0
1.08383e-181
3.25276e-121
2.94963e-248
1.18495e-117
0
0
1.56766e-179
5.05236e-172
1.13841e-201
2.64768e-158
3.30764e-218
1.33807e-159
4.26658e-288
7.17757e-121
3.88527e-122
1.00121e-237
4.75076e-276
1.68702e-150
3.47799e-165
2.51275e-159
1.09175e-235
1.28391e-78
5.12804e-174
2.2597e-175
1.38402e-239
0
9.56465e-110
2.06094e-115
1.19097e-108
6.88782e-136
0
3.6245e-95
4.46147e-172
4.98624e-317
6.25838e-138
1.63588e-200
2.85499e-305
1.62296e-260
9.32219e-152
1.12673e-145
2.60188e-268
5.13517e-200
9.57047e-227
1.17983e-320
8.00407e-234
6.76766e-274
1.02093e-192
8.136e-223
P3-1: 
7.0055e-145
9.43791e-214
5.67089e-164
1.28e-294
3.35681e-102
1.31472e-120
5.06286e-93
1.30684e-103
2.82856e-151
6.38177e-137
7.44433e-196
2.59783e-62
3.07737e-164
5.17486e-177
4.50807e-89
6.71058e-147
3.87031e-114
P6-2: 
0
5.73502e-167
5.95666e-234
6.6473e-173
6.55466e-155
5.89412e-202
1.05712e-170
4.8948e-119
2.95558e-221
3.07469e-288
4.36008e-139
3.30953e-208
1.62378e-152
3.78549e-132
4.35003e-204
1.19946e-304
7.15575e-238
1.76021e-204
3.54808e-274
4.12531e-115
6.58174e-153
3.55881e-119
1.44835e-166
1.35891e-168
6.48728e-309
2.84232e-181
3.5657e-222
1.43818e-137
1.35073e-131
5.77324e-259
1.45735e-140
6.50594e-208
1.40632e-101
1.12308e-114
3.11528e-151
3.36746e-99
1.09956e-205
4.05815e-125
4.48858e-138
1.31004e-100
5.49931e-173
0
6.78903e-177
6.18307e-150
1.64011e-155
2.47821e-111
2.20256e-84
5.96021e-183
1.42256e-247
1.41334e-155
1.51273e-238
1.25764e-135
3.67333e-192
3.35146e-171
1.6407e-188
2.58872e-193
3.57734e-268
9.31721e-128
4.71819e-120
1.00408e-160
2.39082e-117
1.98102e-165
1.58756e-138
1.31485e-196
P8-1: 
6.47217e-273
4.09491e-179
1.89217e-261
7.4716e-196
7.29594e-284
1.02624e-142
6.32277e-128
3.02832e-210
3.04899e-104
8.87249e-150
2.47729e-127
9.86885e-200
4.51982e-130
1.92192e-160
9.30108e-146
1.53493e-122
4.13281e-110
2.79803e-102
1.02103e-115
8.16429e-196
4.43518e-110
1.2396e-119
6.84318e-127
3.77475e-162
1.26311e-151
1.70141e-151
8.67734e-142
1.19954e-129
2.97836e-155
3.6923e-152
2.27137e-146
2.82396e-123
4.71696e-148
2.19269e-208
3.40464e-132
1.91523e-115
3.42727e-141
8.52266e-111
1.33278e-229
1.21041e-139
1.54858e-133
2.1892e-137
1.30223e-112
3.13147e-111
1.37289e-141
4.73849e-161
7.26762e-104
1.19245e-120
4.94893e-149
1.23364e-126
2.11746e-112
3.98807e-112
3.19996e-142
7.28474e-141
8.37103e-160
6.883e-187
2.13997e-164
1.35213e-91
7.92539e-143
2.86291e-153
P10-1: 
1.88784e-173
1.19016e-183
2.0297e-185
1.01746e-149
4.95322e-219
9.32924e-242
3.20245e-188
3.09131e-155
1.74578e-260
2.68354e-177
2.74979e-193
2.27102e-146
1.88473e-177
1.1577e-152
1.52682e-143
6.53992e-163
1.29258e-189
4.66222e-309
1.12675e-169
1.80876e-200
1.34515e-237
2.16653e-308
7.28582e-84
2.70019e-179
3.34798e-38
8.08494e-176
0
5.16938e-156
3.91388e-197
2.27653e-111
1.50498e-72
3.30957e-203
1.25274e-124
2.13347e-55
1.78213e-109
1.21228e-71
1.38207e-171
4.70794e-219
1.05545e-239
9.36557e-113
1.06845e-61
2.15759e-158
6.52518e-190
2.51969e-232
1.68949e-33
9.34873e-157
1.87851e-175
1.8526e-174
6.08068e-52
1.1776e-152
5.20766e-186
5.10321e-281
1.77144e-184
2.60209e-258
1.71975e-150
3.56001e-56
3.81603e-112
1.44248e-115
1.60328e-219
1.16207e-306
3.01804e-88
6.25185e-220
7.59739e-233
6.15741e-94
5.30104e-206
3.01118e-144
1.77127e-153
2.7932e-183
3.63668e-140
1.78827e-56
3.53477e-134
2.45241e-175
5.55464e-108
4.55254e-32
1.61449e-211
1.19754e-250
4.65761e-54
5.691e-215
6.31858e-165
2.13126e-214
3.23686e-113
4.12036e-154
3.73936e-279
9.07291e-221
3.93723e-54
2.53406e-65
4.31597e-170
6.96659e-166
9.3173e-61
3.87455e-160
3.60161e-109
3.32743e-158
1.33012e-51
1.67025e-222
1.20134e-168
2.03389e-224
7.868e-175
2.64249e-92
1.94832e-110
3.25753e-87
3.70214e-243
5.90753e-138
2.77565e-54
1.81194e-184
1.61402e-184
1.46139e-231
4.85188e-80
5.91773e-124
1.13624e-110
2.10583e-114
4.28859e-195
6.23558e-144
8.1293e-189
5.2335e-186
3.07212e-176
8.06929e-63
2.14513e-85
1.40319e-112
3.1436e-217
1.29198e-110
4.05241e-158
P12-1: 
0
1.60306e-199
0
5.22816e-221
0
0
1.27246e-206
0
1.19151e-99
4.40767e-301
7.63092e-209
5.54117e-236
5.79193e-320
1.90611e-99
0
0
0
2.58969e-289
0
7.88928e-245
2.64551e-308
9.6255e-274
0
7.48696e-232
0
1.44546e-224
5.63935e-223
2.28884e-239
8.69044e-230
0
0
1.93524e-298
1.26627e-199
7.64034e-269
P14-1: 
5.80924e-234
1.31362e-250
3.16938e-215
0
1.87079e-196
8.78148e-294
3.77606e-226
2.20891e-223
6.17228e-245
8.37634e-219
1.458e-239
1.15037e-274
2.66169e-237
0
7.16976e-226
6.84386e-312
2.79231e-258
1.14117e-175
4.06835e-263
5.20334e-251
0
8.89931e-233
6.69683e-230
4.03928e-212
7.57501e-320
4.56403e-204
2.99118e-257
0
1.66842e-217
5.19806e-147
7.52609e-292
8.7996e-224
6.05095e-305
7.55045e-243
1.41326e-160
8.14003e-259
2.56914e-322
1.12788e-217
6.83726e-274
1.21633e-160
P16-1: 
2.78402e-198
9.31377e-188
2.12448e-322
0
0
1.79559e-204
2.60041e-276
1.35416e-288
1.28883e-269
2.65513e-195
0
6.3434e-239
1.66821e-120
4.81283e-192
9.88131e-324
6.36128e-259
1.34102e-251
3.85582e-286
1.83165e-138
5.41803e-294
4.34131e-268
4.08095e-282
2.38968e-275
1.15021e-233
3.35111e-225
7.75511e-226
3.20381e-126
3.19645e-266
0
9.02742e-217
1.33647e-285
5.08129e-318
2.40782e-312
6.27587e-117
2.28592e-225
1.63368e-143
1.11283e-160
1.11491e-130
4.00305e-287
2.04461e-184
4.29072e-222
4.14031e-222
3.19648e-148
2.11644e-280
4.20264e-285
3.64363e-253
1.71235e-311
1.25874e-209
1.55749e-198
4.61777e-254
1.24202e-197
1.86466e-258
4.12214e-169
6.95434e-214
0
9.1441e-272
1.32144e-117
1.36261e-252
8.81073e-193
