P1-1: 
0.555999
0.450425
0.0765129
0.147643
0.0126476
0.522097
1.03161
0.114793
0.0629387
0.0350117
0.110416
0.462484
1.18699
0.128042
0.0321228
0.0702412
0.252433
0.0229662
0.0187905
0.0338864
1.87707
0.502332
2.02122
0.103501
0.0181303
2.02569
0.114663
0.0527258
0.0312644
0.114138
0.118075
0.367943
0.277344
0.02998
0.136459
0.236588
0.897796
0.122573
0.109804
0.0337917
0.13799
0.243867
2.36609
0.110966
0.108091
0.278315
0.0400361
0.148097
0.246779
0.00832381
0.456316
0.770467
0.652877
0.00675353
0.00503315
0.0888398
0.0955658
0.131099
0.372738
1.42659
0.168915
0.047122
0.179129
2.31768
0.107371
0.04641
0.526741
0.170125
0.489104
0.0211048
0.0411055
0.484544
0.293504
0.106814
0.024234
0.102873
1.64127
0.492871
0.355837
0.143124
0.0175928
0.348638
0.160496
1.22348
1.48829
0.119549
2.50511
0.12031
0.0205331
0.023314
1.25367
0.2254
0.0796688
0.419419
1.75545
0.103502
0.0533585
0.177717
1.61608
1.98737
0.347006
0.0363955
0.158211
0.708747
0.33058
0.338055
0.397266
0.0242937
0.349651
0.0195735
0.037842
0.0376087
0.399196
0.0322866
0.405055
2.48752
0.228799
0.100659
0.0396857
1.588
P2-1: 
2.99366
1.98527
0.153063
1.96078
0.18024
1.6506
3.28235
0.240509
0.345373
0.567405
0.416469
2.79451
1.06662
1.21859
0.217652
0.0410926
0.491702
1.92314
0.630588
2.62392
2.55952
0.987153
1.28321
8.34021
0.221322
0.310407
0.724568
1.27909
0.814242
1.51369
0.925277
2.97333
0.101403
2.15187
0.744121
0.544411
1.18116
0.403113
0.988892
1.55615
0.200584
0.939556
0.216335
2.21325
0.61098
1.05328
1.45649
1.51037
1.84603
4.01837
0.0242402
1.10708
0.307593
1.90417
0.0513199
0.212611
0.839844
2.02084
0.449384
0.238281
1.37324
0.126533
1.32136
0.557991
0.406015
1.05899
1.59523
1.32359
2.96268
0.0922907
2.25728
1.8608
0.883898
1.33503
3.47081
0.111149
1.08708
2.4421
1.22749
1.83206
1.08034
1.58715
0.987122
1.65693
0.0637915
0.813695
1.1841
0.606561
0.562049
0.291302
1.03277
0.93479
3.16151
0.206083
1.06673
8.57925
5.37953
0.691725
1.93084
0.108178
1.54981
3.08619
3.45492
2.3534
1.65903
3.07789
1.21386
P3-1: 
0.807718
0.911664
2.20685
4.40134
2.73195
1.0265
1.00808
1.15294
0.692144
0.602622
1.87904
0.459042
0.634412
2.35911
1.34941
1.33251
1.32374
P6-2: 
0.384601
0.519733
11.7975
1.34919
0.72347
2.92338
2.14373
1.70835
6.81844
0.245689
1.45298
2.87654
0.477841
0.384592
4.28439
0.402405
2.3476
0.536062
0.221275
1.1685
0.334499
2.29818
3.34629
0.728062
0.541363
1.83577
5.83017
0.970948
1.5125
0.231802
1.6921
1.56096
0.231339
1.06417
2.0362
0.038625
0.566332
0.38413
3.33709
0.418215
2.8616
0.11677
1.02257
0.547482
1.2318
0.50491
0.0558282
0.761164
0.10774
0.119681
0.594368
0.175512
3.49532
0.517667
1.14959
0.697959
3.41258
1.89717
0.0327817
0.227965
1.73284
1.0732
0.561275
0.363392
P8-1: 
3.14855
1.82114
2.69045
1.51315
0.785528
0.924724
1.53485
3.9173
0.24161
0.512987
1.66571
1.00254
0.915997
1.49672
0.289632
1.2638
0.934944
0.330846
1.90271
0.39362
0.224849
0.903938
1.23229
0.676255
1.32885
0.5792
0.527507
0.334241
0.831706
1.07852
0.464414
0.646482
1.065
0.44659
0.498935
2.16523
1.20183
0.518337
2.12774
1.31864
0.175854
0.536979
1.10465
0.35032
0.730448
0.807667
0.0706464
1.03518
0.752808
0.690002
0.643955
0.142709
1.27869
0.0679813
0.372854
1.12309
0.100265
1.10991
1.95026
0.660315
P10-1: 
1.0183
1.02744
0.687219
0.76383
0.347868
0.669016
3.81441
2.45473
3.26522
2.88285
3.97931
0.52325
0.653191
1.56216
1.89942
2.06038
0.0749328
0.372081
0.0584537
0.646832
0.896441
0.134069
0.00827377
0.241767
0.00927364
0.0664461
0.0756271
0.172467
1.37743
0.0661978
0.00550865
1.22551
0.39611
0.0583982
0.142438
0.0229625
0.123344
0.487376
3.61222
0.0698037
0.0131384
0.433216
0.922609
0.310384
0.00725499
1.36569
0.052048
0.099893
0.0274763
0.0462171
0.24362
0.338806
0.390847
0.767684
0.512879
0.00643135
0.681136
0.155479
1.04766
0.120902
0.0145645
1.11383
0.208554
0.571677
0.0797934
0.0195979
0.25567
0.249841
0.151303
0.019076
0.220169
1.13898
0.329203
0.0057562
0.812197
0.0782946
0.0200037
0.581793
0.171476
0.052817
0.165883
0.0205234
1.24985
0.0965929
0.0149712
0.0208224
0.126849
0.327733
0.0155101
0.181265
0.549425
0.891981
0.0292349
0.707062
0.593285
0.275078
0.897257
0.0156595
0.444226
0.586629
0.176837
0.161406
0.00868026
0.118535
0.200549
0.105627
0.0279393
0.261757
0.0597914
0.416538
0.34419
0.840408
0.446149
0.358921
0.123211
0.0189725
0.168515
0.142221
0.202307
0.136592
0.724243
P12-1: 
29.3497
0.646511
6.07035
7.90348
2.7533
3.01869
5.85236
0.843896
0.08589
1.25913
0.184149
0.486095
0.180068
0.188249
0.899485
0.541598
0.44556
0.164115
0.340014
4.25918
1.01822
8.00228
0.36197
0.246644
0.695745
0.348427
0.22381
0.501065
0.328745
0.249899
0.242586
6.60457
0.301599
0.32761
P14-1: 
0.130362
0.843239
0.269232
0.535429
0.0479898
0.552445
0.638683
0.696086
0.194632
0.263249
2.56671
0.266142
0.11517
0.21359
0.277437
0.259919
0.0752568
0.0910848
0.340672
0.203218
0.583738
0.388992
0.1697
0.0570817
1.88205
0.480149
0.165668
0.18919
0.448116
0.0211535
0.0976705
0.0772022
0.928083
0.592761
0.0506622
0.102511
0.226194
0.287023
0.118383
0.125323
P16-1: 
1.85375
4.63454
0.314232
0.455757
1.92914
0.21525
0.127456
4.49691
0.259481
0.0488375
0.260085
0.604834
0.523844
0.698406
0.109044
0.593135
0.767531
0.145033
0.35711
0.28084
3.33372
0.477534
0.237388
1.38224
0.319115
1.23574
0.332819
0.824733
0.248683
1.35021
0.44439
1.65405
0.524096
1.01148
0.308155
0.222044
0.469033
0.737619
0.540028
0.413571
0.250092
0.923965
1.02356
0.235274
0.553788
0.529104
0.300007
0.267262
0.743454
1.1061
1.23451
0.423823
0.483596
0.287078
0.182977
0.548576
0.618525
0.863452
0.680811
