P1-1: 
1530.91

1686.93

1530.91

636.101

528.9

466.853

113.27

192.398

1214.83

868.264

1231.89

1111.47

153.426

314.791

405.413

1682.98

1609.55

1254.44

491.362

541.09

138.739

450.215

1115.59

784.136

942.046

716.491

298.146

128.472

478.727

1573.41

751.273

1277.25

1024.2

98.006

146.957

1045.96

746.259

563.826

970.417

142.482

68.8549

504.631

686.712

875.865

1288.1

1275.15

71.6648

458.877

1359.51

1285.26

1208.84

1078.37

81.3424

153.201

520.41

615.287

1256.63

1865.94

740.87

111.614

566.893

155.916

1204.32

1157.63

1102.44

1365.55

128.753

469.432

1207.34

1610.55

1043.39

1544.42

79.7085

134.257

189.561

368.393

770.437

1378.48

1282.21

846.344

125.802

129.783

235.861

1733.05

877.466

986.03

807.592

486.425

140.474

479.422

535.509

1619.91

1218.31

780.181

124.76

372.797

1639.87

968.713

831.404

1391.23

119.249

129.403

549.137

1388.75

1129.33

776.012

794.161

314.685

81.4521

1194.61

377.67

1561.02

456.357

697.644

1616.54

1587.99

649.233

48.293

476.061

834.821

908.424

1570.14

733.491

69.207

445.725

1180.83

1293.81

1771.21

475.061

121.725

151.314

492.085

1053

1211.78

598.496

1185.83

178.57

332.852

1092.03

963.119

1370.45

1436.45

73.4126

475.271

264.147

1433.41

836.539

585.195

1344.08

416.038

110.094

475.652

1027.18

941.692

1201.24

1989.54

184.895

786.741

1899.42

866.34

117.805

452.729

P2-1: 
1038.82

1236.51

804.159

1147.83

39.4586

597.713

742.707

545.139

171.27

659.683

889.789

596.625

1770.74

810.069

427.991

864.787

2297.14

1220.84

1617.23

607.086

35.2015

682.848

672.901

737.913

1054.1

2349.24

182.649

491.6

253.148

907.079

1156.98

360.449

111.375

464.159

741.836

119.704

2032.61

729.989

37.3457

1432.01

1294.8

519.656

1108.46

755.88

652.609

651.91

89.4511

1434.11

764.286

1260.01

213.101

910.135

646.045

956.907

699.01

555.955

753.14

227.898

745.703

2509.24

579.036

783.156

941.562

1189.63

695.998

509.114

664.543

762.173

74.9881

2357.71

1172.25

349.055

643.587

1171.8

596.839

567.89

905.885

2386.36

2386.36

839.405

688.21

399.789

1242.55

956.714

450.752

495.365

884.282

2089.57

2089.57

736.967

1032.24

423.532

497.901

67.4778

41.2424

2229.42

2229.42

136.328

1066.41

1119.78

399.218

532.754

428.945

730.492

721.062

1804.6

609.557

1451.01

1147.6

642.707

1079.84

554.255

517.909

650.69

1105.64

343.359

1307.62

124.611

242.802

95.8071

263.617

1215.57

1003.91

717.603

457.997

522.695

74.6018

784.57

1374.99

1348.28

119.006

320.102

443.246

671.066

1050.16

662.857

622.187

444.781

934.355

1692.62

1692.62

93.1149

811.714

427.7

824.745

633.802

596.735

540.432

239.309

769.271

2813.66

581.286

696.36

918.146

934.405

728.141

517.932

703.291

885.866

2419.91

2419.38

1048.53

814.1

649.978

538.981

680.287

677.688

98.1537

1345.29

509.327

665.398

1104.05

455.872

619.987

104.645

1736.5

2186.83

718.546

805.542

589.074

642.367

709.545

564.787

418.297

53.1942

381.048

2013.13

615.662

765.784

895.544

813.269

555.087

748.352

779.556

1012.24

772.922

816.522

574.777

391.139

482.932

588.826

698.364

76.4314

751.309

2851.52

2827.44

737.758

573.746

552.129

584.026

742.487

780.553

1366.28

1971.39

816.078

777.053

516.568

539.443

535.227

698.638

625.918

556.959

229.051

809.379

1435.83

1856.25

825.136

732.581

274.111

905.423

1232.09

44.9262

726.457

523.739

465.425

1754.81

2964.14

564.233

464.129

341.82

1828.26

587.59

684.942

456.974

P3-1: 
684.458

1048.97

992.736

856.882

2047.1

1148.04

911.907

1426.76

1064.05

1148.65

1081.95

1346.19

867.082

1019.29

1251.72

1827.47

1031.57

1661.24

869.513

1078.68

1094.75

1203.48

1026.58

1440.69

1357.97

1296.15

1256.03

1426.4

1187.41

978.945

762.439

760.776

1615

816.539

1150.73

1182.1

1618.74

1773.87

1542.45

951.397

627.926

661.165

1291.88

1704.71

1308.02

1436.36

890.436

927.182

1346.8

1102.59

784.77

1361.3

1184.52

1322.64

782.973

1538.28

719.886

1194.08

1717.35

876.972

1201.11

1417.7

757.416

1213.59

998.293

918.019

904.759

1098.96

1177.99

767.154

779.806

1355.5

833.583

1111.36

863.414

987.379

1370.05

1252.61

928.55

970.931

1327.07

876.045

988.254

757.631

689.244

1146.32

872.382

1094.82

1234.01

1764.2

903.9

698.684

598.096

1289.36

P6-2: 
1282.43

1500.55

969.369

179.99

596.286

250.301

1553.63

775.366

2048.79

1136.11

335.385

585.949

77.2757

1745.61

1269.47

1669.24

1410.07

87.0025

588.088

2253.06

1055.77

1636.33

1135.28

218.492

585.411

157.904

1065.56

1466.07

1601.71

935.312

611.28

616.771

120.108

1460.19

1365.14

1152.73

1140.33

481.826

556.317

118.062

907.993

830.243

1965.85

628.739

71.7716

528.095

1088.18

1623.95

1407.28

1338.61

591.792

595.937

633.434

1688.28

1126.79

551.755

628.952

598.477

1714.12

1105.48

1643.26

1456.99

586.267

584.841

615.818

1389.29

2034.27

1166.62

734.231

496.143

628.929

1503.83

1675.67

1277.78

649.409

113.836

858.255

1254.32

1606.19

2022.45

76.1196

656.579

206.246

718.062

1293.14

1597.93

1410.05

593.592

578.078

438.863

1236.66

1003.18

1398.4

1827.02

17.1998

601.011

579.445

1879.41

1327.03

783.287

1173.1

610.758

86.101

569.485

1297.76

1456.64

1868.49

909.825

310.749

571.435

43.0689

1356.54

795.257

1026.89

2444.31

638.928

613.027

1589.2

1363.77

1152.86

992.076

563.895

575.09

111.438

1047.97

1820.04

2339.8

1071.62

48.9946

573.008

1134.09

709.77

1547.37

1278.72

617.281

748.505

1510.77

2000.96

678.426

1262.78

561.388

28.9934

577.266

1176.91

943.708

984.131

1325.8

571.626

588.539

P8-1: 
643.11

473.918

1496.04

1216.96

1330.18

1055.24

982.229

1369.54

484.552

1455.93

1057.52

999.51

1287.73

1302.29

592.026

707.221

615.799

1060.43

1434.91

1311.23

410.677

1587.17

1479.74

642.215

689.486

600.3

1063.89

1562.42

768.961

875.079

938.035

1495.64

1362.83

731.895

830.942

1045.75

825.816

1210.23

955.544

710.783

1469

1263.98

839.536

684.19

633.421

1286.08

1612.22

521.629

793.468

841.92

1245.62

1401.8

1009.69

707.277

898.037

872.512

1264.97

597.796

1443.96

1331.42

726.706

840.714

1301.52

956.148

1461.74

407.93

914.358

666.376

938.884

1230.21

1358.72

1074.2

602.56

999.732

802.804

1044.47

1033.18

955.002

838.189

835.728

1546.88

1271.79

705.486

1235.77

999.46

1051.33

1170.82

1510.75

861.159

773.754

1031.62

1333.98

784.145

913.875

505.666

1238.7

1203

P10-1: 
1218.18

1721.45

1509.29

1555.35

533.269

1151.78

2114.27

1412.9

1147.95

1514.3

1887.8

952.857

1468.73

2032.11

1103.64

1549.4

1299.11

1702.77

1397.3

975.298

944.844

1060.04

960.238

1969.46

1855.58

1596

1137.95

1328.24

1352.33

1450.35

1154.55

670.429

1359.58

1407.01

1371.07

1181.71

1357.07

1007.82

1222.03

1612.21

861.65

1109.82

1429.15

1268.38

654.038

1544.52

1322.91

599.449

17.561

589.986

545.447

74.2291

912.904

1194.15

855.886

1227.16

542.619

117.941

480.169

834.105

565.216

1581.98

1043.42

96.4733

537.612

417.734

612.143

677.904

927.342

1956.01

473.64

128.954

509.188

1540.03

799.566

719.164

472.53

503.642

63.0243

402.939

786.705

1352.15

1272.83

513.005

76.6891

515.735

1092

949.37

984.45

1578.95

539.666

108.379

557.879

57.4047

1018.28

861.492

1074.04

643.416

541.26

535.798

131.088

1591.99

919.74

1071.51

700.327

618.948

90.2831

603.462

542.984

1254.17

866.924

1716.57

499.949

157.405

514.516

705.595

494.559

1114.52

1378.12

139.452

71.8871

451.777

1390.46

892.215

1037.97

799.92

20.1331

470.575

482.347

1262.69

1099.1

960.308

816.511

585.926

112.391

1155.48

835.601

1166.27

761.902

566.949

83.6401

1412.5

894.06

1377.84

632.275

488.183

485.986

81.6798

1124.63

782.865

1193.61

1086.2

587.35

509.049

75.5592

837.491

945.47

1176.38

580.417

126.545

217.204

1164.72

764.224

925.138

1416.64

77.6309

534.44

469.138

1017.13

833.558

801.74

838.964

1076.78

547.406

92.4571

827.392

1066.46

890.734

1022.45

90.7311

557.521

175.851

820.585

839.66

738.927

1597.89

503.792

105.855

575.451

1139.55

1175.09

477.35

748.93

690.906

118.931

601.05

925.62

385.844

1152.87

1456.16

65.9414

554.475

562.195

1179.3

1163.6

609.267

1172.27

624.173

134.622

255.917

719.792

374.341

1245.67

1559.57

106.048

573.306

534.806

P12-1: 
420.333

396.249

2473.85

651.651

412.079

1014.05

2922.62

2087.96

647.285

539.737

465.733

759.028

2640.96

627.939

552.542

602.68

927.637

2378.34

523.642

852.494

2369.55

462.973

563.559

2425.38

612.918

713.631

717.938

2269.75

624.662

520.642

597.914

648.046

648.833

739.624

2642.49

118.703

645.938

1996.63

593.76

487.719

825.57

2823.33

80.3115

505.307

486.926

796.811

2430.16

619.924

441.444

559.96

2655.81

635.05

511.566

523.668

755.447

2768.57

582.323

551.207

495.672

892.559

2251.35

641.715

546.479

721.925

701.714

1571.07

611.273

538.434

542.844

810.477

2209.7

604.535

709.352

466.918

691.366

2153.74

540.469

628.873

621.139

887.527

1387.81

36.5467

480.324

410.11

878.802

2944.91

551.555

838.046

2493.76

653.729

484.002

515.819

2359.94

382.65

594.159

2931.84

607.533

637.463

777.208

2772.28

391.487

P14-1: 
1857.68

426.195

962.796

565.842

1293.6

997.291

549.218

725.919

959.635

931.806

339.105

796.121

779.808

664.197

1459.35

1234.06

1538.83

691.029

423.163

1109.86

1109.9

537.467

834.126

584.896

908.719

917.917

610.574

774.878

1052.7

432.387

1210.46

508.141

852.064

396.027

614.486

838.724

1052.7

904.373

650.133

861.424

1059.28

758.068

271.048

1190.03

1173.12

797.077

367.436

1322.64

967.647

1520.56

295.695

659.579

918.444

1283.94

476.833

590.654

882.025

1075.88

962.127

295.343

657.154

1045.22

996.391

426.858

531.606

696.524

482.811

672.249

682.41

1308.88

407.927

864.885

915.691

939.369

704.147

917.886

951.011

388.444

835.762

1460.72

561.744

310.661

693.089

609.381

399.759

1182.19

730.568

822.007

431.667

1175.12

1126.26

839.748

356.905

982.533

1200.1

443.549

606.151

874.393

455.644

876.465

740.621

1080.4

P16-1: 
924.076

1652.94

1073.13

1073.46

659.692

1293.31

1218.52

1809.16

1198.59

528.893

1504.23

481.918

898.673

1316.19

416.118

1096.44

1277.73

1562.3

1130.7

956.706

1225.01

418.108

1588.75

823.766

720.431

710.65

1230.63

768.861

561.125

598.223

635.426

929.879

471.31

1130.49

1499.24

691.107

1797.84

1366.45

540.947

966.905

808.345

888.986

1148.87

1538.97

1039.21

575.338

872.406

436.455

1457.26

1654.26

618.254

980.048

1272.32

1484.57

667.135

1270.08

1092.23

796.902

487.991

550.424

836.014

955.66

971.659

646.174

958.319

794.873

1933.91

1140.03

1091.72

736.881

1702.04

1320.52

447.712

1664.3

972.464

1642.71

573.037

1141.69

916.634

1582.97

750.928

530.07

855.34

626.587

865.123

1113.12

432.773

1058.36

1137.93

995.142

656.857

550.829

774.095

2023.29

1616.3

1176.76

829.655

1548.93

1095.65

